99.842
99.905
99.968
100.03
100.1
100.16
100.23
100.29
100.36
100.43
100.49
100.56
100.62
100.69
100.76
100.82
100.89
100.96
101.02
101.09
101.16
101.23
101.29
101.36
101.43
101.5
101.57
101.64
101.71
101.78
101.85
101.92
101.99
102.06
102.13
102.21
102.28
102.35
102.43
102.5
102.58
102.65
102.73
102.81
102.88
102.96
103.04
103.12
103.2
103.28
103.36
103.44
103.52
103.6
103.68
103.77
103.85
103.94
104.02
104.11
104.2
104.28
104.37
104.46
104.55
104.64
104.74
104.83
104.92
105.01
105.11
105.2
105.3
105.4
105.5
105.6
105.7
105.8
105.9
106
106.1
106.21
106.31
106.42
106.53
106.63
106.74
106.85
106.96
107.07
107.19
107.3
107.42
107.53
107.65
107.77
107.89
108.01
108.14
108.27
108.39
108.5
108.87
99.843
99.906
99.968
100.03
100.1
100.16
100.23
100.29
100.36
100.43
100.49
100.56
100.62
100.69
100.76
100.82
100.89
100.96
101.02
101.09
101.16
101.23
101.29
101.36
101.43
101.5
101.57
101.64
101.71
101.78
101.85
101.92
101.99
102.06
102.14
102.21
102.28
102.35
102.43
102.5
102.58
102.65
102.73
102.81
102.88
102.96
103.04
103.12
103.2
103.28
103.36
103.44
103.52
103.6
103.68
103.77
103.85
103.94
104.02
104.11
104.2
104.29
104.37
104.46
104.55
104.64
104.74
104.83
104.92
105.01
105.11
105.21
105.3
105.4
105.5
105.6
105.7
105.8
105.9
106
106.1
106.21
106.31
106.42
106.53
106.63
106.74
106.85
106.96
107.07
107.19
107.3
107.42
107.53
107.65
107.77
107.89
108.01
108.14
108.26
108.39
108.5
108.8
99.844
99.907
99.968
100.03
100.1
100.16
100.23
100.29
100.36
100.43
100.49
100.56
100.62
100.69
100.76
100.82
100.89
100.96
101.02
101.09
101.16
101.23
101.29
101.36
101.43
101.5
101.57
101.64
101.71
101.78
101.85
101.92
101.99
102.06
102.14
102.21
102.28
102.35
102.43
102.5
102.58
102.65
102.73
102.81
102.88
102.96
103.04
103.12
103.2
103.28
103.36
103.44
103.52
103.6
103.69
103.77
103.85
103.94
104.02
104.11
104.2
104.29
104.37
104.46
104.55
104.64
104.74
104.83
104.92
105.02
105.11
105.21
105.3
105.4
105.5
105.6
105.7
105.8
105.9
106
106.1
106.21
106.31
106.42
106.53
106.63
106.74
106.85
106.96
107.07
107.19
107.3
107.42
107.53
107.65
107.77
107.89
108.01
108.13
108.26
108.39
108.49
108.76
99.844
99.907
99.968
100.03
100.1
100.16
100.23
100.29
100.36
100.43
100.49
100.56
100.62
100.69
100.76
100.82
100.89
100.96
101.02
101.09
101.16
101.23
101.29
101.36
101.43
101.5
101.57
101.64
101.71
101.78
101.85
101.92
101.99
102.06
102.14
102.21
102.28
102.35
102.43
102.5
102.58
102.65
102.73
102.81
102.88
102.96
103.04
103.12
103.2
103.28
103.36
103.44
103.52
103.6
103.69
103.77
103.85
103.94
104.02
104.11
104.2
104.29
104.37
104.46
104.55
104.64
104.74
104.83
104.92
105.02
105.11
105.21
105.3
105.4
105.5
105.6
105.7
105.8
105.9
106
106.1
106.21
106.31
106.42
106.53
106.63
106.74
106.85
106.96
107.07
107.19
107.3
107.42
107.53
107.65
107.77
107.89
108.01
108.13
108.25
108.38
108.48
108.75
99.844
99.907
99.968
100.03
100.1
100.16
100.23
100.29
100.36
100.43
100.49
100.56
100.62
100.69
100.76
100.82
100.89
100.96
101.02
101.09
101.16
101.23
101.29
101.36
101.43
101.5
101.57
101.64
101.71
101.78
101.85
101.92
101.99
102.06
102.14
102.21
102.28
102.35
102.43
102.5
102.58
102.65
102.73
102.81
102.88
102.96
103.04
103.12
103.2
103.28
103.36
103.44
103.52
103.6
103.69
103.77
103.85
103.94
104.02
104.11
104.2
104.29
104.37
104.46
104.55
104.64
104.74
104.83
104.92
105.02
105.11
105.21
105.3
105.4
105.5
105.6
105.7
105.8
105.9
106
106.1
106.21
106.31
106.42
106.53
106.63
106.74
106.85
106.96
107.07
107.19
107.3
107.42
107.53
107.65
107.77
107.89
108.01
108.13
108.25
108.38
108.47
108.74
99.844
99.907
99.968
100.03
100.1
100.16
100.23
100.29
100.36
100.43
100.49
100.56
100.62
100.69
100.76
100.82
100.89
100.96
101.02
101.09
101.16
101.23
101.29
101.36
101.43
101.5
101.57
101.64
101.71
101.78
101.85
101.92
101.99
102.06
102.14
102.21
102.28
102.36
102.43
102.5
102.58
102.65
102.73
102.81
102.88
102.96
103.04
103.12
103.2
103.28
103.36
103.44
103.52
103.6
103.69
103.77
103.85
103.94
104.02
104.11
104.2
104.29
104.37
104.46
104.55
104.64
104.74
104.83
104.92
105.02
105.11
105.21
105.3
105.4
105.5
105.6
105.7
105.8
105.9
106
106.1
106.21
106.31
106.42
106.53
106.63
106.74
106.85
106.96
107.07
107.19
107.3
107.42
107.53
107.65
107.77
107.88
108
108.12
108.25
108.37
108.46
108.73
99.844
99.907
99.968
100.03
100.1
100.16
100.23
100.29
100.36
100.43
100.49
100.56
100.62
100.69
100.76
100.82
100.89
100.96
101.02
101.09
101.16
101.23
101.29
101.36
101.43
101.5
101.57
101.64
101.71
101.78
101.85
101.92
101.99
102.06
102.14
102.21
102.28
102.36
102.43
102.5
102.58
102.65
102.73
102.81
102.88
102.96
103.04
103.12
103.2
103.28
103.36
103.44
103.52
103.6
103.69
103.77
103.85
103.94
104.02
104.11
104.2
104.29
104.37
104.46
104.55
104.65
104.74
104.83
104.92
105.02
105.11
105.21
105.3
105.4
105.5
105.6
105.7
105.8
105.9
106
106.1
106.21
106.31
106.42
106.53
106.63
106.74
106.85
106.96
107.07
107.19
107.3
107.41
107.53
107.65
107.76
107.88
108
108.12
108.24
108.37
108.46
108.72
99.844
99.907
99.968
100.03
100.1
100.16
100.23
100.29
100.36
100.43
100.49
100.56
100.62
100.69
100.76
100.82
100.89
100.96
101.02
101.09
101.16
101.23
101.29
101.36
101.43
101.5
101.57
101.64
101.71
101.78
101.85
101.92
101.99
102.06
102.14
102.21
102.28
102.36
102.43
102.5
102.58
102.65
102.73
102.81
102.88
102.96
103.04
103.12
103.2
103.28
103.36
103.44
103.52
103.6
103.69
103.77
103.85
103.94
104.03
104.11
104.2
104.29
104.38
104.46
104.55
104.65
104.74
104.83
104.92
105.02
105.11
105.21
105.3
105.4
105.5
105.6
105.7
105.8
105.9
106
106.1
106.21
106.31
106.42
106.53
106.63
106.74
106.85
106.96
107.07
107.19
107.3
107.41
107.53
107.64
107.76
107.88
108
108.12
108.24
108.36
108.45
108.72
99.844
99.906
99.968
100.03
100.1
100.16
100.23
100.29
100.36
100.43
100.49
100.56
100.62
100.69
100.76
100.82
100.89
100.96
101.02
101.09
101.16
101.23
101.29
101.36
101.43
101.5
101.57
101.64
101.71
101.78
101.85
101.92
101.99
102.06
102.14
102.21
102.28
102.36
102.43
102.5
102.58
102.65
102.73
102.81
102.88
102.96
103.04
103.12
103.2
103.28
103.36
103.44
103.52
103.6
103.69
103.77
103.85
103.94
104.03
104.11
104.2
104.29
104.38
104.46
104.55
104.65
104.74
104.83
104.92
105.02
105.11
105.21
105.3
105.4
105.5
105.6
105.7
105.8
105.9
106
106.1
106.21
106.31
106.42
106.53
106.63
106.74
106.85
106.96
107.07
107.18
107.3
107.41
107.53
107.64
107.76
107.88
108
108.11
108.23
108.36
108.45
108.72
99.844
99.906
99.968
100.03
100.1
100.16
100.23
100.29
100.36
100.43
100.49
100.56
100.62
100.69
100.76
100.82
100.89
100.96
101.02
101.09
101.16
101.23
101.29
101.36
101.43
101.5
101.57
101.64
101.71
101.78
101.85
101.92
101.99
102.06
102.14
102.21
102.28
102.36
102.43
102.5
102.58
102.65
102.73
102.81
102.88
102.96
103.04
103.12
103.2
103.28
103.36
103.44
103.52
103.6
103.69
103.77
103.85
103.94
104.03
104.11
104.2
104.29
104.38
104.46
104.55
104.65
104.74
104.83
104.92
105.02
105.11
105.21
105.3
105.4
105.5
105.6
105.7
105.8
105.9
106
106.1
106.21
106.31
106.42
106.52
106.63
106.74
106.85
106.96
107.07
107.18
107.3
107.41
107.53
107.64
107.76
107.88
107.99
108.11
108.23
108.36
108.45
108.71
99.844
99.906
99.968
100.03
100.1
100.16
100.23
100.3
100.36
100.43
100.49
100.56
100.62
100.69
100.76
100.82
100.89
100.96
101.02
101.09
101.16
101.23
101.29
101.36
101.43
101.5
101.57
101.64
101.71
101.78
101.85
101.92
101.99
102.06
102.14
102.21
102.28
102.36
102.43
102.5
102.58
102.65
102.73
102.81
102.88
102.96
103.04
103.12
103.2
103.28
103.36
103.44
103.52
103.6
103.69
103.77
103.85
103.94
104.03
104.11
104.2
104.29
104.38
104.46
104.55
104.65
104.74
104.83
104.92
105.02
105.11
105.21
105.3
105.4
105.5
105.6
105.7
105.8
105.9
106
106.1
106.21
106.31
106.42
106.52
106.63
106.74
106.85
106.96
107.07
107.18
107.3
107.41
107.52
107.64
107.76
107.87
107.99
108.11
108.23
108.35
108.44
108.71
99.844
99.906
99.968
100.03
100.1
100.16
100.23
100.3
100.36
100.43
100.49
100.56
100.62
100.69
100.76
100.82
100.89
100.96
101.02
101.09
101.16
101.23
101.29
101.36
101.43
101.5
101.57
101.64
101.71
101.78
101.85
101.92
101.99
102.06
102.14
102.21
102.28
102.36
102.43
102.5
102.58
102.65
102.73
102.81
102.88
102.96
103.04
103.12
103.2
103.28
103.36
103.44
103.52
103.6
103.69
103.77
103.85
103.94
104.03
104.11
104.2
104.29
104.38
104.46
104.56
104.65
104.74
104.83
104.92
105.02
105.11
105.21
105.3
105.4
105.5
105.6
105.7
105.8
105.9
106
106.1
106.21
106.31
106.42
106.52
106.63
106.74
106.85
106.96
107.07
107.18
107.29
107.41
107.52
107.64
107.75
107.87
107.99
108.11
108.23
108.35
108.44
108.71
99.844
99.906
99.968
100.03
100.1
100.16
100.23
100.3
100.36
100.43
100.49
100.56
100.62
100.69
100.76
100.82
100.89
100.96
101.02
101.09
101.16
101.23
101.3
101.36
101.43
101.5
101.57
101.64
101.71
101.78
101.85
101.92
101.99
102.06
102.14
102.21
102.28
102.36
102.43
102.5
102.58
102.65
102.73
102.81
102.88
102.96
103.04
103.12
103.2
103.28
103.36
103.44
103.52
103.6
103.69
103.77
103.86
103.94
104.03
104.11
104.2
104.29
104.38
104.47
104.56
104.65
104.74
104.83
104.92
105.02
105.11
105.21
105.3
105.4
105.5
105.6
105.7
105.8
105.9
106
106.1
106.21
106.31
106.42
106.52
106.63
106.74
106.85
106.96
107.07
107.18
107.29
107.41
107.52
107.64
107.75
107.87
107.99
108.11
108.22
108.35
108.44
108.7
99.844
99.906
99.968
100.03
100.1
100.16
100.23
100.3
100.36
100.43
100.49
100.56
100.62
100.69
100.76
100.82
100.89
100.96
101.02
101.09
101.16
101.23
101.3
101.36
101.43
101.5
101.57
101.64
101.71
101.78
101.85
101.92
101.99
102.06
102.14
102.21
102.28
102.36
102.43
102.5
102.58
102.66
102.73
102.81
102.88
102.96
103.04
103.12
103.2
103.28
103.36
103.44
103.52
103.6
103.69
103.77
103.86
103.94
104.03
104.11
104.2
104.29
104.38
104.47
104.56
104.65
104.74
104.83
104.92
105.02
105.11
105.21
105.3
105.4
105.5
105.6
105.7
105.8
105.9
106
106.1
106.21
106.31
106.42
106.52
106.63
106.74
106.85
106.96
107.07
107.18
107.29
107.41
107.52
107.64
107.75
107.87
107.99
108.1
108.22
108.35
108.44
108.7
99.844
99.906
99.968
100.03
100.1
100.16
100.23
100.3
100.36
100.43
100.49
100.56
100.62
100.69
100.76
100.82
100.89
100.96
101.02
101.09
101.16
101.23
101.3
101.36
101.43
101.5
101.57
101.64
101.71
101.78
101.85
101.92
101.99
102.06
102.14
102.21
102.28
102.36
102.43
102.5
102.58
102.66
102.73
102.81
102.88
102.96
103.04
103.12
103.2
103.28
103.36
103.44
103.52
103.6
103.69
103.77
103.86
103.94
104.03
104.11
104.2
104.29
104.38
104.47
104.56
104.65
104.74
104.83
104.92
105.02
105.11
105.21
105.3
105.4
105.5
105.6
105.7
105.8
105.9
106
106.1
106.21
106.31
106.42
106.52
106.63
106.74
106.85
106.96
107.07
107.18
107.29
107.4
107.52
107.63
107.75
107.87
107.98
108.1
108.22
108.34
108.44
108.7
99.844
99.906
99.968
100.03
100.1
100.16
100.23
100.3
100.36
100.43
100.49
100.56
100.62
100.69
100.76
100.82
100.89
100.96
101.02
101.09
101.16
101.23
101.3
101.36
101.43
101.5
101.57
101.64
101.71
101.78
101.85
101.92
101.99
102.06
102.14
102.21
102.28
102.36
102.43
102.5
102.58
102.66
102.73
102.81
102.88
102.96
103.04
103.12
103.2
103.28
103.36
103.44
103.52
103.6
103.69
103.77
103.86
103.94
104.03
104.11
104.2
104.29
104.38
104.47
104.56
104.65
104.74
104.83
104.92
105.02
105.11
105.21
105.3
105.4
105.5
105.6
105.7
105.8
105.9
106
106.1
106.21
106.31
106.42
106.52
106.63
106.74
106.85
106.96
107.07
107.18
107.29
107.4
107.52
107.63
107.75
107.86
107.98
108.1
108.22
108.34
108.43
108.7
99.844
99.906
99.968
100.03
100.1
100.16
100.23
100.3
100.36
100.43
100.49
100.56
100.62
100.69
100.76
100.82
100.89
100.96
101.02
101.09
101.16
101.23
101.3
101.36
101.43
101.5
101.57
101.64
101.71
101.78
101.85
101.92
101.99
102.07
102.14
102.21
102.28
102.36
102.43
102.5
102.58
102.66
102.73
102.81
102.88
102.96
103.04
103.12
103.2
103.28
103.36
103.44
103.52
103.6
103.69
103.77
103.86
103.94
104.03
104.11
104.2
104.29
104.38
104.47
104.56
104.65
104.74
104.83
104.92
105.02
105.11
105.21
105.3
105.4
105.5
105.6
105.7
105.8
105.9
106
106.1
106.21
106.31
106.42
106.52
106.63
106.74
106.85
106.96
107.07
107.18
107.29
107.4
107.52
107.63
107.75
107.86
107.98
108.1
108.22
108.34
108.43
108.7
99.844
99.906
99.968
100.03
100.1
100.16
100.23
100.3
100.36
100.43
100.49
100.56
100.62
100.69
100.76
100.82
100.89
100.96
101.02
101.09
101.16
101.23
101.3
101.36
101.43
101.5
101.57
101.64
101.71
101.78
101.85
101.92
101.99
102.07
102.14
102.21
102.28
102.36
102.43
102.51
102.58
102.66
102.73
102.81
102.89
102.96
103.04
103.12
103.2
103.28
103.36
103.44
103.52
103.6
103.69
103.77
103.86
103.94
104.03
104.11
104.2
104.29
104.38
104.47
104.56
104.65
104.74
104.83
104.92
105.02
105.11
105.21
105.3
105.4
105.5
105.6
105.7
105.8
105.9
106
106.1
106.21
106.31
106.42
106.52
106.63
106.74
106.85
106.95
107.07
107.18
107.29
107.4
107.52
107.63
107.75
107.86
107.98
108.1
108.22
108.34
108.43
108.69
99.844
99.906
99.968
100.03
100.1
100.16
100.23
100.3
100.36
100.43
100.49
100.56
100.62
100.69
100.76
100.82
100.89
100.96
101.02
101.09
101.16
101.23
101.3
101.36
101.43
101.5
101.57
101.64
101.71
101.78
101.85
101.92
101.99
102.07
102.14
102.21
102.28
102.36
102.43
102.51
102.58
102.66
102.73
102.81
102.89
102.96
103.04
103.12
103.2
103.28
103.36
103.44
103.52
103.6
103.69
103.77
103.86
103.94
104.03
104.11
104.2
104.29
104.38
104.47
104.56
104.65
104.74
104.83
104.92
105.02
105.11
105.21
105.3
105.4
105.5
105.6
105.7
105.8
105.9
106
106.1
106.21
106.31
106.41
106.52
106.63
106.74
106.84
106.95
107.06
107.18
107.29
107.4
107.51
107.63
107.74
107.86
107.98
108.1
108.21
108.34
108.43
108.69
99.844
99.906
99.968
100.03
100.1
100.16
100.23
100.3
100.36
100.43
100.49
100.56
100.62
100.69
100.76
100.82
100.89
100.96
101.02
101.09
101.16
101.23
101.3
101.36
101.43
101.5
101.57
101.64
101.71
101.78
101.85
101.92
101.99
102.07
102.14
102.21
102.28
102.36
102.43
102.51
102.58
102.66
102.73
102.81
102.89
102.96
103.04
103.12
103.2
103.28
103.36
103.44
103.52
103.6
103.69
103.77
103.86
103.94
104.03
104.11
104.2
104.29
104.38
104.47
104.56
104.65
104.74
104.83
104.92
105.02
105.11
105.21
105.3
105.4
105.5
105.6
105.7
105.8
105.9
106
106.1
106.2
106.31
106.41
106.52
106.63
106.74
106.84
106.95
107.06
107.17
107.29
107.4
107.51
107.63
107.74
107.86
107.98
108.09
108.21
108.34
108.43
108.69
99.844
99.906
99.968
100.03
100.1
100.16
100.23
100.3
100.36
100.43
100.49
100.56
100.62
100.69
100.76
100.82
100.89
100.96
101.02
101.09
101.16
101.23
101.3
101.36
101.43
101.5
101.57
101.64
101.71
101.78
101.85
101.92
101.99
102.07
102.14
102.21
102.28
102.36
102.43
102.51
102.58
102.66
102.73
102.81
102.89
102.96
103.04
103.12
103.2
103.28
103.36
103.44
103.52
103.6
103.69
103.77
103.86
103.94
104.03
104.11
104.2
104.29
104.38
104.47
104.56
104.65
104.74
104.83
104.92
105.02
105.11
105.21
105.3
105.4
105.5
105.6
105.7
105.8
105.9
106
106.1
106.2
106.31
106.41
106.52
106.63
106.73
106.84
106.95
107.06
107.17
107.29
107.4
107.51
107.63
107.74
107.86
107.98
108.09
108.21
108.34
108.43
108.69
99.844
99.906
99.968
100.03
100.1
100.16
100.23
100.3
100.36
100.43
100.49
100.56
100.62
100.69
100.76
100.82
100.89
100.96
101.02
101.09
101.16
101.23
101.3
101.36
101.43
101.5
101.57
101.64
101.71
101.78
101.85
101.92
101.99
102.07
102.14
102.21
102.28
102.36
102.43
102.51
102.58
102.66
102.73
102.81
102.89
102.96
103.04
103.12
103.2
103.28
103.36
103.44
103.52
103.6
103.69
103.77
103.86
103.94
104.03
104.11
104.2
104.29
104.38
104.47
104.56
104.65
104.74
104.83
104.92
105.02
105.11
105.21
105.3
105.4
105.5
105.6
105.69
105.8
105.9
106
106.1
106.2
106.31
106.41
106.52
106.63
106.73
106.84
106.95
107.06
107.17
107.29
107.4
107.51
107.63
107.74
107.86
107.97
108.09
108.21
108.33
108.43
108.69
99.844
99.906
99.968
100.03
100.1
100.16
100.23
100.3
100.36
100.43
100.49
100.56
100.62
100.69
100.76
100.82
100.89
100.96
101.02
101.09
101.16
101.23
101.3
101.36
101.43
101.5
101.57
101.64
101.71
101.78
101.85
101.92
101.99
102.07
102.14
102.21
102.28
102.36
102.43
102.51
102.58
102.66
102.73
102.81
102.89
102.96
103.04
103.12
103.2
103.28
103.36
103.44
103.52
103.6
103.69
103.77
103.86
103.94
104.03
104.11
104.2
104.29
104.38
104.47
104.56
104.65
104.74
104.83
104.92
105.02
105.11
105.21
105.3
105.4
105.5
105.6
105.69
105.79
105.9
106
106.1
106.2
106.31
106.41
106.52
106.63
106.73
106.84
106.95
107.06
107.17
107.28
107.4
107.51
107.63
107.74
107.86
107.97
108.09
108.21
108.33
108.42
108.69
99.844
99.906
99.968
100.03
100.1
100.16
100.23
100.3
100.36
100.43
100.49
100.56
100.62
100.69
100.76
100.82
100.89
100.96
101.02
101.09
101.16
101.23
101.3
101.36
101.43
101.5
101.57
101.64
101.71
101.78
101.85
101.92
101.99
102.07
102.14
102.21
102.28
102.36
102.43
102.51
102.58
102.66
102.73
102.81
102.89
102.96
103.04
103.12
103.2
103.28
103.36
103.44
103.52
103.6
103.69
103.77
103.86
103.94
104.03
104.11
104.2
104.29
104.38
104.47
104.56
104.65
104.74
104.83
104.92
105.02
105.11
105.21
105.3
105.4
105.5
105.6
105.69
105.79
105.9
106
106.1
106.2
106.31
106.41
106.52
106.63
106.73
106.84
106.95
107.06
107.17
107.28
107.4
107.51
107.62
107.74
107.86
107.97
108.09
108.21
108.33
108.42
108.69
99.844
99.906
99.968
100.03
100.1
100.16
100.23
100.3
100.36
100.43
100.49
100.56
100.62
100.69
100.76
100.82
100.89
100.96
101.02
101.09
101.16
101.23
101.3
101.36
101.43
101.5
101.57
101.64
101.71
101.78
101.85
101.92
101.99
102.07
102.14
102.21
102.28
102.36
102.43
102.51
102.58
102.66
102.73
102.81
102.89
102.96
103.04
103.12
103.2
103.28
103.36
103.44
103.52
103.61
103.69
103.77
103.86
103.94
104.03
104.11
104.2
104.29
104.38
104.47
104.56
104.65
104.74
104.83
104.92
105.02
105.11
105.21
105.3
105.4
105.5
105.6
105.69
105.79
105.9
106
106.1
106.2
106.31
106.41
106.52
106.62
106.73
106.84
106.95
107.06
107.17
107.28
107.4
107.51
107.62
107.74
107.85
107.97
108.09
108.21
108.33
108.42
108.69
99.844
99.906
99.968
100.03
100.1
100.16
100.23
100.3
100.36
100.43
100.49
100.56
100.62
100.69
100.76
100.82
100.89
100.96
101.02
101.09
101.16
101.23
101.3
101.36
101.43
101.5
101.57
101.64
101.71
101.78
101.85
101.92
101.99
102.07
102.14
102.21
102.28
102.36
102.43
102.51
102.58
102.66
102.73
102.81
102.89
102.96
103.04
103.12
103.2
103.28
103.36
103.44
103.52
103.61
103.69
103.77
103.86
103.94
104.03
104.11
104.2
104.29
104.38
104.47
104.56
104.65
104.74
104.83
104.92
105.02
105.11
105.21
105.3
105.4
105.5
105.59
105.69
105.79
105.9
106
106.1
106.2
106.31
106.41
106.52
106.62
106.73
106.84
106.95
107.06
107.17
107.28
107.4
107.51
107.62
107.74
107.85
107.97
108.09
108.21
108.33
108.42
108.69
99.844
99.906
99.968
100.03
100.1
100.16
100.23
100.3
100.36
100.43
100.49
100.56
100.62
100.69
100.76
100.82
100.89
100.96
101.02
101.09
101.16
101.23
101.3
101.36
101.43
101.5
101.57
101.64
101.71
101.78
101.85
101.92
101.99
102.07
102.14
102.21
102.28
102.36
102.43
102.51
102.58
102.66
102.73
102.81
102.89
102.96
103.04
103.12
103.2
103.28
103.36
103.44
103.52
103.61
103.69
103.77
103.86
103.94
104.03
104.11
104.2
104.29
104.38
104.47
104.56
104.65
104.74
104.83
104.92
105.02
105.11
105.21
105.3
105.4
105.5
105.59
105.69
105.79
105.89
106
106.1
106.2
106.31
106.41
106.52
106.62
106.73
106.84
106.95
107.06
107.17
107.28
107.39
107.51
107.62
107.74
107.85
107.97
108.09
108.21
108.33
108.42
108.68
99.844
99.906
99.968
100.03
100.1
100.16
100.23
100.3
100.36
100.43
100.49
100.56
100.62
100.69
100.76
100.82
100.89
100.96
101.03
101.09
101.16
101.23
101.3
101.36
101.43
101.5
101.57
101.64
101.71
101.78
101.85
101.92
101.99
102.07
102.14
102.21
102.28
102.36
102.43
102.51
102.58
102.66
102.73
102.81
102.89
102.96
103.04
103.12
103.2
103.28
103.36
103.44
103.52
103.61
103.69
103.77
103.86
103.94
104.03
104.11
104.2
104.29
104.38
104.47
104.56
104.65
104.74
104.83
104.92
105.02
105.11
105.21
105.3
105.4
105.5
105.59
105.69
105.79
105.89
106
106.1
106.2
106.31
106.41
106.52
106.62
106.73
106.84
106.95
107.06
107.17
107.28
107.39
107.51
107.62
107.74
107.85
107.97
108.09
108.21
108.33
108.42
108.68
99.844
99.906
99.968
100.03
100.1
100.16
100.23
100.3
100.36
100.43
100.49
100.56
100.62
100.69
100.76
100.82
100.89
100.96
101.03
101.09
101.16
101.23
101.3
101.36
101.43
101.5
101.57
101.64
101.71
101.78
101.85
101.92
101.99
102.07
102.14
102.21
102.28
102.36
102.43
102.51
102.58
102.66
102.73
102.81
102.89
102.96
103.04
103.12
103.2
103.28
103.36
103.44
103.52
103.61
103.69
103.77
103.86
103.94
104.03
104.11
104.2
104.29
104.38
104.47
104.56
104.65
104.74
104.83
104.92
105.02
105.11
105.21
105.3
105.4
105.5
105.59
105.69
105.79
105.89
106
106.1
106.2
106.31
106.41
106.52
106.62
106.73
106.84
106.95
107.06
107.17
107.28
107.39
107.51
107.62
107.74
107.85
107.97
108.09
108.2
108.33
108.42
108.68
99.844
99.906
99.968
100.03
100.1
100.16
100.23
100.3
100.36
100.43
100.49
100.56
100.62
100.69
100.76
100.82
100.89
100.96
101.03
101.09
101.16
101.23
101.3
101.36
101.43
101.5
101.57
101.64
101.71
101.78
101.85
101.92
101.99
102.07
102.14
102.21
102.28
102.36
102.43
102.51
102.58
102.66
102.73
102.81
102.89
102.96
103.04
103.12
103.2
103.28
103.36
103.44
103.52
103.61
103.69
103.77
103.86
103.94
104.03
104.11
104.2
104.29
104.38
104.47
104.56
104.65
104.74
104.83
104.92
105.02
105.11
105.21
105.3
105.4
105.5
105.59
105.69
105.79
105.89
106
106.1
106.2
106.31
106.41
106.52
106.62
106.73
106.84
106.95
107.06
107.17
107.28
107.39
107.51
107.62
107.74
107.85
107.97
108.09
108.2
108.33
108.42
108.68
99.844
99.906
99.968
100.03
100.1
100.16
100.23
100.3
100.36
100.43
100.49
100.56
100.62
100.69
100.76
100.82
100.89
100.96
101.03
101.09
101.16
101.23
101.3
101.36
101.43
101.5
101.57
101.64
101.71
101.78
101.85
101.92
101.99
102.07
102.14
102.21
102.28
102.36
102.43
102.51
102.58
102.66
102.73
102.81
102.89
102.96
103.04
103.12
103.2
103.28
103.36
103.44
103.52
103.61
103.69
103.77
103.86
103.94
104.03
104.11
104.2
104.29
104.38
104.47
104.56
104.65
104.74
104.83
104.92
105.02
105.11
105.21
105.3
105.4
105.5
105.59
105.69
105.79
105.89
106
106.1
106.2
106.31
106.41
106.52
106.62
106.73
106.84
106.95
107.06
107.17
107.28
107.39
107.51
107.62
107.73
107.85
107.97
108.09
108.2
108.33
108.42
108.68
99.844
99.906
99.968
100.03
100.1
100.16
100.23
100.3
100.36
100.43
100.49
100.56
100.62
100.69
100.76
100.82
100.89
100.96
101.03
101.09
101.16
101.23
101.3
101.36
101.43
101.5
101.57
101.64
101.71
101.78
101.85
101.92
101.99
102.07
102.14
102.21
102.28
102.36
102.43
102.51
102.58
102.66
102.73
102.81
102.89
102.96
103.04
103.12
103.2
103.28
103.36
103.44
103.52
103.61
103.69
103.77
103.86
103.94
104.03
104.11
104.2
104.29
104.38
104.47
104.56
104.65
104.74
104.83
104.92
105.02
105.11
105.21
105.3
105.4
105.5
105.59
105.69
105.79
105.89
106
106.1
106.2
106.3
106.41
106.52
106.62
106.73
106.84
106.95
107.06
107.17
107.28
107.39
107.51
107.62
107.73
107.85
107.97
108.08
108.2
108.33
108.42
108.68
99.844
99.906
99.968
100.03
100.1
100.16
100.23
100.3
100.36
100.43
100.49
100.56
100.62
100.69
100.76
100.82
100.89
100.96
101.03
101.09
101.16
101.23
101.3
101.36
101.43
101.5
101.57
101.64
101.71
101.78
101.85
101.92
101.99
102.07
102.14
102.21
102.28
102.36
102.43
102.51
102.58
102.66
102.73
102.81
102.89
102.96
103.04
103.12
103.2
103.28
103.36
103.44
103.52
103.61
103.69
103.77
103.86
103.94
104.03
104.11
104.2
104.29
104.38
104.47
104.56
104.65
104.74
104.83
104.92
105.02
105.11
105.21
105.3
105.4
105.5
105.59
105.69
105.79
105.89
105.99
106.1
106.2
106.3
106.41
106.52
106.62
106.73
106.84
106.95
107.06
107.17
107.28
107.39
107.5
107.62
107.73
107.85
107.97
108.08
108.2
108.33
108.42
108.68
99.844
99.906
99.968
100.03
100.1
100.16
100.23
100.3
100.36
100.43
100.49
100.56
100.62
100.69
100.76
100.82
100.89
100.96
101.03
101.09
101.16
101.23
101.3
101.36
101.43
101.5
101.57
101.64
101.71
101.78
101.85
101.92
101.99
102.07
102.14
102.21
102.28
102.36
102.43
102.51
102.58
102.66
102.73
102.81
102.89
102.96
103.04
103.12
103.2
103.28
103.36
103.44
103.52
103.61
103.69
103.77
103.86
103.94
104.03
104.11
104.2
104.29
104.38
104.47
104.56
104.65
104.74
104.83
104.92
105.02
105.11
105.2
105.3
105.4
105.5
105.59
105.69
105.79
105.89
105.99
106.1
106.2
106.3
106.41
106.51
106.62
106.73
106.84
106.95
107.06
107.17
107.28
107.39
107.5
107.62
107.73
107.85
107.97
108.08
108.2
108.33
108.42
108.68
99.844
99.906
99.968
100.03
100.1
100.16
100.23
100.3
100.36
100.43
100.49
100.56
100.63
100.69
100.76
100.82
100.89
100.96
101.03
101.09
101.16
101.23
101.3
101.36
101.43
101.5
101.57
101.64
101.71
101.78
101.85
101.92
101.99
102.07
102.14
102.21
102.28
102.36
102.43
102.51
102.58
102.66
102.73
102.81
102.89
102.96
103.04
103.12
103.2
103.28
103.36
103.44
103.52
103.61
103.69
103.77
103.86
103.94
104.03
104.11
104.2
104.29
104.38
104.47
104.55
104.65
104.74
104.83
104.92
105.02
105.11
105.2
105.3
105.4
105.49
105.59
105.69
105.79
105.89
105.99
106.1
106.2
106.3
106.41
106.51
106.62
106.73
106.84
106.95
107.06
107.17
107.28
107.39
107.5
107.62
107.73
107.85
107.97
108.08
108.2
108.32
108.42
108.68
99.844
99.906
99.968
100.03
100.1
100.16
100.23
100.3
100.36
100.43
100.49
100.56
100.63
100.69
100.76
100.82
100.89
100.96
101.03
101.09
101.16
101.23
101.3
101.36
101.43
101.5
101.57
101.64
101.71
101.78
101.85
101.92
101.99
102.07
102.14
102.21
102.28
102.36
102.43
102.51
102.58
102.66
102.73
102.81
102.89
102.96
103.04
103.12
103.2
103.28
103.36
103.44
103.52
103.61
103.69
103.77
103.86
103.94
104.03
104.11
104.2
104.29
104.38
104.47
104.55
104.65
104.74
104.83
104.92
105.02
105.11
105.2
105.3
105.4
105.49
105.59
105.69
105.79
105.89
105.99
106.1
106.2
106.3
106.41
106.51
106.62
106.73
106.84
106.95
107.06
107.17
107.28
107.39
107.5
107.62
107.73
107.85
107.97
108.08
108.2
108.32
108.42
108.68
99.844
99.906
99.968
100.03
100.1
100.16
100.23
100.3
100.36
100.43
100.49
100.56
100.63
100.69
100.76
100.82
100.89
100.96
101.03
101.09
101.16
101.23
101.3
101.36
101.43
101.5
101.57
101.64
101.71
101.78
101.85
101.92
101.99
102.07
102.14
102.21
102.28
102.36
102.43
102.51
102.58
102.66
102.73
102.81
102.89
102.96
103.04
103.12
103.2
103.28
103.36
103.44
103.52
103.61
103.69
103.77
103.86
103.94
104.03
104.11
104.2
104.29
104.38
104.47
104.55
104.65
104.74
104.83
104.92
105.02
105.11
105.2
105.3
105.4
105.49
105.59
105.69
105.79
105.89
105.99
106.1
106.2
106.3
106.41
106.51
106.62
106.73
106.84
106.95
107.06
107.17
107.28
107.39
107.5
107.62
107.73
107.85
107.96
108.08
108.2
108.32
108.41
108.68
99.844
99.906
99.968
100.03
100.1
100.16
100.23
100.3
100.36
100.43
100.49
100.56
100.63
100.69
100.76
100.82
100.89
100.96
101.03
101.09
101.16
101.23
101.3
101.36
101.43
101.5
101.57
101.64
101.71
101.78
101.85
101.92
101.99
102.07
102.14
102.21
102.28
102.36
102.43
102.51
102.58
102.66
102.73
102.81
102.89
102.96
103.04
103.12
103.2
103.28
103.36
103.44
103.52
103.61
103.69
103.77
103.86
103.94
104.03
104.11
104.2
104.29
104.38
104.47
104.55
104.65
104.74
104.83
104.92
105.02
105.11
105.2
105.3
105.4
105.49
105.59
105.69
105.79
105.89
105.99
106.1
106.2
106.3
106.41
106.51
106.62
106.73
106.84
106.94
107.05
107.17
107.28
107.39
107.5
107.62
107.73
107.85
107.96
108.08
108.2
108.32
108.41
108.68
99.844
99.906
99.968
100.03
100.1
100.16
100.23
100.3
100.36
100.43
100.49
100.56
100.63
100.69
100.76
100.82
100.89
100.96
101.03
101.09
101.16
101.23
101.3
101.36
101.43
101.5
101.57
101.64
101.71
101.78
101.85
101.92
101.99
102.07
102.14
102.21
102.28
102.36
102.43
102.51
102.58
102.66
102.73
102.81
102.89
102.96
103.04
103.12
103.2
103.28
103.36
103.44
103.52
103.61
103.69
103.77
103.86
103.94
104.03
104.11
104.2
104.29
104.38
104.47
104.55
104.65
104.74
104.83
104.92
105.02
105.11
105.2
105.3
105.4
105.49
105.59
105.69
105.79
105.89
105.99
106.1
106.2
106.3
106.41
106.51
106.62
106.73
106.84
106.94
107.05
107.17
107.28
107.39
107.5
107.62
107.73
107.85
107.96
108.08
108.2
108.32
108.41
108.68
99.844
99.906
99.968
100.03
100.1
100.16
100.23
100.3
100.36
100.43
100.49
100.56
100.63
100.69
100.76
100.82
100.89
100.96
101.03
101.09
101.16
101.23
101.3
101.36
101.43
101.5
101.57
101.64
101.71
101.78
101.85
101.92
101.99
102.07
102.14
102.21
102.28
102.36
102.43
102.51
102.58
102.66
102.73
102.81
102.89
102.96
103.04
103.12
103.2
103.28
103.36
103.44
103.52
103.61
103.69
103.77
103.86
103.94
104.03
104.11
104.2
104.29
104.38
104.46
104.55
104.65
104.74
104.83
104.92
105.02
105.11
105.2
105.3
105.4
105.49
105.59
105.69
105.79
105.89
105.99
106.1
106.2
106.3
106.41
106.51
106.62
106.73
106.84
106.94
107.05
107.17
107.28
107.39
107.5
107.62
107.73
107.85
107.96
108.08
108.2
108.32
108.41
108.68
99.844
99.906
99.968
100.03
100.1
100.16
100.23
100.3
100.36
100.43
100.49
100.56
100.63
100.69
100.76
100.82
100.89
100.96
101.03
101.09
101.16
101.23
101.3
101.36
101.43
101.5
101.57
101.64
101.71
101.78
101.85
101.92
101.99
102.07
102.14
102.21
102.28
102.36
102.43
102.51
102.58
102.66
102.73
102.81
102.89
102.96
103.04
103.12
103.2
103.28
103.36
103.44
103.52
103.61
103.69
103.77
103.86
103.94
104.03
104.11
104.2
104.29
104.38
104.46
104.55
104.65
104.74
104.83
104.92
105.01
105.11
105.2
105.3
105.4
105.49
105.59
105.69
105.79
105.89
105.99
106.1
106.2
106.3
106.41
106.51
106.62
106.73
106.84
106.94
107.05
107.16
107.28
107.39
107.5
107.62
107.73
107.85
107.96
108.08
108.2
108.32
108.41
108.68
99.844
99.906
99.968
100.03
100.1
100.16
100.23
100.3
100.36
100.43
100.49
100.56
100.63
100.69
100.76
100.82
100.89
100.96
101.03
101.09
101.16
101.23
101.3
101.36
101.43
101.5
101.57
101.64
101.71
101.78
101.85
101.92
101.99
102.07
102.14
102.21
102.28
102.36
102.43
102.51
102.58
102.66
102.73
102.81
102.89
102.96
103.04
103.12
103.2
103.28
103.36
103.44
103.52
103.61
103.69
103.77
103.86
103.94
104.03
104.11
104.2
104.29
104.38
104.46
104.55
104.65
104.74
104.83
104.92
105.01
105.11
105.2
105.3
105.4
105.49
105.59
105.69
105.79
105.89
105.99
106.1
106.2
106.3
106.41
106.51
106.62
106.73
106.84
106.94
107.05
107.16
107.28
107.39
107.5
107.62
107.73
107.85
107.96
108.08
108.2
108.32
108.41
108.68
99.844
99.906
99.968
100.03
100.1
100.16
100.23
100.3
100.36
100.43
100.49
100.56
100.63
100.69
100.76
100.82
100.89
100.96
101.03
101.09
101.16
101.23
101.3
101.36
101.43
101.5
101.57
101.64
101.71
101.78
101.85
101.92
101.99
102.07
102.14
102.21
102.28
102.36
102.43
102.51
102.58
102.66
102.73
102.81
102.89
102.96
103.04
103.12
103.2
103.28
103.36
103.44
103.52
103.61
103.69
103.77
103.86
103.94
104.03
104.11
104.2
104.29
104.38
104.46
104.55
104.65
104.74
104.83
104.92
105.01
105.11
105.2
105.3
105.4
105.49
105.59
105.69
105.79
105.89
105.99
106.1
106.2
106.3
106.41
106.51
106.62
106.73
106.83
106.94
107.05
107.16
107.28
107.39
107.5
107.62
107.73
107.85
107.96
108.08
108.2
108.32
108.41
108.68
99.844
99.906
99.968
100.03
100.1
100.16
100.23
100.3
100.36
100.43
100.49
100.56
100.63
100.69
100.76
100.82
100.89
100.96
101.03
101.09
101.16
101.23
101.3
101.36
101.43
101.5
101.57
101.64
101.71
101.78
101.85
101.92
101.99
102.07
102.14
102.21
102.28
102.36
102.43
102.51
102.58
102.66
102.73
102.81
102.89
102.96
103.04
103.12
103.2
103.28
103.36
103.44
103.52
103.61
103.69
103.77
103.86
103.94
104.03
104.11
104.2
104.29
104.38
104.46
104.55
104.65
104.74
104.83
104.92
105.01
105.11
105.2
105.3
105.4
105.49
105.59
105.69
105.79
105.89
105.99
106.1
106.2
106.3
106.41
106.51
106.62
106.73
106.83
106.94
107.05
107.16
107.28
107.39
107.5
107.62
107.73
107.85
107.96
108.08
108.2
108.32
108.41
108.68
99.844
99.906
99.968
100.03
100.1
100.16
100.23
100.3
100.36
100.43
100.49
100.56
100.63
100.69
100.76
100.82
100.89
100.96
101.03
101.09
101.16
101.23
101.3
101.36
101.43
101.5
101.57
101.64
101.71
101.78
101.85
101.92
101.99
102.07
102.14
102.21
102.28
102.36
102.43
102.51
102.58
102.66
102.73
102.81
102.89
102.96
103.04
103.12
103.2
103.28
103.36
103.44
103.52
103.61
103.69
103.77
103.86
103.94
104.03
104.11
104.2
104.29
104.38
104.46
104.55
104.65
104.74
104.83
104.92
105.01
105.11
105.2
105.3
105.4
105.49
105.59
105.69
105.79
105.89
105.99
106.1
106.2
106.3
106.41
106.51
106.62
106.73
106.83
106.94
107.05
107.16
107.28
107.39
107.5
107.62
107.73
107.85
107.96
108.08
108.2
108.32
108.41
108.68
99.844
99.906
99.968
100.03
100.1
100.16
100.23
100.3
100.36
100.43
100.49
100.56
100.63
100.69
100.76
100.82
100.89
100.96
101.03
101.09
101.16
101.23
101.3
101.36
101.43
101.5
101.57
101.64
101.71
101.78
101.85
101.92
101.99
102.07
102.14
102.21
102.28
102.36
102.43
102.51
102.58
102.66
102.73
102.81
102.89
102.96
103.04
103.12
103.2
103.28
103.36
103.44
103.52
103.61
103.69
103.77
103.86
103.94
104.03
104.11
104.2
104.29
104.38
104.46
104.55
104.65
104.74
104.83
104.92
105.01
105.11
105.2
105.3
105.4
105.49
105.59
105.69
105.79
105.89
105.99
106.1
106.2
106.3
106.41
106.51
106.62
106.73
106.83
106.94
107.05
107.16
107.28
107.39
107.5
107.62
107.73
107.85
107.96
108.08
108.2
108.32
108.41
108.68
99.844
99.906
99.968
100.03
100.1
100.16
100.23
100.3
100.36
100.43
100.49
100.56
100.63
100.69
100.76
100.82
100.89
100.96
101.03
101.09
101.16
101.23
101.3
101.36
101.43
101.5
101.57
101.64
101.71
101.78
101.85
101.92
101.99
102.07
102.14
102.21
102.28
102.36
102.43
102.51
102.58
102.66
102.73
102.81
102.89
102.96
103.04
103.12
103.2
103.28
103.36
103.44
103.52
103.61
103.69
103.77
103.86
103.94
104.03
104.11
104.2
104.29
104.38
104.46
104.55
104.65
104.74
104.83
104.92
105.01
105.11
105.2
105.3
105.4
105.49
105.59
105.69
105.79
105.89
105.99
106.1
106.2
106.3
106.41
106.51
106.62
106.73
106.83
106.94
107.05
107.16
107.28
107.39
107.5
107.62
107.73
107.85
107.96
108.08
108.2
108.32
108.41
108.68
99.844
99.906
99.968
100.03
100.1
100.16
100.23
100.3
100.36
100.43
100.49
100.56
100.63
100.69
100.76
100.82
100.89
100.96
101.03
101.09
101.16
101.23
101.3
101.36
101.43
101.5
101.57
101.64
101.71
101.78
101.85
101.92
101.99
102.07
102.14
102.21
102.28
102.36
102.43
102.51
102.58
102.66
102.73
102.81
102.89
102.96
103.04
103.12
103.2
103.28
103.36
103.44
103.52
103.61
103.69
103.77
103.86
103.94
104.03
104.11
104.2
104.29
104.38
104.46
104.55
104.65
104.74
104.83
104.92
105.01
105.11
105.2
105.3
105.4
105.49
105.59
105.69
105.79
105.89
105.99
106.1
106.2
106.3
106.41
106.51
106.62
106.73
106.83
106.94
107.05
107.16
107.28
107.39
107.5
107.62
107.73
107.85
107.96
108.08
108.2
108.32
108.41
108.68
99.844
99.906
99.968
100.03
100.1
100.16
100.23
100.3
100.36
100.43
100.49
100.56
100.63
100.69
100.76
100.82
100.89
100.96
101.03
101.09
101.16
101.23
101.3
101.36
101.43
101.5
101.57
101.64
101.71
101.78
101.85
101.92
101.99
102.07
102.14
102.21
102.28
102.36
102.43
102.51
102.58
102.66
102.73
102.81
102.89
102.96
103.04
103.12
103.2
103.28
103.36
103.44
103.52
103.61
103.69
103.77
103.86
103.94
104.03
104.11
104.2
104.29
104.38
104.46
104.55
104.65
104.74
104.83
104.92
105.01
105.11
105.2
105.3
105.4
105.49
105.59
105.69
105.79
105.89
105.99
106.1
106.2
106.3
106.41
106.51
106.62
106.73
106.83
106.94
107.05
107.16
107.28
107.39
107.5
107.62
107.73
107.85
107.96
108.08
108.2
108.32
108.41
108.68
99.844
99.906
99.968
100.03
100.1
100.16
100.23
100.3
100.36
100.43
100.49
100.56
100.63
100.69
100.76
100.82
100.89
100.96
101.03
101.09
101.16
101.23
101.3
101.36
101.43
101.5
101.57
101.64
101.71
101.78
101.85
101.92
101.99
102.07
102.14
102.21
102.28
102.36
102.43
102.51
102.58
102.66
102.73
102.81
102.89
102.96
103.04
103.12
103.2
103.28
103.36
103.44
103.52
103.61
103.69
103.77
103.86
103.94
104.03
104.11
104.2
104.29
104.38
104.46
104.55
104.65
104.74
104.83
104.92
105.01
105.11
105.2
105.3
105.4
105.49
105.59
105.69
105.79
105.89
105.99
106.1
106.2
106.3
106.41
106.51
106.62
106.73
106.83
106.94
107.05
107.16
107.28
107.39
107.5
107.62
107.73
107.85
107.96
108.08
108.2
108.32
108.41
108.68
99.844
99.906
99.968
100.03
100.1
100.16
100.23
100.3
100.36
100.43
100.49
100.56
100.63
100.69
100.76
100.82
100.89
100.96
101.03
101.09
101.16
101.23
101.3
101.36
101.43
101.5
101.57
101.64
101.71
101.78
101.85
101.92
101.99
102.07
102.14
102.21
102.28
102.36
102.43
102.51
102.58
102.66
102.73
102.81
102.89
102.96
103.04
103.12
103.2
103.28
103.36
103.44
103.52
103.61
103.69
103.77
103.86
103.94
104.03
104.11
104.2
104.29
104.38
104.46
104.55
104.65
104.74
104.83
104.92
105.01
105.11
105.2
105.3
105.4
105.49
105.59
105.69
105.79
105.89
105.99
106.1
106.2
106.3
106.41
106.51
106.62
106.73
106.83
106.94
107.05
107.16
107.28
107.39
107.5
107.62
107.73
107.85
107.96
108.08
108.2
108.32
108.41
108.68
99.844
99.906
99.968
100.03
100.1
100.16
100.23
100.3
100.36
100.43
100.49
100.56
100.63
100.69
100.76
100.82
100.89
100.96
101.03
101.09
101.16
101.23
101.3
101.36
101.43
101.5
101.57
101.64
101.71
101.78
101.85
101.92
101.99
102.07
102.14
102.21
102.28
102.36
102.43
102.51
102.58
102.66
102.73
102.81
102.89
102.96
103.04
103.12
103.2
103.28
103.36
103.44
103.52
103.61
103.69
103.77
103.86
103.94
104.03
104.11
104.2
104.29
104.38
104.46
104.55
104.65
104.74
104.83
104.92
105.01
105.11
105.2
105.3
105.4
105.49
105.59
105.69
105.79
105.89
105.99
106.1
106.2
106.3
106.41
106.51
106.62
106.73
106.83
106.94
107.05
107.16
107.28
107.39
107.5
107.62
107.73
107.85
107.96
108.08
108.2
108.32
108.41
108.68
99.844
99.906
99.968
100.03
100.1
100.16
100.23
100.3
100.36
100.43
100.49
100.56
100.63
100.69
100.76
100.82
100.89
100.96
101.03
101.09
101.16
101.23
101.3
101.36
101.43
101.5
101.57
101.64
101.71
101.78
101.85
101.92
101.99
102.07
102.14
102.21
102.28
102.36
102.43
102.51
102.58
102.66
102.73
102.81
102.89
102.96
103.04
103.12
103.2
103.28
103.36
103.44
103.52
103.61
103.69
103.77
103.86
103.94
104.03
104.11
104.2
104.29
104.38
104.46
104.55
104.65
104.74
104.83
104.92
105.01
105.11
105.2
105.3
105.4
105.49
105.59
105.69
105.79
105.89
105.99
106.1
106.2
106.3
106.41
106.51
106.62
106.73
106.83
106.94
107.05
107.16
107.28
107.39
107.5
107.62
107.73
107.85
107.96
108.08
108.2
108.32
108.41
108.68
99.844
99.906
99.968
100.03
100.1
100.16
100.23
100.3
100.36
100.43
100.49
100.56
100.63
100.69
100.76
100.82
100.89
100.96
101.03
101.09
101.16
101.23
101.3
101.36
101.43
101.5
101.57
101.64
101.71
101.78
101.85
101.92
101.99
102.07
102.14
102.21
102.28
102.36
102.43
102.51
102.58
102.66
102.73
102.81
102.89
102.96
103.04
103.12
103.2
103.28
103.36
103.44
103.52
103.61
103.69
103.77
103.86
103.94
104.03
104.11
104.2
104.29
104.38
104.46
104.55
104.65
104.74
104.83
104.92
105.01
105.11
105.2
105.3
105.4
105.49
105.59
105.69
105.79
105.89
105.99
106.1
106.2
106.3
106.41
106.51
106.62
106.73
106.83
106.94
107.05
107.16
107.28
107.39
107.5
107.62
107.73
107.85
107.96
108.08
108.2
108.32
108.41
108.68
99.844
99.906
99.968
100.03
100.1
100.16
100.23
100.3
100.36
100.43
100.49
100.56
100.63
100.69
100.76
100.82
100.89
100.96
101.03
101.09
101.16
101.23
101.3
101.36
101.43
101.5
101.57
101.64
101.71
101.78
101.85
101.92
101.99
102.07
102.14
102.21
102.28
102.36
102.43
102.51
102.58
102.66
102.73
102.81
102.89
102.96
103.04
103.12
103.2
103.28
103.36
103.44
103.52
103.61
103.69
103.77
103.86
103.94
104.03
104.11
104.2
104.29
104.38
104.46
104.55
104.65
104.74
104.83
104.92
105.01
105.11
105.2
105.3
105.4
105.49
105.59
105.69
105.79
105.89
105.99
106.1
106.2
106.3
106.41
106.51
106.62
106.73
106.83
106.94
107.05
107.16
107.28
107.39
107.5
107.62
107.73
107.85
107.96
108.08
108.2
108.32
108.41
108.68
99.844
99.906
99.968
100.03
100.1
100.16
100.23
100.3
100.36
100.43
100.49
100.56
100.63
100.69
100.76
100.82
100.89
100.96
101.03
101.09
101.16
101.23
101.3
101.36
101.43
101.5
101.57
101.64
101.71
101.78
101.85
101.92
101.99
102.07
102.14
102.21
102.28
102.36
102.43
102.51
102.58
102.66
102.73
102.81
102.89
102.96
103.04
103.12
103.2
103.28
103.36
103.44
103.52
103.61
103.69
103.77
103.86
103.94
104.03
104.11
104.2
104.29
104.38
104.46
104.55
104.65
104.74
104.83
104.92
105.01
105.11
105.2
105.3
105.4
105.49
105.59
105.69
105.79
105.89
105.99
106.1
106.2
106.3
106.41
106.51
106.62
106.73
106.83
106.94
107.05
107.16
107.28
107.39
107.5
107.62
107.73
107.85
107.96
108.08
108.2
108.32
108.41
108.68
99.844
99.906
99.968
100.03
100.1
100.16
100.23
100.3
100.36
100.43
100.49
100.56
100.63
100.69
100.76
100.82
100.89
100.96
101.03
101.09
101.16
101.23
101.3
101.36
101.43
101.5
101.57
101.64
101.71
101.78
101.85
101.92
101.99
102.07
102.14
102.21
102.28
102.36
102.43
102.51
102.58
102.66
102.73
102.81
102.89
102.96
103.04
103.12
103.2
103.28
103.36
103.44
103.52
103.61
103.69
103.77
103.86
103.94
104.03
104.11
104.2
104.29
104.38
104.46
104.55
104.65
104.74
104.83
104.92
105.01
105.11
105.2
105.3
105.4
105.49
105.59
105.69
105.79
105.89
105.99
106.1
106.2
106.3
106.41
106.51
106.62
106.73
106.83
106.94
107.05
107.16
107.28
107.39
107.5
107.62
107.73
107.85
107.96
108.08
108.2
108.32
108.41
108.68
99.844
99.906
99.968
100.03
100.1
100.16
100.23
100.3
100.36
100.43
100.49
100.56
100.63
100.69
100.76
100.82
100.89
100.96
101.03
101.09
101.16
101.23
101.3
101.36
101.43
101.5
101.57
101.64
101.71
101.78
101.85
101.92
101.99
102.07
102.14
102.21
102.28
102.36
102.43
102.51
102.58
102.66
102.73
102.81
102.89
102.96
103.04
103.12
103.2
103.28
103.36
103.44
103.52
103.61
103.69
103.77
103.86
103.94
104.03
104.11
104.2
104.29
104.38
104.46
104.55
104.65
104.74
104.83
104.92
105.01
105.11
105.2
105.3
105.4
105.49
105.59
105.69
105.79
105.89
105.99
106.1
106.2
106.3
106.41
106.51
106.62
106.73
106.83
106.94
107.05
107.16
107.28
107.39
107.5
107.62
107.73
107.85
107.96
108.08
108.2
108.32
108.41
108.68
99.844
99.906
99.968
100.03
100.1
100.16
100.23
100.3
100.36
100.43
100.49
100.56
100.63
100.69
100.76
100.82
100.89
100.96
101.03
101.09
101.16
101.23
101.3
101.36
101.43
101.5
101.57
101.64
101.71
101.78
101.85
101.92
101.99
102.07
102.14
102.21
102.28
102.36
102.43
102.51
102.58
102.66
102.73
102.81
102.89
102.96
103.04
103.12
103.2
103.28
103.36
103.44
103.52
103.61
103.69
103.77
103.86
103.94
104.03
104.11
104.2
104.29
104.38
104.46
104.55
104.65
104.74
104.83
104.92
105.01
105.11
105.2
105.3
105.4
105.49
105.59
105.69
105.79
105.89
105.99
106.1
106.2
106.3
106.41
106.51
106.62
106.73
106.84
106.94
107.05
107.16
107.28
107.39
107.5
107.62
107.73
107.85
107.96
108.08
108.2
108.32
108.41
108.68
99.844
99.906
99.968
100.03
100.1
100.16
100.23
100.3
100.36
100.43
100.49
100.56
100.63
100.69
100.76
100.82
100.89
100.96
101.03
101.09
101.16
101.23
101.3
101.36
101.43
101.5
101.57
101.64
101.71
101.78
101.85
101.92
101.99
102.07
102.14
102.21
102.28
102.36
102.43
102.51
102.58
102.66
102.73
102.81
102.89
102.96
103.04
103.12
103.2
103.28
103.36
103.44
103.52
103.61
103.69
103.77
103.86
103.94
104.03
104.11
104.2
104.29
104.38
104.46
104.55
104.65
104.74
104.83
104.92
105.01
105.11
105.2
105.3
105.4
105.49
105.59
105.69
105.79
105.89
105.99
106.1
106.2
106.3
106.41
106.51
106.62
106.73
106.84
106.94
107.05
107.16
107.28
107.39
107.5
107.62
107.73
107.85
107.96
108.08
108.2
108.32
108.41
108.68
99.844
99.906
99.968
100.03
100.1
100.16
100.23
100.3
100.36
100.43
100.49
100.56
100.63
100.69
100.76
100.82
100.89
100.96
101.03
101.09
101.16
101.23
101.3
101.36
101.43
101.5
101.57
101.64
101.71
101.78
101.85
101.92
101.99
102.07
102.14
102.21
102.28
102.36
102.43
102.51
102.58
102.66
102.73
102.81
102.89
102.96
103.04
103.12
103.2
103.28
103.36
103.44
103.52
103.61
103.69
103.77
103.86
103.94
104.03
104.11
104.2
104.29
104.38
104.46
104.55
104.65
104.74
104.83
104.92
105.02
105.11
105.2
105.3
105.4
105.49
105.59
105.69
105.79
105.89
105.99
106.1
106.2
106.3
106.41
106.51
106.62
106.73
106.84
106.94
107.05
107.17
107.28
107.39
107.5
107.62
107.73
107.85
107.96
108.08
108.2
108.32
108.41
108.68
99.844
99.906
99.968
100.03
100.1
100.16
100.23
100.3
100.36
100.43
100.49
100.56
100.63
100.69
100.76
100.82
100.89
100.96
101.03
101.09
101.16
101.23
101.3
101.36
101.43
101.5
101.57
101.64
101.71
101.78
101.85
101.92
101.99
102.07
102.14
102.21
102.28
102.36
102.43
102.51
102.58
102.66
102.73
102.81
102.89
102.96
103.04
103.12
103.2
103.28
103.36
103.44
103.52
103.61
103.69
103.77
103.86
103.94
104.03
104.11
104.2
104.29
104.38
104.47
104.55
104.65
104.74
104.83
104.92
105.02
105.11
105.2
105.3
105.4
105.49
105.59
105.69
105.79
105.89
105.99
106.1
106.2
106.3
106.41
106.51
106.62
106.73
106.84
106.94
107.05
107.17
107.28
107.39
107.5
107.62
107.73
107.85
107.96
108.08
108.2
108.32
108.41
108.68
99.844
99.906
99.968
100.03
100.1
100.16
100.23
100.3
100.36
100.43
100.49
100.56
100.63
100.69
100.76
100.82
100.89
100.96
101.03
101.09
101.16
101.23
101.3
101.36
101.43
101.5
101.57
101.64
101.71
101.78
101.85
101.92
101.99
102.07
102.14
102.21
102.28
102.36
102.43
102.51
102.58
102.66
102.73
102.81
102.89
102.96
103.04
103.12
103.2
103.28
103.36
103.44
103.52
103.61
103.69
103.77
103.86
103.94
104.03
104.11
104.2
104.29
104.38
104.47
104.55
104.65
104.74
104.83
104.92
105.02
105.11
105.2
105.3
105.4
105.49
105.59
105.69
105.79
105.89
105.99
106.1
106.2
106.3
106.41
106.51
106.62
106.73
106.84
106.94
107.05
107.17
107.28
107.39
107.5
107.62
107.73
107.85
107.96
108.08
108.2
108.32
108.41
108.68
99.844
99.906
99.968
100.03
100.1
100.16
100.23
100.3
100.36
100.43
100.49
100.56
100.63
100.69
100.76
100.82
100.89
100.96
101.03
101.09
101.16
101.23
101.3
101.36
101.43
101.5
101.57
101.64
101.71
101.78
101.85
101.92
101.99
102.07
102.14
102.21
102.28
102.36
102.43
102.51
102.58
102.66
102.73
102.81
102.89
102.96
103.04
103.12
103.2
103.28
103.36
103.44
103.52
103.61
103.69
103.77
103.86
103.94
104.03
104.11
104.2
104.29
104.38
104.47
104.55
104.65
104.74
104.83
104.92
105.02
105.11
105.2
105.3
105.4
105.49
105.59
105.69
105.79
105.89
105.99
106.1
106.2
106.3
106.41
106.51
106.62
106.73
106.84
106.95
107.06
107.17
107.28
107.39
107.5
107.62
107.73
107.85
107.96
108.08
108.2
108.32
108.41
108.68
99.844
99.906
99.968
100.03
100.1
100.16
100.23
100.3
100.36
100.43
100.49
100.56
100.63
100.69
100.76
100.82
100.89
100.96
101.03
101.09
101.16
101.23
101.3
101.36
101.43
101.5
101.57
101.64
101.71
101.78
101.85
101.92
101.99
102.07
102.14
102.21
102.28
102.36
102.43
102.51
102.58
102.66
102.73
102.81
102.89
102.96
103.04
103.12
103.2
103.28
103.36
103.44
103.52
103.61
103.69
103.77
103.86
103.94
104.03
104.11
104.2
104.29
104.38
104.47
104.55
104.65
104.74
104.83
104.92
105.02
105.11
105.2
105.3
105.4
105.49
105.59
105.69
105.79
105.89
105.99
106.1
106.2
106.3
106.41
106.51
106.62
106.73
106.84
106.95
107.06
107.17
107.28
107.39
107.5
107.62
107.73
107.85
107.97
108.08
108.2
108.32
108.42
108.68
99.844
99.906
99.968
100.03
100.1
100.16
100.23
100.3
100.36
100.43
100.49
100.56
100.63
100.69
100.76
100.82
100.89
100.96
101.03
101.09
101.16
101.23
101.3
101.36
101.43
101.5
101.57
101.64
101.71
101.78
101.85
101.92
101.99
102.07
102.14
102.21
102.28
102.36
102.43
102.51
102.58
102.66
102.73
102.81
102.89
102.96
103.04
103.12
103.2
103.28
103.36
103.44
103.52
103.61
103.69
103.77
103.86
103.94
104.03
104.11
104.2
104.29
104.38
104.47
104.55
104.65
104.74
104.83
104.92
105.02
105.11
105.2
105.3
105.4
105.49
105.59
105.69
105.79
105.89
105.99
106.1
106.2
106.3
106.41
106.51
106.62
106.73
106.84
106.95
107.06
107.17
107.28
107.39
107.5
107.62
107.73
107.85
107.97
108.08
108.2
108.32
108.42
108.68
99.844
99.906
99.968
100.03
100.1
100.16
100.23
100.3
100.36
100.43
100.49
100.56
100.62
100.69
100.76
100.82
100.89
100.96
101.03
101.09
101.16
101.23
101.3
101.36
101.43
101.5
101.57
101.64
101.71
101.78
101.85
101.92
101.99
102.07
102.14
102.21
102.28
102.36
102.43
102.51
102.58
102.66
102.73
102.81
102.89
102.96
103.04
103.12
103.2
103.28
103.36
103.44
103.52
103.61
103.69
103.77
103.86
103.94
104.03
104.11
104.2
104.29
104.38
104.47
104.56
104.65
104.74
104.83
104.92
105.02
105.11
105.2
105.3
105.4
105.5
105.59
105.69
105.79
105.89
105.99
106.1
106.2
106.3
106.41
106.51
106.62
106.73
106.84
106.95
107.06
107.17
107.28
107.39
107.5
107.62
107.73
107.85
107.97
108.08
108.2
108.33
108.42
108.68
99.844
99.906
99.968
100.03
100.1
100.16
100.23
100.3
100.36
100.43
100.49
100.56
100.62
100.69
100.76
100.82
100.89
100.96
101.03
101.09
101.16
101.23
101.3
101.36
101.43
101.5
101.57
101.64
101.71
101.78
101.85
101.92
101.99
102.07
102.14
102.21
102.28
102.36
102.43
102.51
102.58
102.66
102.73
102.81
102.89
102.96
103.04
103.12
103.2
103.28
103.36
103.44
103.52
103.61
103.69
103.77
103.86
103.94
104.03
104.11
104.2
104.29
104.38
104.47
104.56
104.65
104.74
104.83
104.92
105.02
105.11
105.21
105.3
105.4
105.5
105.59
105.69
105.79
105.89
105.99
106.1
106.2
106.3
106.41
106.52
106.62
106.73
106.84
106.95
107.06
107.17
107.28
107.39
107.5
107.62
107.73
107.85
107.97
108.08
108.2
108.33
108.42
108.68
99.844
99.906
99.968
100.03
100.1
100.16
100.23
100.3
100.36
100.43
100.49
100.56
100.62
100.69
100.76
100.82
100.89
100.96
101.03
101.09
101.16
101.23
101.3
101.36
101.43
101.5
101.57
101.64
101.71
101.78
101.85
101.92
101.99
102.07
102.14
102.21
102.28
102.36
102.43
102.51
102.58
102.66
102.73
102.81
102.89
102.96
103.04
103.12
103.2
103.28
103.36
103.44
103.52
103.61
103.69
103.77
103.86
103.94
104.03
104.11
104.2
104.29
104.38
104.47
104.56
104.65
104.74
104.83
104.92
105.02
105.11
105.21
105.3
105.4
105.5
105.59
105.69
105.79
105.89
106
106.1
106.2
106.3
106.41
106.52
106.62
106.73
106.84
106.95
107.06
107.17
107.28
107.39
107.51
107.62
107.73
107.85
107.97
108.08
108.2
108.33
108.42
108.68
99.844
99.906
99.968
100.03
100.1
100.16
100.23
100.3
100.36
100.43
100.49
100.56
100.62
100.69
100.76
100.82
100.89
100.96
101.03
101.09
101.16
101.23
101.3
101.36
101.43
101.5
101.57
101.64
101.71
101.78
101.85
101.92
101.99
102.07
102.14
102.21
102.28
102.36
102.43
102.51
102.58
102.66
102.73
102.81
102.89
102.96
103.04
103.12
103.2
103.28
103.36
103.44
103.52
103.61
103.69
103.77
103.86
103.94
104.03
104.11
104.2
104.29
104.38
104.47
104.56
104.65
104.74
104.83
104.92
105.02
105.11
105.21
105.3
105.4
105.5
105.59
105.69
105.79
105.89
106
106.1
106.2
106.31
106.41
106.52
106.62
106.73
106.84
106.95
107.06
107.17
107.28
107.39
107.51
107.62
107.73
107.85
107.97
108.09
108.2
108.33
108.42
108.68
99.844
99.906
99.968
100.03
100.1
100.16
100.23
100.3
100.36
100.43
100.49
100.56
100.62
100.69
100.76
100.82
100.89
100.96
101.03
101.09
101.16
101.23
101.3
101.36
101.43
101.5
101.57
101.64
101.71
101.78
101.85
101.92
101.99
102.07
102.14
102.21
102.28
102.36
102.43
102.51
102.58
102.66
102.73
102.81
102.89
102.96
103.04
103.12
103.2
103.28
103.36
103.44
103.52
103.61
103.69
103.77
103.86
103.94
104.03
104.11
104.2
104.29
104.38
104.47
104.56
104.65
104.74
104.83
104.92
105.02
105.11
105.21
105.3
105.4
105.5
105.59
105.69
105.79
105.89
106
106.1
106.2
106.31
106.41
106.52
106.62
106.73
106.84
106.95
107.06
107.17
107.28
107.39
107.51
107.62
107.74
107.85
107.97
108.09
108.2
108.33
108.42
108.68
99.844
99.906
99.968
100.03
100.1
100.16
100.23
100.3
100.36
100.43
100.49
100.56
100.62
100.69
100.76
100.82
100.89
100.96
101.03
101.09
101.16
101.23
101.3
101.36
101.43
101.5
101.57
101.64
101.71
101.78
101.85
101.92
101.99
102.07
102.14
102.21
102.28
102.36
102.43
102.51
102.58
102.66
102.73
102.81
102.89
102.96
103.04
103.12
103.2
103.28
103.36
103.44
103.52
103.61
103.69
103.77
103.86
103.94
104.03
104.11
104.2
104.29
104.38
104.47
104.56
104.65
104.74
104.83
104.92
105.02
105.11
105.21
105.3
105.4
105.5
105.59
105.69
105.79
105.89
106
106.1
106.2
106.31
106.41
106.52
106.62
106.73
106.84
106.95
107.06
107.17
107.28
107.39
107.51
107.62
107.74
107.85
107.97
108.09
108.2
108.33
108.42
108.68
99.844
99.906
99.968
100.03
100.1
100.16
100.23
100.3
100.36
100.43
100.49
100.56
100.62
100.69
100.76
100.82
100.89
100.96
101.03
101.09
101.16
101.23
101.3
101.36
101.43
101.5
101.57
101.64
101.71
101.78
101.85
101.92
101.99
102.07
102.14
102.21
102.28
102.36
102.43
102.51
102.58
102.66
102.73
102.81
102.89
102.96
103.04
103.12
103.2
103.28
103.36
103.44
103.52
103.61
103.69
103.77
103.86
103.94
104.03
104.11
104.2
104.29
104.38
104.47
104.56
104.65
104.74
104.83
104.92
105.02
105.11
105.21
105.3
105.4
105.5
105.59
105.69
105.79
105.89
106
106.1
106.2
106.31
106.41
106.52
106.62
106.73
106.84
106.95
107.06
107.17
107.28
107.39
107.51
107.62
107.74
107.85
107.97
108.09
108.21
108.33
108.42
108.68
99.844
99.906
99.968
100.03
100.1
100.16
100.23
100.3
100.36
100.43
100.49
100.56
100.62
100.69
100.76
100.82
100.89
100.96
101.02
101.09
101.16
101.23
101.3
101.36
101.43
101.5
101.57
101.64
101.71
101.78
101.85
101.92
101.99
102.07
102.14
102.21
102.28
102.36
102.43
102.51
102.58
102.66
102.73
102.81
102.89
102.96
103.04
103.12
103.2
103.28
103.36
103.44
103.52
103.61
103.69
103.77
103.86
103.94
104.03
104.11
104.2
104.29
104.38
104.47
104.56
104.65
104.74
104.83
104.92
105.02
105.11
105.21
105.3
105.4
105.5
105.59
105.69
105.79
105.89
106
106.1
106.2
106.31
106.41
106.52
106.62
106.73
106.84
106.95
107.06
107.17
107.28
107.39
107.51
107.62
107.74
107.85
107.97
108.09
108.21
108.33
108.42
108.68
99.844
99.906
99.968
100.03
100.1
100.16
100.23
100.3
100.36
100.43
100.49
100.56
100.62
100.69
100.76
100.82
100.89
100.96
101.02
101.09
101.16
101.23
101.3
101.36
101.43
101.5
101.57
101.64
101.71
101.78
101.85
101.92
101.99
102.07
102.14
102.21
102.28
102.36
102.43
102.51
102.58
102.66
102.73
102.81
102.89
102.96
103.04
103.12
103.2
103.28
103.36
103.44
103.52
103.61
103.69
103.77
103.86
103.94
104.03
104.11
104.2
104.29
104.38
104.47
104.56
104.65
104.74
104.83
104.92
105.02
105.11
105.21
105.3
105.4
105.5
105.59
105.69
105.79
105.9
106
106.1
106.2
106.31
106.41
106.52
106.62
106.73
106.84
106.95
107.06
107.17
107.28
107.4
107.51
107.62
107.74
107.85
107.97
108.09
108.21
108.33
108.42
108.69
99.844
99.906
99.968
100.03
100.1
100.16
100.23
100.3
100.36
100.43
100.49
100.56
100.62
100.69
100.76
100.82
100.89
100.96
101.02
101.09
101.16
101.23
101.3
101.36
101.43
101.5
101.57
101.64
101.71
101.78
101.85
101.92
101.99
102.07
102.14
102.21
102.28
102.36
102.43
102.51
102.58
102.66
102.73
102.81
102.89
102.96
103.04
103.12
103.2
103.28
103.36
103.44
103.52
103.61
103.69
103.77
103.86
103.94
104.03
104.11
104.2
104.29
104.38
104.47
104.56
104.65
104.74
104.83
104.92
105.02
105.11
105.21
105.3
105.4
105.5
105.6
105.69
105.79
105.9
106
106.1
106.2
106.31
106.41
106.52
106.62
106.73
106.84
106.95
107.06
107.17
107.28
107.4
107.51
107.62
107.74
107.85
107.97
108.09
108.21
108.33
108.42
108.69
99.844
99.906
99.968
100.03
100.1
100.16
100.23
100.3
100.36
100.43
100.49
100.56
100.62
100.69
100.76
100.82
100.89
100.96
101.02
101.09
101.16
101.23
101.3
101.36
101.43
101.5
101.57
101.64
101.71
101.78
101.85
101.92
101.99
102.07
102.14
102.21
102.28
102.36
102.43
102.51
102.58
102.66
102.73
102.81
102.89
102.96
103.04
103.12
103.2
103.28
103.36
103.44
103.52
103.6
103.69
103.77
103.86
103.94
104.03
104.11
104.2
104.29
104.38
104.47
104.56
104.65
104.74
104.83
104.92
105.02
105.11
105.21
105.3
105.4
105.5
105.6
105.69
105.79
105.9
106
106.1
106.2
106.31
106.41
106.52
106.63
106.73
106.84
106.95
107.06
107.17
107.28
107.4
107.51
107.62
107.74
107.86
107.97
108.09
108.21
108.33
108.42
108.69
99.844
99.906
99.968
100.03
100.1
100.16
100.23
100.3
100.36
100.43
100.49
100.56
100.62
100.69
100.76
100.82
100.89
100.96
101.02
101.09
101.16
101.23
101.3
101.36
101.43
101.5
101.57
101.64
101.71
101.78
101.85
101.92
101.99
102.07
102.14
102.21
102.28
102.36
102.43
102.51
102.58
102.66
102.73
102.81
102.89
102.96
103.04
103.12
103.2
103.28
103.36
103.44
103.52
103.6
103.69
103.77
103.86
103.94
104.03
104.11
104.2
104.29
104.38
104.47
104.56
104.65
104.74
104.83
104.92
105.02
105.11
105.21
105.3
105.4
105.5
105.6
105.69
105.79
105.9
106
106.1
106.2
106.31
106.41
106.52
106.63
106.73
106.84
106.95
107.06
107.17
107.28
107.4
107.51
107.63
107.74
107.86
107.97
108.09
108.21
108.33
108.42
108.69
99.844
99.906
99.968
100.03
100.1
100.16
100.23
100.3
100.36
100.43
100.49
100.56
100.62
100.69
100.76
100.82
100.89
100.96
101.02
101.09
101.16
101.23
101.3
101.36
101.43
101.5
101.57
101.64
101.71
101.78
101.85
101.92
101.99
102.07
102.14
102.21
102.28
102.36
102.43
102.51
102.58
102.66
102.73
102.81
102.89
102.96
103.04
103.12
103.2
103.28
103.36
103.44
103.52
103.6
103.69
103.77
103.86
103.94
104.03
104.11
104.2
104.29
104.38
104.47
104.56
104.65
104.74
104.83
104.92
105.02
105.11
105.21
105.3
105.4
105.5
105.6
105.69
105.8
105.9
106
106.1
106.2
106.31
106.41
106.52
106.63
106.73
106.84
106.95
107.06
107.17
107.29
107.4
107.51
107.63
107.74
107.86
107.97
108.09
108.21
108.33
108.43
108.69
99.844
99.906
99.968
100.03
100.1
100.16
100.23
100.3
100.36
100.43
100.49
100.56
100.62
100.69
100.76
100.82
100.89
100.96
101.02
101.09
101.16
101.23
101.3
101.36
101.43
101.5
101.57
101.64
101.71
101.78
101.85
101.92
101.99
102.07
102.14
102.21
102.28
102.36
102.43
102.51
102.58
102.66
102.73
102.81
102.89
102.96
103.04
103.12
103.2
103.28
103.36
103.44
103.52
103.6
103.69
103.77
103.86
103.94
104.03
104.11
104.2
104.29
104.38
104.47
104.56
104.65
104.74
104.83
104.92
105.02
105.11
105.21
105.3
105.4
105.5
105.6
105.7
105.8
105.9
106
106.1
106.2
106.31
106.41
106.52
106.63
106.73
106.84
106.95
107.06
107.17
107.29
107.4
107.51
107.63
107.74
107.86
107.98
108.09
108.21
108.34
108.43
108.69
99.844
99.906
99.968
100.03
100.1
100.16
100.23
100.3
100.36
100.43
100.49
100.56
100.62
100.69
100.76
100.82
100.89
100.96
101.02
101.09
101.16
101.23
101.3
101.36
101.43
101.5
101.57
101.64
101.71
101.78
101.85
101.92
101.99
102.07
102.14
102.21
102.28
102.36
102.43
102.51
102.58
102.66
102.73
102.81
102.89
102.96
103.04
103.12
103.2
103.28
103.36
103.44
103.52
103.6
103.69
103.77
103.86
103.94
104.03
104.11
104.2
104.29
104.38
104.47
104.56
104.65
104.74
104.83
104.92
105.02
105.11
105.21
105.3
105.4
105.5
105.6
105.7
105.8
105.9
106
106.1
106.2
106.31
106.41
106.52
106.63
106.74
106.84
106.95
107.06
107.17
107.29
107.4
107.51
107.63
107.74
107.86
107.98
108.09
108.21
108.34
108.43
108.69
99.844
99.906
99.968
100.03
100.1
100.16
100.23
100.3
100.36
100.43
100.49
100.56
100.62
100.69
100.76
100.82
100.89
100.96
101.02
101.09
101.16
101.23
101.3
101.36
101.43
101.5
101.57
101.64
101.71
101.78
101.85
101.92
101.99
102.07
102.14
102.21
102.28
102.36
102.43
102.51
102.58
102.66
102.73
102.81
102.89
102.96
103.04
103.12
103.2
103.28
103.36
103.44
103.52
103.6
103.69
103.77
103.86
103.94
104.03
104.11
104.2
104.29
104.38
104.47
104.56
104.65
104.74
104.83
104.92
105.02
105.11
105.21
105.3
105.4
105.5
105.6
105.7
105.8
105.9
106
106.1
106.21
106.31
106.41
106.52
106.63
106.74
106.84
106.95
107.06
107.18
107.29
107.4
107.51
107.63
107.74
107.86
107.98
108.1
108.21
108.34
108.43
108.69
99.844
99.906
99.968
100.03
100.1
100.16
100.23
100.3
100.36
100.43
100.49
100.56
100.62
100.69
100.76
100.82
100.89
100.96
101.02
101.09
101.16
101.23
101.3
101.36
101.43
101.5
101.57
101.64
101.71
101.78
101.85
101.92
101.99
102.07
102.14
102.21
102.28
102.36
102.43
102.51
102.58
102.66
102.73
102.81
102.89
102.96
103.04
103.12
103.2
103.28
103.36
103.44
103.52
103.6
103.69
103.77
103.86
103.94
104.03
104.11
104.2
104.29
104.38
104.47
104.56
104.65
104.74
104.83
104.92
105.02
105.11
105.21
105.3
105.4
105.5
105.6
105.7
105.8
105.9
106
106.1
106.21
106.31
106.42
106.52
106.63
106.74
106.85
106.95
107.07
107.18
107.29
107.4
107.52
107.63
107.75
107.86
107.98
108.1
108.22
108.34
108.43
108.69
99.844
99.906
99.968
100.03
100.1
100.16
100.23
100.3
100.36
100.43
100.49
100.56
100.62
100.69
100.76
100.82
100.89
100.96
101.02
101.09
101.16
101.23
101.3
101.36
101.43
101.5
101.57
101.64
101.71
101.78
101.85
101.92
101.99
102.07
102.14
102.21
102.28
102.36
102.43
102.5
102.58
102.66
102.73
102.81
102.88
102.96
103.04
103.12
103.2
103.28
103.36
103.44
103.52
103.6
103.69
103.77
103.86
103.94
104.03
104.11
104.2
104.29
104.38
104.47
104.56
104.65
104.74
104.83
104.92
105.02
105.11
105.21
105.3
105.4
105.5
105.6
105.7
105.8
105.9
106
106.1
106.21
106.31
106.42
106.52
106.63
106.74
106.85
106.96
107.07
107.18
107.29
107.4
107.52
107.63
107.75
107.86
107.98
108.1
108.22
108.34
108.43
108.7
99.844
99.906
99.968
100.03
100.1
100.16
100.23
100.3
100.36
100.43
100.49
100.56
100.62
100.69
100.76
100.82
100.89
100.96
101.02
101.09
101.16
101.23
101.3
101.36
101.43
101.5
101.57
101.64
101.71
101.78
101.85
101.92
101.99
102.06
102.14
102.21
102.28
102.36
102.43
102.5
102.58
102.66
102.73
102.81
102.88
102.96
103.04
103.12
103.2
103.28
103.36
103.44
103.52
103.6
103.69
103.77
103.86
103.94
104.03
104.11
104.2
104.29
104.38
104.47
104.56
104.65
104.74
104.83
104.92
105.02
105.11
105.21
105.3
105.4
105.5
105.6
105.7
105.8
105.9
106
106.1
106.21
106.31
106.42
106.52
106.63
106.74
106.85
106.96
107.07
107.18
107.29
107.4
107.52
107.63
107.75
107.86
107.98
108.1
108.22
108.34
108.43
108.7
99.844
99.906
99.968
100.03
100.1
100.16
100.23
100.3
100.36
100.43
100.49
100.56
100.62
100.69
100.76
100.82
100.89
100.96
101.02
101.09
101.16
101.23
101.3
101.36
101.43
101.5
101.57
101.64
101.71
101.78
101.85
101.92
101.99
102.06
102.14
102.21
102.28
102.36
102.43
102.5
102.58
102.66
102.73
102.81
102.88
102.96
103.04
103.12
103.2
103.28
103.36
103.44
103.52
103.6
103.69
103.77
103.86
103.94
104.03
104.11
104.2
104.29
104.38
104.47
104.56
104.65
104.74
104.83
104.92
105.02
105.11
105.21
105.3
105.4
105.5
105.6
105.7
105.8
105.9
106
106.1
106.21
106.31
106.42
106.52
106.63
106.74
106.85
106.96
107.07
107.18
107.29
107.4
107.52
107.63
107.75
107.87
107.98
108.1
108.22
108.34
108.44
108.7
99.844
99.906
99.968
100.03
100.1
100.16
100.23
100.3
100.36
100.43
100.49
100.56
100.62
100.69
100.76
100.82
100.89
100.96
101.02
101.09
101.16
101.23
101.3
101.36
101.43
101.5
101.57
101.64
101.71
101.78
101.85
101.92
101.99
102.06
102.14
102.21
102.28
102.36
102.43
102.5
102.58
102.66
102.73
102.81
102.88
102.96
103.04
103.12
103.2
103.28
103.36
103.44
103.52
103.6
103.69
103.77
103.86
103.94
104.03
104.11
104.2
104.29
104.38
104.47
104.56
104.65
104.74
104.83
104.92
105.02
105.11
105.21
105.3
105.4
105.5
105.6
105.7
105.8
105.9
106
106.1
106.21
106.31
106.42
106.52
106.63
106.74
106.85
106.96
107.07
107.18
107.29
107.41
107.52
107.64
107.75
107.87
107.99
108.1
108.22
108.35
108.44
108.7
99.844
99.906
99.968
100.03
100.1
100.16
100.23
100.3
100.36
100.43
100.49
100.56
100.62
100.69
100.76
100.82
100.89
100.96
101.02
101.09
101.16
101.23
101.3
101.36
101.43
101.5
101.57
101.64
101.71
101.78
101.85
101.92
101.99
102.06
102.14
102.21
102.28
102.36
102.43
102.5
102.58
102.65
102.73
102.81
102.88
102.96
103.04
103.12
103.2
103.28
103.36
103.44
103.52
103.6
103.69
103.77
103.86
103.94
104.03
104.11
104.2
104.29
104.38
104.47
104.56
104.65
104.74
104.83
104.92
105.02
105.11
105.21
105.3
105.4
105.5
105.6
105.7
105.8
105.9
106
106.1
106.21
106.31
106.42
106.52
106.63
106.74
106.85
106.96
107.07
107.18
107.29
107.41
107.52
107.64
107.75
107.87
107.99
108.11
108.22
108.35
108.44
108.7
99.844
99.906
99.968
100.03
100.1
100.16
100.23
100.3
100.36
100.43
100.49
100.56
100.62
100.69
100.76
100.82
100.89
100.96
101.02
101.09
101.16
101.23
101.29
101.36
101.43
101.5
101.57
101.64
101.71
101.78
101.85
101.92
101.99
102.06
102.14
102.21
102.28
102.36
102.43
102.5
102.58
102.65
102.73
102.81
102.88
102.96
103.04
103.12
103.2
103.28
103.36
103.44
103.52
103.6
103.69
103.77
103.85
103.94
104.03
104.11
104.2
104.29
104.38
104.46
104.56
104.65
104.74
104.83
104.92
105.02
105.11
105.21
105.3
105.4
105.5
105.6
105.7
105.8
105.9
106
106.1
106.21
106.31
106.42
106.52
106.63
106.74
106.85
106.96
107.07
107.18
107.29
107.41
107.52
107.64
107.75
107.87
107.99
108.11
108.23
108.35
108.44
108.71
99.844
99.906
99.968
100.03
100.1
100.16
100.23
100.3
100.36
100.43
100.49
100.56
100.62
100.69
100.76
100.82
100.89
100.96
101.02
101.09
101.16
101.23
101.29
101.36
101.43
101.5
101.57
101.64
101.71
101.78
101.85
101.92
101.99
102.06
102.14
102.21
102.28
102.36
102.43
102.5
102.58
102.65
102.73
102.81
102.88
102.96
103.04
103.12
103.2
103.28
103.36
103.44
103.52
103.6
103.69
103.77
103.85
103.94
104.03
104.11
104.2
104.29
104.38
104.46
104.55
104.65
104.74
104.83
104.92
105.02
105.11
105.21
105.3
105.4
105.5
105.6
105.7
105.8
105.9
106
106.1
106.21
106.31
106.42
106.52
106.63
106.74
106.85
106.96
107.07
107.18
107.3
107.41
107.52
107.64
107.76
107.87
107.99
108.11
108.23
108.35
108.44
108.71
99.844
99.906
99.968
100.03
100.1
100.16
100.23
100.29
100.36
100.43
100.49
100.56
100.62
100.69
100.76
100.82
100.89
100.96
101.02
101.09
101.16
101.23
101.29
101.36
101.43
101.5
101.57
101.64
101.71
101.78
101.85
101.92
101.99
102.06
102.14
102.21
102.28
102.36
102.43
102.5
102.58
102.65
102.73
102.81
102.88
102.96
103.04
103.12
103.2
103.28
103.36
103.44
103.52
103.6
103.69
103.77
103.85
103.94
104.03
104.11
104.2
104.29
104.38
104.46
104.55
104.65
104.74
104.83
104.92
105.02
105.11
105.21
105.3
105.4
105.5
105.6
105.7
105.8
105.9
106
106.1
106.21
106.31
106.42
106.52
106.63
106.74
106.85
106.96
107.07
107.18
107.3
107.41
107.53
107.64
107.76
107.88
107.99
108.11
108.23
108.36
108.45
108.71
99.844
99.906
99.968
100.03
100.1
100.16
100.23
100.29
100.36
100.43
100.49
100.56
100.62
100.69
100.76
100.82
100.89
100.96
101.02
101.09
101.16
101.23
101.29
101.36
101.43
101.5
101.57
101.64
101.71
101.78
101.85
101.92
101.99
102.06
102.14
102.21
102.28
102.36
102.43
102.5
102.58
102.65
102.73
102.81
102.88
102.96
103.04
103.12
103.2
103.28
103.36
103.44
103.52
103.6
103.69
103.77
103.85
103.94
104.03
104.11
104.2
104.29
104.38
104.46
104.55
104.65
104.74
104.83
104.92
105.02
105.11
105.21
105.3
105.4
105.5
105.6
105.7
105.8
105.9
106
106.1
106.21
106.31
106.42
106.53
106.63
106.74
106.85
106.96
107.07
107.18
107.3
107.41
107.53
107.64
107.76
107.88
108
108.11
108.23
108.36
108.45
108.72
99.844
99.907
99.968
100.03
100.1
100.16
100.23
100.29
100.36
100.43
100.49
100.56
100.62
100.69
100.76
100.82
100.89
100.96
101.02
101.09
101.16
101.23
101.29
101.36
101.43
101.5
101.57
101.64
101.71
101.78
101.85
101.92
101.99
102.06
102.14
102.21
102.28
102.36
102.43
102.5
102.58
102.65
102.73
102.81
102.88
102.96
103.04
103.12
103.2
103.28
103.36
103.44
103.52
103.6
103.69
103.77
103.85
103.94
104.03
104.11
104.2
104.29
104.38
104.46
104.55
104.65
104.74
104.83
104.92
105.02
105.11
105.21
105.3
105.4
105.5
105.6
105.7
105.8
105.9
106
106.1
106.21
106.31
106.42
106.53
106.63
106.74
106.85
106.96
107.07
107.19
107.3
107.41
107.53
107.64
107.76
107.88
108
108.12
108.24
108.36
108.45
108.72
99.844
99.907
99.968
100.03
100.1
100.16
100.23
100.29
100.36
100.43
100.49
100.56
100.62
100.69
100.76
100.82
100.89
100.96
101.02
101.09
101.16
101.23
101.29
101.36
101.43
101.5
101.57
101.64
101.71
101.78
101.85
101.92
101.99
102.06
102.14
102.21
102.28
102.36
102.43
102.5
102.58
102.65
102.73
102.81
102.88
102.96
103.04
103.12
103.2
103.28
103.36
103.44
103.52
103.6
103.69
103.77
103.85
103.94
104.02
104.11
104.2
104.29
104.37
104.46
104.55
104.65
104.74
104.83
104.92
105.02
105.11
105.21
105.3
105.4
105.5
105.6
105.7
105.8
105.9
106
106.1
106.21
106.31
106.42
106.53
106.63
106.74
106.85
106.96
107.07
107.19
107.3
107.41
107.53
107.65
107.76
107.88
108
108.12
108.24
108.37
108.46
108.72
99.844
99.907
99.968
100.03
100.1
100.16
100.23
100.29
100.36
100.43
100.49
100.56
100.62
100.69
100.76
100.82
100.89
100.96
101.02
101.09
101.16
101.23
101.29
101.36
101.43
101.5
101.57
101.64
101.71
101.78
101.85
101.92
101.99
102.06
102.14
102.21
102.28
102.36
102.43
102.5
102.58
102.65
102.73
102.81
102.88
102.96
103.04
103.12
103.2
103.28
103.36
103.44
103.52
103.6
103.69
103.77
103.85
103.94
104.02
104.11
104.2
104.29
104.37
104.46
104.55
104.64
104.74
104.83
104.92
105.02
105.11
105.21
105.3
105.4
105.5
105.6
105.7
105.8
105.9
106
106.1
106.21
106.31
106.42
106.53
106.63
106.74
106.85
106.96
107.07
107.19
107.3
107.42
107.53
107.65
107.77
107.88
108
108.12
108.25
108.37
108.46
108.73
99.844
99.907
99.968
100.03
100.1
100.16
100.23
100.29
100.36
100.43
100.49
100.56
100.62
100.69
100.76
100.82
100.89
100.96
101.02
101.09
101.16
101.23
101.29
101.36
101.43
101.5
101.57
101.64
101.71
101.78
101.85
101.92
101.99
102.06
102.14
102.21
102.28
102.35
102.43
102.5
102.58
102.65
102.73
102.81
102.88
102.96
103.04
103.12
103.2
103.28
103.36
103.44
103.52
103.6
103.69
103.77
103.85
103.94
104.02
104.11
104.2
104.29
104.37
104.46
104.55
104.64
104.74
104.83
104.92
105.02
105.11
105.21
105.3
105.4
105.5
105.6
105.7
105.8
105.9
106
106.1
106.21
106.31
106.42
106.53
106.63
106.74
106.85
106.96
107.07
107.19
107.3
107.42
107.53
107.65
107.77
107.89
108.01
108.13
108.25
108.38
108.47
108.74
99.844
99.907
99.968
100.03
100.1
100.16
100.23
100.29
100.36
100.43
100.49
100.56
100.62
100.69
100.76
100.82
100.89
100.96
101.02
101.09
101.16
101.23
101.29
101.36
101.43
101.5
101.57
101.64
101.71
101.78
101.85
101.92
101.99
102.06
102.14
102.21
102.28
102.35
102.43
102.5
102.58
102.65
102.73
102.81
102.88
102.96
103.04
103.12
103.2
103.28
103.36
103.44
103.52
103.6
103.69
103.77
103.85
103.94
104.02
104.11
104.2
104.29
104.37
104.46
104.55
104.64
104.74
104.83
104.92
105.02
105.11
105.21
105.3
105.4
105.5
105.6
105.7
105.8
105.9
106
106.1
106.21
106.31
106.42
106.53
106.63
106.74
106.85
106.96
107.07
107.19
107.3
107.42
107.53
107.65
107.77
107.89
108.01
108.13
108.25
108.38
108.48
108.75
99.844
99.907
99.968
100.03
100.1
100.16
100.23
100.29
100.36
100.43
100.49
100.56
100.62
100.69
100.76
100.82
100.89
100.96
101.02
101.09
101.16
101.23
101.29
101.36
101.43
101.5
101.57
101.64
101.71
101.78
101.85
101.92
101.99
102.06
102.14
102.21
102.28
102.35
102.43
102.5
102.58
102.65
102.73
102.81
102.88
102.96
103.04
103.12
103.2
103.28
103.36
103.44
103.52
103.6
103.69
103.77
103.85
103.94
104.02
104.11
104.2
104.29
104.37
104.46
104.55
104.64
104.74
104.83
104.92
105.02
105.11
105.21
105.3
105.4
105.5
105.6
105.7
105.8
105.9
106
106.1
106.21
106.31
106.42
106.53
106.63
106.74
106.85
106.96
107.07
107.19
107.3
107.42
107.53
107.65
107.77
107.89
108.01
108.13
108.26
108.39
108.49
108.76
99.843
99.906
99.968
100.03
100.1
100.16
100.23
100.29
100.36
100.43
100.49
100.56
100.62
100.69
100.76
100.82
100.89
100.96
101.02
101.09
101.16
101.23
101.29
101.36
101.43
101.5
101.57
101.64
101.71
101.78
101.85
101.92
101.99
102.06
102.14
102.21
102.28
102.35
102.43
102.5
102.58
102.65
102.73
102.81
102.88
102.96
103.04
103.12
103.2
103.28
103.36
103.44
103.52
103.6
103.68
103.77
103.85
103.94
104.02
104.11
104.2
104.29
104.37
104.46
104.55
104.64
104.74
104.83
104.92
105.01
105.11
105.21
105.3
105.4
105.5
105.6
105.7
105.8
105.9
106
106.1
106.21
106.31
106.42
106.53
106.63
106.74
106.85
106.96
107.07
107.19
107.3
107.42
107.53
107.65
107.77
107.89
108.01
108.14
108.26
108.39
108.5
108.8
99.842
99.905
99.968
100.03
100.1
100.16
100.23
100.29
100.36
100.43
100.49
100.56
100.62
100.69
100.76
100.82
100.89
100.96
101.02
101.09
101.16
101.23
101.29
101.36
101.43
101.5
101.57
101.64
101.71
101.78
101.85
101.92
101.99
102.06
102.13
102.21
102.28
102.35
102.43
102.5
102.58
102.65
102.73
102.81
102.88
102.96
103.04
103.12
103.2
103.28
103.36
103.44
103.52
103.6
103.68
103.77
103.85
103.94
104.02
104.11
104.2
104.28
104.37
104.46
104.55
104.64
104.74
104.83
104.92
105.01
105.11
105.2
105.3
105.4
105.5
105.6
105.7
105.8
105.9
106
106.1
106.21
106.31
106.42
106.53
106.63
106.74
106.85
106.96
107.07
107.19
107.3
107.42
107.53
107.65
107.77
107.89
108.01
108.14
108.27
108.39
108.5
108.87
