99.931
99.959
99.986
100.01
100.04
100.07
100.1
100.13
100.16
100.19
100.22
100.25
100.27
100.3
100.33
100.36
100.39
100.43
100.46
100.49
100.52
100.55
100.58
100.62
100.65
100.68
100.72
100.75
100.79
100.83
100.86
100.9
100.94
100.98
101.01
101.05
101.09
101.14
101.18
101.22
101.26
101.31
101.35
101.4
101.45
101.49
101.54
101.59
101.64
101.69
101.75
101.8
101.85
101.91
101.97
102.02
102.08
102.14
102.2
102.27
102.33
102.39
102.46
102.53
102.59
102.66
102.73
102.81
102.88
102.95
103.03
103.1
103.18
103.26
103.34
103.43
103.51
103.6
103.68
103.77
103.86
103.95
104.04
104.14
104.23
104.33
104.43
104.53
104.63
104.73
104.84
104.94
105.05
105.16
105.28
105.39
105.51
105.63
105.75
105.87
106
106.1
106.47
99.931
99.959
99.986
100.01
100.04
100.07
100.1
100.13
100.16
100.19
100.22
100.25
100.27
100.3
100.33
100.36
100.39
100.43
100.46
100.49
100.52
100.55
100.58
100.62
100.65
100.68
100.72
100.75
100.79
100.83
100.86
100.9
100.94
100.98
101.02
101.05
101.1
101.14
101.18
101.22
101.26
101.31
101.35
101.4
101.45
101.49
101.54
101.59
101.64
101.7
101.75
101.8
101.86
101.91
101.97
102.02
102.08
102.14
102.2
102.27
102.33
102.39
102.46
102.53
102.59
102.66
102.73
102.81
102.88
102.95
103.03
103.11
103.18
103.26
103.34
103.43
103.51
103.6
103.68
103.77
103.86
103.95
104.04
104.14
104.23
104.33
104.43
104.53
104.63
104.73
104.84
104.95
105.05
105.16
105.28
105.39
105.51
105.62
105.75
105.87
106
106.1
106.4
99.932
99.959
99.986
100.01
100.04
100.07
100.1
100.13
100.16
100.19
100.22
100.25
100.27
100.3
100.33
100.36
100.4
100.43
100.46
100.49
100.52
100.55
100.58
100.62
100.65
100.69
100.72
100.75
100.79
100.83
100.86
100.9
100.94
100.98
101.02
101.06
101.1
101.14
101.18
101.22
101.27
101.31
101.35
101.4
101.45
101.5
101.54
101.59
101.64
101.7
101.75
101.8
101.86
101.91
101.97
102.03
102.08
102.14
102.2
102.27
102.33
102.39
102.46
102.53
102.59
102.66
102.73
102.81
102.88
102.95
103.03
103.11
103.18
103.26
103.34
103.43
103.51
103.6
103.68
103.77
103.86
103.95
104.04
104.14
104.23
104.33
104.43
104.53
104.63
104.73
104.84
104.95
105.05
105.16
105.28
105.39
105.51
105.62
105.74
105.87
106
106.09
106.36
99.932
99.959
99.986
100.01
100.04
100.07
100.1
100.13
100.16
100.19
100.22
100.25
100.27
100.3
100.33
100.36
100.4
100.43
100.46
100.49
100.52
100.55
100.58
100.62
100.65
100.69
100.72
100.75
100.79
100.83
100.86
100.9
100.94
100.98
101.02
101.06
101.1
101.14
101.18
101.22
101.27
101.31
101.35
101.4
101.45
101.5
101.54
101.59
101.64
101.7
101.75
101.8
101.86
101.91
101.97
102.03
102.08
102.14
102.21
102.27
102.33
102.39
102.46
102.53
102.6
102.66
102.73
102.81
102.88
102.95
103.03
103.11
103.18
103.26
103.35
103.43
103.51
103.6
103.68
103.77
103.86
103.95
104.04
104.14
104.23
104.33
104.43
104.53
104.63
104.73
104.84
104.95
105.05
105.16
105.28
105.39
105.5
105.62
105.74
105.86
105.99
106.08
106.35
99.932
99.959
99.986
100.01
100.04
100.07
100.1
100.13
100.16
100.19
100.22
100.25
100.27
100.3
100.33
100.36
100.4
100.43
100.46
100.49
100.52
100.55
100.59
100.62
100.65
100.69
100.72
100.75
100.79
100.83
100.86
100.9
100.94
100.98
101.02
101.06
101.1
101.14
101.18
101.22
101.27
101.31
101.36
101.4
101.45
101.5
101.54
101.59
101.64
101.7
101.75
101.8
101.86
101.91
101.97
102.03
102.08
102.14
102.21
102.27
102.33
102.4
102.46
102.53
102.6
102.66
102.74
102.81
102.88
102.95
103.03
103.11
103.19
103.26
103.35
103.43
103.51
103.6
103.68
103.77
103.86
103.95
104.04
104.14
104.23
104.33
104.43
104.53
104.63
104.73
104.84
104.95
105.05
105.16
105.27
105.39
105.5
105.62
105.74
105.86
105.98
106.08
106.34
99.932
99.959
99.986
100.01
100.04
100.07
100.1
100.13
100.16
100.19
100.22
100.25
100.28
100.3
100.33
100.36
100.4
100.43
100.46
100.49
100.52
100.55
100.59
100.62
100.65
100.69
100.72
100.76
100.79
100.83
100.86
100.9
100.94
100.98
101.02
101.06
101.1
101.14
101.18
101.22
101.27
101.31
101.36
101.4
101.45
101.5
101.54
101.59
101.65
101.7
101.75
101.8
101.86
101.91
101.97
102.03
102.09
102.15
102.21
102.27
102.33
102.4
102.46
102.53
102.6
102.67
102.74
102.81
102.88
102.95
103.03
103.11
103.19
103.27
103.35
103.43
103.51
103.6
103.68
103.77
103.86
103.95
104.04
104.14
104.23
104.33
104.43
104.53
104.63
104.73
104.84
104.95
105.05
105.16
105.27
105.39
105.5
105.62
105.73
105.85
105.98
106.07
106.33
99.932
99.959
99.986
100.01
100.04
100.07
100.1
100.13
100.16
100.19
100.22
100.25
100.28
100.3
100.33
100.36
100.4
100.43
100.46
100.49
100.52
100.55
100.59
100.62
100.65
100.69
100.72
100.76
100.79
100.83
100.86
100.9
100.94
100.98
101.02
101.06
101.1
101.14
101.18
101.22
101.27
101.31
101.36
101.4
101.45
101.5
101.55
101.59
101.65
101.7
101.75
101.8
101.86
101.91
101.97
102.03
102.09
102.15
102.21
102.27
102.33
102.4
102.46
102.53
102.6
102.67
102.74
102.81
102.88
102.96
103.03
103.11
103.19
103.27
103.35
103.43
103.51
103.6
103.68
103.77
103.86
103.95
104.05
104.14
104.23
104.33
104.43
104.53
104.63
104.73
104.84
104.94
105.05
105.16
105.27
105.38
105.5
105.61
105.73
105.85
105.97
106.06
106.33
99.932
99.959
99.986
100.01
100.04
100.07
100.1
100.13
100.16
100.19
100.22
100.25
100.28
100.3
100.33
100.37
100.4
100.43
100.46
100.49
100.52
100.55
100.59
100.62
100.65
100.69
100.72
100.76
100.79
100.83
100.86
100.9
100.94
100.98
101.02
101.06
101.1
101.14
101.18
101.22
101.27
101.31
101.36
101.4
101.45
101.5
101.55
101.6
101.65
101.7
101.75
101.8
101.86
101.91
101.97
102.03
102.09
102.15
102.21
102.27
102.33
102.4
102.46
102.53
102.6
102.67
102.74
102.81
102.88
102.96
103.03
103.11
103.19
103.27
103.35
103.43
103.51
103.6
103.68
103.77
103.86
103.95
104.05
104.14
104.23
104.33
104.43
104.53
104.63
104.73
104.84
104.94
105.05
105.16
105.27
105.38
105.5
105.61
105.73
105.85
105.97
106.06
106.32
99.932
99.959
99.986
100.01
100.04
100.07
100.1
100.13
100.16
100.19
100.22
100.25
100.28
100.3
100.33
100.37
100.4
100.43
100.46
100.49
100.52
100.55
100.59
100.62
100.65
100.69
100.72
100.76
100.79
100.83
100.86
100.9
100.94
100.98
101.02
101.06
101.1
101.14
101.18
101.22
101.27
101.31
101.36
101.4
101.45
101.5
101.55
101.6
101.65
101.7
101.75
101.8
101.86
101.91
101.97
102.03
102.09
102.15
102.21
102.27
102.33
102.4
102.46
102.53
102.6
102.67
102.74
102.81
102.88
102.96
103.03
103.11
103.19
103.27
103.35
103.43
103.51
103.6
103.68
103.77
103.86
103.95
104.05
104.14
104.23
104.33
104.43
104.53
104.63
104.73
104.84
104.94
105.05
105.16
105.27
105.38
105.5
105.61
105.73
105.84
105.97
106.06
106.32
99.932
99.959
99.986
100.01
100.04
100.07
100.1
100.13
100.16
100.19
100.22
100.25
100.28
100.31
100.34
100.37
100.4
100.43
100.46
100.49
100.52
100.55
100.59
100.62
100.65
100.69
100.72
100.76
100.79
100.83
100.86
100.9
100.94
100.98
101.02
101.06
101.1
101.14
101.18
101.22
101.27
101.31
101.36
101.4
101.45
101.5
101.55
101.6
101.65
101.7
101.75
101.8
101.86
101.91
101.97
102.03
102.09
102.15
102.21
102.27
102.33
102.4
102.46
102.53
102.6
102.67
102.74
102.81
102.88
102.96
103.03
103.11
103.19
103.27
103.35
103.43
103.51
103.6
103.68
103.77
103.86
103.95
104.05
104.14
104.23
104.33
104.43
104.53
104.63
104.73
104.84
104.94
105.05
105.16
105.27
105.38
105.49
105.61
105.72
105.84
105.96
106.05
106.32
99.932
99.959
99.986
100.01
100.04
100.07
100.1
100.13
100.16
100.19
100.22
100.25
100.28
100.31
100.34
100.37
100.4
100.43
100.46
100.49
100.52
100.55
100.59
100.62
100.65
100.69
100.72
100.76
100.79
100.83
100.86
100.9
100.94
100.98
101.02
101.06
101.1
101.14
101.18
101.22
101.27
101.31
101.36
101.4
101.45
101.5
101.55
101.6
101.65
101.7
101.75
101.8
101.86
101.91
101.97
102.03
102.09
102.15
102.21
102.27
102.33
102.4
102.46
102.53
102.6
102.67
102.74
102.81
102.88
102.96
103.03
103.11
103.19
103.27
103.35
103.43
103.51
103.6
103.69
103.77
103.86
103.95
104.05
104.14
104.23
104.33
104.43
104.53
104.63
104.73
104.84
104.94
105.05
105.16
105.27
105.38
105.49
105.61
105.72
105.84
105.96
106.05
106.31
99.932
99.959
99.986
100.01
100.04
100.07
100.1
100.13
100.16
100.19
100.22
100.25
100.28
100.31
100.34
100.37
100.4
100.43
100.46
100.49
100.52
100.55
100.59
100.62
100.65
100.69
100.72
100.76
100.79
100.83
100.86
100.9
100.94
100.98
101.02
101.06
101.1
101.14
101.18
101.22
101.27
101.31
101.36
101.4
101.45
101.5
101.55
101.6
101.65
101.7
101.75
101.8
101.86
101.91
101.97
102.03
102.09
102.15
102.21
102.27
102.33
102.4
102.46
102.53
102.6
102.67
102.74
102.81
102.88
102.96
103.03
103.11
103.19
103.27
103.35
103.43
103.51
103.6
103.69
103.77
103.86
103.95
104.05
104.14
104.23
104.33
104.43
104.53
104.63
104.73
104.84
104.94
105.05
105.16
105.27
105.38
105.49
105.6
105.72
105.84
105.96
106.05
106.31
99.932
99.959
99.986
100.01
100.04
100.07
100.1
100.13
100.16
100.19
100.22
100.25
100.28
100.31
100.34
100.37
100.4
100.43
100.46
100.49
100.52
100.55
100.59
100.62
100.65
100.69
100.72
100.76
100.79
100.83
100.86
100.9
100.94
100.98
101.02
101.06
101.1
101.14
101.18
101.22
101.27
101.31
101.36
101.4
101.45
101.5
101.55
101.6
101.65
101.7
101.75
101.8
101.86
101.91
101.97
102.03
102.09
102.15
102.21
102.27
102.33
102.4
102.46
102.53
102.6
102.67
102.74
102.81
102.88
102.96
103.03
103.11
103.19
103.27
103.35
103.43
103.51
103.6
103.69
103.77
103.86
103.95
104.04
104.14
104.23
104.33
104.43
104.53
104.63
104.73
104.83
104.94
105.05
105.15
105.26
105.38
105.49
105.6
105.72
105.83
105.96
106.05
106.31
99.932
99.959
99.986
100.01
100.04
100.07
100.1
100.13
100.16
100.19
100.22
100.25
100.28
100.31
100.34
100.37
100.4
100.43
100.46
100.49
100.52
100.55
100.59
100.62
100.65
100.69
100.72
100.76
100.79
100.83
100.86
100.9
100.94
100.98
101.02
101.06
101.1
101.14
101.18
101.22
101.27
101.31
101.36
101.4
101.45
101.5
101.55
101.6
101.65
101.7
101.75
101.8
101.86
101.91
101.97
102.03
102.09
102.15
102.21
102.27
102.33
102.4
102.46
102.53
102.6
102.67
102.74
102.81
102.88
102.96
103.03
103.11
103.19
103.27
103.35
103.43
103.51
103.6
103.69
103.77
103.86
103.95
104.04
104.14
104.23
104.33
104.43
104.53
104.63
104.73
104.83
104.94
105.05
105.15
105.26
105.37
105.49
105.6
105.72
105.83
105.95
106.04
106.31
99.932
99.959
99.986
100.01
100.04
100.07
100.1
100.13
100.16
100.19
100.22
100.25
100.28
100.31
100.34
100.37
100.4
100.43
100.46
100.49
100.52
100.55
100.59
100.62
100.65
100.69
100.72
100.76
100.79
100.83
100.87
100.9
100.94
100.98
101.02
101.06
101.1
101.14
101.18
101.22
101.27
101.31
101.36
101.4
101.45
101.5
101.55
101.6
101.65
101.7
101.75
101.81
101.86
101.92
101.97
102.03
102.09
102.15
102.21
102.27
102.33
102.4
102.46
102.53
102.6
102.67
102.74
102.81
102.88
102.96
103.03
103.11
103.19
103.27
103.35
103.43
103.51
103.6
103.69
103.77
103.86
103.95
104.04
104.14
104.23
104.33
104.43
104.53
104.63
104.73
104.83
104.94
105.04
105.15
105.26
105.37
105.49
105.6
105.71
105.83
105.95
106.04
106.31
99.932
99.959
99.986
100.01
100.04
100.07
100.1
100.13
100.16
100.19
100.22
100.25
100.28
100.31
100.34
100.37
100.4
100.43
100.46
100.49
100.52
100.55
100.59
100.62
100.65
100.69
100.72
100.76
100.79
100.83
100.87
100.9
100.94
100.98
101.02
101.06
101.1
101.14
101.18
101.22
101.27
101.31
101.36
101.4
101.45
101.5
101.55
101.6
101.65
101.7
101.75
101.81
101.86
101.92
101.97
102.03
102.09
102.15
102.21
102.27
102.33
102.4
102.46
102.53
102.6
102.67
102.74
102.81
102.88
102.96
103.03
103.11
103.19
103.27
103.35
103.43
103.51
103.6
103.69
103.77
103.86
103.95
104.04
104.14
104.23
104.33
104.43
104.53
104.63
104.73
104.83
104.94
105.04
105.15
105.26
105.37
105.48
105.6
105.71
105.83
105.95
106.04
106.3
99.932
99.959
99.986
100.01
100.04
100.07
100.1
100.13
100.16
100.19
100.22
100.25
100.28
100.31
100.34
100.37
100.4
100.43
100.46
100.49
100.52
100.55
100.59
100.62
100.65
100.69
100.72
100.76
100.79
100.83
100.87
100.9
100.94
100.98
101.02
101.06
101.1
101.14
101.18
101.23
101.27
101.31
101.36
101.4
101.45
101.5
101.55
101.6
101.65
101.7
101.75
101.81
101.86
101.92
101.97
102.03
102.09
102.15
102.21
102.27
102.33
102.4
102.46
102.53
102.6
102.67
102.74
102.81
102.88
102.96
103.03
103.11
103.19
103.27
103.35
103.43
103.51
103.6
103.69
103.77
103.86
103.95
104.04
104.14
104.23
104.33
104.43
104.53
104.63
104.73
104.83
104.94
105.04
105.15
105.26
105.37
105.48
105.6
105.71
105.83
105.95
106.04
106.3
99.932
99.959
99.986
100.01
100.04
100.07
100.1
100.13
100.16
100.19
100.22
100.25
100.28
100.31
100.34
100.37
100.4
100.43
100.46
100.49
100.52
100.55
100.59
100.62
100.65
100.69
100.72
100.76
100.79
100.83
100.87
100.9
100.94
100.98
101.02
101.06
101.1
101.14
101.18
101.23
101.27
101.31
101.36
101.4
101.45
101.5
101.55
101.6
101.65
101.7
101.75
101.81
101.86
101.92
101.97
102.03
102.09
102.15
102.21
102.27
102.33
102.4
102.46
102.53
102.6
102.67
102.74
102.81
102.88
102.96
103.03
103.11
103.19
103.27
103.35
103.43
103.51
103.6
103.68
103.77
103.86
103.95
104.04
104.14
104.23
104.33
104.43
104.52
104.63
104.73
104.83
104.94
105.04
105.15
105.26
105.37
105.48
105.6
105.71
105.83
105.95
106.04
106.3
99.932
99.959
99.986
100.01
100.04
100.07
100.1
100.13
100.16
100.19
100.22
100.25
100.28
100.31
100.34
100.37
100.4
100.43
100.46
100.49
100.52
100.55
100.59
100.62
100.65
100.69
100.72
100.76
100.79
100.83
100.87
100.9
100.94
100.98
101.02
101.06
101.1
101.14
101.18
101.23
101.27
101.31
101.36
101.4
101.45
101.5
101.55
101.6
101.65
101.7
101.75
101.81
101.86
101.92
101.97
102.03
102.09
102.15
102.21
102.27
102.33
102.4
102.46
102.53
102.6
102.67
102.74
102.81
102.88
102.96
103.03
103.11
103.19
103.27
103.35
103.43
103.51
103.6
103.68
103.77
103.86
103.95
104.04
104.14
104.23
104.33
104.43
104.52
104.62
104.73
104.83
104.93
105.04
105.15
105.26
105.37
105.48
105.59
105.71
105.82
105.95
106.04
106.3
99.932
99.959
99.986
100.01
100.04
100.07
100.1
100.13
100.16
100.19
100.22
100.25
100.28
100.31
100.34
100.37
100.4
100.43
100.46
100.49
100.52
100.55
100.59
100.62
100.65
100.69
100.72
100.76
100.79
100.83
100.87
100.9
100.94
100.98
101.02
101.06
101.1
101.14
101.18
101.23
101.27
101.31
101.36
101.4
101.45
101.5
101.55
101.6
101.65
101.7
101.75
101.81
101.86
101.92
101.97
102.03
102.09
102.15
102.21
102.27
102.33
102.4
102.46
102.53
102.6
102.67
102.74
102.81
102.88
102.96
103.03
103.11
103.19
103.27
103.35
103.43
103.51
103.6
103.68
103.77
103.86
103.95
104.04
104.14
104.23
104.33
104.42
104.52
104.62
104.73
104.83
104.93
105.04
105.15
105.26
105.37
105.48
105.59
105.71
105.82
105.95
106.04
106.3
99.932
99.959
99.986
100.01
100.04
100.07
100.1
100.13
100.16
100.19
100.22
100.25
100.28
100.31
100.34
100.37
100.4
100.43
100.46
100.49
100.52
100.55
100.59
100.62
100.65
100.69
100.72
100.76
100.79
100.83
100.87
100.9
100.94
100.98
101.02
101.06
101.1
101.14
101.18
101.23
101.27
101.31
101.36
101.41
101.45
101.5
101.55
101.6
101.65
101.7
101.75
101.81
101.86
101.92
101.97
102.03
102.09
102.15
102.21
102.27
102.34
102.4
102.47
102.53
102.6
102.67
102.74
102.81
102.88
102.96
103.03
103.11
103.19
103.27
103.35
103.43
103.51
103.6
103.68
103.77
103.86
103.95
104.04
104.14
104.23
104.33
104.42
104.52
104.62
104.73
104.83
104.93
105.04
105.15
105.26
105.37
105.48
105.59
105.71
105.82
105.94
106.03
106.3
99.932
99.959
99.986
100.01
100.04
100.07
100.1
100.13
100.16
100.19
100.22
100.25
100.28
100.31
100.34
100.37
100.4
100.43
100.46
100.49
100.52
100.55
100.59
100.62
100.65
100.69
100.72
100.76
100.79
100.83
100.87
100.9
100.94
100.98
101.02
101.06
101.1
101.14
101.18
101.23
101.27
101.31
101.36
101.41
101.45
101.5
101.55
101.6
101.65
101.7
101.75
101.81
101.86
101.92
101.97
102.03
102.09
102.15
102.21
102.27
102.34
102.4
102.47
102.53
102.6
102.67
102.74
102.81
102.88
102.96
103.03
103.11
103.19
103.27
103.35
103.43
103.51
103.6
103.68
103.77
103.86
103.95
104.04
104.14
104.23
104.33
104.42
104.52
104.62
104.73
104.83
104.93
105.04
105.15
105.26
105.37
105.48
105.59
105.71
105.82
105.94
106.03
106.3
99.932
99.959
99.986
100.01
100.04
100.07
100.1
100.13
100.16
100.19
100.22
100.25
100.28
100.31
100.34
100.37
100.4
100.43
100.46
100.49
100.52
100.55
100.59
100.62
100.65
100.69
100.72
100.76
100.79
100.83
100.87
100.9
100.94
100.98
101.02
101.06
101.1
101.14
101.18
101.23
101.27
101.31
101.36
101.41
101.45
101.5
101.55
101.6
101.65
101.7
101.75
101.81
101.86
101.92
101.97
102.03
102.09
102.15
102.21
102.27
102.34
102.4
102.47
102.53
102.6
102.67
102.74
102.81
102.88
102.96
103.03
103.11
103.19
103.27
103.35
103.43
103.51
103.6
103.68
103.77
103.86
103.95
104.04
104.14
104.23
104.33
104.42
104.52
104.62
104.72
104.83
104.93
105.04
105.15
105.25
105.37
105.48
105.59
105.7
105.82
105.94
106.03
106.3
99.932
99.959
99.986
100.01
100.04
100.07
100.1
100.13
100.16
100.19
100.22
100.25
100.28
100.31
100.34
100.37
100.4
100.43
100.46
100.49
100.52
100.55
100.59
100.62
100.65
100.69
100.72
100.76
100.79
100.83
100.87
100.9
100.94
100.98
101.02
101.06
101.1
101.14
101.18
101.23
101.27
101.31
101.36
101.41
101.45
101.5
101.55
101.6
101.65
101.7
101.75
101.81
101.86
101.92
101.97
102.03
102.09
102.15
102.21
102.27
102.34
102.4
102.47
102.53
102.6
102.67
102.74
102.81
102.88
102.96
103.03
103.11
103.19
103.27
103.35
103.43
103.51
103.6
103.68
103.77
103.86
103.95
104.04
104.14
104.23
104.33
104.42
104.52
104.62
104.72
104.83
104.93
105.04
105.15
105.25
105.36
105.48
105.59
105.7
105.82
105.94
106.03
106.29
99.932
99.959
99.986
100.01
100.04
100.07
100.1
100.13
100.16
100.19
100.22
100.25
100.28
100.31
100.34
100.37
100.4
100.43
100.46
100.49
100.52
100.55
100.59
100.62
100.65
100.69
100.72
100.76
100.79
100.83
100.87
100.9
100.94
100.98
101.02
101.06
101.1
101.14
101.18
101.23
101.27
101.31
101.36
101.41
101.45
101.5
101.55
101.6
101.65
101.7
101.75
101.81
101.86
101.92
101.97
102.03
102.09
102.15
102.21
102.27
102.34
102.4
102.47
102.53
102.6
102.67
102.74
102.81
102.88
102.96
103.03
103.11
103.19
103.27
103.35
103.43
103.51
103.6
103.68
103.77
103.86
103.95
104.04
104.14
104.23
104.33
104.42
104.52
104.62
104.72
104.83
104.93
105.04
105.14
105.25
105.36
105.48
105.59
105.7
105.82
105.94
106.03
106.29
99.932
99.959
99.986
100.01
100.04
100.07
100.1
100.13
100.16
100.19
100.22
100.25
100.28
100.31
100.34
100.37
100.4
100.43
100.46
100.49
100.52
100.55
100.59
100.62
100.65
100.69
100.72
100.76
100.79
100.83
100.87
100.9
100.94
100.98
101.02
101.06
101.1
101.14
101.18
101.23
101.27
101.31
101.36
101.41
101.45
101.5
101.55
101.6
101.65
101.7
101.75
101.81
101.86
101.92
101.97
102.03
102.09
102.15
102.21
102.27
102.34
102.4
102.47
102.53
102.6
102.67
102.74
102.81
102.88
102.96
103.03
103.11
103.19
103.27
103.35
103.43
103.51
103.6
103.68
103.77
103.86
103.95
104.04
104.14
104.23
104.33
104.42
104.52
104.62
104.72
104.83
104.93
105.04
105.14
105.25
105.36
105.47
105.59
105.7
105.82
105.94
106.03
106.29
99.932
99.959
99.986
100.01
100.04
100.07
100.1
100.13
100.16
100.19
100.22
100.25
100.28
100.31
100.34
100.37
100.4
100.43
100.46
100.49
100.52
100.55
100.59
100.62
100.65
100.69
100.72
100.76
100.79
100.83
100.87
100.9
100.94
100.98
101.02
101.06
101.1
101.14
101.18
101.23
101.27
101.31
101.36
101.41
101.45
101.5
101.55
101.6
101.65
101.7
101.75
101.81
101.86
101.92
101.97
102.03
102.09
102.15
102.21
102.27
102.34
102.4
102.47
102.53
102.6
102.67
102.74
102.81
102.88
102.96
103.03
103.11
103.19
103.27
103.35
103.43
103.51
103.6
103.68
103.77
103.86
103.95
104.04
104.13
104.23
104.33
104.42
104.52
104.62
104.72
104.83
104.93
105.04
105.14
105.25
105.36
105.47
105.59
105.7
105.82
105.94
106.03
106.29
99.932
99.959
99.986
100.01
100.04
100.07
100.1
100.13
100.16
100.19
100.22
100.25
100.28
100.31
100.34
100.37
100.4
100.43
100.46
100.49
100.52
100.56
100.59
100.62
100.65
100.69
100.72
100.76
100.79
100.83
100.87
100.9
100.94
100.98
101.02
101.06
101.1
101.14
101.18
101.23
101.27
101.31
101.36
101.41
101.45
101.5
101.55
101.6
101.65
101.7
101.75
101.81
101.86
101.92
101.97
102.03
102.09
102.15
102.21
102.27
102.34
102.4
102.47
102.53
102.6
102.67
102.74
102.81
102.88
102.96
103.03
103.11
103.19
103.27
103.35
103.43
103.51
103.6
103.68
103.77
103.86
103.95
104.04
104.13
104.23
104.32
104.42
104.52
104.62
104.72
104.83
104.93
105.04
105.14
105.25
105.36
105.47
105.59
105.7
105.82
105.94
106.03
106.29
99.931
99.959
99.986
100.01
100.04
100.07
100.1
100.13
100.16
100.19
100.22
100.25
100.28
100.31
100.34
100.37
100.4
100.43
100.46
100.49
100.52
100.56
100.59
100.62
100.65
100.69
100.72
100.76
100.79
100.83
100.87
100.9
100.94
100.98
101.02
101.06
101.1
101.14
101.18
101.23
101.27
101.31
101.36
101.41
101.45
101.5
101.55
101.6
101.65
101.7
101.75
101.81
101.86
101.92
101.97
102.03
102.09
102.15
102.21
102.27
102.34
102.4
102.47
102.53
102.6
102.67
102.74
102.81
102.88
102.96
103.03
103.11
103.19
103.27
103.35
103.43
103.51
103.6
103.68
103.77
103.86
103.95
104.04
104.13
104.23
104.32
104.42
104.52
104.62
104.72
104.82
104.93
105.04
105.14
105.25
105.36
105.47
105.59
105.7
105.82
105.94
106.03
106.29
99.931
99.959
99.986
100.01
100.04
100.07
100.1
100.13
100.16
100.19
100.22
100.25
100.28
100.31
100.34
100.37
100.4
100.43
100.46
100.49
100.52
100.56
100.59
100.62
100.65
100.69
100.72
100.76
100.79
100.83
100.87
100.9
100.94
100.98
101.02
101.06
101.1
101.14
101.18
101.23
101.27
101.31
101.36
101.41
101.45
101.5
101.55
101.6
101.65
101.7
101.75
101.81
101.86
101.92
101.97
102.03
102.09
102.15
102.21
102.27
102.34
102.4
102.47
102.53
102.6
102.67
102.74
102.81
102.88
102.96
103.03
103.11
103.19
103.27
103.35
103.43
103.51
103.6
103.68
103.77
103.86
103.95
104.04
104.13
104.23
104.32
104.42
104.52
104.62
104.72
104.82
104.93
105.03
105.14
105.25
105.36
105.47
105.59
105.7
105.82
105.94
106.03
106.29
99.931
99.959
99.986
100.01
100.04
100.07
100.1
100.13
100.16
100.19
100.22
100.25
100.28
100.31
100.34
100.37
100.4
100.43
100.46
100.49
100.52
100.56
100.59
100.62
100.65
100.69
100.72
100.76
100.79
100.83
100.87
100.9
100.94
100.98
101.02
101.06
101.1
101.14
101.18
101.23
101.27
101.32
101.36
101.41
101.45
101.5
101.55
101.6
101.65
101.7
101.75
101.81
101.86
101.92
101.97
102.03
102.09
102.15
102.21
102.27
102.34
102.4
102.47
102.53
102.6
102.67
102.74
102.81
102.88
102.96
103.03
103.11
103.19
103.27
103.35
103.43
103.51
103.6
103.68
103.77
103.86
103.95
104.04
104.13
104.23
104.32
104.42
104.52
104.62
104.72
104.82
104.93
105.03
105.14
105.25
105.36
105.47
105.59
105.7
105.82
105.94
106.03
106.29
99.931
99.959
99.986
100.01
100.04
100.07
100.1
100.13
100.16
100.19
100.22
100.25
100.28
100.31
100.34
100.37
100.4
100.43
100.46
100.49
100.52
100.56
100.59
100.62
100.65
100.69
100.72
100.76
100.79
100.83
100.87
100.9
100.94
100.98
101.02
101.06
101.1
101.14
101.18
101.23
101.27
101.32
101.36
101.41
101.45
101.5
101.55
101.6
101.65
101.7
101.75
101.81
101.86
101.92
101.97
102.03
102.09
102.15
102.21
102.27
102.34
102.4
102.47
102.53
102.6
102.67
102.74
102.81
102.88
102.96
103.03
103.11
103.19
103.27
103.35
103.43
103.51
103.6
103.68
103.77
103.86
103.95
104.04
104.13
104.23
104.32
104.42
104.52
104.62
104.72
104.82
104.93
105.03
105.14
105.25
105.36
105.47
105.58
105.7
105.82
105.94
106.03
106.29
99.931
99.959
99.986
100.01
100.04
100.07
100.1
100.13
100.16
100.19
100.22
100.25
100.28
100.31
100.34
100.37
100.4
100.43
100.46
100.49
100.52
100.56
100.59
100.62
100.65
100.69
100.72
100.76
100.79
100.83
100.87
100.9
100.94
100.98
101.02
101.06
101.1
101.14
101.18
101.23
101.27
101.32
101.36
101.41
101.45
101.5
101.55
101.6
101.65
101.7
101.75
101.81
101.86
101.92
101.97
102.03
102.09
102.15
102.21
102.27
102.34
102.4
102.47
102.53
102.6
102.67
102.74
102.81
102.88
102.96
103.03
103.11
103.19
103.27
103.35
103.43
103.51
103.6
103.68
103.77
103.86
103.95
104.04
104.13
104.23
104.32
104.42
104.52
104.62
104.72
104.82
104.93
105.03
105.14
105.25
105.36
105.47
105.58
105.7
105.81
105.94
106.03
106.29
99.931
99.959
99.986
100.01
100.04
100.07
100.1
100.13
100.16
100.19
100.22
100.25
100.28
100.31
100.34
100.37
100.4
100.43
100.46
100.49
100.52
100.56
100.59
100.62
100.65
100.69
100.72
100.76
100.79
100.83
100.87
100.9
100.94
100.98
101.02
101.06
101.1
101.14
101.18
101.23
101.27
101.32
101.36
101.41
101.45
101.5
101.55
101.6
101.65
101.7
101.75
101.81
101.86
101.92
101.97
102.03
102.09
102.15
102.21
102.27
102.34
102.4
102.47
102.53
102.6
102.67
102.74
102.81
102.88
102.96
103.03
103.11
103.19
103.27
103.35
103.43
103.51
103.6
103.68
103.77
103.86
103.95
104.04
104.13
104.23
104.32
104.42
104.52
104.62
104.72
104.82
104.93
105.03
105.14
105.25
105.36
105.47
105.58
105.7
105.81
105.94
106.03
106.29
99.931
99.959
99.986
100.01
100.04
100.07
100.1
100.13
100.16
100.19
100.22
100.25
100.28
100.31
100.34
100.37
100.4
100.43
100.46
100.49
100.52
100.56
100.59
100.62
100.65
100.69
100.72
100.76
100.79
100.83
100.87
100.9
100.94
100.98
101.02
101.06
101.1
101.14
101.18
101.23
101.27
101.32
101.36
101.41
101.45
101.5
101.55
101.6
101.65
101.7
101.75
101.81
101.86
101.92
101.97
102.03
102.09
102.15
102.21
102.27
102.34
102.4
102.47
102.53
102.6
102.67
102.74
102.81
102.88
102.96
103.03
103.11
103.19
103.27
103.35
103.43
103.51
103.6
103.68
103.77
103.86
103.95
104.04
104.13
104.23
104.32
104.42
104.52
104.62
104.72
104.82
104.93
105.03
105.14
105.25
105.36
105.47
105.58
105.7
105.81
105.94
106.03
106.29
99.931
99.959
99.986
100.01
100.04
100.07
100.1
100.13
100.16
100.19
100.22
100.25
100.28
100.31
100.34
100.37
100.4
100.43
100.46
100.49
100.52
100.56
100.59
100.62
100.65
100.69
100.72
100.76
100.79
100.83
100.87
100.9
100.94
100.98
101.02
101.06
101.1
101.14
101.18
101.23
101.27
101.32
101.36
101.41
101.45
101.5
101.55
101.6
101.65
101.7
101.75
101.81
101.86
101.92
101.97
102.03
102.09
102.15
102.21
102.27
102.34
102.4
102.47
102.53
102.6
102.67
102.74
102.81
102.88
102.96
103.03
103.11
103.19
103.27
103.35
103.43
103.51
103.6
103.68
103.77
103.86
103.95
104.04
104.13
104.23
104.32
104.42
104.52
104.62
104.72
104.82
104.93
105.03
105.14
105.25
105.36
105.47
105.58
105.7
105.81
105.94
106.02
106.29
99.931
99.959
99.986
100.01
100.04
100.07
100.1
100.13
100.16
100.19
100.22
100.25
100.28
100.31
100.34
100.37
100.4
100.43
100.46
100.49
100.52
100.56
100.59
100.62
100.66
100.69
100.72
100.76
100.79
100.83
100.87
100.9
100.94
100.98
101.02
101.06
101.1
101.14
101.18
101.23
101.27
101.32
101.36
101.41
101.45
101.5
101.55
101.6
101.65
101.7
101.75
101.81
101.86
101.92
101.97
102.03
102.09
102.15
102.21
102.27
102.34
102.4
102.47
102.53
102.6
102.67
102.74
102.81
102.88
102.96
103.03
103.11
103.19
103.27
103.35
103.43
103.51
103.6
103.68
103.77
103.86
103.95
104.04
104.13
104.23
104.32
104.42
104.52
104.62
104.72
104.82
104.93
105.03
105.14
105.25
105.36
105.47
105.58
105.7
105.81
105.93
106.02
106.29
99.931
99.959
99.986
100.01
100.04
100.07
100.1
100.13
100.16
100.19
100.22
100.25
100.28
100.31
100.34
100.37
100.4
100.43
100.46
100.49
100.52
100.56
100.59
100.62
100.66
100.69
100.72
100.76
100.79
100.83
100.87
100.9
100.94
100.98
101.02
101.06
101.1
101.14
101.18
101.23
101.27
101.32
101.36
101.41
101.45
101.5
101.55
101.6
101.65
101.7
101.75
101.81
101.86
101.92
101.97
102.03
102.09
102.15
102.21
102.27
102.34
102.4
102.47
102.53
102.6
102.67
102.74
102.81
102.88
102.96
103.03
103.11
103.19
103.27
103.35
103.43
103.51
103.6
103.68
103.77
103.86
103.95
104.04
104.13
104.23
104.32
104.42
104.52
104.62
104.72
104.82
104.93
105.03
105.14
105.25
105.36
105.47
105.58
105.7
105.81
105.93
106.02
106.29
99.931
99.959
99.986
100.01
100.04
100.07
100.1
100.13
100.16
100.19
100.22
100.25
100.28
100.31
100.34
100.37
100.4
100.43
100.46
100.49
100.52
100.56
100.59
100.62
100.66
100.69
100.72
100.76
100.79
100.83
100.87
100.9
100.94
100.98
101.02
101.06
101.1
101.14
101.18
101.23
101.27
101.32
101.36
101.41
101.45
101.5
101.55
101.6
101.65
101.7
101.75
101.81
101.86
101.92
101.97
102.03
102.09
102.15
102.21
102.27
102.34
102.4
102.47
102.53
102.6
102.67
102.74
102.81
102.88
102.96
103.03
103.11
103.19
103.27
103.35
103.43
103.51
103.6
103.68
103.77
103.86
103.95
104.04
104.13
104.23
104.32
104.42
104.52
104.62
104.72
104.82
104.93
105.03
105.14
105.25
105.36
105.47
105.58
105.7
105.81
105.93
106.02
106.29
99.931
99.959
99.986
100.01
100.04
100.07
100.1
100.13
100.16
100.19
100.22
100.25
100.28
100.31
100.34
100.37
100.4
100.43
100.46
100.49
100.52
100.56
100.59
100.62
100.66
100.69
100.72
100.76
100.79
100.83
100.87
100.9
100.94
100.98
101.02
101.06
101.1
101.14
101.18
101.23
101.27
101.32
101.36
101.41
101.45
101.5
101.55
101.6
101.65
101.7
101.75
101.81
101.86
101.92
101.97
102.03
102.09
102.15
102.21
102.27
102.34
102.4
102.47
102.53
102.6
102.67
102.74
102.81
102.88
102.96
103.03
103.11
103.19
103.27
103.35
103.43
103.51
103.6
103.68
103.77
103.86
103.95
104.04
104.13
104.23
104.32
104.42
104.52
104.62
104.72
104.82
104.93
105.03
105.14
105.25
105.36
105.47
105.58
105.7
105.81
105.93
106.02
106.29
99.931
99.959
99.986
100.01
100.04
100.07
100.1
100.13
100.16
100.19
100.22
100.25
100.28
100.31
100.34
100.37
100.4
100.43
100.46
100.49
100.52
100.56
100.59
100.62
100.66
100.69
100.72
100.76
100.79
100.83
100.87
100.9
100.94
100.98
101.02
101.06
101.1
101.14
101.18
101.23
101.27
101.32
101.36
101.41
101.45
101.5
101.55
101.6
101.65
101.7
101.75
101.81
101.86
101.92
101.97
102.03
102.09
102.15
102.21
102.27
102.34
102.4
102.47
102.53
102.6
102.67
102.74
102.81
102.88
102.96
103.03
103.11
103.19
103.27
103.35
103.43
103.51
103.6
103.68
103.77
103.86
103.95
104.04
104.13
104.23
104.32
104.42
104.52
104.62
104.72
104.82
104.93
105.03
105.14
105.25
105.36
105.47
105.58
105.7
105.81
105.93
106.02
106.29
99.931
99.959
99.986
100.01
100.04
100.07
100.1
100.13
100.16
100.19
100.22
100.25
100.28
100.31
100.34
100.37
100.4
100.43
100.46
100.49
100.52
100.56
100.59
100.62
100.66
100.69
100.72
100.76
100.79
100.83
100.87
100.9
100.94
100.98
101.02
101.06
101.1
101.14
101.18
101.23
101.27
101.32
101.36
101.41
101.45
101.5
101.55
101.6
101.65
101.7
101.75
101.81
101.86
101.92
101.97
102.03
102.09
102.15
102.21
102.27
102.34
102.4
102.47
102.53
102.6
102.67
102.74
102.81
102.88
102.96
103.03
103.11
103.19
103.27
103.35
103.43
103.51
103.6
103.68
103.77
103.86
103.95
104.04
104.13
104.23
104.32
104.42
104.52
104.62
104.72
104.82
104.93
105.03
105.14
105.25
105.36
105.47
105.58
105.7
105.81
105.93
106.02
106.29
99.931
99.959
99.986
100.01
100.04
100.07
100.1
100.13
100.16
100.19
100.22
100.25
100.28
100.31
100.34
100.37
100.4
100.43
100.46
100.49
100.52
100.56
100.59
100.62
100.66
100.69
100.72
100.76
100.79
100.83
100.87
100.9
100.94
100.98
101.02
101.06
101.1
101.14
101.18
101.23
101.27
101.32
101.36
101.41
101.45
101.5
101.55
101.6
101.65
101.7
101.75
101.81
101.86
101.92
101.97
102.03
102.09
102.15
102.21
102.27
102.34
102.4
102.47
102.53
102.6
102.67
102.74
102.81
102.88
102.96
103.03
103.11
103.19
103.27
103.35
103.43
103.51
103.6
103.68
103.77
103.86
103.95
104.04
104.13
104.23
104.32
104.42
104.52
104.62
104.72
104.82
104.93
105.03
105.14
105.25
105.36
105.47
105.58
105.7
105.81
105.93
106.02
106.29
99.931
99.959
99.986
100.01
100.04
100.07
100.1
100.13
100.16
100.19
100.22
100.25
100.28
100.31
100.34
100.37
100.4
100.43
100.46
100.49
100.52
100.56
100.59
100.62
100.66
100.69
100.72
100.76
100.79
100.83
100.87
100.9
100.94
100.98
101.02
101.06
101.1
101.14
101.18
101.23
101.27
101.32
101.36
101.41
101.45
101.5
101.55
101.6
101.65
101.7
101.75
101.81
101.86
101.92
101.97
102.03
102.09
102.15
102.21
102.27
102.34
102.4
102.47
102.53
102.6
102.67
102.74
102.81
102.88
102.96
103.03
103.11
103.19
103.27
103.35
103.43
103.51
103.6
103.68
103.77
103.86
103.95
104.04
104.13
104.23
104.32
104.42
104.52
104.62
104.72
104.82
104.93
105.03
105.14
105.25
105.36
105.47
105.58
105.7
105.81
105.93
106.02
106.29
99.931
99.959
99.986
100.01
100.04
100.07
100.1
100.13
100.16
100.19
100.22
100.25
100.28
100.31
100.34
100.37
100.4
100.43
100.46
100.49
100.52
100.56
100.59
100.62
100.66
100.69
100.72
100.76
100.79
100.83
100.87
100.91
100.94
100.98
101.02
101.06
101.1
101.14
101.18
101.23
101.27
101.32
101.36
101.41
101.45
101.5
101.55
101.6
101.65
101.7
101.75
101.81
101.86
101.92
101.97
102.03
102.09
102.15
102.21
102.27
102.34
102.4
102.47
102.53
102.6
102.67
102.74
102.81
102.88
102.96
103.03
103.11
103.19
103.27
103.35
103.43
103.51
103.6
103.68
103.77
103.86
103.95
104.04
104.13
104.23
104.32
104.42
104.52
104.62
104.72
104.82
104.93
105.03
105.14
105.25
105.36
105.47
105.58
105.7
105.81
105.93
106.02
106.29
99.931
99.959
99.986
100.01
100.04
100.07
100.1
100.13
100.16
100.19
100.22
100.25
100.28
100.31
100.34
100.37
100.4
100.43
100.46
100.49
100.52
100.56
100.59
100.62
100.66
100.69
100.72
100.76
100.79
100.83
100.87
100.91
100.94
100.98
101.02
101.06
101.1
101.14
101.18
101.23
101.27
101.32
101.36
101.41
101.45
101.5
101.55
101.6
101.65
101.7
101.75
101.81
101.86
101.92
101.97
102.03
102.09
102.15
102.21
102.27
102.34
102.4
102.47
102.53
102.6
102.67
102.74
102.81
102.88
102.96
103.03
103.11
103.19
103.27
103.35
103.43
103.51
103.6
103.68
103.77
103.86
103.95
104.04
104.13
104.23
104.32
104.42
104.52
104.62
104.72
104.82
104.93
105.03
105.14
105.25
105.36
105.47
105.58
105.7
105.81
105.93
106.02
106.29
99.931
99.959
99.986
100.01
100.04
100.07
100.1
100.13
100.16
100.19
100.22
100.25
100.28
100.31
100.34
100.37
100.4
100.43
100.46
100.49
100.52
100.56
100.59
100.62
100.66
100.69
100.72
100.76
100.79
100.83
100.87
100.91
100.94
100.98
101.02
101.06
101.1
101.14
101.18
101.23
101.27
101.32
101.36
101.41
101.45
101.5
101.55
101.6
101.65
101.7
101.75
101.81
101.86
101.92
101.97
102.03
102.09
102.15
102.21
102.27
102.34
102.4
102.47
102.53
102.6
102.67
102.74
102.81
102.88
102.96
103.03
103.11
103.19
103.27
103.35
103.43
103.51
103.6
103.68
103.77
103.86
103.95
104.04
104.13
104.23
104.32
104.42
104.52
104.62
104.72
104.82
104.93
105.03
105.14
105.25
105.36
105.47
105.58
105.7
105.81
105.93
106.02
106.29
99.931
99.959
99.986
100.01
100.04
100.07
100.1
100.13
100.16
100.19
100.22
100.25
100.28
100.31
100.34
100.37
100.4
100.43
100.46
100.49
100.52
100.56
100.59
100.62
100.66
100.69
100.72
100.76
100.79
100.83
100.87
100.91
100.94
100.98
101.02
101.06
101.1
101.14
101.18
101.23
101.27
101.32
101.36
101.41
101.45
101.5
101.55
101.6
101.65
101.7
101.75
101.81
101.86
101.92
101.97
102.03
102.09
102.15
102.21
102.27
102.34
102.4
102.47
102.53
102.6
102.67
102.74
102.81
102.88
102.96
103.03
103.11
103.19
103.27
103.35
103.43
103.51
103.6
103.68
103.77
103.86
103.95
104.04
104.13
104.23
104.32
104.42
104.52
104.62
104.72
104.82
104.93
105.03
105.14
105.25
105.36
105.47
105.58
105.7
105.81
105.93
106.02
106.29
99.931
99.959
99.986
100.01
100.04
100.07
100.1
100.13
100.16
100.19
100.22
100.25
100.28
100.31
100.34
100.37
100.4
100.43
100.46
100.49
100.52
100.56
100.59
100.62
100.66
100.69
100.72
100.76
100.79
100.83
100.87
100.91
100.94
100.98
101.02
101.06
101.1
101.14
101.18
101.23
101.27
101.32
101.36
101.41
101.45
101.5
101.55
101.6
101.65
101.7
101.75
101.81
101.86
101.92
101.97
102.03
102.09
102.15
102.21
102.27
102.34
102.4
102.47
102.53
102.6
102.67
102.74
102.81
102.88
102.96
103.03
103.11
103.19
103.27
103.35
103.43
103.51
103.6
103.68
103.77
103.86
103.95
104.04
104.13
104.23
104.32
104.42
104.52
104.62
104.72
104.82
104.93
105.03
105.14
105.25
105.36
105.47
105.58
105.7
105.81
105.93
106.02
106.29
99.931
99.959
99.986
100.01
100.04
100.07
100.1
100.13
100.16
100.19
100.22
100.25
100.28
100.31
100.34
100.37
100.4
100.43
100.46
100.49
100.52
100.56
100.59
100.62
100.66
100.69
100.72
100.76
100.79
100.83
100.87
100.91
100.94
100.98
101.02
101.06
101.1
101.14
101.18
101.23
101.27
101.32
101.36
101.41
101.45
101.5
101.55
101.6
101.65
101.7
101.75
101.81
101.86
101.92
101.97
102.03
102.09
102.15
102.21
102.27
102.34
102.4
102.47
102.53
102.6
102.67
102.74
102.81
102.88
102.96
103.03
103.11
103.19
103.27
103.35
103.43
103.51
103.6
103.68
103.77
103.86
103.95
104.04
104.13
104.23
104.32
104.42
104.52
104.62
104.72
104.82
104.93
105.03
105.14
105.25
105.36
105.47
105.58
105.7
105.81
105.93
106.02
106.29
99.931
99.959
99.986
100.01
100.04
100.07
100.1
100.13
100.16
100.19
100.22
100.25
100.28
100.31
100.34
100.37
100.4
100.43
100.46
100.49
100.52
100.56
100.59
100.62
100.66
100.69
100.72
100.76
100.79
100.83
100.87
100.91
100.94
100.98
101.02
101.06
101.1
101.14
101.18
101.23
101.27
101.32
101.36
101.41
101.45
101.5
101.55
101.6
101.65
101.7
101.75
101.81
101.86
101.92
101.97
102.03
102.09
102.15
102.21
102.27
102.34
102.4
102.47
102.53
102.6
102.67
102.74
102.81
102.88
102.96
103.03
103.11
103.19
103.27
103.35
103.43
103.51
103.6
103.68
103.77
103.86
103.95
104.04
104.13
104.23
104.32
104.42
104.52
104.62
104.72
104.82
104.93
105.03
105.14
105.25
105.36
105.47
105.58
105.7
105.81
105.93
106.02
106.29
99.931
99.959
99.986
100.01
100.04
100.07
100.1
100.13
100.16
100.19
100.22
100.25
100.28
100.31
100.34
100.37
100.4
100.43
100.46
100.49
100.52
100.56
100.59
100.62
100.66
100.69
100.72
100.76
100.79
100.83
100.87
100.91
100.94
100.98
101.02
101.06
101.1
101.14
101.18
101.23
101.27
101.32
101.36
101.41
101.45
101.5
101.55
101.6
101.65
101.7
101.75
101.81
101.86
101.92
101.97
102.03
102.09
102.15
102.21
102.27
102.34
102.4
102.47
102.53
102.6
102.67
102.74
102.81
102.88
102.96
103.03
103.11
103.19
103.27
103.35
103.43
103.51
103.6
103.68
103.77
103.86
103.95
104.04
104.13
104.23
104.32
104.42
104.52
104.62
104.72
104.82
104.93
105.03
105.14
105.25
105.36
105.47
105.58
105.7
105.81
105.93
106.02
106.29
99.931
99.959
99.986
100.01
100.04
100.07
100.1
100.13
100.16
100.19
100.22
100.25
100.28
100.31
100.34
100.37
100.4
100.43
100.46
100.49
100.52
100.56
100.59
100.62
100.66
100.69
100.72
100.76
100.79
100.83
100.87
100.91
100.94
100.98
101.02
101.06
101.1
101.14
101.18
101.23
101.27
101.32
101.36
101.41
101.45
101.5
101.55
101.6
101.65
101.7
101.75
101.81
101.86
101.92
101.97
102.03
102.09
102.15
102.21
102.27
102.34
102.4
102.47
102.53
102.6
102.67
102.74
102.81
102.88
102.96
103.03
103.11
103.19
103.27
103.35
103.43
103.51
103.6
103.68
103.77
103.86
103.95
104.04
104.13
104.23
104.32
104.42
104.52
104.62
104.72
104.82
104.93
105.03
105.14
105.25
105.36
105.47
105.58
105.7
105.81
105.93
106.02
106.29
99.931
99.959
99.986
100.01
100.04
100.07
100.1
100.13
100.16
100.19
100.22
100.25
100.28
100.31
100.34
100.37
100.4
100.43
100.46
100.49
100.52
100.56
100.59
100.62
100.66
100.69
100.72
100.76
100.79
100.83
100.87
100.91
100.94
100.98
101.02
101.06
101.1
101.14
101.18
101.23
101.27
101.32
101.36
101.41
101.45
101.5
101.55
101.6
101.65
101.7
101.75
101.81
101.86
101.92
101.97
102.03
102.09
102.15
102.21
102.27
102.34
102.4
102.47
102.53
102.6
102.67
102.74
102.81
102.88
102.96
103.03
103.11
103.19
103.27
103.35
103.43
103.51
103.6
103.68
103.77
103.86
103.95
104.04
104.13
104.23
104.32
104.42
104.52
104.62
104.72
104.82
104.93
105.03
105.14
105.25
105.36
105.47
105.58
105.7
105.81
105.93
106.02
106.29
99.931
99.959
99.986
100.01
100.04
100.07
100.1
100.13
100.16
100.19
100.22
100.25
100.28
100.31
100.34
100.37
100.4
100.43
100.46
100.49
100.52
100.56
100.59
100.62
100.66
100.69
100.72
100.76
100.79
100.83
100.87
100.91
100.94
100.98
101.02
101.06
101.1
101.14
101.18
101.23
101.27
101.32
101.36
101.41
101.45
101.5
101.55
101.6
101.65
101.7
101.75
101.81
101.86
101.92
101.97
102.03
102.09
102.15
102.21
102.27
102.34
102.4
102.47
102.53
102.6
102.67
102.74
102.81
102.88
102.96
103.03
103.11
103.19
103.27
103.35
103.43
103.51
103.6
103.68
103.77
103.86
103.95
104.04
104.13
104.23
104.32
104.42
104.52
104.62
104.72
104.82
104.93
105.03
105.14
105.25
105.36
105.47
105.58
105.7
105.81
105.93
106.02
106.29
99.931
99.959
99.986
100.01
100.04
100.07
100.1
100.13
100.16
100.19
100.22
100.25
100.28
100.31
100.34
100.37
100.4
100.43
100.46
100.49
100.52
100.56
100.59
100.62
100.66
100.69
100.72
100.76
100.79
100.83
100.87
100.91
100.94
100.98
101.02
101.06
101.1
101.14
101.18
101.23
101.27
101.32
101.36
101.41
101.45
101.5
101.55
101.6
101.65
101.7
101.75
101.81
101.86
101.92
101.97
102.03
102.09
102.15
102.21
102.27
102.34
102.4
102.47
102.53
102.6
102.67
102.74
102.81
102.88
102.96
103.03
103.11
103.19
103.27
103.35
103.43
103.51
103.6
103.68
103.77
103.86
103.95
104.04
104.13
104.23
104.32
104.42
104.52
104.62
104.72
104.82
104.93
105.03
105.14
105.25
105.36
105.47
105.58
105.7
105.81
105.93
106.02
106.29
99.931
99.959
99.986
100.01
100.04
100.07
100.1
100.13
100.16
100.19
100.22
100.25
100.28
100.31
100.34
100.37
100.4
100.43
100.46
100.49
100.52
100.56
100.59
100.62
100.66
100.69
100.72
100.76
100.79
100.83
100.87
100.9
100.94
100.98
101.02
101.06
101.1
101.14
101.18
101.23
101.27
101.32
101.36
101.41
101.45
101.5
101.55
101.6
101.65
101.7
101.75
101.81
101.86
101.92
101.97
102.03
102.09
102.15
102.21
102.27
102.34
102.4
102.47
102.53
102.6
102.67
102.74
102.81
102.88
102.96
103.03
103.11
103.19
103.27
103.35
103.43
103.51
103.6
103.68
103.77
103.86
103.95
104.04
104.13
104.23
104.32
104.42
104.52
104.62
104.72
104.82
104.93
105.03
105.14
105.25
105.36
105.47
105.58
105.7
105.81
105.93
106.02
106.29
99.931
99.959
99.986
100.01
100.04
100.07
100.1
100.13
100.16
100.19
100.22
100.25
100.28
100.31
100.34
100.37
100.4
100.43
100.46
100.49
100.52
100.56
100.59
100.62
100.66
100.69
100.72
100.76
100.79
100.83
100.87
100.9
100.94
100.98
101.02
101.06
101.1
101.14
101.18
101.23
101.27
101.32
101.36
101.41
101.45
101.5
101.55
101.6
101.65
101.7
101.75
101.81
101.86
101.92
101.97
102.03
102.09
102.15
102.21
102.27
102.34
102.4
102.47
102.53
102.6
102.67
102.74
102.81
102.88
102.96
103.03
103.11
103.19
103.27
103.35
103.43
103.51
103.6
103.68
103.77
103.86
103.95
104.04
104.13
104.23
104.32
104.42
104.52
104.62
104.72
104.82
104.93
105.03
105.14
105.25
105.36
105.47
105.58
105.7
105.81
105.93
106.02
106.29
99.931
99.959
99.986
100.01
100.04
100.07
100.1
100.13
100.16
100.19
100.22
100.25
100.28
100.31
100.34
100.37
100.4
100.43
100.46
100.49
100.52
100.56
100.59
100.62
100.66
100.69
100.72
100.76
100.79
100.83
100.87
100.9
100.94
100.98
101.02
101.06
101.1
101.14
101.18
101.23
101.27
101.32
101.36
101.41
101.45
101.5
101.55
101.6
101.65
101.7
101.75
101.81
101.86
101.92
101.97
102.03
102.09
102.15
102.21
102.27
102.34
102.4
102.47
102.53
102.6
102.67
102.74
102.81
102.88
102.96
103.03
103.11
103.19
103.27
103.35
103.43
103.51
103.6
103.68
103.77
103.86
103.95
104.04
104.13
104.23
104.32
104.42
104.52
104.62
104.72
104.82
104.93
105.03
105.14
105.25
105.36
105.47
105.58
105.7
105.81
105.93
106.02
106.29
99.931
99.959
99.986
100.01
100.04
100.07
100.1
100.13
100.16
100.19
100.22
100.25
100.28
100.31
100.34
100.37
100.4
100.43
100.46
100.49
100.52
100.56
100.59
100.62
100.66
100.69
100.72
100.76
100.79
100.83
100.87
100.9
100.94
100.98
101.02
101.06
101.1
101.14
101.18
101.23
101.27
101.32
101.36
101.41
101.45
101.5
101.55
101.6
101.65
101.7
101.75
101.81
101.86
101.92
101.97
102.03
102.09
102.15
102.21
102.27
102.34
102.4
102.47
102.53
102.6
102.67
102.74
102.81
102.88
102.96
103.03
103.11
103.19
103.27
103.35
103.43
103.51
103.6
103.68
103.77
103.86
103.95
104.04
104.13
104.23
104.32
104.42
104.52
104.62
104.72
104.82
104.93
105.03
105.14
105.25
105.36
105.47
105.58
105.7
105.81
105.93
106.02
106.29
99.931
99.959
99.986
100.01
100.04
100.07
100.1
100.13
100.16
100.19
100.22
100.25
100.28
100.31
100.34
100.37
100.4
100.43
100.46
100.49
100.52
100.56
100.59
100.62
100.66
100.69
100.72
100.76
100.79
100.83
100.87
100.9
100.94
100.98
101.02
101.06
101.1
101.14
101.18
101.23
101.27
101.32
101.36
101.41
101.45
101.5
101.55
101.6
101.65
101.7
101.75
101.81
101.86
101.92
101.97
102.03
102.09
102.15
102.21
102.27
102.34
102.4
102.47
102.53
102.6
102.67
102.74
102.81
102.88
102.96
103.03
103.11
103.19
103.27
103.35
103.43
103.51
103.6
103.68
103.77
103.86
103.95
104.04
104.13
104.23
104.32
104.42
104.52
104.62
104.72
104.82
104.93
105.03
105.14
105.25
105.36
105.47
105.58
105.7
105.81
105.93
106.02
106.29
99.931
99.959
99.986
100.01
100.04
100.07
100.1
100.13
100.16
100.19
100.22
100.25
100.28
100.31
100.34
100.37
100.4
100.43
100.46
100.49
100.52
100.56
100.59
100.62
100.66
100.69
100.72
100.76
100.79
100.83
100.87
100.9
100.94
100.98
101.02
101.06
101.1
101.14
101.18
101.23
101.27
101.32
101.36
101.41
101.45
101.5
101.55
101.6
101.65
101.7
101.75
101.81
101.86
101.92
101.97
102.03
102.09
102.15
102.21
102.27
102.34
102.4
102.47
102.53
102.6
102.67
102.74
102.81
102.88
102.96
103.03
103.11
103.19
103.27
103.35
103.43
103.51
103.6
103.68
103.77
103.86
103.95
104.04
104.13
104.23
104.32
104.42
104.52
104.62
104.72
104.82
104.93
105.03
105.14
105.25
105.36
105.47
105.58
105.7
105.81
105.93
106.02
106.29
99.931
99.959
99.986
100.01
100.04
100.07
100.1
100.13
100.16
100.19
100.22
100.25
100.28
100.31
100.34
100.37
100.4
100.43
100.46
100.49
100.52
100.56
100.59
100.62
100.66
100.69
100.72
100.76
100.79
100.83
100.87
100.9
100.94
100.98
101.02
101.06
101.1
101.14
101.18
101.23
101.27
101.32
101.36
101.41
101.45
101.5
101.55
101.6
101.65
101.7
101.75
101.81
101.86
101.92
101.97
102.03
102.09
102.15
102.21
102.27
102.34
102.4
102.47
102.53
102.6
102.67
102.74
102.81
102.88
102.96
103.03
103.11
103.19
103.27
103.35
103.43
103.51
103.6
103.68
103.77
103.86
103.95
104.04
104.13
104.23
104.32
104.42
104.52
104.62
104.72
104.82
104.93
105.03
105.14
105.25
105.36
105.47
105.58
105.7
105.81
105.93
106.02
106.29
99.931
99.959
99.986
100.01
100.04
100.07
100.1
100.13
100.16
100.19
100.22
100.25
100.28
100.31
100.34
100.37
100.4
100.43
100.46
100.49
100.52
100.56
100.59
100.62
100.66
100.69
100.72
100.76
100.79
100.83
100.87
100.9
100.94
100.98
101.02
101.06
101.1
101.14
101.18
101.23
101.27
101.32
101.36
101.41
101.45
101.5
101.55
101.6
101.65
101.7
101.75
101.81
101.86
101.92
101.97
102.03
102.09
102.15
102.21
102.27
102.34
102.4
102.47
102.53
102.6
102.67
102.74
102.81
102.88
102.96
103.03
103.11
103.19
103.27
103.35
103.43
103.51
103.6
103.68
103.77
103.86
103.95
104.04
104.13
104.23
104.32
104.42
104.52
104.62
104.72
104.82
104.93
105.03
105.14
105.25
105.36
105.47
105.58
105.7
105.81
105.93
106.02
106.29
99.931
99.959
99.986
100.01
100.04
100.07
100.1
100.13
100.16
100.19
100.22
100.25
100.28
100.31
100.34
100.37
100.4
100.43
100.46
100.49
100.52
100.56
100.59
100.62
100.65
100.69
100.72
100.76
100.79
100.83
100.87
100.9
100.94
100.98
101.02
101.06
101.1
101.14
101.18
101.23
101.27
101.32
101.36
101.41
101.45
101.5
101.55
101.6
101.65
101.7
101.75
101.81
101.86
101.92
101.97
102.03
102.09
102.15
102.21
102.27
102.34
102.4
102.47
102.53
102.6
102.67
102.74
102.81
102.88
102.96
103.03
103.11
103.19
103.27
103.35
103.43
103.51
103.6
103.68
103.77
103.86
103.95
104.04
104.13
104.23
104.32
104.42
104.52
104.62
104.72
104.82
104.93
105.03
105.14
105.25
105.36
105.47
105.58
105.7
105.81
105.94
106.02
106.29
99.931
99.959
99.986
100.01
100.04
100.07
100.1
100.13
100.16
100.19
100.22
100.25
100.28
100.31
100.34
100.37
100.4
100.43
100.46
100.49
100.52
100.56
100.59
100.62
100.65
100.69
100.72
100.76
100.79
100.83
100.87
100.9
100.94
100.98
101.02
101.06
101.1
101.14
101.18
101.23
101.27
101.32
101.36
101.41
101.45
101.5
101.55
101.6
101.65
101.7
101.75
101.81
101.86
101.92
101.97
102.03
102.09
102.15
102.21
102.27
102.34
102.4
102.47
102.53
102.6
102.67
102.74
102.81
102.88
102.96
103.03
103.11
103.19
103.27
103.35
103.43
103.51
103.6
103.68
103.77
103.86
103.95
104.04
104.13
104.23
104.32
104.42
104.52
104.62
104.72
104.82
104.93
105.03
105.14
105.25
105.36
105.47
105.58
105.7
105.81
105.94
106.03
106.29
99.931
99.959
99.986
100.01
100.04
100.07
100.1
100.13
100.16
100.19
100.22
100.25
100.28
100.31
100.34
100.37
100.4
100.43
100.46
100.49
100.52
100.56
100.59
100.62
100.65
100.69
100.72
100.76
100.79
100.83
100.87
100.9
100.94
100.98
101.02
101.06
101.1
101.14
101.18
101.23
101.27
101.32
101.36
101.41
101.45
101.5
101.55
101.6
101.65
101.7
101.75
101.81
101.86
101.92
101.97
102.03
102.09
102.15
102.21
102.27
102.34
102.4
102.47
102.53
102.6
102.67
102.74
102.81
102.88
102.96
103.03
103.11
103.19
103.27
103.35
103.43
103.51
103.6
103.68
103.77
103.86
103.95
104.04
104.13
104.23
104.32
104.42
104.52
104.62
104.72
104.82
104.93
105.03
105.14
105.25
105.36
105.47
105.58
105.7
105.81
105.94
106.03
106.29
99.931
99.959
99.986
100.01
100.04
100.07
100.1
100.13
100.16
100.19
100.22
100.25
100.28
100.31
100.34
100.37
100.4
100.43
100.46
100.49
100.52
100.56
100.59
100.62
100.65
100.69
100.72
100.76
100.79
100.83
100.87
100.9
100.94
100.98
101.02
101.06
101.1
101.14
101.18
101.23
101.27
101.32
101.36
101.41
101.45
101.5
101.55
101.6
101.65
101.7
101.75
101.81
101.86
101.92
101.97
102.03
102.09
102.15
102.21
102.27
102.34
102.4
102.47
102.53
102.6
102.67
102.74
102.81
102.88
102.96
103.03
103.11
103.19
103.27
103.35
103.43
103.51
103.6
103.68
103.77
103.86
103.95
104.04
104.13
104.23
104.32
104.42
104.52
104.62
104.72
104.82
104.93
105.03
105.14
105.25
105.36
105.47
105.58
105.7
105.81
105.94
106.03
106.29
99.931
99.959
99.986
100.01
100.04
100.07
100.1
100.13
100.16
100.19
100.22
100.25
100.28
100.31
100.34
100.37
100.4
100.43
100.46
100.49
100.52
100.56
100.59
100.62
100.65
100.69
100.72
100.76
100.79
100.83
100.87
100.9
100.94
100.98
101.02
101.06
101.1
101.14
101.18
101.23
101.27
101.32
101.36
101.41
101.45
101.5
101.55
101.6
101.65
101.7
101.75
101.81
101.86
101.92
101.97
102.03
102.09
102.15
102.21
102.27
102.34
102.4
102.47
102.53
102.6
102.67
102.74
102.81
102.88
102.96
103.03
103.11
103.19
103.27
103.35
103.43
103.51
103.6
103.68
103.77
103.86
103.95
104.04
104.13
104.23
104.32
104.42
104.52
104.62
104.72
104.82
104.93
105.03
105.14
105.25
105.36
105.47
105.58
105.7
105.82
105.94
106.03
106.29
99.931
99.959
99.986
100.01
100.04
100.07
100.1
100.13
100.16
100.19
100.22
100.25
100.28
100.31
100.34
100.37
100.4
100.43
100.46
100.49
100.52
100.56
100.59
100.62
100.65
100.69
100.72
100.76
100.79
100.83
100.87
100.9
100.94
100.98
101.02
101.06
101.1
101.14
101.18
101.23
101.27
101.32
101.36
101.41
101.45
101.5
101.55
101.6
101.65
101.7
101.75
101.81
101.86
101.92
101.97
102.03
102.09
102.15
102.21
102.27
102.34
102.4
102.47
102.53
102.6
102.67
102.74
102.81
102.88
102.96
103.03
103.11
103.19
103.27
103.35
103.43
103.51
103.6
103.68
103.77
103.86
103.95
104.04
104.13
104.23
104.32
104.42
104.52
104.62
104.72
104.82
104.93
105.03
105.14
105.25
105.36
105.47
105.59
105.7
105.82
105.94
106.03
106.29
99.931
99.959
99.986
100.01
100.04
100.07
100.1
100.13
100.16
100.19
100.22
100.25
100.28
100.31
100.34
100.37
100.4
100.43
100.46
100.49
100.52
100.56
100.59
100.62
100.65
100.69
100.72
100.76
100.79
100.83
100.87
100.9
100.94
100.98
101.02
101.06
101.1
101.14
101.18
101.23
101.27
101.31
101.36
101.41
101.45
101.5
101.55
101.6
101.65
101.7
101.75
101.81
101.86
101.92
101.97
102.03
102.09
102.15
102.21
102.27
102.34
102.4
102.47
102.53
102.6
102.67
102.74
102.81
102.88
102.96
103.03
103.11
103.19
103.27
103.35
103.43
103.51
103.6
103.68
103.77
103.86
103.95
104.04
104.13
104.23
104.32
104.42
104.52
104.62
104.72
104.82
104.93
105.03
105.14
105.25
105.36
105.47
105.59
105.7
105.82
105.94
106.03
106.29
99.931
99.959
99.986
100.01
100.04
100.07
100.1
100.13
100.16
100.19
100.22
100.25
100.28
100.31
100.34
100.37
100.4
100.43
100.46
100.49
100.52
100.56
100.59
100.62
100.65
100.69
100.72
100.76
100.79
100.83
100.87
100.9
100.94
100.98
101.02
101.06
101.1
101.14
101.18
101.23
101.27
101.31
101.36
101.41
101.45
101.5
101.55
101.6
101.65
101.7
101.75
101.81
101.86
101.92
101.97
102.03
102.09
102.15
102.21
102.27
102.34
102.4
102.47
102.53
102.6
102.67
102.74
102.81
102.88
102.96
103.03
103.11
103.19
103.27
103.35
103.43
103.51
103.6
103.68
103.77
103.86
103.95
104.04
104.13
104.23
104.32
104.42
104.52
104.62
104.72
104.82
104.93
105.04
105.14
105.25
105.36
105.47
105.59
105.7
105.82
105.94
106.03
106.29
99.932
99.959
99.986
100.01
100.04
100.07
100.1
100.13
100.16
100.19
100.22
100.25
100.28
100.31
100.34
100.37
100.4
100.43
100.46
100.49
100.52
100.56
100.59
100.62
100.65
100.69
100.72
100.76
100.79
100.83
100.87
100.9
100.94
100.98
101.02
101.06
101.1
101.14
101.18
101.23
101.27
101.31
101.36
101.41
101.45
101.5
101.55
101.6
101.65
101.7
101.75
101.81
101.86
101.92
101.97
102.03
102.09
102.15
102.21
102.27
102.34
102.4
102.47
102.53
102.6
102.67
102.74
102.81
102.88
102.96
103.03
103.11
103.19
103.27
103.35
103.43
103.51
103.6
103.68
103.77
103.86
103.95
104.04
104.13
104.23
104.32
104.42
104.52
104.62
104.72
104.83
104.93
105.04
105.14
105.25
105.36
105.47
105.59
105.7
105.82
105.94
106.03
106.29
99.932
99.959
99.986
100.01
100.04
100.07
100.1
100.13
100.16
100.19
100.22
100.25
100.28
100.31
100.34
100.37
100.4
100.43
100.46
100.49
100.52
100.55
100.59
100.62
100.65
100.69
100.72
100.76
100.79
100.83
100.87
100.9
100.94
100.98
101.02
101.06
101.1
101.14
101.18
101.23
101.27
101.31
101.36
101.41
101.45
101.5
101.55
101.6
101.65
101.7
101.75
101.81
101.86
101.92
101.97
102.03
102.09
102.15
102.21
102.27
102.34
102.4
102.47
102.53
102.6
102.67
102.74
102.81
102.88
102.96
103.03
103.11
103.19
103.27
103.35
103.43
103.51
103.6
103.68
103.77
103.86
103.95
104.04
104.13
104.23
104.33
104.42
104.52
104.62
104.72
104.83
104.93
105.04
105.14
105.25
105.36
105.47
105.59
105.7
105.82
105.94
106.03
106.29
99.932
99.959
99.986
100.01
100.04
100.07
100.1
100.13
100.16
100.19
100.22
100.25
100.28
100.31
100.34
100.37
100.4
100.43
100.46
100.49
100.52
100.55
100.59
100.62
100.65
100.69
100.72
100.76
100.79
100.83
100.87
100.9
100.94
100.98
101.02
101.06
101.1
101.14
101.18
101.23
101.27
101.31
101.36
101.41
101.45
101.5
101.55
101.6
101.65
101.7
101.75
101.81
101.86
101.92
101.97
102.03
102.09
102.15
102.21
102.27
102.34
102.4
102.47
102.53
102.6
102.67
102.74
102.81
102.88
102.96
103.03
103.11
103.19
103.27
103.35
103.43
103.51
103.6
103.68
103.77
103.86
103.95
104.04
104.14
104.23
104.33
104.42
104.52
104.62
104.72
104.83
104.93
105.04
105.14
105.25
105.36
105.47
105.59
105.7
105.82
105.94
106.03
106.29
99.932
99.959
99.986
100.01
100.04
100.07
100.1
100.13
100.16
100.19
100.22
100.25
100.28
100.31
100.34
100.37
100.4
100.43
100.46
100.49
100.52
100.55
100.59
100.62
100.65
100.69
100.72
100.76
100.79
100.83
100.87
100.9
100.94
100.98
101.02
101.06
101.1
101.14
101.18
101.23
101.27
101.31
101.36
101.41
101.45
101.5
101.55
101.6
101.65
101.7
101.75
101.81
101.86
101.92
101.97
102.03
102.09
102.15
102.21
102.27
102.34
102.4
102.47
102.53
102.6
102.67
102.74
102.81
102.88
102.96
103.03
103.11
103.19
103.27
103.35
103.43
103.51
103.6
103.68
103.77
103.86
103.95
104.04
104.14
104.23
104.33
104.42
104.52
104.62
104.72
104.83
104.93
105.04
105.14
105.25
105.36
105.48
105.59
105.7
105.82
105.94
106.03
106.29
99.932
99.959
99.986
100.01
100.04
100.07
100.1
100.13
100.16
100.19
100.22
100.25
100.28
100.31
100.34
100.37
100.4
100.43
100.46
100.49
100.52
100.55
100.59
100.62
100.65
100.69
100.72
100.76
100.79
100.83
100.87
100.9
100.94
100.98
101.02
101.06
101.1
101.14
101.18
101.23
101.27
101.31
101.36
101.41
101.45
101.5
101.55
101.6
101.65
101.7
101.75
101.81
101.86
101.92
101.97
102.03
102.09
102.15
102.21
102.27
102.34
102.4
102.47
102.53
102.6
102.67
102.74
102.81
102.88
102.96
103.03
103.11
103.19
103.27
103.35
103.43
103.51
103.6
103.68
103.77
103.86
103.95
104.04
104.14
104.23
104.33
104.42
104.52
104.62
104.72
104.83
104.93
105.04
105.15
105.25
105.36
105.48
105.59
105.7
105.82
105.94
106.03
106.29
99.932
99.959
99.986
100.01
100.04
100.07
100.1
100.13
100.16
100.19
100.22
100.25
100.28
100.31
100.34
100.37
100.4
100.43
100.46
100.49
100.52
100.55
100.59
100.62
100.65
100.69
100.72
100.76
100.79
100.83
100.87
100.9
100.94
100.98
101.02
101.06
101.1
101.14
101.18
101.23
101.27
101.31
101.36
101.41
101.45
101.5
101.55
101.6
101.65
101.7
101.75
101.81
101.86
101.92
101.97
102.03
102.09
102.15
102.21
102.27
102.34
102.4
102.47
102.53
102.6
102.67
102.74
102.81
102.88
102.96
103.03
103.11
103.19
103.27
103.35
103.43
103.51
103.6
103.68
103.77
103.86
103.95
104.04
104.14
104.23
104.33
104.42
104.52
104.62
104.72
104.83
104.93
105.04
105.15
105.25
105.37
105.48
105.59
105.7
105.82
105.94
106.03
106.3
99.932
99.959
99.986
100.01
100.04
100.07
100.1
100.13
100.16
100.19
100.22
100.25
100.28
100.31
100.34
100.37
100.4
100.43
100.46
100.49
100.52
100.55
100.59
100.62
100.65
100.69
100.72
100.76
100.79
100.83
100.87
100.9
100.94
100.98
101.02
101.06
101.1
101.14
101.18
101.23
101.27
101.31
101.36
101.41
101.45
101.5
101.55
101.6
101.65
101.7
101.75
101.81
101.86
101.92
101.97
102.03
102.09
102.15
102.21
102.27
102.34
102.4
102.47
102.53
102.6
102.67
102.74
102.81
102.88
102.96
103.03
103.11
103.19
103.27
103.35
103.43
103.51
103.6
103.68
103.77
103.86
103.95
104.04
104.14
104.23
104.33
104.42
104.52
104.62
104.73
104.83
104.93
105.04
105.15
105.26
105.37
105.48
105.59
105.71
105.82
105.94
106.03
106.3
99.932
99.959
99.986
100.01
100.04
100.07
100.1
100.13
100.16
100.19
100.22
100.25
100.28
100.31
100.34
100.37
100.4
100.43
100.46
100.49
100.52
100.55
100.59
100.62
100.65
100.69
100.72
100.76
100.79
100.83
100.87
100.9
100.94
100.98
101.02
101.06
101.1
101.14
101.18
101.23
101.27
101.31
101.36
101.41
101.45
101.5
101.55
101.6
101.65
101.7
101.75
101.81
101.86
101.92
101.97
102.03
102.09
102.15
102.21
102.27
102.34
102.4
102.47
102.53
102.6
102.67
102.74
102.81
102.88
102.96
103.03
103.11
103.19
103.27
103.35
103.43
103.51
103.6
103.68
103.77
103.86
103.95
104.04
104.14
104.23
104.33
104.42
104.52
104.62
104.73
104.83
104.93
105.04
105.15
105.26
105.37
105.48
105.59
105.71
105.82
105.94
106.03
106.3
99.932
99.959
99.986
100.01
100.04
100.07
100.1
100.13
100.16
100.19
100.22
100.25
100.28
100.31
100.34
100.37
100.4
100.43
100.46
100.49
100.52
100.55
100.59
100.62
100.65
100.69
100.72
100.76
100.79
100.83
100.87
100.9
100.94
100.98
101.02
101.06
101.1
101.14
101.18
101.23
101.27
101.31
101.36
101.4
101.45
101.5
101.55
101.6
101.65
101.7
101.75
101.81
101.86
101.92
101.97
102.03
102.09
102.15
102.21
102.27
102.33
102.4
102.46
102.53
102.6
102.67
102.74
102.81
102.88
102.96
103.03
103.11
103.19
103.27
103.35
103.43
103.51
103.6
103.68
103.77
103.86
103.95
104.04
104.14
104.23
104.33
104.42
104.52
104.62
104.73
104.83
104.93
105.04
105.15
105.26
105.37
105.48
105.59
105.71
105.82
105.95
106.04
106.3
99.932
99.959
99.986
100.01
100.04
100.07
100.1
100.13
100.16
100.19
100.22
100.25
100.28
100.31
100.34
100.37
100.4
100.43
100.46
100.49
100.52
100.55
100.59
100.62
100.65
100.69
100.72
100.76
100.79
100.83
100.87
100.9
100.94
100.98
101.02
101.06
101.1
101.14
101.18
101.23
101.27
101.31
101.36
101.4
101.45
101.5
101.55
101.6
101.65
101.7
101.75
101.81
101.86
101.92
101.97
102.03
102.09
102.15
102.21
102.27
102.33
102.4
102.46
102.53
102.6
102.67
102.74
102.81
102.88
102.96
103.03
103.11
103.19
103.27
103.35
103.43
103.51
103.6
103.68
103.77
103.86
103.95
104.04
104.14
104.23
104.33
104.43
104.52
104.62
104.73
104.83
104.93
105.04
105.15
105.26
105.37
105.48
105.59
105.71
105.82
105.95
106.04
106.3
99.932
99.959
99.986
100.01
100.04
100.07
100.1
100.13
100.16
100.19
100.22
100.25
100.28
100.31
100.34
100.37
100.4
100.43
100.46
100.49
100.52
100.55
100.59
100.62
100.65
100.69
100.72
100.76
100.79
100.83
100.87
100.9
100.94
100.98
101.02
101.06
101.1
101.14
101.18
101.23
101.27
101.31
101.36
101.4
101.45
101.5
101.55
101.6
101.65
101.7
101.75
101.81
101.86
101.92
101.97
102.03
102.09
102.15
102.21
102.27
102.33
102.4
102.46
102.53
102.6
102.67
102.74
102.81
102.88
102.96
103.03
103.11
103.19
103.27
103.35
103.43
103.51
103.6
103.68
103.77
103.86
103.95
104.04
104.14
104.23
104.33
104.43
104.52
104.63
104.73
104.83
104.94
105.04
105.15
105.26
105.37
105.48
105.6
105.71
105.83
105.95
106.04
106.3
99.932
99.959
99.986
100.01
100.04
100.07
100.1
100.13
100.16
100.19
100.22
100.25
100.28
100.31
100.34
100.37
100.4
100.43
100.46
100.49
100.52
100.55
100.59
100.62
100.65
100.69
100.72
100.76
100.79
100.83
100.87
100.9
100.94
100.98
101.02
101.06
101.1
101.14
101.18
101.23
101.27
101.31
101.36
101.4
101.45
101.5
101.55
101.6
101.65
101.7
101.75
101.81
101.86
101.92
101.97
102.03
102.09
102.15
102.21
102.27
102.33
102.4
102.46
102.53
102.6
102.67
102.74
102.81
102.88
102.96
103.03
103.11
103.19
103.27
103.35
103.43
103.51
103.6
103.69
103.77
103.86
103.95
104.04
104.14
104.23
104.33
104.43
104.53
104.63
104.73
104.83
104.94
105.04
105.15
105.26
105.37
105.48
105.6
105.71
105.83
105.95
106.04
106.3
99.932
99.959
99.986
100.01
100.04
100.07
100.1
100.13
100.16
100.19
100.22
100.25
100.28
100.31
100.34
100.37
100.4
100.43
100.46
100.49
100.52
100.55
100.59
100.62
100.65
100.69
100.72
100.76
100.79
100.83
100.87
100.9
100.94
100.98
101.02
101.06
101.1
101.14
101.18
101.22
101.27
101.31
101.36
101.4
101.45
101.5
101.55
101.6
101.65
101.7
101.75
101.81
101.86
101.92
101.97
102.03
102.09
102.15
102.21
102.27
102.33
102.4
102.46
102.53
102.6
102.67
102.74
102.81
102.88
102.96
103.03
103.11
103.19
103.27
103.35
103.43
103.51
103.6
103.69
103.77
103.86
103.95
104.04
104.14
104.23
104.33
104.43
104.53
104.63
104.73
104.83
104.94
105.04
105.15
105.26
105.37
105.48
105.6
105.71
105.83
105.95
106.04
106.3
99.932
99.959
99.986
100.01
100.04
100.07
100.1
100.13
100.16
100.19
100.22
100.25
100.28
100.31
100.34
100.37
100.4
100.43
100.46
100.49
100.52
100.55
100.59
100.62
100.65
100.69
100.72
100.76
100.79
100.83
100.87
100.9
100.94
100.98
101.02
101.06
101.1
101.14
101.18
101.22
101.27
101.31
101.36
101.4
101.45
101.5
101.55
101.6
101.65
101.7
101.75
101.81
101.86
101.92
101.97
102.03
102.09
102.15
102.21
102.27
102.33
102.4
102.46
102.53
102.6
102.67
102.74
102.81
102.88
102.96
103.03
103.11
103.19
103.27
103.35
103.43
103.51
103.6
103.69
103.77
103.86
103.95
104.04
104.14
104.23
104.33
104.43
104.53
104.63
104.73
104.83
104.94
105.04
105.15
105.26
105.37
105.49
105.6
105.71
105.83
105.95
106.04
106.31
99.932
99.959
99.986
100.01
100.04
100.07
100.1
100.13
100.16
100.19
100.22
100.25
100.28
100.31
100.34
100.37
100.4
100.43
100.46
100.49
100.52
100.55
100.59
100.62
100.65
100.69
100.72
100.76
100.79
100.83
100.86
100.9
100.94
100.98
101.02
101.06
101.1
101.14
101.18
101.22
101.27
101.31
101.36
101.4
101.45
101.5
101.55
101.6
101.65
101.7
101.75
101.8
101.86
101.91
101.97
102.03
102.09
102.15
102.21
102.27
102.33
102.4
102.46
102.53
102.6
102.67
102.74
102.81
102.88
102.96
103.03
103.11
103.19
103.27
103.35
103.43
103.51
103.6
103.69
103.77
103.86
103.95
104.04
104.14
104.23
104.33
104.43
104.53
104.63
104.73
104.83
104.94
105.05
105.15
105.26
105.37
105.49
105.6
105.72
105.83
105.95
106.04
106.31
99.932
99.959
99.986
100.01
100.04
100.07
100.1
100.13
100.16
100.19
100.22
100.25
100.28
100.31
100.34
100.37
100.4
100.43
100.46
100.49
100.52
100.55
100.59
100.62
100.65
100.69
100.72
100.76
100.79
100.83
100.86
100.9
100.94
100.98
101.02
101.06
101.1
101.14
101.18
101.22
101.27
101.31
101.36
101.4
101.45
101.5
101.55
101.6
101.65
101.7
101.75
101.8
101.86
101.91
101.97
102.03
102.09
102.15
102.21
102.27
102.33
102.4
102.46
102.53
102.6
102.67
102.74
102.81
102.88
102.96
103.03
103.11
103.19
103.27
103.35
103.43
103.51
103.6
103.69
103.77
103.86
103.95
104.04
104.14
104.23
104.33
104.43
104.53
104.63
104.73
104.83
104.94
105.05
105.15
105.26
105.38
105.49
105.6
105.72
105.83
105.96
106.05
106.31
99.932
99.959
99.986
100.01
100.04
100.07
100.1
100.13
100.16
100.19
100.22
100.25
100.28
100.31
100.34
100.37
100.4
100.43
100.46
100.49
100.52
100.55
100.59
100.62
100.65
100.69
100.72
100.76
100.79
100.83
100.86
100.9
100.94
100.98
101.02
101.06
101.1
101.14
101.18
101.22
101.27
101.31
101.36
101.4
101.45
101.5
101.55
101.6
101.65
101.7
101.75
101.8
101.86
101.91
101.97
102.03
102.09
102.15
102.21
102.27
102.33
102.4
102.46
102.53
102.6
102.67
102.74
102.81
102.88
102.96
103.03
103.11
103.19
103.27
103.35
103.43
103.51
103.6
103.69
103.77
103.86
103.95
104.05
104.14
104.23
104.33
104.43
104.53
104.63
104.73
104.84
104.94
105.05
105.16
105.27
105.38
105.49
105.6
105.72
105.84
105.96
106.05
106.31
99.932
99.959
99.986
100.01
100.04
100.07
100.1
100.13
100.16
100.19
100.22
100.25
100.28
100.31
100.34
100.37
100.4
100.43
100.46
100.49
100.52
100.55
100.59
100.62
100.65
100.69
100.72
100.76
100.79
100.83
100.86
100.9
100.94
100.98
101.02
101.06
101.1
101.14
101.18
101.22
101.27
101.31
101.36
101.4
101.45
101.5
101.55
101.6
101.65
101.7
101.75
101.8
101.86
101.91
101.97
102.03
102.09
102.15
102.21
102.27
102.33
102.4
102.46
102.53
102.6
102.67
102.74
102.81
102.88
102.96
103.03
103.11
103.19
103.27
103.35
103.43
103.51
103.6
103.69
103.77
103.86
103.95
104.05
104.14
104.23
104.33
104.43
104.53
104.63
104.73
104.84
104.94
105.05
105.16
105.27
105.38
105.49
105.61
105.72
105.84
105.96
106.05
106.31
99.932
99.959
99.986
100.01
100.04
100.07
100.1
100.13
100.16
100.19
100.22
100.25
100.28
100.31
100.34
100.37
100.4
100.43
100.46
100.49
100.52
100.55
100.59
100.62
100.65
100.69
100.72
100.76
100.79
100.83
100.86
100.9
100.94
100.98
101.02
101.06
101.1
101.14
101.18
101.22
101.27
101.31
101.36
101.4
101.45
101.5
101.55
101.6
101.65
101.7
101.75
101.8
101.86
101.91
101.97
102.03
102.09
102.15
102.21
102.27
102.33
102.4
102.46
102.53
102.6
102.67
102.74
102.81
102.88
102.96
103.03
103.11
103.19
103.27
103.35
103.43
103.51
103.6
103.68
103.77
103.86
103.95
104.05
104.14
104.23
104.33
104.43
104.53
104.63
104.73
104.84
104.94
105.05
105.16
105.27
105.38
105.49
105.61
105.72
105.84
105.96
106.05
106.32
99.932
99.959
99.986
100.01
100.04
100.07
100.1
100.13
100.16
100.19
100.22
100.25
100.28
100.3
100.33
100.37
100.4
100.43
100.46
100.49
100.52
100.55
100.59
100.62
100.65
100.69
100.72
100.76
100.79
100.83
100.86
100.9
100.94
100.98
101.02
101.06
101.1
101.14
101.18
101.22
101.27
101.31
101.36
101.4
101.45
101.5
101.55
101.6
101.65
101.7
101.75
101.8
101.86
101.91
101.97
102.03
102.09
102.15
102.21
102.27
102.33
102.4
102.46
102.53
102.6
102.67
102.74
102.81
102.88
102.96
103.03
103.11
103.19
103.27
103.35
103.43
103.51
103.6
103.68
103.77
103.86
103.95
104.05
104.14
104.23
104.33
104.43
104.53
104.63
104.73
104.84
104.94
105.05
105.16
105.27
105.38
105.5
105.61
105.73
105.84
105.97
106.06
106.32
99.932
99.959
99.986
100.01
100.04
100.07
100.1
100.13
100.16
100.19
100.22
100.25
100.28
100.3
100.33
100.37
100.4
100.43
100.46
100.49
100.52
100.55
100.59
100.62
100.65
100.69
100.72
100.76
100.79
100.83
100.86
100.9
100.94
100.98
101.02
101.06
101.1
101.14
101.18
101.22
101.27
101.31
101.36
101.4
101.45
101.5
101.55
101.6
101.65
101.7
101.75
101.8
101.86
101.91
101.97
102.03
102.09
102.15
102.21
102.27
102.33
102.4
102.46
102.53
102.6
102.67
102.74
102.81
102.88
102.96
103.03
103.11
103.19
103.27
103.35
103.43
103.51
103.6
103.68
103.77
103.86
103.95
104.05
104.14
104.23
104.33
104.43
104.53
104.63
104.73
104.84
104.94
105.05
105.16
105.27
105.38
105.5
105.61
105.73
105.85
105.97
106.06
106.32
99.932
99.959
99.986
100.01
100.04
100.07
100.1
100.13
100.16
100.19
100.22
100.25
100.28
100.3
100.33
100.36
100.4
100.43
100.46
100.49
100.52
100.55
100.59
100.62
100.65
100.69
100.72
100.76
100.79
100.83
100.86
100.9
100.94
100.98
101.02
101.06
101.1
101.14
101.18
101.22
101.27
101.31
101.36
101.4
101.45
101.5
101.55
101.59
101.65
101.7
101.75
101.8
101.86
101.91
101.97
102.03
102.09
102.15
102.21
102.27
102.33
102.4
102.46
102.53
102.6
102.67
102.74
102.81
102.88
102.96
103.03
103.11
103.19
103.27
103.35
103.43
103.51
103.6
103.68
103.77
103.86
103.95
104.05
104.14
104.23
104.33
104.43
104.53
104.63
104.73
104.84
104.94
105.05
105.16
105.27
105.38
105.5
105.61
105.73
105.85
105.97
106.06
106.33
99.932
99.959
99.986
100.01
100.04
100.07
100.1
100.13
100.16
100.19
100.22
100.25
100.28
100.3
100.33
100.36
100.4
100.43
100.46
100.49
100.52
100.55
100.59
100.62
100.65
100.69
100.72
100.76
100.79
100.83
100.86
100.9
100.94
100.98
101.02
101.06
101.1
101.14
101.18
101.22
101.27
101.31
101.36
101.4
101.45
101.5
101.54
101.59
101.65
101.7
101.75
101.8
101.86
101.91
101.97
102.03
102.09
102.15
102.21
102.27
102.33
102.4
102.46
102.53
102.6
102.67
102.74
102.81
102.88
102.95
103.03
103.11
103.19
103.27
103.35
103.43
103.51
103.6
103.68
103.77
103.86
103.95
104.04
104.14
104.23
104.33
104.43
104.53
104.63
104.73
104.84
104.95
105.05
105.16
105.27
105.39
105.5
105.62
105.73
105.85
105.98
106.07
106.33
99.932
99.959
99.986
100.01
100.04
100.07
100.1
100.13
100.16
100.19
100.22
100.25
100.27
100.3
100.33
100.36
100.4
100.43
100.46
100.49
100.52
100.55
100.59
100.62
100.65
100.69
100.72
100.75
100.79
100.83
100.86
100.9
100.94
100.98
101.02
101.06
101.1
101.14
101.18
101.22
101.27
101.31
101.36
101.4
101.45
101.5
101.54
101.59
101.64
101.7
101.75
101.8
101.86
101.91
101.97
102.03
102.08
102.14
102.21
102.27
102.33
102.4
102.46
102.53
102.6
102.66
102.74
102.81
102.88
102.95
103.03
103.11
103.19
103.26
103.35
103.43
103.51
103.6
103.68
103.77
103.86
103.95
104.04
104.14
104.23
104.33
104.43
104.53
104.63
104.73
104.84
104.95
105.05
105.16
105.27
105.39
105.5
105.62
105.74
105.86
105.98
106.08
106.34
99.932
99.959
99.986
100.01
100.04
100.07
100.1
100.13
100.16
100.19
100.22
100.25
100.27
100.3
100.33
100.36
100.4
100.43
100.46
100.49
100.52
100.55
100.58
100.62
100.65
100.69
100.72
100.75
100.79
100.83
100.86
100.9
100.94
100.98
101.02
101.06
101.1
101.14
101.18
101.22
101.27
101.31
101.35
101.4
101.45
101.5
101.54
101.59
101.64
101.7
101.75
101.8
101.86
101.91
101.97
102.03
102.08
102.14
102.21
102.27
102.33
102.39
102.46
102.53
102.6
102.66
102.73
102.81
102.88
102.95
103.03
103.11
103.18
103.26
103.35
103.43
103.51
103.6
103.68
103.77
103.86
103.95
104.04
104.14
104.23
104.33
104.43
104.53
104.63
104.73
104.84
104.95
105.05
105.16
105.28
105.39
105.5
105.62
105.74
105.86
105.99
106.08
106.35
99.932
99.959
99.986
100.01
100.04
100.07
100.1
100.13
100.16
100.19
100.22
100.25
100.27
100.3
100.33
100.36
100.4
100.43
100.46
100.49
100.52
100.55
100.58
100.62
100.65
100.69
100.72
100.75
100.79
100.83
100.86
100.9
100.94
100.98
101.02
101.06
101.1
101.14
101.18
101.22
101.27
101.31
101.35
101.4
101.45
101.5
101.54
101.59
101.64
101.7
101.75
101.8
101.86
101.91
101.97
102.03
102.08
102.14
102.2
102.27
102.33
102.39
102.46
102.53
102.59
102.66
102.73
102.81
102.88
102.95
103.03
103.11
103.18
103.26
103.34
103.43
103.51
103.6
103.68
103.77
103.86
103.95
104.04
104.14
104.23
104.33
104.43
104.53
104.63
104.73
104.84
104.95
105.05
105.16
105.28
105.39
105.51
105.62
105.74
105.87
106
106.09
106.36
99.931
99.959
99.986
100.01
100.04
100.07
100.1
100.13
100.16
100.19
100.22
100.25
100.27
100.3
100.33
100.36
100.39
100.43
100.46
100.49
100.52
100.55
100.58
100.62
100.65
100.68
100.72
100.75
100.79
100.83
100.86
100.9
100.94
100.98
101.02
101.05
101.1
101.14
101.18
101.22
101.26
101.31
101.35
101.4
101.45
101.49
101.54
101.59
101.64
101.7
101.75
101.8
101.86
101.91
101.97
102.02
102.08
102.14
102.2
102.27
102.33
102.39
102.46
102.53
102.59
102.66
102.73
102.81
102.88
102.95
103.03
103.11
103.18
103.26
103.34
103.43
103.51
103.6
103.68
103.77
103.86
103.95
104.04
104.14
104.23
104.33
104.43
104.53
104.63
104.73
104.84
104.95
105.05
105.16
105.28
105.39
105.51
105.62
105.75
105.87
106
106.1
106.4
99.931
99.959
99.986
100.01
100.04
100.07
100.1
100.13
100.16
100.19
100.22
100.25
100.27
100.3
100.33
100.36
100.39
100.43
100.46
100.49
100.52
100.55
100.58
100.62
100.65
100.68
100.72
100.75
100.79
100.83
100.86
100.9
100.94
100.98
101.01
101.05
101.09
101.14
101.18
101.22
101.26
101.31
101.35
101.4
101.45
101.49
101.54
101.59
101.64
101.69
101.75
101.8
101.85
101.91
101.97
102.02
102.08
102.14
102.2
102.27
102.33
102.39
102.46
102.53
102.59
102.66
102.73
102.81
102.88
102.95
103.03
103.1
103.18
103.26
103.34
103.43
103.51
103.6
103.68
103.77
103.86
103.95
104.04
104.14
104.23
104.33
104.43
104.53
104.63
104.73
104.84
104.94
105.05
105.16
105.28
105.39
105.51
105.63
105.75
105.87
106
106.1
106.47
