99.733
99.84
99.946
100.06
100.17
100.28
100.39
100.5
100.61
100.72
100.83
100.94
101.05
101.16
101.27
101.38
101.49
101.6
101.71
101.82
101.93
102.04
102.15
102.26
102.37
102.49
102.6
102.71
102.82
102.93
103.04
103.15
103.26
103.38
103.49
103.6
103.71
103.82
103.93
104.05
104.16
104.27
104.38
104.5
104.61
104.72
104.84
104.95
105.06
105.18
105.29
105.4
105.52
105.63
105.75
105.86
105.97
106.09
106.2
106.32
106.43
106.55
106.66
106.78
106.9
107.01
107.13
107.24
107.36
107.48
107.59
107.71
107.83
107.95
108.06
108.18
108.3
108.42
108.54
108.66
108.77
108.89
109.01
109.13
109.25
109.37
109.49
109.62
109.74
109.86
109.98
110.1
110.23
110.35
110.47
110.6
110.72
110.85
110.98
111.11
111.24
111.35
111.72
99.736
99.842
99.946
100.06
100.17
100.28
100.39
100.5
100.61
100.72
100.83
100.94
101.05
101.16
101.27
101.38
101.49
101.6
101.71
101.82
101.93
102.04
102.15
102.26
102.37
102.49
102.6
102.71
102.82
102.93
103.04
103.15
103.26
103.38
103.49
103.6
103.71
103.82
103.94
104.05
104.16
104.27
104.38
104.5
104.61
104.72
104.84
104.95
105.06
105.18
105.29
105.4
105.52
105.63
105.75
105.86
105.97
106.09
106.2
106.32
106.43
106.55
106.66
106.78
106.9
107.01
107.13
107.24
107.36
107.48
107.59
107.71
107.83
107.95
108.06
108.18
108.3
108.42
108.54
108.66
108.77
108.89
109.01
109.13
109.25
109.37
109.49
109.62
109.74
109.86
109.98
110.1
110.23
110.35
110.47
110.6
110.72
110.85
110.98
111.11
111.24
111.34
111.65
99.738
99.843
99.946
100.06
100.17
100.28
100.39
100.5
100.61
100.72
100.83
100.94
101.05
101.16
101.27
101.38
101.49
101.6
101.71
101.82
101.93
102.04
102.15
102.26
102.37
102.49
102.6
102.71
102.82
102.93
103.04
103.15
103.26
103.38
103.49
103.6
103.71
103.82
103.94
104.05
104.16
104.27
104.38
104.5
104.61
104.72
104.84
104.95
105.06
105.18
105.29
105.4
105.52
105.63
105.75
105.86
105.97
106.09
106.2
106.32
106.43
106.55
106.66
106.78
106.9
107.01
107.13
107.24
107.36
107.48
107.59
107.71
107.83
107.95
108.06
108.18
108.3
108.42
108.54
108.66
108.77
108.89
109.01
109.13
109.25
109.37
109.49
109.62
109.74
109.86
109.98
110.1
110.23
110.35
110.47
110.6
110.72
110.85
110.97
111.1
111.24
111.34
111.61
99.738
99.843
99.946
100.06
100.17
100.28
100.39
100.5
100.61
100.72
100.83
100.94
101.05
101.16
101.27
101.38
101.49
101.6
101.71
101.82
101.93
102.04
102.15
102.26
102.37
102.49
102.6
102.71
102.82
102.93
103.04
103.15
103.26
103.38
103.49
103.6
103.71
103.82
103.94
104.05
104.16
104.27
104.38
104.5
104.61
104.72
104.84
104.95
105.06
105.18
105.29
105.4
105.52
105.63
105.75
105.86
105.97
106.09
106.2
106.32
106.43
106.55
106.66
106.78
106.9
107.01
107.13
107.24
107.36
107.48
107.59
107.71
107.83
107.95
108.06
108.18
108.3
108.42
108.54
108.66
108.77
108.89
109.01
109.13
109.25
109.37
109.49
109.62
109.74
109.86
109.98
110.1
110.23
110.35
110.47
110.6
110.72
110.85
110.97
111.1
111.23
111.33
111.6
99.738
99.843
99.946
100.06
100.17
100.28
100.39
100.5
100.61
100.72
100.83
100.94
101.05
101.16
101.27
101.38
101.49
101.6
101.71
101.82
101.93
102.04
102.15
102.26
102.37
102.49
102.6
102.71
102.82
102.93
103.04
103.15
103.26
103.38
103.49
103.6
103.71
103.82
103.94
104.05
104.16
104.27
104.38
104.5
104.61
104.72
104.84
104.95
105.06
105.18
105.29
105.4
105.52
105.63
105.75
105.86
105.97
106.09
106.2
106.32
106.43
106.55
106.66
106.78
106.9
107.01
107.13
107.24
107.36
107.48
107.59
107.71
107.83
107.95
108.06
108.18
108.3
108.42
108.54
108.66
108.77
108.89
109.01
109.13
109.25
109.37
109.49
109.62
109.74
109.86
109.98
110.1
110.22
110.35
110.47
110.59
110.72
110.84
110.97
111.09
111.22
111.32
111.59
99.738
99.843
99.946
100.06
100.17
100.28
100.39
100.5
100.61
100.72
100.83
100.94
101.05
101.16
101.27
101.38
101.49
101.6
101.71
101.82
101.93
102.04
102.15
102.26
102.37
102.49
102.6
102.71
102.82
102.93
103.04
103.15
103.26
103.38
103.49
103.6
103.71
103.82
103.94
104.05
104.16
104.27
104.38
104.5
104.61
104.72
104.84
104.95
105.06
105.18
105.29
105.4
105.52
105.63
105.75
105.86
105.97
106.09
106.2
106.32
106.43
106.55
106.66
106.78
106.9
107.01
107.13
107.24
107.36
107.48
107.59
107.71
107.83
107.95
108.06
108.18
108.3
108.42
108.54
108.66
108.77
108.89
109.01
109.13
109.25
109.37
109.49
109.61
109.74
109.86
109.98
110.1
110.22
110.35
110.47
110.59
110.72
110.84
110.96
111.09
111.22
111.31
111.58
99.738
99.843
99.946
100.06
100.17
100.28
100.39
100.5
100.61
100.72
100.83
100.94
101.05
101.16
101.27
101.38
101.49
101.6
101.71
101.82
101.93
102.04
102.15
102.26
102.37
102.49
102.6
102.71
102.82
102.93
103.04
103.15
103.26
103.38
103.49
103.6
103.71
103.82
103.94
104.05
104.16
104.27
104.38
104.5
104.61
104.72
104.84
104.95
105.06
105.18
105.29
105.4
105.52
105.63
105.75
105.86
105.97
106.09
106.2
106.32
106.43
106.55
106.66
106.78
106.9
107.01
107.13
107.24
107.36
107.48
107.59
107.71
107.83
107.95
108.06
108.18
108.3
108.42
108.54
108.66
108.77
108.89
109.01
109.13
109.25
109.37
109.49
109.61
109.74
109.86
109.98
110.1
110.22
110.34
110.47
110.59
110.71
110.84
110.96
111.08
111.21
111.3
111.57
99.738
99.843
99.946
100.06
100.17
100.28
100.39
100.5
100.61
100.72
100.83
100.94
101.05
101.16
101.27
101.38
101.49
101.6
101.71
101.82
101.93
102.04
102.15
102.26
102.37
102.49
102.6
102.71
102.82
102.93
103.04
103.15
103.26
103.38
103.49
103.6
103.71
103.82
103.94
104.05
104.16
104.27
104.38
104.5
104.61
104.72
104.84
104.95
105.06
105.18
105.29
105.4
105.52
105.63
105.75
105.86
105.97
106.09
106.2
106.32
106.43
106.55
106.66
106.78
106.9
107.01
107.13
107.24
107.36
107.48
107.59
107.71
107.83
107.95
108.06
108.18
108.3
108.42
108.54
108.66
108.77
108.89
109.01
109.13
109.25
109.37
109.49
109.61
109.73
109.86
109.98
110.1
110.22
110.34
110.47
110.59
110.71
110.83
110.96
111.08
111.21
111.3
111.57
99.738
99.843
99.946
100.06
100.17
100.28
100.39
100.5
100.61
100.72
100.83
100.94
101.05
101.16
101.27
101.38
101.49
101.6
101.71
101.82
101.93
102.04
102.15
102.26
102.37
102.49
102.6
102.71
102.82
102.93
103.04
103.15
103.26
103.38
103.49
103.6
103.71
103.82
103.94
104.05
104.16
104.27
104.38
104.5
104.61
104.72
104.84
104.95
105.06
105.18
105.29
105.4
105.52
105.63
105.75
105.86
105.97
106.09
106.2
106.32
106.43
106.55
106.66
106.78
106.9
107.01
107.13
107.24
107.36
107.48
107.59
107.71
107.83
107.95
108.06
108.18
108.3
108.42
108.54
108.65
108.77
108.89
109.01
109.13
109.25
109.37
109.49
109.61
109.73
109.85
109.98
110.1
110.22
110.34
110.46
110.59
110.71
110.83
110.95
111.08
111.2
111.3
111.56
99.738
99.843
99.946
100.06
100.17
100.28
100.39
100.5
100.61
100.72
100.83
100.94
101.05
101.16
101.27
101.38
101.49
101.6
101.71
101.82
101.93
102.04
102.15
102.26
102.37
102.49
102.6
102.71
102.82
102.93
103.04
103.15
103.26
103.38
103.49
103.6
103.71
103.82
103.94
104.05
104.16
104.27
104.38
104.5
104.61
104.72
104.84
104.95
105.06
105.18
105.29
105.4
105.52
105.63
105.75
105.86
105.97
106.09
106.2
106.32
106.43
106.55
106.66
106.78
106.9
107.01
107.13
107.24
107.36
107.48
107.59
107.71
107.83
107.95
108.06
108.18
108.3
108.42
108.54
108.65
108.77
108.89
109.01
109.13
109.25
109.37
109.49
109.61
109.73
109.85
109.97
110.1
110.22
110.34
110.46
110.58
110.71
110.83
110.95
111.07
111.2
111.29
111.56
99.738
99.843
99.946
100.06
100.17
100.28
100.39
100.5
100.61
100.72
100.83
100.94
101.05
101.16
101.27
101.38
101.49
101.6
101.71
101.82
101.93
102.04
102.15
102.26
102.37
102.49
102.6
102.71
102.82
102.93
103.04
103.15
103.26
103.38
103.49
103.6
103.71
103.82
103.94
104.05
104.16
104.27
104.38
104.5
104.61
104.72
104.84
104.95
105.06
105.18
105.29
105.4
105.52
105.63
105.75
105.86
105.97
106.09
106.2
106.32
106.43
106.55
106.66
106.78
106.9
107.01
107.13
107.24
107.36
107.48
107.59
107.71
107.83
107.95
108.06
108.18
108.3
108.42
108.54
108.65
108.77
108.89
109.01
109.13
109.25
109.37
109.49
109.61
109.73
109.85
109.97
110.09
110.22
110.34
110.46
110.58
110.7
110.83
110.95
111.07
111.2
111.29
111.55
99.738
99.843
99.946
100.06
100.17
100.28
100.39
100.5
100.61
100.72
100.83
100.94
101.05
101.16
101.27
101.38
101.49
101.6
101.71
101.82
101.93
102.04
102.15
102.26
102.37
102.49
102.6
102.71
102.82
102.93
103.04
103.15
103.26
103.38
103.49
103.6
103.71
103.82
103.94
104.05
104.16
104.27
104.38
104.5
104.61
104.72
104.84
104.95
105.06
105.18
105.29
105.4
105.52
105.63
105.75
105.86
105.97
106.09
106.2
106.32
106.43
106.55
106.66
106.78
106.9
107.01
107.13
107.24
107.36
107.48
107.59
107.71
107.83
107.95
108.06
108.18
108.3
108.42
108.54
108.65
108.77
108.89
109.01
109.13
109.25
109.37
109.49
109.61
109.73
109.85
109.97
110.09
110.21
110.34
110.46
110.58
110.7
110.82
110.95
111.07
111.19
111.29
111.55
99.738
99.843
99.946
100.06
100.17
100.28
100.39
100.5
100.61
100.72
100.83
100.94
101.05
101.16
101.27
101.38
101.49
101.6
101.71
101.82
101.93
102.04
102.15
102.26
102.37
102.49
102.6
102.71
102.82
102.93
103.04
103.15
103.26
103.38
103.49
103.6
103.71
103.82
103.94
104.05
104.16
104.27
104.38
104.5
104.61
104.72
104.84
104.95
105.06
105.18
105.29
105.4
105.52
105.63
105.75
105.86
105.97
106.09
106.2
106.32
106.43
106.55
106.66
106.78
106.9
107.01
107.13
107.24
107.36
107.48
107.59
107.71
107.83
107.95
108.06
108.18
108.3
108.42
108.53
108.65
108.77
108.89
109.01
109.13
109.25
109.37
109.49
109.61
109.73
109.85
109.97
110.09
110.21
110.33
110.46
110.58
110.7
110.82
110.94
111.07
111.19
111.28
111.55
99.738
99.843
99.946
100.06
100.17
100.28
100.39
100.5
100.61
100.72
100.83
100.94
101.05
101.16
101.27
101.38
101.49
101.6
101.71
101.82
101.93
102.04
102.15
102.26
102.37
102.49
102.6
102.71
102.82
102.93
103.04
103.15
103.26
103.38
103.49
103.6
103.71
103.82
103.94
104.05
104.16
104.27
104.38
104.5
104.61
104.72
104.84
104.95
105.06
105.18
105.29
105.4
105.52
105.63
105.75
105.86
105.97
106.09
106.2
106.32
106.43
106.55
106.66
106.78
106.9
107.01
107.13
107.24
107.36
107.48
107.59
107.71
107.83
107.94
108.06
108.18
108.3
108.42
108.53
108.65
108.77
108.89
109.01
109.13
109.25
109.37
109.49
109.61
109.73
109.85
109.97
110.09
110.21
110.33
110.45
110.58
110.7
110.82
110.94
111.06
111.19
111.28
111.55
99.738
99.843
99.946
100.06
100.17
100.28
100.39
100.5
100.61
100.72
100.83
100.94
101.05
101.16
101.27
101.38
101.49
101.6
101.71
101.82
101.93
102.04
102.15
102.26
102.37
102.49
102.6
102.71
102.82
102.93
103.04
103.15
103.26
103.38
103.49
103.6
103.71
103.82
103.94
104.05
104.16
104.27
104.38
104.5
104.61
104.72
104.84
104.95
105.06
105.18
105.29
105.4
105.52
105.63
105.75
105.86
105.97
106.09
106.2
106.32
106.43
106.55
106.66
106.78
106.9
107.01
107.13
107.24
107.36
107.48
107.59
107.71
107.83
107.94
108.06
108.18
108.3
108.42
108.53
108.65
108.77
108.89
109.01
109.13
109.25
109.37
109.49
109.61
109.73
109.85
109.97
110.09
110.21
110.33
110.45
110.57
110.7
110.82
110.94
111.06
111.19
111.28
111.54
99.738
99.843
99.946
100.06
100.17
100.28
100.39
100.5
100.61
100.72
100.83
100.94
101.05
101.16
101.27
101.38
101.49
101.6
101.71
101.82
101.93
102.04
102.15
102.26
102.37
102.49
102.6
102.71
102.82
102.93
103.04
103.15
103.26
103.38
103.49
103.6
103.71
103.82
103.94
104.05
104.16
104.27
104.38
104.5
104.61
104.72
104.84
104.95
105.06
105.18
105.29
105.4
105.52
105.63
105.75
105.86
105.97
106.09
106.2
106.32
106.43
106.55
106.66
106.78
106.9
107.01
107.13
107.24
107.36
107.48
107.59
107.71
107.83
107.94
108.06
108.18
108.3
108.42
108.53
108.65
108.77
108.89
109.01
109.13
109.25
109.37
109.49
109.61
109.73
109.85
109.97
110.09
110.21
110.33
110.45
110.57
110.69
110.82
110.94
111.06
111.18
111.28
111.54
99.738
99.843
99.946
100.06
100.17
100.28
100.39
100.5
100.61
100.72
100.83
100.94
101.05
101.16
101.27
101.38
101.49
101.6
101.71
101.82
101.93
102.04
102.15
102.26
102.37
102.49
102.6
102.71
102.82
102.93
103.04
103.15
103.26
103.38
103.49
103.6
103.71
103.82
103.94
104.05
104.16
104.27
104.38
104.5
104.61
104.72
104.84
104.95
105.06
105.18
105.29
105.4
105.52
105.63
105.75
105.86
105.97
106.09
106.2
106.32
106.43
106.55
106.66
106.78
106.89
107.01
107.13
107.24
107.36
107.48
107.59
107.71
107.83
107.94
108.06
108.18
108.3
108.42
108.53
108.65
108.77
108.89
109.01
109.13
109.25
109.37
109.49
109.61
109.73
109.85
109.97
110.09
110.21
110.33
110.45
110.57
110.69
110.81
110.94
111.06
111.18
111.28
111.54
99.738
99.843
99.946
100.06
100.17
100.28
100.39
100.5
100.61
100.72
100.83
100.94
101.05
101.16
101.27
101.38
101.49
101.6
101.71
101.82
101.93
102.04
102.15
102.26
102.37
102.49
102.6
102.71
102.82
102.93
103.04
103.15
103.26
103.38
103.49
103.6
103.71
103.82
103.94
104.05
104.16
104.27
104.38
104.5
104.61
104.72
104.84
104.95
105.06
105.18
105.29
105.4
105.52
105.63
105.75
105.86
105.97
106.09
106.2
106.32
106.43
106.55
106.66
106.78
106.89
107.01
107.13
107.24
107.36
107.48
107.59
107.71
107.83
107.94
108.06
108.18
108.3
108.41
108.53
108.65
108.77
108.89
109.01
109.13
109.25
109.37
109.49
109.61
109.73
109.85
109.97
110.09
110.21
110.33
110.45
110.57
110.69
110.81
110.93
111.06
111.18
111.27
111.54
99.738
99.843
99.946
100.06
100.17
100.28
100.39
100.5
100.61
100.72
100.83
100.94
101.05
101.16
101.27
101.38
101.49
101.6
101.71
101.82
101.93
102.04
102.15
102.26
102.37
102.49
102.6
102.71
102.82
102.93
103.04
103.15
103.26
103.38
103.49
103.6
103.71
103.82
103.94
104.05
104.16
104.27
104.38
104.5
104.61
104.72
104.84
104.95
105.06
105.18
105.29
105.4
105.52
105.63
105.75
105.86
105.97
106.09
106.2
106.32
106.43
106.55
106.66
106.78
106.89
107.01
107.13
107.24
107.36
107.48
107.59
107.71
107.83
107.94
108.06
108.18
108.3
108.41
108.53
108.65
108.77
108.89
109.01
109.13
109.25
109.36
109.48
109.6
109.72
109.84
109.96
110.09
110.21
110.33
110.45
110.57
110.69
110.81
110.93
111.05
111.18
111.27
111.54
99.738
99.843
99.946
100.06
100.17
100.28
100.39
100.5
100.61
100.72
100.83
100.94
101.05
101.16
101.27
101.38
101.49
101.6
101.71
101.82
101.93
102.04
102.15
102.26
102.37
102.49
102.6
102.71
102.82
102.93
103.04
103.15
103.26
103.38
103.49
103.6
103.71
103.82
103.94
104.05
104.16
104.27
104.38
104.5
104.61
104.72
104.84
104.95
105.06
105.18
105.29
105.4
105.52
105.63
105.75
105.86
105.97
106.09
106.2
106.32
106.43
106.55
106.66
106.78
106.89
107.01
107.13
107.24
107.36
107.48
107.59
107.71
107.83
107.94
108.06
108.18
108.3
108.41
108.53
108.65
108.77
108.89
109.01
109.13
109.24
109.36
109.48
109.6
109.72
109.84
109.96
110.08
110.2
110.33
110.45
110.57
110.69
110.81
110.93
111.05
111.18
111.27
111.54
99.738
99.843
99.946
100.06
100.17
100.28
100.39
100.5
100.61
100.72
100.83
100.94
101.05
101.16
101.27
101.38
101.49
101.6
101.71
101.82
101.93
102.04
102.15
102.26
102.37
102.49
102.6
102.71
102.82
102.93
103.04
103.15
103.26
103.38
103.49
103.6
103.71
103.82
103.94
104.05
104.16
104.27
104.38
104.5
104.61
104.72
104.84
104.95
105.06
105.18
105.29
105.4
105.52
105.63
105.74
105.86
105.97
106.09
106.2
106.32
106.43
106.55
106.66
106.78
106.89
107.01
107.13
107.24
107.36
107.48
107.59
107.71
107.83
107.94
108.06
108.18
108.3
108.41
108.53
108.65
108.77
108.89
109.01
109.12
109.24
109.36
109.48
109.6
109.72
109.84
109.96
110.08
110.2
110.32
110.45
110.57
110.69
110.81
110.93
111.05
111.18
111.27
111.53
99.738
99.843
99.946
100.06
100.17
100.28
100.39
100.5
100.61
100.72
100.83
100.94
101.05
101.16
101.27
101.38
101.49
101.6
101.71
101.82
101.93
102.04
102.15
102.26
102.37
102.49
102.6
102.71
102.82
102.93
103.04
103.15
103.26
103.38
103.49
103.6
103.71
103.82
103.94
104.05
104.16
104.27
104.38
104.5
104.61
104.72
104.84
104.95
105.06
105.18
105.29
105.4
105.52
105.63
105.74
105.86
105.97
106.09
106.2
106.32
106.43
106.55
106.66
106.78
106.89
107.01
107.13
107.24
107.36
107.47
107.59
107.71
107.83
107.94
108.06
108.18
108.3
108.41
108.53
108.65
108.77
108.89
109.01
109.12
109.24
109.36
109.48
109.6
109.72
109.84
109.96
110.08
110.2
110.32
110.44
110.56
110.69
110.81
110.93
111.05
111.18
111.27
111.53
99.738
99.843
99.946
100.06
100.17
100.28
100.39
100.5
100.61
100.72
100.83
100.94
101.05
101.16
101.27
101.38
101.49
101.6
101.71
101.82
101.93
102.04
102.15
102.26
102.37
102.49
102.6
102.71
102.82
102.93
103.04
103.15
103.26
103.38
103.49
103.6
103.71
103.82
103.94
104.05
104.16
104.27
104.38
104.5
104.61
104.72
104.84
104.95
105.06
105.18
105.29
105.4
105.52
105.63
105.74
105.86
105.97
106.09
106.2
106.32
106.43
106.55
106.66
106.78
106.89
107.01
107.13
107.24
107.36
107.47
107.59
107.71
107.83
107.94
108.06
108.18
108.29
108.41
108.53
108.65
108.77
108.89
109
109.12
109.24
109.36
109.48
109.6
109.72
109.84
109.96
110.08
110.2
110.32
110.44
110.56
110.68
110.81
110.93
111.05
111.17
111.27
111.53
99.738
99.843
99.946
100.06
100.17
100.28
100.39
100.5
100.61
100.72
100.83
100.94
101.05
101.16
101.27
101.38
101.49
101.6
101.71
101.82
101.93
102.04
102.15
102.26
102.37
102.49
102.6
102.71
102.82
102.93
103.04
103.15
103.26
103.38
103.49
103.6
103.71
103.82
103.94
104.05
104.16
104.27
104.38
104.5
104.61
104.72
104.84
104.95
105.06
105.18
105.29
105.4
105.52
105.63
105.74
105.86
105.97
106.09
106.2
106.32
106.43
106.55
106.66
106.78
106.89
107.01
107.13
107.24
107.36
107.47
107.59
107.71
107.82
107.94
108.06
108.18
108.29
108.41
108.53
108.65
108.77
108.89
109
109.12
109.24
109.36
109.48
109.6
109.72
109.84
109.96
110.08
110.2
110.32
110.44
110.56
110.68
110.8
110.93
111.05
111.17
111.27
111.53
99.738
99.843
99.946
100.06
100.17
100.28
100.39
100.5
100.61
100.72
100.83
100.94
101.05
101.16
101.27
101.38
101.49
101.6
101.71
101.82
101.93
102.04
102.15
102.26
102.37
102.49
102.6
102.71
102.82
102.93
103.04
103.15
103.26
103.38
103.49
103.6
103.71
103.82
103.94
104.05
104.16
104.27
104.38
104.5
104.61
104.72
104.84
104.95
105.06
105.18
105.29
105.4
105.52
105.63
105.74
105.86
105.97
106.09
106.2
106.32
106.43
106.55
106.66
106.78
106.89
107.01
107.13
107.24
107.36
107.47
107.59
107.71
107.82
107.94
108.06
108.18
108.29
108.41
108.53
108.65
108.77
108.89
109
109.12
109.24
109.36
109.48
109.6
109.72
109.84
109.96
110.08
110.2
110.32
110.44
110.56
110.68
110.8
110.92
111.05
111.17
111.26
111.53
99.738
99.843
99.946
100.06
100.17
100.28
100.39
100.5
100.61
100.72
100.83
100.94
101.05
101.16
101.27
101.38
101.49
101.6
101.71
101.82
101.93
102.04
102.15
102.26
102.37
102.49
102.6
102.71
102.82
102.93
103.04
103.15
103.26
103.38
103.49
103.6
103.71
103.82
103.94
104.05
104.16
104.27
104.38
104.5
104.61
104.72
104.84
104.95
105.06
105.18
105.29
105.4
105.52
105.63
105.74
105.86
105.97
106.09
106.2
106.32
106.43
106.55
106.66
106.78
106.89
107.01
107.13
107.24
107.36
107.47
107.59
107.71
107.82
107.94
108.06
108.18
108.29
108.41
108.53
108.65
108.77
108.88
109
109.12
109.24
109.36
109.48
109.6
109.72
109.84
109.96
110.08
110.2
110.32
110.44
110.56
110.68
110.8
110.92
111.05
111.17
111.26
111.53
99.738
99.843
99.946
100.06
100.17
100.28
100.39
100.5
100.61
100.72
100.83
100.94
101.05
101.16
101.27
101.38
101.49
101.6
101.71
101.82
101.93
102.04
102.15
102.26
102.37
102.49
102.6
102.71
102.82
102.93
103.04
103.15
103.26
103.38
103.49
103.6
103.71
103.82
103.94
104.05
104.16
104.27
104.38
104.5
104.61
104.72
104.84
104.95
105.06
105.18
105.29
105.4
105.52
105.63
105.74
105.86
105.97
106.09
106.2
106.32
106.43
106.55
106.66
106.78
106.89
107.01
107.13
107.24
107.36
107.47
107.59
107.71
107.82
107.94
108.06
108.18
108.29
108.41
108.53
108.65
108.77
108.88
109
109.12
109.24
109.36
109.48
109.6
109.72
109.84
109.96
110.08
110.2
110.32
110.44
110.56
110.68
110.8
110.92
111.04
111.17
111.26
111.53
99.738
99.843
99.946
100.06
100.17
100.28
100.39
100.5
100.61
100.72
100.83
100.94
101.05
101.16
101.27
101.38
101.49
101.6
101.71
101.82
101.93
102.04
102.15
102.26
102.37
102.49
102.6
102.71
102.82
102.93
103.04
103.15
103.26
103.38
103.49
103.6
103.71
103.82
103.94
104.05
104.16
104.27
104.38
104.5
104.61
104.72
104.84
104.95
105.06
105.18
105.29
105.4
105.52
105.63
105.74
105.86
105.97
106.09
106.2
106.32
106.43
106.55
106.66
106.78
106.89
107.01
107.12
107.24
107.36
107.47
107.59
107.71
107.82
107.94
108.06
108.18
108.29
108.41
108.53
108.65
108.77
108.88
109
109.12
109.24
109.36
109.48
109.6
109.72
109.84
109.96
110.08
110.2
110.32
110.44
110.56
110.68
110.8
110.92
111.04
111.17
111.26
111.53
99.738
99.843
99.946
100.06
100.17
100.28
100.39
100.5
100.61
100.72
100.83
100.94
101.05
101.16
101.27
101.38
101.49
101.6
101.71
101.82
101.93
102.04
102.15
102.26
102.37
102.49
102.6
102.71
102.82
102.93
103.04
103.15
103.26
103.38
103.49
103.6
103.71
103.82
103.94
104.05
104.16
104.27
104.38
104.5
104.61
104.72
104.84
104.95
105.06
105.18
105.29
105.4
105.52
105.63
105.74
105.86
105.97
106.09
106.2
106.32
106.43
106.55
106.66
106.78
106.89
107.01
107.12
107.24
107.36
107.47
107.59
107.71
107.82
107.94
108.06
108.18
108.29
108.41
108.53
108.65
108.76
108.88
109
109.12
109.24
109.36
109.48
109.6
109.72
109.84
109.96
110.08
110.2
110.32
110.44
110.56
110.68
110.8
110.92
111.04
111.17
111.26
111.53
99.738
99.843
99.946
100.06
100.17
100.28
100.39
100.5
100.61
100.72
100.83
100.94
101.05
101.16
101.27
101.38
101.49
101.6
101.71
101.82
101.93
102.04
102.15
102.26
102.37
102.49
102.6
102.71
102.82
102.93
103.04
103.15
103.26
103.38
103.49
103.6
103.71
103.82
103.94
104.05
104.16
104.27
104.38
104.5
104.61
104.72
104.84
104.95
105.06
105.18
105.29
105.4
105.52
105.63
105.74
105.86
105.97
106.09
106.2
106.32
106.43
106.55
106.66
106.78
106.89
107.01
107.12
107.24
107.36
107.47
107.59
107.71
107.82
107.94
108.06
108.17
108.29
108.41
108.53
108.65
108.76
108.88
109
109.12
109.24
109.36
109.48
109.6
109.72
109.84
109.96
110.08
110.2
110.32
110.44
110.56
110.68
110.8
110.92
111.04
111.17
111.26
111.53
99.738
99.843
99.946
100.06
100.17
100.28
100.39
100.5
100.61
100.72
100.83
100.94
101.05
101.16
101.27
101.38
101.49
101.6
101.71
101.82
101.93
102.04
102.15
102.26
102.37
102.49
102.6
102.71
102.82
102.93
103.04
103.15
103.26
103.38
103.49
103.6
103.71
103.82
103.94
104.05
104.16
104.27
104.38
104.5
104.61
104.72
104.84
104.95
105.06
105.18
105.29
105.4
105.52
105.63
105.74
105.86
105.97
106.09
106.2
106.32
106.43
106.55
106.66
106.78
106.89
107.01
107.12
107.24
107.36
107.47
107.59
107.71
107.82
107.94
108.06
108.17
108.29
108.41
108.53
108.65
108.76
108.88
109
109.12
109.24
109.36
109.48
109.6
109.72
109.84
109.96
110.08
110.2
110.32
110.44
110.56
110.68
110.8
110.92
111.04
111.17
111.26
111.52
99.738
99.843
99.946
100.06
100.17
100.28
100.39
100.5
100.61
100.72
100.83
100.94
101.05
101.16
101.27
101.38
101.49
101.6
101.71
101.82
101.93
102.04
102.15
102.26
102.37
102.49
102.6
102.71
102.82
102.93
103.04
103.15
103.26
103.38
103.49
103.6
103.71
103.82
103.94
104.05
104.16
104.27
104.38
104.5
104.61
104.72
104.84
104.95
105.06
105.18
105.29
105.4
105.52
105.63
105.74
105.86
105.97
106.09
106.2
106.32
106.43
106.55
106.66
106.78
106.89
107.01
107.12
107.24
107.36
107.47
107.59
107.71
107.82
107.94
108.06
108.17
108.29
108.41
108.53
108.65
108.76
108.88
109
109.12
109.24
109.36
109.48
109.6
109.72
109.83
109.95
110.07
110.19
110.32
110.44
110.56
110.68
110.8
110.92
111.04
111.17
111.26
111.52
99.738
99.843
99.946
100.06
100.17
100.28
100.39
100.5
100.61
100.72
100.83
100.94
101.05
101.16
101.27
101.38
101.49
101.6
101.71
101.82
101.93
102.04
102.15
102.26
102.37
102.49
102.6
102.71
102.82
102.93
103.04
103.15
103.26
103.38
103.49
103.6
103.71
103.82
103.94
104.05
104.16
104.27
104.38
104.5
104.61
104.72
104.84
104.95
105.06
105.18
105.29
105.4
105.52
105.63
105.74
105.86
105.97
106.09
106.2
106.32
106.43
106.55
106.66
106.78
106.89
107.01
107.12
107.24
107.36
107.47
107.59
107.71
107.82
107.94
108.06
108.17
108.29
108.41
108.53
108.65
108.76
108.88
109
109.12
109.24
109.36
109.48
109.6
109.71
109.83
109.95
110.07
110.19
110.31
110.44
110.56
110.68
110.8
110.92
111.04
111.17
111.26
111.52
99.738
99.843
99.946
100.06
100.17
100.28
100.39
100.5
100.61
100.72
100.83
100.94
101.05
101.16
101.27
101.38
101.49
101.6
101.71
101.82
101.93
102.04
102.15
102.26
102.37
102.49
102.6
102.71
102.82
102.93
103.04
103.15
103.26
103.38
103.49
103.6
103.71
103.82
103.94
104.05
104.16
104.27
104.38
104.5
104.61
104.72
104.84
104.95
105.06
105.18
105.29
105.4
105.52
105.63
105.74
105.86
105.97
106.09
106.2
106.32
106.43
106.55
106.66
106.78
106.89
107.01
107.12
107.24
107.36
107.47
107.59
107.71
107.82
107.94
108.06
108.17
108.29
108.41
108.53
108.64
108.76
108.88
109
109.12
109.24
109.36
109.48
109.59
109.71
109.83
109.95
110.07
110.19
110.31
110.43
110.56
110.68
110.8
110.92
111.04
111.16
111.26
111.52
99.738
99.843
99.946
100.06
100.17
100.28
100.39
100.5
100.61
100.72
100.83
100.94
101.05
101.16
101.27
101.38
101.49
101.6
101.71
101.82
101.93
102.04
102.15
102.26
102.37
102.49
102.6
102.71
102.82
102.93
103.04
103.15
103.26
103.38
103.49
103.6
103.71
103.82
103.94
104.05
104.16
104.27
104.38
104.5
104.61
104.72
104.84
104.95
105.06
105.18
105.29
105.4
105.52
105.63
105.74
105.86
105.97
106.09
106.2
106.32
106.43
106.55
106.66
106.78
106.89
107.01
107.12
107.24
107.36
107.47
107.59
107.71
107.82
107.94
108.06
108.17
108.29
108.41
108.53
108.64
108.76
108.88
109
109.12
109.24
109.36
109.48
109.59
109.71
109.83
109.95
110.07
110.19
110.31
110.43
110.55
110.68
110.8
110.92
111.04
111.16
111.26
111.52
99.738
99.843
99.946
100.06
100.17
100.28
100.39
100.5
100.61
100.72
100.83
100.94
101.05
101.16
101.27
101.38
101.49
101.6
101.71
101.82
101.93
102.04
102.15
102.26
102.37
102.49
102.6
102.71
102.82
102.93
103.04
103.15
103.26
103.38
103.49
103.6
103.71
103.82
103.94
104.05
104.16
104.27
104.38
104.5
104.61
104.72
104.84
104.95
105.06
105.18
105.29
105.4
105.52
105.63
105.74
105.86
105.97
106.09
106.2
106.32
106.43
106.55
106.66
106.78
106.89
107.01
107.12
107.24
107.36
107.47
107.59
107.71
107.82
107.94
108.06
108.17
108.29
108.41
108.53
108.64
108.76
108.88
109
109.12
109.24
109.36
109.47
109.59
109.71
109.83
109.95
110.07
110.19
110.31
110.43
110.55
110.68
110.8
110.92
111.04
111.16
111.26
111.52
99.738
99.843
99.946
100.06
100.17
100.28
100.39
100.5
100.61
100.72
100.83
100.94
101.05
101.16
101.27
101.38
101.49
101.6
101.71
101.82
101.93
102.04
102.15
102.26
102.37
102.49
102.6
102.71
102.82
102.93
103.04
103.15
103.26
103.38
103.49
103.6
103.71
103.82
103.94
104.05
104.16
104.27
104.38
104.5
104.61
104.72
104.84
104.95
105.06
105.18
105.29
105.4
105.52
105.63
105.74
105.86
105.97
106.09
106.2
106.32
106.43
106.55
106.66
106.78
106.89
107.01
107.12
107.24
107.36
107.47
107.59
107.71
107.82
107.94
108.06
108.17
108.29
108.41
108.53
108.64
108.76
108.88
109
109.12
109.24
109.36
109.47
109.59
109.71
109.83
109.95
110.07
110.19
110.31
110.43
110.55
110.67
110.8
110.92
111.04
111.16
111.26
111.52
99.738
99.843
99.946
100.06
100.17
100.28
100.39
100.5
100.61
100.72
100.83
100.94
101.05
101.16
101.27
101.38
101.49
101.6
101.71
101.82
101.93
102.04
102.15
102.26
102.37
102.49
102.6
102.71
102.82
102.93
103.04
103.15
103.26
103.38
103.49
103.6
103.71
103.82
103.94
104.05
104.16
104.27
104.38
104.5
104.61
104.72
104.84
104.95
105.06
105.18
105.29
105.4
105.52
105.63
105.74
105.86
105.97
106.09
106.2
106.32
106.43
106.55
106.66
106.78
106.89
107.01
107.12
107.24
107.36
107.47
107.59
107.7
107.82
107.94
108.06
108.17
108.29
108.41
108.53
108.64
108.76
108.88
109
109.12
109.24
109.35
109.47
109.59
109.71
109.83
109.95
110.07
110.19
110.31
110.43
110.55
110.67
110.8
110.92
111.04
111.16
111.25
111.52
99.738
99.843
99.946
100.06
100.17
100.28
100.39
100.5
100.61
100.72
100.83
100.94
101.05
101.16
101.27
101.38
101.49
101.6
101.71
101.82
101.93
102.04
102.15
102.26
102.37
102.49
102.6
102.71
102.82
102.93
103.04
103.15
103.26
103.38
103.49
103.6
103.71
103.82
103.94
104.05
104.16
104.27
104.38
104.5
104.61
104.72
104.84
104.95
105.06
105.18
105.29
105.4
105.52
105.63
105.74
105.86
105.97
106.09
106.2
106.32
106.43
106.55
106.66
106.78
106.89
107.01
107.12
107.24
107.36
107.47
107.59
107.7
107.82
107.94
108.06
108.17
108.29
108.41
108.53
108.64
108.76
108.88
109
109.12
109.24
109.35
109.47
109.59
109.71
109.83
109.95
110.07
110.19
110.31
110.43
110.55
110.67
110.79
110.92
111.04
111.16
111.25
111.52
99.738
99.843
99.946
100.06
100.17
100.28
100.39
100.5
100.61
100.72
100.83
100.94
101.05
101.16
101.27
101.38
101.49
101.6
101.71
101.82
101.93
102.04
102.15
102.26
102.37
102.49
102.6
102.71
102.82
102.93
103.04
103.15
103.26
103.38
103.49
103.6
103.71
103.82
103.94
104.05
104.16
104.27
104.38
104.5
104.61
104.72
104.84
104.95
105.06
105.18
105.29
105.4
105.52
105.63
105.74
105.86
105.97
106.09
106.2
106.32
106.43
106.55
106.66
106.78
106.89
107.01
107.12
107.24
107.36
107.47
107.59
107.7
107.82
107.94
108.06
108.17
108.29
108.41
108.53
108.64
108.76
108.88
109
109.12
109.24
109.35
109.47
109.59
109.71
109.83
109.95
110.07
110.19
110.31
110.43
110.55
110.67
110.79
110.92
111.04
111.16
111.25
111.52
99.738
99.843
99.946
100.06
100.17
100.28
100.39
100.5
100.61
100.72
100.83
100.94
101.05
101.16
101.27
101.38
101.49
101.6
101.71
101.82
101.93
102.04
102.15
102.26
102.37
102.49
102.6
102.71
102.82
102.93
103.04
103.15
103.26
103.38
103.49
103.6
103.71
103.82
103.94
104.05
104.16
104.27
104.38
104.5
104.61
104.72
104.84
104.95
105.06
105.18
105.29
105.4
105.52
105.63
105.74
105.86
105.97
106.09
106.2
106.32
106.43
106.55
106.66
106.78
106.89
107.01
107.12
107.24
107.36
107.47
107.59
107.7
107.82
107.94
108.06
108.17
108.29
108.41
108.53
108.64
108.76
108.88
109
109.12
109.24
109.35
109.47
109.59
109.71
109.83
109.95
110.07
110.19
110.31
110.43
110.55
110.67
110.79
110.92
111.04
111.16
111.25
111.52
99.738
99.843
99.946
100.06
100.17
100.28
100.39
100.5
100.61
100.72
100.83
100.94
101.05
101.16
101.27
101.38
101.49
101.6
101.71
101.82
101.93
102.04
102.15
102.26
102.37
102.49
102.6
102.71
102.82
102.93
103.04
103.15
103.26
103.38
103.49
103.6
103.71
103.82
103.94
104.05
104.16
104.27
104.38
104.5
104.61
104.72
104.84
104.95
105.06
105.18
105.29
105.4
105.52
105.63
105.74
105.86
105.97
106.09
106.2
106.32
106.43
106.55
106.66
106.78
106.89
107.01
107.12
107.24
107.36
107.47
107.59
107.7
107.82
107.94
108.06
108.17
108.29
108.41
108.53
108.64
108.76
108.88
109
109.12
109.24
109.35
109.47
109.59
109.71
109.83
109.95
110.07
110.19
110.31
110.43
110.55
110.67
110.79
110.91
111.04
111.16
111.25
111.52
99.738
99.843
99.946
100.06
100.17
100.28
100.39
100.5
100.61
100.72
100.83
100.94
101.05
101.16
101.27
101.38
101.49
101.6
101.71
101.82
101.93
102.04
102.15
102.26
102.37
102.49
102.6
102.71
102.82
102.93
103.04
103.15
103.26
103.38
103.49
103.6
103.71
103.82
103.94
104.05
104.16
104.27
104.38
104.5
104.61
104.72
104.84
104.95
105.06
105.18
105.29
105.4
105.52
105.63
105.74
105.86
105.97
106.09
106.2
106.32
106.43
106.55
106.66
106.78
106.89
107.01
107.12
107.24
107.36
107.47
107.59
107.7
107.82
107.94
108.06
108.17
108.29
108.41
108.52
108.64
108.76
108.88
109
109.12
109.23
109.35
109.47
109.59
109.71
109.83
109.95
110.07
110.19
110.31
110.43
110.55
110.67
110.79
110.91
111.04
111.16
111.25
111.52
99.738
99.843
99.946
100.06
100.17
100.28
100.39
100.5
100.61
100.72
100.83
100.94
101.05
101.16
101.27
101.38
101.49
101.6
101.71
101.82
101.93
102.04
102.15
102.26
102.37
102.49
102.6
102.71
102.82
102.93
103.04
103.15
103.26
103.38
103.49
103.6
103.71
103.82
103.94
104.05
104.16
104.27
104.38
104.5
104.61
104.72
104.84
104.95
105.06
105.18
105.29
105.4
105.52
105.63
105.74
105.86
105.97
106.09
106.2
106.32
106.43
106.55
106.66
106.78
106.89
107.01
107.12
107.24
107.35
107.47
107.59
107.7
107.82
107.94
108.05
108.17
108.29
108.41
108.52
108.64
108.76
108.88
109
109.12
109.23
109.35
109.47
109.59
109.71
109.83
109.95
110.07
110.19
110.31
110.43
110.55
110.67
110.79
110.91
111.04
111.16
111.25
111.52
99.738
99.843
99.946
100.06
100.17
100.28
100.39
100.5
100.61
100.72
100.83
100.94
101.05
101.16
101.27
101.38
101.49
101.6
101.71
101.82
101.93
102.04
102.15
102.26
102.37
102.49
102.6
102.71
102.82
102.93
103.04
103.15
103.26
103.38
103.49
103.6
103.71
103.82
103.94
104.05
104.16
104.27
104.38
104.5
104.61
104.72
104.84
104.95
105.06
105.17
105.29
105.4
105.52
105.63
105.74
105.86
105.97
106.09
106.2
106.32
106.43
106.55
106.66
106.78
106.89
107.01
107.12
107.24
107.35
107.47
107.59
107.7
107.82
107.94
108.05
108.17
108.29
108.41
108.52
108.64
108.76
108.88
109
109.12
109.23
109.35
109.47
109.59
109.71
109.83
109.95
110.07
110.19
110.31
110.43
110.55
110.67
110.79
110.91
111.04
111.16
111.25
111.52
99.738
99.843
99.946
100.06
100.17
100.28
100.39
100.5
100.61
100.72
100.83
100.94
101.05
101.16
101.27
101.38
101.49
101.6
101.71
101.82
101.93
102.04
102.15
102.26
102.37
102.49
102.6
102.71
102.82
102.93
103.04
103.15
103.26
103.38
103.49
103.6
103.71
103.82
103.94
104.05
104.16
104.27
104.38
104.5
104.61
104.72
104.84
104.95
105.06
105.17
105.29
105.4
105.52
105.63
105.74
105.86
105.97
106.09
106.2
106.32
106.43
106.55
106.66
106.78
106.89
107.01
107.12
107.24
107.35
107.47
107.59
107.7
107.82
107.94
108.05
108.17
108.29
108.41
108.52
108.64
108.76
108.88
109
109.12
109.23
109.35
109.47
109.59
109.71
109.83
109.95
110.07
110.19
110.31
110.43
110.55
110.67
110.79
110.91
111.04
111.16
111.25
111.52
99.738
99.843
99.946
100.06
100.17
100.28
100.39
100.5
100.61
100.72
100.83
100.94
101.05
101.16
101.27
101.38
101.49
101.6
101.71
101.82
101.93
102.04
102.15
102.26
102.37
102.49
102.6
102.71
102.82
102.93
103.04
103.15
103.26
103.38
103.49
103.6
103.71
103.82
103.93
104.05
104.16
104.27
104.38
104.5
104.61
104.72
104.84
104.95
105.06
105.17
105.29
105.4
105.52
105.63
105.74
105.86
105.97
106.09
106.2
106.32
106.43
106.55
106.66
106.78
106.89
107.01
107.12
107.24
107.35
107.47
107.59
107.7
107.82
107.94
108.05
108.17
108.29
108.41
108.52
108.64
108.76
108.88
109
109.12
109.23
109.35
109.47
109.59
109.71
109.83
109.95
110.07
110.19
110.31
110.43
110.55
110.67
110.79
110.91
111.04
111.16
111.25
111.52
99.738
99.843
99.946
100.06
100.17
100.28
100.39
100.5
100.61
100.72
100.83
100.94
101.05
101.16
101.27
101.38
101.49
101.6
101.71
101.82
101.93
102.04
102.15
102.26
102.37
102.49
102.6
102.71
102.82
102.93
103.04
103.15
103.26
103.38
103.49
103.6
103.71
103.82
103.93
104.05
104.16
104.27
104.38
104.5
104.61
104.72
104.84
104.95
105.06
105.17
105.29
105.4
105.52
105.63
105.74
105.86
105.97
106.09
106.2
106.32
106.43
106.55
106.66
106.78
106.89
107.01
107.12
107.24
107.35
107.47
107.59
107.7
107.82
107.94
108.05
108.17
108.29
108.41
108.52
108.64
108.76
108.88
109
109.12
109.23
109.35
109.47
109.59
109.71
109.83
109.95
110.07
110.19
110.31
110.43
110.55
110.67
110.79
110.91
111.03
111.16
111.25
111.52
99.738
99.843
99.946
100.06
100.17
100.28
100.39
100.5
100.61
100.72
100.83
100.94
101.05
101.16
101.27
101.38
101.49
101.6
101.71
101.82
101.93
102.04
102.15
102.26
102.37
102.49
102.6
102.71
102.82
102.93
103.04
103.15
103.26
103.38
103.49
103.6
103.71
103.82
103.93
104.05
104.16
104.27
104.38
104.5
104.61
104.72
104.84
104.95
105.06
105.17
105.29
105.4
105.52
105.63
105.74
105.86
105.97
106.09
106.2
106.32
106.43
106.55
106.66
106.78
106.89
107.01
107.12
107.24
107.35
107.47
107.59
107.7
107.82
107.94
108.05
108.17
108.29
108.41
108.52
108.64
108.76
108.88
109
109.12
109.23
109.35
109.47
109.59
109.71
109.83
109.95
110.07
110.19
110.31
110.43
110.55
110.67
110.79
110.91
111.03
111.16
111.25
111.52
99.738
99.843
99.946
100.06
100.17
100.28
100.39
100.5
100.61
100.72
100.83
100.94
101.05
101.16
101.27
101.38
101.49
101.6
101.71
101.82
101.93
102.04
102.15
102.26
102.37
102.49
102.6
102.71
102.82
102.93
103.04
103.15
103.26
103.38
103.49
103.6
103.71
103.82
103.93
104.05
104.16
104.27
104.38
104.5
104.61
104.72
104.84
104.95
105.06
105.17
105.29
105.4
105.52
105.63
105.74
105.86
105.97
106.09
106.2
106.32
106.43
106.55
106.66
106.78
106.89
107.01
107.12
107.24
107.35
107.47
107.59
107.7
107.82
107.94
108.05
108.17
108.29
108.41
108.52
108.64
108.76
108.88
109
109.12
109.23
109.35
109.47
109.59
109.71
109.83
109.95
110.07
110.19
110.31
110.43
110.55
110.67
110.79
110.91
111.03
111.16
111.25
111.52
99.738
99.843
99.946
100.06
100.17
100.28
100.39
100.5
100.61
100.72
100.83
100.94
101.05
101.16
101.27
101.38
101.49
101.6
101.71
101.82
101.93
102.04
102.15
102.26
102.37
102.49
102.6
102.71
102.82
102.93
103.04
103.15
103.26
103.38
103.49
103.6
103.71
103.82
103.93
104.05
104.16
104.27
104.38
104.5
104.61
104.72
104.84
104.95
105.06
105.17
105.29
105.4
105.52
105.63
105.74
105.86
105.97
106.09
106.2
106.32
106.43
106.55
106.66
106.78
106.89
107.01
107.12
107.24
107.35
107.47
107.59
107.7
107.82
107.94
108.05
108.17
108.29
108.41
108.52
108.64
108.76
108.88
109
109.12
109.23
109.35
109.47
109.59
109.71
109.83
109.95
110.07
110.19
110.31
110.43
110.55
110.67
110.79
110.91
111.03
111.16
111.25
111.52
99.738
99.843
99.946
100.06
100.17
100.28
100.39
100.5
100.61
100.72
100.83
100.94
101.05
101.16
101.27
101.38
101.49
101.6
101.71
101.82
101.93
102.04
102.15
102.26
102.37
102.49
102.6
102.71
102.82
102.93
103.04
103.15
103.26
103.38
103.49
103.6
103.71
103.82
103.93
104.05
104.16
104.27
104.38
104.5
104.61
104.72
104.84
104.95
105.06
105.17
105.29
105.4
105.52
105.63
105.74
105.86
105.97
106.09
106.2
106.32
106.43
106.55
106.66
106.78
106.89
107.01
107.12
107.24
107.35
107.47
107.59
107.7
107.82
107.94
108.05
108.17
108.29
108.41
108.52
108.64
108.76
108.88
109
109.12
109.23
109.35
109.47
109.59
109.71
109.83
109.95
110.07
110.19
110.31
110.43
110.55
110.67
110.79
110.91
111.03
111.16
111.25
111.52
99.738
99.843
99.946
100.06
100.17
100.28
100.39
100.5
100.61
100.72
100.83
100.94
101.05
101.16
101.27
101.38
101.49
101.6
101.71
101.82
101.93
102.04
102.15
102.26
102.37
102.49
102.6
102.71
102.82
102.93
103.04
103.15
103.26
103.38
103.49
103.6
103.71
103.82
103.93
104.05
104.16
104.27
104.38
104.5
104.61
104.72
104.84
104.95
105.06
105.17
105.29
105.4
105.52
105.63
105.74
105.86
105.97
106.09
106.2
106.32
106.43
106.55
106.66
106.78
106.89
107.01
107.12
107.24
107.35
107.47
107.59
107.7
107.82
107.94
108.05
108.17
108.29
108.41
108.52
108.64
108.76
108.88
109
109.12
109.23
109.35
109.47
109.59
109.71
109.83
109.95
110.07
110.19
110.31
110.43
110.55
110.67
110.79
110.91
111.03
111.16
111.25
111.52
99.738
99.843
99.946
100.06
100.17
100.28
100.39
100.5
100.61
100.72
100.83
100.94
101.05
101.16
101.27
101.38
101.49
101.6
101.71
101.82
101.93
102.04
102.15
102.26
102.37
102.49
102.6
102.71
102.82
102.93
103.04
103.15
103.26
103.38
103.49
103.6
103.71
103.82
103.93
104.05
104.16
104.27
104.38
104.5
104.61
104.72
104.84
104.95
105.06
105.17
105.29
105.4
105.52
105.63
105.74
105.86
105.97
106.09
106.2
106.32
106.43
106.55
106.66
106.78
106.89
107.01
107.12
107.24
107.35
107.47
107.59
107.7
107.82
107.94
108.05
108.17
108.29
108.41
108.52
108.64
108.76
108.88
109
109.12
109.23
109.35
109.47
109.59
109.71
109.83
109.95
110.07
110.19
110.31
110.43
110.55
110.67
110.79
110.91
111.04
111.16
111.25
111.52
99.738
99.843
99.946
100.06
100.17
100.28
100.39
100.5
100.61
100.72
100.83
100.94
101.05
101.16
101.27
101.38
101.49
101.6
101.71
101.82
101.93
102.04
102.15
102.26
102.37
102.49
102.6
102.71
102.82
102.93
103.04
103.15
103.26
103.38
103.49
103.6
103.71
103.82
103.94
104.05
104.16
104.27
104.38
104.5
104.61
104.72
104.84
104.95
105.06
105.17
105.29
105.4
105.52
105.63
105.74
105.86
105.97
106.09
106.2
106.32
106.43
106.55
106.66
106.78
106.89
107.01
107.12
107.24
107.35
107.47
107.59
107.7
107.82
107.94
108.05
108.17
108.29
108.41
108.52
108.64
108.76
108.88
109
109.12
109.23
109.35
109.47
109.59
109.71
109.83
109.95
110.07
110.19
110.31
110.43
110.55
110.67
110.79
110.91
111.04
111.16
111.25
111.52
99.738
99.843
99.946
100.06
100.17
100.28
100.39
100.5
100.61
100.72
100.83
100.94
101.05
101.16
101.27
101.38
101.49
101.6
101.71
101.82
101.93
102.04
102.15
102.26
102.37
102.49
102.6
102.71
102.82
102.93
103.04
103.15
103.26
103.38
103.49
103.6
103.71
103.82
103.94
104.05
104.16
104.27
104.38
104.5
104.61
104.72
104.84
104.95
105.06
105.17
105.29
105.4
105.52
105.63
105.74
105.86
105.97
106.09
106.2
106.32
106.43
106.55
106.66
106.78
106.89
107.01
107.12
107.24
107.35
107.47
107.59
107.7
107.82
107.94
108.05
108.17
108.29
108.41
108.52
108.64
108.76
108.88
109
109.12
109.23
109.35
109.47
109.59
109.71
109.83
109.95
110.07
110.19
110.31
110.43
110.55
110.67
110.79
110.91
111.04
111.16
111.25
111.52
99.738
99.843
99.946
100.06
100.17
100.28
100.39
100.5
100.61
100.72
100.83
100.94
101.05
101.16
101.27
101.38
101.49
101.6
101.71
101.82
101.93
102.04
102.15
102.26
102.37
102.49
102.6
102.71
102.82
102.93
103.04
103.15
103.26
103.38
103.49
103.6
103.71
103.82
103.94
104.05
104.16
104.27
104.38
104.5
104.61
104.72
104.84
104.95
105.06
105.18
105.29
105.4
105.52
105.63
105.74
105.86
105.97
106.09
106.2
106.32
106.43
106.55
106.66
106.78
106.89
107.01
107.12
107.24
107.35
107.47
107.59
107.7
107.82
107.94
108.05
108.17
108.29
108.41
108.52
108.64
108.76
108.88
109
109.12
109.23
109.35
109.47
109.59
109.71
109.83
109.95
110.07
110.19
110.31
110.43
110.55
110.67
110.79
110.91
111.04
111.16
111.25
111.52
99.738
99.843
99.946
100.06
100.17
100.28
100.39
100.5
100.61
100.72
100.83
100.94
101.05
101.16
101.27
101.38
101.49
101.6
101.71
101.82
101.93
102.04
102.15
102.26
102.37
102.49
102.6
102.71
102.82
102.93
103.04
103.15
103.26
103.38
103.49
103.6
103.71
103.82
103.94
104.05
104.16
104.27
104.38
104.5
104.61
104.72
104.84
104.95
105.06
105.18
105.29
105.4
105.52
105.63
105.74
105.86
105.97
106.09
106.2
106.32
106.43
106.55
106.66
106.78
106.89
107.01
107.12
107.24
107.36
107.47
107.59
107.7
107.82
107.94
108.06
108.17
108.29
108.41
108.52
108.64
108.76
108.88
109
109.12
109.23
109.35
109.47
109.59
109.71
109.83
109.95
110.07
110.19
110.31
110.43
110.55
110.67
110.79
110.91
111.04
111.16
111.25
111.52
99.738
99.843
99.946
100.06
100.17
100.28
100.39
100.5
100.61
100.72
100.83
100.94
101.05
101.16
101.27
101.38
101.49
101.6
101.71
101.82
101.93
102.04
102.15
102.26
102.37
102.49
102.6
102.71
102.82
102.93
103.04
103.15
103.26
103.38
103.49
103.6
103.71
103.82
103.94
104.05
104.16
104.27
104.38
104.5
104.61
104.72
104.84
104.95
105.06
105.18
105.29
105.4
105.52
105.63
105.74
105.86
105.97
106.09
106.2
106.32
106.43
106.55
106.66
106.78
106.89
107.01
107.12
107.24
107.36
107.47
107.59
107.7
107.82
107.94
108.06
108.17
108.29
108.41
108.53
108.64
108.76
108.88
109
109.12
109.24
109.35
109.47
109.59
109.71
109.83
109.95
110.07
110.19
110.31
110.43
110.55
110.67
110.79
110.91
111.04
111.16
111.25
111.52
99.738
99.843
99.946
100.06
100.17
100.28
100.39
100.5
100.61
100.72
100.83
100.94
101.05
101.16
101.27
101.38
101.49
101.6
101.71
101.82
101.93
102.04
102.15
102.26
102.37
102.49
102.6
102.71
102.82
102.93
103.04
103.15
103.26
103.38
103.49
103.6
103.71
103.82
103.94
104.05
104.16
104.27
104.38
104.5
104.61
104.72
104.84
104.95
105.06
105.18
105.29
105.4
105.52
105.63
105.74
105.86
105.97
106.09
106.2
106.32
106.43
106.55
106.66
106.78
106.89
107.01
107.12
107.24
107.36
107.47
107.59
107.7
107.82
107.94
108.06
108.17
108.29
108.41
108.53
108.64
108.76
108.88
109
109.12
109.24
109.35
109.47
109.59
109.71
109.83
109.95
110.07
110.19
110.31
110.43
110.55
110.67
110.79
110.92
111.04
111.16
111.25
111.52
99.738
99.843
99.946
100.06
100.17
100.28
100.39
100.5
100.61
100.72
100.83
100.94
101.05
101.16
101.27
101.38
101.49
101.6
101.71
101.82
101.93
102.04
102.15
102.26
102.37
102.49
102.6
102.71
102.82
102.93
103.04
103.15
103.26
103.38
103.49
103.6
103.71
103.82
103.94
104.05
104.16
104.27
104.38
104.5
104.61
104.72
104.84
104.95
105.06
105.18
105.29
105.4
105.52
105.63
105.74
105.86
105.97
106.09
106.2
106.32
106.43
106.55
106.66
106.78
106.89
107.01
107.12
107.24
107.36
107.47
107.59
107.7
107.82
107.94
108.06
108.17
108.29
108.41
108.53
108.64
108.76
108.88
109
109.12
109.24
109.35
109.47
109.59
109.71
109.83
109.95
110.07
110.19
110.31
110.43
110.55
110.67
110.79
110.92
111.04
111.16
111.25
111.52
99.738
99.843
99.946
100.06
100.17
100.28
100.39
100.5
100.61
100.72
100.83
100.94
101.05
101.16
101.27
101.38
101.49
101.6
101.71
101.82
101.93
102.04
102.15
102.26
102.37
102.49
102.6
102.71
102.82
102.93
103.04
103.15
103.26
103.38
103.49
103.6
103.71
103.82
103.94
104.05
104.16
104.27
104.38
104.5
104.61
104.72
104.84
104.95
105.06
105.18
105.29
105.4
105.52
105.63
105.74
105.86
105.97
106.09
106.2
106.32
106.43
106.55
106.66
106.78
106.89
107.01
107.12
107.24
107.36
107.47
107.59
107.7
107.82
107.94
108.06
108.17
108.29
108.41
108.53
108.64
108.76
108.88
109
109.12
109.24
109.35
109.47
109.59
109.71
109.83
109.95
110.07
110.19
110.31
110.43
110.55
110.67
110.79
110.92
111.04
111.16
111.25
111.52
99.738
99.843
99.946
100.06
100.17
100.28
100.39
100.5
100.61
100.72
100.83
100.94
101.05
101.16
101.27
101.38
101.49
101.6
101.71
101.82
101.93
102.04
102.15
102.26
102.37
102.49
102.6
102.71
102.82
102.93
103.04
103.15
103.26
103.38
103.49
103.6
103.71
103.82
103.94
104.05
104.16
104.27
104.38
104.5
104.61
104.72
104.84
104.95
105.06
105.18
105.29
105.4
105.52
105.63
105.74
105.86
105.97
106.09
106.2
106.32
106.43
106.55
106.66
106.78
106.89
107.01
107.12
107.24
107.36
107.47
107.59
107.7
107.82
107.94
108.06
108.17
108.29
108.41
108.53
108.64
108.76
108.88
109
109.12
109.24
109.35
109.47
109.59
109.71
109.83
109.95
110.07
110.19
110.31
110.43
110.55
110.67
110.8
110.92
111.04
111.16
111.25
111.52
99.738
99.843
99.946
100.06
100.17
100.28
100.39
100.5
100.61
100.72
100.83
100.94
101.05
101.16
101.27
101.38
101.49
101.6
101.71
101.82
101.93
102.04
102.15
102.26
102.37
102.49
102.6
102.71
102.82
102.93
103.04
103.15
103.26
103.38
103.49
103.6
103.71
103.82
103.94
104.05
104.16
104.27
104.38
104.5
104.61
104.72
104.84
104.95
105.06
105.18
105.29
105.4
105.52
105.63
105.74
105.86
105.97
106.09
106.2
106.32
106.43
106.55
106.66
106.78
106.89
107.01
107.12
107.24
107.36
107.47
107.59
107.71
107.82
107.94
108.06
108.17
108.29
108.41
108.53
108.64
108.76
108.88
109
109.12
109.24
109.36
109.47
109.59
109.71
109.83
109.95
110.07
110.19
110.31
110.43
110.55
110.67
110.8
110.92
111.04
111.16
111.26
111.52
99.738
99.843
99.946
100.06
100.17
100.28
100.39
100.5
100.61
100.72
100.83
100.94
101.05
101.16
101.27
101.38
101.49
101.6
101.71
101.82
101.93
102.04
102.15
102.26
102.37
102.49
102.6
102.71
102.82
102.93
103.04
103.15
103.26
103.38
103.49
103.6
103.71
103.82
103.94
104.05
104.16
104.27
104.38
104.5
104.61
104.72
104.84
104.95
105.06
105.18
105.29
105.4
105.52
105.63
105.74
105.86
105.97
106.09
106.2
106.32
106.43
106.55
106.66
106.78
106.89
107.01
107.12
107.24
107.36
107.47
107.59
107.71
107.82
107.94
108.06
108.17
108.29
108.41
108.53
108.64
108.76
108.88
109
109.12
109.24
109.36
109.47
109.59
109.71
109.83
109.95
110.07
110.19
110.31
110.43
110.55
110.68
110.8
110.92
111.04
111.16
111.26
111.52
99.738
99.843
99.946
100.06
100.17
100.28
100.39
100.5
100.61
100.72
100.83
100.94
101.05
101.16
101.27
101.38
101.49
101.6
101.71
101.82
101.93
102.04
102.15
102.26
102.37
102.49
102.6
102.71
102.82
102.93
103.04
103.15
103.26
103.38
103.49
103.6
103.71
103.82
103.94
104.05
104.16
104.27
104.38
104.5
104.61
104.72
104.84
104.95
105.06
105.18
105.29
105.4
105.52
105.63
105.74
105.86
105.97
106.09
106.2
106.32
106.43
106.55
106.66
106.78
106.89
107.01
107.12
107.24
107.36
107.47
107.59
107.71
107.82
107.94
108.06
108.17
108.29
108.41
108.53
108.64
108.76
108.88
109
109.12
109.24
109.36
109.48
109.59
109.71
109.83
109.95
110.07
110.19
110.31
110.43
110.55
110.68
110.8
110.92
111.04
111.16
111.26
111.52
99.738
99.843
99.946
100.06
100.17
100.28
100.39
100.5
100.61
100.72
100.83
100.94
101.05
101.16
101.27
101.38
101.49
101.6
101.71
101.82
101.93
102.04
102.15
102.26
102.37
102.49
102.6
102.71
102.82
102.93
103.04
103.15
103.26
103.38
103.49
103.6
103.71
103.82
103.94
104.05
104.16
104.27
104.38
104.5
104.61
104.72
104.84
104.95
105.06
105.18
105.29
105.4
105.52
105.63
105.74
105.86
105.97
106.09
106.2
106.32
106.43
106.55
106.66
106.78
106.89
107.01
107.12
107.24
107.36
107.47
107.59
107.71
107.82
107.94
108.06
108.17
108.29
108.41
108.53
108.64
108.76
108.88
109
109.12
109.24
109.36
109.48
109.59
109.71
109.83
109.95
110.07
110.19
110.31
110.43
110.56
110.68
110.8
110.92
111.04
111.16
111.26
111.52
99.738
99.843
99.946
100.06
100.17
100.28
100.39
100.5
100.61
100.72
100.83
100.94
101.05
101.16
101.27
101.38
101.49
101.6
101.71
101.82
101.93
102.04
102.15
102.26
102.37
102.49
102.6
102.71
102.82
102.93
103.04
103.15
103.26
103.38
103.49
103.6
103.71
103.82
103.94
104.05
104.16
104.27
104.38
104.5
104.61
104.72
104.84
104.95
105.06
105.18
105.29
105.4
105.52
105.63
105.74
105.86
105.97
106.09
106.2
106.32
106.43
106.55
106.66
106.78
106.89
107.01
107.12
107.24
107.36
107.47
107.59
107.71
107.82
107.94
108.06
108.17
108.29
108.41
108.53
108.65
108.76
108.88
109
109.12
109.24
109.36
109.48
109.6
109.71
109.83
109.95
110.07
110.19
110.31
110.44
110.56
110.68
110.8
110.92
111.04
111.17
111.26
111.52
99.738
99.843
99.946
100.06
100.17
100.28
100.39
100.5
100.61
100.72
100.83
100.94
101.05
101.16
101.27
101.38
101.49
101.6
101.71
101.82
101.93
102.04
102.15
102.26
102.37
102.49
102.6
102.71
102.82
102.93
103.04
103.15
103.26
103.38
103.49
103.6
103.71
103.82
103.94
104.05
104.16
104.27
104.38
104.5
104.61
104.72
104.84
104.95
105.06
105.18
105.29
105.4
105.52
105.63
105.74
105.86
105.97
106.09
106.2
106.32
106.43
106.55
106.66
106.78
106.89
107.01
107.12
107.24
107.36
107.47
107.59
107.71
107.82
107.94
108.06
108.17
108.29
108.41
108.53
108.65
108.76
108.88
109
109.12
109.24
109.36
109.48
109.6
109.72
109.83
109.95
110.07
110.19
110.32
110.44
110.56
110.68
110.8
110.92
111.04
111.17
111.26
111.52
99.738
99.843
99.946
100.06
100.17
100.28
100.39
100.5
100.61
100.72
100.83
100.94
101.05
101.16
101.27
101.38
101.49
101.6
101.71
101.82
101.93
102.04
102.15
102.26
102.37
102.49
102.6
102.71
102.82
102.93
103.04
103.15
103.26
103.38
103.49
103.6
103.71
103.82
103.94
104.05
104.16
104.27
104.38
104.5
104.61
104.72
104.84
104.95
105.06
105.18
105.29
105.4
105.52
105.63
105.74
105.86
105.97
106.09
106.2
106.32
106.43
106.55
106.66
106.78
106.89
107.01
107.12
107.24
107.36
107.47
107.59
107.71
107.82
107.94
108.06
108.17
108.29
108.41
108.53
108.65
108.76
108.88
109
109.12
109.24
109.36
109.48
109.6
109.72
109.84
109.96
110.08
110.2
110.32
110.44
110.56
110.68
110.8
110.92
111.04
111.17
111.26
111.52
99.738
99.843
99.946
100.06
100.17
100.28
100.39
100.5
100.61
100.72
100.83
100.94
101.05
101.16
101.27
101.38
101.49
101.6
101.71
101.82
101.93
102.04
102.15
102.26
102.37
102.49
102.6
102.71
102.82
102.93
103.04
103.15
103.26
103.38
103.49
103.6
103.71
103.82
103.94
104.05
104.16
104.27
104.38
104.5
104.61
104.72
104.84
104.95
105.06
105.18
105.29
105.4
105.52
105.63
105.74
105.86
105.97
106.09
106.2
106.32
106.43
106.55
106.66
106.78
106.89
107.01
107.12
107.24
107.36
107.47
107.59
107.71
107.82
107.94
108.06
108.17
108.29
108.41
108.53
108.65
108.76
108.88
109
109.12
109.24
109.36
109.48
109.6
109.72
109.84
109.96
110.08
110.2
110.32
110.44
110.56
110.68
110.8
110.92
111.04
111.17
111.26
111.53
99.738
99.843
99.946
100.06
100.17
100.28
100.39
100.5
100.61
100.72
100.83
100.94
101.05
101.16
101.27
101.38
101.49
101.6
101.71
101.82
101.93
102.04
102.15
102.26
102.37
102.49
102.6
102.71
102.82
102.93
103.04
103.15
103.26
103.38
103.49
103.6
103.71
103.82
103.94
104.05
104.16
104.27
104.38
104.5
104.61
104.72
104.84
104.95
105.06
105.18
105.29
105.4
105.52
105.63
105.74
105.86
105.97
106.09
106.2
106.32
106.43
106.55
106.66
106.78
106.89
107.01
107.12
107.24
107.36
107.47
107.59
107.71
107.82
107.94
108.06
108.18
108.29
108.41
108.53
108.65
108.76
108.88
109
109.12
109.24
109.36
109.48
109.6
109.72
109.84
109.96
110.08
110.2
110.32
110.44
110.56
110.68
110.8
110.92
111.04
111.17
111.26
111.53
99.738
99.843
99.946
100.06
100.17
100.28
100.39
100.5
100.61
100.72
100.83
100.94
101.05
101.16
101.27
101.38
101.49
101.6
101.71
101.82
101.93
102.04
102.15
102.26
102.37
102.49
102.6
102.71
102.82
102.93
103.04
103.15
103.26
103.38
103.49
103.6
103.71
103.82
103.94
104.05
104.16
104.27
104.38
104.5
104.61
104.72
104.84
104.95
105.06
105.18
105.29
105.4
105.52
105.63
105.74
105.86
105.97
106.09
106.2
106.32
106.43
106.55
106.66
106.78
106.89
107.01
107.12
107.24
107.36
107.47
107.59
107.71
107.82
107.94
108.06
108.18
108.29
108.41
108.53
108.65
108.77
108.88
109
109.12
109.24
109.36
109.48
109.6
109.72
109.84
109.96
110.08
110.2
110.32
110.44
110.56
110.68
110.8
110.92
111.04
111.17
111.26
111.53
99.738
99.843
99.946
100.06
100.17
100.28
100.39
100.5
100.61
100.72
100.83
100.94
101.05
101.16
101.27
101.38
101.49
101.6
101.71
101.82
101.93
102.04
102.15
102.26
102.37
102.49
102.6
102.71
102.82
102.93
103.04
103.15
103.26
103.38
103.49
103.6
103.71
103.82
103.94
104.05
104.16
104.27
104.38
104.5
104.61
104.72
104.84
104.95
105.06
105.18
105.29
105.4
105.52
105.63
105.74
105.86
105.97
106.09
106.2
106.32
106.43
106.55
106.66
106.78
106.89
107.01
107.13
107.24
107.36
107.47
107.59
107.71
107.82
107.94
108.06
108.18
108.29
108.41
108.53
108.65
108.77
108.88
109
109.12
109.24
109.36
109.48
109.6
109.72
109.84
109.96
110.08
110.2
110.32
110.44
110.56
110.68
110.8
110.92
111.04
111.17
111.26
111.53
99.738
99.843
99.946
100.06
100.17
100.28
100.39
100.5
100.61
100.72
100.83
100.94
101.05
101.16
101.27
101.38
101.49
101.6
101.71
101.82
101.93
102.04
102.15
102.26
102.37
102.49
102.6
102.71
102.82
102.93
103.04
103.15
103.26
103.38
103.49
103.6
103.71
103.82
103.94
104.05
104.16
104.27
104.38
104.5
104.61
104.72
104.84
104.95
105.06
105.18
105.29
105.4
105.52
105.63
105.74
105.86
105.97
106.09
106.2
106.32
106.43
106.55
106.66
106.78
106.89
107.01
107.13
107.24
107.36
107.47
107.59
107.71
107.82
107.94
108.06
108.18
108.29
108.41
108.53
108.65
108.77
108.88
109
109.12
109.24
109.36
109.48
109.6
109.72
109.84
109.96
110.08
110.2
110.32
110.44
110.56
110.68
110.8
110.92
111.05
111.17
111.26
111.53
99.738
99.843
99.946
100.06
100.17
100.28
100.39
100.5
100.61
100.72
100.83
100.94
101.05
101.16
101.27
101.38
101.49
101.6
101.71
101.82
101.93
102.04
102.15
102.26
102.37
102.49
102.6
102.71
102.82
102.93
103.04
103.15
103.26
103.38
103.49
103.6
103.71
103.82
103.94
104.05
104.16
104.27
104.38
104.5
104.61
104.72
104.84
104.95
105.06
105.18
105.29
105.4
105.52
105.63
105.74
105.86
105.97
106.09
106.2
106.32
106.43
106.55
106.66
106.78
106.89
107.01
107.13
107.24
107.36
107.47
107.59
107.71
107.82
107.94
108.06
108.18
108.29
108.41
108.53
108.65
108.77
108.89
109
109.12
109.24
109.36
109.48
109.6
109.72
109.84
109.96
110.08
110.2
110.32
110.44
110.56
110.68
110.8
110.92
111.05
111.17
111.26
111.53
99.738
99.843
99.946
100.06
100.17
100.28
100.39
100.5
100.61
100.72
100.83
100.94
101.05
101.16
101.27
101.38
101.49
101.6
101.71
101.82
101.93
102.04
102.15
102.26
102.37
102.49
102.6
102.71
102.82
102.93
103.04
103.15
103.26
103.38
103.49
103.6
103.71
103.82
103.94
104.05
104.16
104.27
104.38
104.5
104.61
104.72
104.84
104.95
105.06
105.18
105.29
105.4
105.52
105.63
105.74
105.86
105.97
106.09
106.2
106.32
106.43
106.55
106.66
106.78
106.89
107.01
107.13
107.24
107.36
107.47
107.59
107.71
107.82
107.94
108.06
108.18
108.29
108.41
108.53
108.65
108.77
108.89
109
109.12
109.24
109.36
109.48
109.6
109.72
109.84
109.96
110.08
110.2
110.32
110.44
110.56
110.68
110.8
110.93
111.05
111.17
111.27
111.53
99.738
99.843
99.946
100.06
100.17
100.28
100.39
100.5
100.61
100.72
100.83
100.94
101.05
101.16
101.27
101.38
101.49
101.6
101.71
101.82
101.93
102.04
102.15
102.26
102.37
102.49
102.6
102.71
102.82
102.93
103.04
103.15
103.26
103.38
103.49
103.6
103.71
103.82
103.94
104.05
104.16
104.27
104.38
104.5
104.61
104.72
104.84
104.95
105.06
105.18
105.29
105.4
105.52
105.63
105.74
105.86
105.97
106.09
106.2
106.32
106.43
106.55
106.66
106.78
106.89
107.01
107.13
107.24
107.36
107.47
107.59
107.71
107.83
107.94
108.06
108.18
108.29
108.41
108.53
108.65
108.77
108.89
109
109.12
109.24
109.36
109.48
109.6
109.72
109.84
109.96
110.08
110.2
110.32
110.44
110.56
110.68
110.81
110.93
111.05
111.17
111.27
111.53
99.738
99.843
99.946
100.06
100.17
100.28
100.39
100.5
100.61
100.72
100.83
100.94
101.05
101.16
101.27
101.38
101.49
101.6
101.71
101.82
101.93
102.04
102.15
102.26
102.37
102.49
102.6
102.71
102.82
102.93
103.04
103.15
103.26
103.38
103.49
103.6
103.71
103.82
103.94
104.05
104.16
104.27
104.38
104.5
104.61
104.72
104.84
104.95
105.06
105.18
105.29
105.4
105.52
105.63
105.74
105.86
105.97
106.09
106.2
106.32
106.43
106.55
106.66
106.78
106.89
107.01
107.13
107.24
107.36
107.47
107.59
107.71
107.83
107.94
108.06
108.18
108.3
108.41
108.53
108.65
108.77
108.89
109.01
109.12
109.24
109.36
109.48
109.6
109.72
109.84
109.96
110.08
110.2
110.32
110.44
110.56
110.69
110.81
110.93
111.05
111.18
111.27
111.53
99.738
99.843
99.946
100.06
100.17
100.28
100.39
100.5
100.61
100.72
100.83
100.94
101.05
101.16
101.27
101.38
101.49
101.6
101.71
101.82
101.93
102.04
102.15
102.26
102.37
102.49
102.6
102.71
102.82
102.93
103.04
103.15
103.26
103.38
103.49
103.6
103.71
103.82
103.94
104.05
104.16
104.27
104.38
104.5
104.61
104.72
104.84
104.95
105.06
105.18
105.29
105.4
105.52
105.63
105.74
105.86
105.97
106.09
106.2
106.32
106.43
106.55
106.66
106.78
106.89
107.01
107.13
107.24
107.36
107.48
107.59
107.71
107.83
107.94
108.06
108.18
108.3
108.41
108.53
108.65
108.77
108.89
109.01
109.12
109.24
109.36
109.48
109.6
109.72
109.84
109.96
110.08
110.2
110.32
110.45
110.57
110.69
110.81
110.93
111.05
111.18
111.27
111.53
99.738
99.843
99.946
100.06
100.17
100.28
100.39
100.5
100.61
100.72
100.83
100.94
101.05
101.16
101.27
101.38
101.49
101.6
101.71
101.82
101.93
102.04
102.15
102.26
102.37
102.49
102.6
102.71
102.82
102.93
103.04
103.15
103.26
103.38
103.49
103.6
103.71
103.82
103.94
104.05
104.16
104.27
104.38
104.5
104.61
104.72
104.84
104.95
105.06
105.18
105.29
105.4
105.52
105.63
105.75
105.86
105.97
106.09
106.2
106.32
106.43
106.55
106.66
106.78
106.89
107.01
107.13
107.24
107.36
107.48
107.59
107.71
107.83
107.94
108.06
108.18
108.3
108.41
108.53
108.65
108.77
108.89
109.01
109.13
109.24
109.36
109.48
109.6
109.72
109.84
109.96
110.08
110.2
110.33
110.45
110.57
110.69
110.81
110.93
111.05
111.18
111.27
111.54
99.738
99.843
99.946
100.06
100.17
100.28
100.39
100.5
100.61
100.72
100.83
100.94
101.05
101.16
101.27
101.38
101.49
101.6
101.71
101.82
101.93
102.04
102.15
102.26
102.37
102.49
102.6
102.71
102.82
102.93
103.04
103.15
103.26
103.38
103.49
103.6
103.71
103.82
103.94
104.05
104.16
104.27
104.38
104.5
104.61
104.72
104.84
104.95
105.06
105.18
105.29
105.4
105.52
105.63
105.75
105.86
105.97
106.09
106.2
106.32
106.43
106.55
106.66
106.78
106.89
107.01
107.13
107.24
107.36
107.48
107.59
107.71
107.83
107.94
108.06
108.18
108.3
108.41
108.53
108.65
108.77
108.89
109.01
109.13
109.25
109.36
109.48
109.6
109.72
109.84
109.96
110.09
110.21
110.33
110.45
110.57
110.69
110.81
110.93
111.05
111.18
111.27
111.54
99.738
99.843
99.946
100.06
100.17
100.28
100.39
100.5
100.61
100.72
100.83
100.94
101.05
101.16
101.27
101.38
101.49
101.6
101.71
101.82
101.93
102.04
102.15
102.26
102.37
102.49
102.6
102.71
102.82
102.93
103.04
103.15
103.26
103.38
103.49
103.6
103.71
103.82
103.94
104.05
104.16
104.27
104.38
104.5
104.61
104.72
104.84
104.95
105.06
105.18
105.29
105.4
105.52
105.63
105.75
105.86
105.97
106.09
106.2
106.32
106.43
106.55
106.66
106.78
106.89
107.01
107.13
107.24
107.36
107.48
107.59
107.71
107.83
107.94
108.06
108.18
108.3
108.41
108.53
108.65
108.77
108.89
109.01
109.13
109.25
109.37
109.49
109.61
109.73
109.85
109.97
110.09
110.21
110.33
110.45
110.57
110.69
110.81
110.93
111.06
111.18
111.27
111.54
99.738
99.843
99.946
100.06
100.17
100.28
100.39
100.5
100.61
100.72
100.83
100.94
101.05
101.16
101.27
101.38
101.49
101.6
101.71
101.82
101.93
102.04
102.15
102.26
102.37
102.49
102.6
102.71
102.82
102.93
103.04
103.15
103.26
103.38
103.49
103.6
103.71
103.82
103.94
104.05
104.16
104.27
104.38
104.5
104.61
104.72
104.84
104.95
105.06
105.18
105.29
105.4
105.52
105.63
105.75
105.86
105.97
106.09
106.2
106.32
106.43
106.55
106.66
106.78
106.89
107.01
107.13
107.24
107.36
107.48
107.59
107.71
107.83
107.94
108.06
108.18
108.3
108.42
108.53
108.65
108.77
108.89
109.01
109.13
109.25
109.37
109.49
109.61
109.73
109.85
109.97
110.09
110.21
110.33
110.45
110.57
110.69
110.81
110.94
111.06
111.18
111.28
111.54
99.738
99.843
99.946
100.06
100.17
100.28
100.39
100.5
100.61
100.72
100.83
100.94
101.05
101.16
101.27
101.38
101.49
101.6
101.71
101.82
101.93
102.04
102.15
102.26
102.37
102.49
102.6
102.71
102.82
102.93
103.04
103.15
103.26
103.38
103.49
103.6
103.71
103.82
103.94
104.05
104.16
104.27
104.38
104.5
104.61
104.72
104.84
104.95
105.06
105.18
105.29
105.4
105.52
105.63
105.75
105.86
105.97
106.09
106.2
106.32
106.43
106.55
106.66
106.78
106.9
107.01
107.13
107.24
107.36
107.48
107.59
107.71
107.83
107.94
108.06
108.18
108.3
108.42
108.53
108.65
108.77
108.89
109.01
109.13
109.25
109.37
109.49
109.61
109.73
109.85
109.97
110.09
110.21
110.33
110.45
110.57
110.69
110.82
110.94
111.06
111.18
111.28
111.54
99.738
99.843
99.946
100.06
100.17
100.28
100.39
100.5
100.61
100.72
100.83
100.94
101.05
101.16
101.27
101.38
101.49
101.6
101.71
101.82
101.93
102.04
102.15
102.26
102.37
102.49
102.6
102.71
102.82
102.93
103.04
103.15
103.26
103.38
103.49
103.6
103.71
103.82
103.94
104.05
104.16
104.27
104.38
104.5
104.61
104.72
104.84
104.95
105.06
105.18
105.29
105.4
105.52
105.63
105.75
105.86
105.97
106.09
106.2
106.32
106.43
106.55
106.66
106.78
106.9
107.01
107.13
107.24
107.36
107.48
107.59
107.71
107.83
107.94
108.06
108.18
108.3
108.42
108.53
108.65
108.77
108.89
109.01
109.13
109.25
109.37
109.49
109.61
109.73
109.85
109.97
110.09
110.21
110.33
110.45
110.57
110.7
110.82
110.94
111.06
111.19
111.28
111.54
99.738
99.843
99.946
100.06
100.17
100.28
100.39
100.5
100.61
100.72
100.83
100.94
101.05
101.16
101.27
101.38
101.49
101.6
101.71
101.82
101.93
102.04
102.15
102.26
102.37
102.49
102.6
102.71
102.82
102.93
103.04
103.15
103.26
103.38
103.49
103.6
103.71
103.82
103.94
104.05
104.16
104.27
104.38
104.5
104.61
104.72
104.84
104.95
105.06
105.18
105.29
105.4
105.52
105.63
105.75
105.86
105.97
106.09
106.2
106.32
106.43
106.55
106.66
106.78
106.9
107.01
107.13
107.24
107.36
107.48
107.59
107.71
107.83
107.94
108.06
108.18
108.3
108.42
108.53
108.65
108.77
108.89
109.01
109.13
109.25
109.37
109.49
109.61
109.73
109.85
109.97
110.09
110.21
110.33
110.45
110.58
110.7
110.82
110.94
111.06
111.19
111.28
111.55
99.738
99.843
99.946
100.06
100.17
100.28
100.39
100.5
100.61
100.72
100.83
100.94
101.05
101.16
101.27
101.38
101.49
101.6
101.71
101.82
101.93
102.04
102.15
102.26
102.37
102.49
102.6
102.71
102.82
102.93
103.04
103.15
103.26
103.38
103.49
103.6
103.71
103.82
103.94
104.05
104.16
104.27
104.38
104.5
104.61
104.72
104.84
104.95
105.06
105.18
105.29
105.4
105.52
105.63
105.75
105.86
105.97
106.09
106.2
106.32
106.43
106.55
106.66
106.78
106.9
107.01
107.13
107.24
107.36
107.48
107.59
107.71
107.83
107.95
108.06
108.18
108.3
108.42
108.53
108.65
108.77
108.89
109.01
109.13
109.25
109.37
109.49
109.61
109.73
109.85
109.97
110.09
110.21
110.33
110.46
110.58
110.7
110.82
110.94
111.07
111.19
111.28
111.55
99.738
99.843
99.946
100.06
100.17
100.28
100.39
100.5
100.61
100.72
100.83
100.94
101.05
101.16
101.27
101.38
101.49
101.6
101.71
101.82
101.93
102.04
102.15
102.26
102.37
102.49
102.6
102.71
102.82
102.93
103.04
103.15
103.26
103.38
103.49
103.6
103.71
103.82
103.94
104.05
104.16
104.27
104.38
104.5
104.61
104.72
104.84
104.95
105.06
105.18
105.29
105.4
105.52
105.63
105.75
105.86
105.97
106.09
106.2
106.32
106.43
106.55
106.66
106.78
106.9
107.01
107.13
107.24
107.36
107.48
107.59
107.71
107.83
107.95
108.06
108.18
108.3
108.42
108.54
108.65
108.77
108.89
109.01
109.13
109.25
109.37
109.49
109.61
109.73
109.85
109.97
110.09
110.21
110.34
110.46
110.58
110.7
110.82
110.95
111.07
111.19
111.29
111.55
99.738
99.843
99.946
100.06
100.17
100.28
100.39
100.5
100.61
100.72
100.83
100.94
101.05
101.16
101.27
101.38
101.49
101.6
101.71
101.82
101.93
102.04
102.15
102.26
102.37
102.49
102.6
102.71
102.82
102.93
103.04
103.15
103.26
103.38
103.49
103.6
103.71
103.82
103.94
104.05
104.16
104.27
104.38
104.5
104.61
104.72
104.84
104.95
105.06
105.18
105.29
105.4
105.52
105.63
105.75
105.86
105.97
106.09
106.2
106.32
106.43
106.55
106.66
106.78
106.9
107.01
107.13
107.24
107.36
107.48
107.59
107.71
107.83
107.95
108.06
108.18
108.3
108.42
108.54
108.65
108.77
108.89
109.01
109.13
109.25
109.37
109.49
109.61
109.73
109.85
109.97
110.09
110.22
110.34
110.46
110.58
110.7
110.83
110.95
111.07
111.2
111.29
111.55
99.738
99.843
99.946
100.06
100.17
100.28
100.39
100.5
100.61
100.72
100.83
100.94
101.05
101.16
101.27
101.38
101.49
101.6
101.71
101.82
101.93
102.04
102.15
102.26
102.37
102.49
102.6
102.71
102.82
102.93
103.04
103.15
103.26
103.38
103.49
103.6
103.71
103.82
103.94
104.05
104.16
104.27
104.38
104.5
104.61
104.72
104.84
104.95
105.06
105.18
105.29
105.4
105.52
105.63
105.75
105.86
105.97
106.09
106.2
106.32
106.43
106.55
106.66
106.78
106.9
107.01
107.13
107.24
107.36
107.48
107.59
107.71
107.83
107.95
108.06
108.18
108.3
108.42
108.54
108.65
108.77
108.89
109.01
109.13
109.25
109.37
109.49
109.61
109.73
109.85
109.97
110.1
110.22
110.34
110.46
110.58
110.71
110.83
110.95
111.07
111.2
111.29
111.56
99.738
99.843
99.946
100.06
100.17
100.28
100.39
100.5
100.61
100.72
100.83
100.94
101.05
101.16
101.27
101.38
101.49
101.6
101.71
101.82
101.93
102.04
102.15
102.26
102.37
102.49
102.6
102.71
102.82
102.93
103.04
103.15
103.26
103.38
103.49
103.6
103.71
103.82
103.94
104.05
104.16
104.27
104.38
104.5
104.61
104.72
104.84
104.95
105.06
105.18
105.29
105.4
105.52
105.63
105.75
105.86
105.97
106.09
106.2
106.32
106.43
106.55
106.66
106.78
106.9
107.01
107.13
107.24
107.36
107.48
107.59
107.71
107.83
107.95
108.06
108.18
108.3
108.42
108.54
108.65
108.77
108.89
109.01
109.13
109.25
109.37
109.49
109.61
109.73
109.85
109.98
110.1
110.22
110.34
110.46
110.59
110.71
110.83
110.95
111.08
111.2
111.3
111.56
99.738
99.843
99.946
100.06
100.17
100.28
100.39
100.5
100.61
100.72
100.83
100.94
101.05
101.16
101.27
101.38
101.49
101.6
101.71
101.82
101.93
102.04
102.15
102.26
102.37
102.49
102.6
102.71
102.82
102.93
103.04
103.15
103.26
103.38
103.49
103.6
103.71
103.82
103.94
104.05
104.16
104.27
104.38
104.5
104.61
104.72
104.84
104.95
105.06
105.18
105.29
105.4
105.52
105.63
105.75
105.86
105.97
106.09
106.2
106.32
106.43
106.55
106.66
106.78
106.9
107.01
107.13
107.24
107.36
107.48
107.59
107.71
107.83
107.95
108.06
108.18
108.3
108.42
108.54
108.66
108.77
108.89
109.01
109.13
109.25
109.37
109.49
109.61
109.73
109.86
109.98
110.1
110.22
110.34
110.47
110.59
110.71
110.83
110.96
111.08
111.21
111.3
111.57
99.738
99.843
99.946
100.06
100.17
100.28
100.39
100.5
100.61
100.72
100.83
100.94
101.05
101.16
101.27
101.38
101.49
101.6
101.71
101.82
101.93
102.04
102.15
102.26
102.37
102.49
102.6
102.71
102.82
102.93
103.04
103.15
103.26
103.38
103.49
103.6
103.71
103.82
103.94
104.05
104.16
104.27
104.38
104.5
104.61
104.72
104.84
104.95
105.06
105.18
105.29
105.4
105.52
105.63
105.75
105.86
105.97
106.09
106.2
106.32
106.43
106.55
106.66
106.78
106.9
107.01
107.13
107.24
107.36
107.48
107.59
107.71
107.83
107.95
108.06
108.18
108.3
108.42
108.54
108.66
108.77
108.89
109.01
109.13
109.25
109.37
109.49
109.61
109.74
109.86
109.98
110.1
110.22
110.34
110.47
110.59
110.71
110.84
110.96
111.08
111.21
111.3
111.57
99.738
99.843
99.946
100.06
100.17
100.28
100.39
100.5
100.61
100.72
100.83
100.94
101.05
101.16
101.27
101.38
101.49
101.6
101.71
101.82
101.93
102.04
102.15
102.26
102.37
102.49
102.6
102.71
102.82
102.93
103.04
103.15
103.26
103.38
103.49
103.6
103.71
103.82
103.94
104.05
104.16
104.27
104.38
104.5
104.61
104.72
104.84
104.95
105.06
105.18
105.29
105.4
105.52
105.63
105.75
105.86
105.97
106.09
106.2
106.32
106.43
106.55
106.66
106.78
106.9
107.01
107.13
107.24
107.36
107.48
107.59
107.71
107.83
107.95
108.06
108.18
108.3
108.42
108.54
108.66
108.77
108.89
109.01
109.13
109.25
109.37
109.49
109.61
109.74
109.86
109.98
110.1
110.22
110.35
110.47
110.59
110.72
110.84
110.96
111.09
111.22
111.31
111.58
99.738
99.843
99.946
100.06
100.17
100.28
100.39
100.5
100.61
100.72
100.83
100.94
101.05
101.16
101.27
101.38
101.49
101.6
101.71
101.82
101.93
102.04
102.15
102.26
102.37
102.49
102.6
102.71
102.82
102.93
103.04
103.15
103.26
103.38
103.49
103.6
103.71
103.82
103.94
104.05
104.16
104.27
104.38
104.5
104.61
104.72
104.84
104.95
105.06
105.18
105.29
105.4
105.52
105.63
105.75
105.86
105.97
106.09
106.2
106.32
106.43
106.55
106.66
106.78
106.9
107.01
107.13
107.24
107.36
107.48
107.59
107.71
107.83
107.95
108.06
108.18
108.3
108.42
108.54
108.66
108.77
108.89
109.01
109.13
109.25
109.37
109.49
109.62
109.74
109.86
109.98
110.1
110.22
110.35
110.47
110.59
110.72
110.84
110.97
111.09
111.22
111.32
111.59
99.738
99.843
99.946
100.06
100.17
100.28
100.39
100.5
100.61
100.72
100.83
100.94
101.05
101.16
101.27
101.38
101.49
101.6
101.71
101.82
101.93
102.04
102.15
102.26
102.37
102.49
102.6
102.71
102.82
102.93
103.04
103.15
103.26
103.38
103.49
103.6
103.71
103.82
103.94
104.05
104.16
104.27
104.38
104.5
104.61
104.72
104.84
104.95
105.06
105.18
105.29
105.4
105.52
105.63
105.75
105.86
105.97
106.09
106.2
106.32
106.43
106.55
106.66
106.78
106.9
107.01
107.13
107.24
107.36
107.48
107.59
107.71
107.83
107.95
108.06
108.18
108.3
108.42
108.54
108.66
108.77
108.89
109.01
109.13
109.25
109.37
109.49
109.62
109.74
109.86
109.98
110.1
110.23
110.35
110.47
110.6
110.72
110.85
110.97
111.1
111.23
111.33
111.6
99.738
99.843
99.946
100.06
100.17
100.28
100.39
100.5
100.61
100.72
100.83
100.94
101.05
101.16
101.27
101.38
101.49
101.6
101.71
101.82
101.93
102.04
102.15
102.26
102.37
102.49
102.6
102.71
102.82
102.93
103.04
103.15
103.26
103.38
103.49
103.6
103.71
103.82
103.94
104.05
104.16
104.27
104.38
104.5
104.61
104.72
104.84
104.95
105.06
105.18
105.29
105.4
105.52
105.63
105.75
105.86
105.97
106.09
106.2
106.32
106.43
106.55
106.66
106.78
106.9
107.01
107.13
107.24
107.36
107.48
107.59
107.71
107.83
107.95
108.06
108.18
108.3
108.42
108.54
108.66
108.77
108.89
109.01
109.13
109.25
109.37
109.49
109.62
109.74
109.86
109.98
110.1
110.23
110.35
110.47
110.6
110.72
110.85
110.97
111.1
111.24
111.34
111.61
99.736
99.842
99.946
100.06
100.17
100.28
100.39
100.5
100.61
100.72
100.83
100.94
101.05
101.16
101.27
101.38
101.49
101.6
101.71
101.82
101.93
102.04
102.15
102.26
102.37
102.49
102.6
102.71
102.82
102.93
103.04
103.15
103.26
103.38
103.49
103.6
103.71
103.82
103.94
104.05
104.16
104.27
104.38
104.5
104.61
104.72
104.84
104.95
105.06
105.18
105.29
105.4
105.52
105.63
105.75
105.86
105.97
106.09
106.2
106.32
106.43
106.55
106.66
106.78
106.9
107.01
107.13
107.24
107.36
107.48
107.59
107.71
107.83
107.95
108.06
108.18
108.3
108.42
108.54
108.66
108.77
108.89
109.01
109.13
109.25
109.37
109.49
109.62
109.74
109.86
109.98
110.1
110.23
110.35
110.47
110.6
110.72
110.85
110.98
111.11
111.24
111.34
111.65
99.733
99.84
99.946
100.06
100.17
100.28
100.39
100.5
100.61
100.72
100.83
100.94
101.05
101.16
101.27
101.38
101.49
101.6
101.71
101.82
101.93
102.04
102.15
102.26
102.37
102.49
102.6
102.71
102.82
102.93
103.04
103.15
103.26
103.38
103.49
103.6
103.71
103.82
103.93
104.05
104.16
104.27
104.38
104.5
104.61
104.72
104.84
104.95
105.06
105.18
105.29
105.4
105.52
105.63
105.75
105.86
105.97
106.09
106.2
106.32
106.43
106.55
106.66
106.78
106.9
107.01
107.13
107.24
107.36
107.48
107.59
107.71
107.83
107.95
108.06
108.18
108.3
108.42
108.54
108.66
108.77
108.89
109.01
109.13
109.25
109.37
109.49
109.62
109.74
109.86
109.98
110.1
110.23
110.35
110.47
110.6
110.72
110.85
110.98
111.11
111.24
111.35
111.72
