99.753
99.852
99.95
100.05
100.15
100.25
100.36
100.46
100.56
100.66
100.76
100.87
100.97
101.07
101.17
101.28
101.38
101.48
101.58
101.68
101.79
101.89
101.99
102.1
102.2
102.3
102.41
102.51
102.61
102.72
102.82
102.92
103.03
103.13
103.24
103.34
103.44
103.55
103.65
103.76
103.87
103.97
104.08
104.18
104.29
104.4
104.5
104.61
104.72
104.82
104.93
105.04
105.15
105.25
105.36
105.47
105.58
105.69
105.8
105.91
106.02
106.13
106.24
106.35
106.46
106.57
106.68
106.79
106.91
107.02
107.13
107.25
107.36
107.47
107.59
107.7
107.82
107.93
108.05
108.16
108.28
108.39
108.51
108.63
108.75
108.86
108.98
109.1
109.22
109.34
109.46
109.58
109.7
109.83
109.95
110.07
110.2
110.32
110.45
110.58
110.71
110.82
111.19
99.756
99.854
99.95
100.05
100.15
100.25
100.36
100.46
100.56
100.66
100.76
100.87
100.97
101.07
101.17
101.28
101.38
101.48
101.58
101.68
101.79
101.89
101.99
102.1
102.2
102.3
102.41
102.51
102.61
102.72
102.82
102.92
103.03
103.13
103.24
103.34
103.45
103.55
103.65
103.76
103.87
103.97
104.08
104.18
104.29
104.4
104.5
104.61
104.72
104.82
104.93
105.04
105.15
105.25
105.36
105.47
105.58
105.69
105.8
105.91
106.02
106.13
106.24
106.35
106.46
106.57
106.68
106.79
106.91
107.02
107.13
107.25
107.36
107.47
107.59
107.7
107.82
107.93
108.05
108.16
108.28
108.39
108.51
108.63
108.75
108.86
108.98
109.1
109.22
109.34
109.46
109.58
109.7
109.83
109.95
110.07
110.2
110.32
110.45
110.58
110.71
110.81
111.12
99.757
99.855
99.95
100.05
100.15
100.25
100.36
100.46
100.56
100.66
100.76
100.87
100.97
101.07
101.17
101.28
101.38
101.48
101.58
101.68
101.79
101.89
101.99
102.1
102.2
102.3
102.41
102.51
102.61
102.72
102.82
102.92
103.03
103.13
103.24
103.34
103.45
103.55
103.65
103.76
103.87
103.97
104.08
104.18
104.29
104.4
104.5
104.61
104.72
104.82
104.93
105.04
105.15
105.25
105.36
105.47
105.58
105.69
105.8
105.91
106.02
106.13
106.24
106.35
106.46
106.57
106.68
106.79
106.91
107.02
107.13
107.25
107.36
107.47
107.59
107.7
107.82
107.93
108.05
108.16
108.28
108.39
108.51
108.63
108.75
108.86
108.98
109.1
109.22
109.34
109.46
109.58
109.7
109.83
109.95
110.07
110.2
110.32
110.45
110.57
110.71
110.81
111.08
99.757
99.855
99.95
100.05
100.15
100.25
100.36
100.46
100.56
100.66
100.76
100.87
100.97
101.07
101.17
101.28
101.38
101.48
101.58
101.68
101.79
101.89
101.99
102.1
102.2
102.3
102.41
102.51
102.61
102.72
102.82
102.92
103.03
103.13
103.24
103.34
103.45
103.55
103.66
103.76
103.87
103.97
104.08
104.18
104.29
104.4
104.5
104.61
104.72
104.82
104.93
105.04
105.15
105.25
105.36
105.47
105.58
105.69
105.8
105.91
106.02
106.13
106.24
106.35
106.46
106.57
106.68
106.8
106.91
107.02
107.13
107.25
107.36
107.47
107.59
107.7
107.82
107.93
108.05
108.16
108.28
108.39
108.51
108.63
108.75
108.86
108.98
109.1
109.22
109.34
109.46
109.58
109.7
109.82
109.95
110.07
110.19
110.32
110.44
110.57
110.7
110.8
111.07
99.757
99.855
99.95
100.05
100.15
100.25
100.36
100.46
100.56
100.66
100.76
100.87
100.97
101.07
101.17
101.28
101.38
101.48
101.58
101.68
101.79
101.89
101.99
102.1
102.2
102.3
102.41
102.51
102.61
102.72
102.82
102.92
103.03
103.13
103.24
103.34
103.45
103.55
103.66
103.76
103.87
103.97
104.08
104.18
104.29
104.4
104.5
104.61
104.72
104.82
104.93
105.04
105.15
105.25
105.36
105.47
105.58
105.69
105.8
105.91
106.02
106.13
106.24
106.35
106.46
106.57
106.68
106.8
106.91
107.02
107.13
107.25
107.36
107.47
107.59
107.7
107.82
107.93
108.05
108.16
108.28
108.39
108.51
108.63
108.75
108.86
108.98
109.1
109.22
109.34
109.46
109.58
109.7
109.82
109.95
110.07
110.19
110.32
110.44
110.56
110.69
110.79
111.06
99.757
99.855
99.95
100.05
100.15
100.25
100.36
100.46
100.56
100.66
100.76
100.87
100.97
101.07
101.17
101.28
101.38
101.48
101.58
101.68
101.79
101.89
101.99
102.1
102.2
102.3
102.41
102.51
102.61
102.72
102.82
102.92
103.03
103.13
103.24
103.34
103.45
103.55
103.66
103.76
103.87
103.97
104.08
104.18
104.29
104.4
104.5
104.61
104.72
104.82
104.93
105.04
105.15
105.25
105.36
105.47
105.58
105.69
105.8
105.91
106.02
106.13
106.24
106.35
106.46
106.57
106.68
106.8
106.91
107.02
107.13
107.25
107.36
107.47
107.59
107.7
107.82
107.93
108.05
108.16
108.28
108.39
108.51
108.63
108.75
108.86
108.98
109.1
109.22
109.34
109.46
109.58
109.7
109.82
109.94
110.07
110.19
110.31
110.44
110.56
110.69
110.78
111.05
99.757
99.855
99.95
100.05
100.15
100.25
100.36
100.46
100.56
100.66
100.76
100.87
100.97
101.07
101.17
101.28
101.38
101.48
101.58
101.68
101.79
101.89
101.99
102.1
102.2
102.3
102.41
102.51
102.61
102.72
102.82
102.92
103.03
103.13
103.24
103.34
103.45
103.55
103.66
103.76
103.87
103.97
104.08
104.18
104.29
104.4
104.5
104.61
104.72
104.82
104.93
105.04
105.15
105.25
105.36
105.47
105.58
105.69
105.8
105.91
106.02
106.13
106.24
106.35
106.46
106.57
106.68
106.8
106.91
107.02
107.13
107.25
107.36
107.47
107.59
107.7
107.82
107.93
108.05
108.16
108.28
108.39
108.51
108.63
108.75
108.86
108.98
109.1
109.22
109.34
109.46
109.58
109.7
109.82
109.94
110.06
110.19
110.31
110.43
110.56
110.68
110.78
111.04
99.757
99.855
99.95
100.05
100.15
100.25
100.36
100.46
100.56
100.66
100.76
100.87
100.97
101.07
101.17
101.28
101.38
101.48
101.58
101.68
101.79
101.89
101.99
102.1
102.2
102.3
102.41
102.51
102.61
102.72
102.82
102.92
103.03
103.13
103.24
103.34
103.45
103.55
103.66
103.76
103.87
103.97
104.08
104.18
104.29
104.4
104.5
104.61
104.72
104.82
104.93
105.04
105.15
105.25
105.36
105.47
105.58
105.69
105.8
105.91
106.02
106.13
106.24
106.35
106.46
106.57
106.68
106.8
106.91
107.02
107.13
107.25
107.36
107.47
107.59
107.7
107.82
107.93
108.05
108.16
108.28
108.39
108.51
108.63
108.75
108.86
108.98
109.1
109.22
109.34
109.46
109.58
109.7
109.82
109.94
110.06
110.18
110.31
110.43
110.55
110.68
110.77
111.04
99.757
99.855
99.95
100.05
100.15
100.25
100.36
100.46
100.56
100.66
100.76
100.87
100.97
101.07
101.17
101.28
101.38
101.48
101.58
101.68
101.79
101.89
101.99
102.1
102.2
102.3
102.41
102.51
102.61
102.72
102.82
102.92
103.03
103.13
103.24
103.34
103.45
103.55
103.66
103.76
103.87
103.97
104.08
104.18
104.29
104.4
104.5
104.61
104.72
104.82
104.93
105.04
105.15
105.25
105.36
105.47
105.58
105.69
105.8
105.91
106.02
106.13
106.24
106.35
106.46
106.57
106.68
106.8
106.91
107.02
107.13
107.25
107.36
107.47
107.59
107.7
107.82
107.93
108.05
108.16
108.28
108.39
108.51
108.63
108.74
108.86
108.98
109.1
109.22
109.34
109.46
109.58
109.7
109.82
109.94
110.06
110.18
110.3
110.43
110.55
110.67
110.77
111.03
99.757
99.855
99.95
100.05
100.15
100.25
100.36
100.46
100.56
100.66
100.76
100.87
100.97
101.07
101.17
101.28
101.38
101.48
101.58
101.69
101.79
101.89
101.99
102.1
102.2
102.3
102.41
102.51
102.61
102.72
102.82
102.92
103.03
103.13
103.24
103.34
103.45
103.55
103.66
103.76
103.87
103.97
104.08
104.18
104.29
104.4
104.5
104.61
104.72
104.82
104.93
105.04
105.15
105.25
105.36
105.47
105.58
105.69
105.8
105.91
106.02
106.13
106.24
106.35
106.46
106.57
106.68
106.8
106.91
107.02
107.13
107.25
107.36
107.47
107.59
107.7
107.82
107.93
108.05
108.16
108.28
108.39
108.51
108.63
108.74
108.86
108.98
109.1
109.22
109.34
109.46
109.58
109.7
109.82
109.94
110.06
110.18
110.3
110.42
110.54
110.67
110.76
111.03
99.757
99.855
99.95
100.05
100.15
100.25
100.36
100.46
100.56
100.66
100.76
100.87
100.97
101.07
101.17
101.28
101.38
101.48
101.58
101.69
101.79
101.89
101.99
102.1
102.2
102.3
102.41
102.51
102.61
102.72
102.82
102.92
103.03
103.13
103.24
103.34
103.45
103.55
103.66
103.76
103.87
103.97
104.08
104.18
104.29
104.4
104.5
104.61
104.72
104.82
104.93
105.04
105.15
105.25
105.36
105.47
105.58
105.69
105.8
105.91
106.02
106.13
106.24
106.35
106.46
106.57
106.68
106.8
106.91
107.02
107.13
107.25
107.36
107.47
107.59
107.7
107.82
107.93
108.05
108.16
108.28
108.39
108.51
108.63
108.74
108.86
108.98
109.1
109.22
109.34
109.45
109.57
109.69
109.81
109.94
110.06
110.18
110.3
110.42
110.54
110.67
110.76
111.03
99.757
99.855
99.95
100.05
100.15
100.25
100.36
100.46
100.56
100.66
100.76
100.87
100.97
101.07
101.17
101.28
101.38
101.48
101.58
101.69
101.79
101.89
101.99
102.1
102.2
102.3
102.41
102.51
102.61
102.72
102.82
102.92
103.03
103.13
103.24
103.34
103.45
103.55
103.66
103.76
103.87
103.97
104.08
104.18
104.29
104.4
104.5
104.61
104.72
104.82
104.93
105.04
105.15
105.25
105.36
105.47
105.58
105.69
105.8
105.91
106.02
106.13
106.24
106.35
106.46
106.57
106.68
106.79
106.91
107.02
107.13
107.25
107.36
107.47
107.59
107.7
107.81
107.93
108.05
108.16
108.28
108.39
108.51
108.63
108.74
108.86
108.98
109.1
109.22
109.33
109.45
109.57
109.69
109.81
109.93
110.05
110.18
110.3
110.42
110.54
110.66
110.76
111.02
99.757
99.855
99.95
100.05
100.15
100.25
100.36
100.46
100.56
100.66
100.76
100.87
100.97
101.07
101.17
101.28
101.38
101.48
101.58
101.69
101.79
101.89
101.99
102.1
102.2
102.3
102.41
102.51
102.61
102.72
102.82
102.92
103.03
103.13
103.24
103.34
103.45
103.55
103.66
103.76
103.87
103.97
104.08
104.18
104.29
104.4
104.5
104.61
104.72
104.82
104.93
105.04
105.15
105.25
105.36
105.47
105.58
105.69
105.8
105.91
106.02
106.13
106.24
106.35
106.46
106.57
106.68
106.79
106.91
107.02
107.13
107.25
107.36
107.47
107.59
107.7
107.81
107.93
108.04
108.16
108.28
108.39
108.51
108.63
108.74
108.86
108.98
109.1
109.21
109.33
109.45
109.57
109.69
109.81
109.93
110.05
110.17
110.29
110.42
110.54
110.66
110.75
111.02
99.757
99.855
99.95
100.05
100.15
100.25
100.36
100.46
100.56
100.66
100.76
100.87
100.97
101.07
101.17
101.28
101.38
101.48
101.58
101.69
101.79
101.89
101.99
102.1
102.2
102.3
102.41
102.51
102.61
102.72
102.82
102.92
103.03
103.13
103.24
103.34
103.45
103.55
103.66
103.76
103.87
103.97
104.08
104.18
104.29
104.4
104.5
104.61
104.72
104.82
104.93
105.04
105.15
105.25
105.36
105.47
105.58
105.69
105.8
105.91
106.02
106.13
106.24
106.35
106.46
106.57
106.68
106.79
106.91
107.02
107.13
107.24
107.36
107.47
107.59
107.7
107.81
107.93
108.04
108.16
108.28
108.39
108.51
108.62
108.74
108.86
108.98
109.1
109.21
109.33
109.45
109.57
109.69
109.81
109.93
110.05
110.17
110.29
110.41
110.53
110.66
110.75
111.02
99.757
99.855
99.95
100.05
100.15
100.25
100.36
100.46
100.56
100.66
100.76
100.87
100.97
101.07
101.17
101.28
101.38
101.48
101.58
101.69
101.79
101.89
101.99
102.1
102.2
102.3
102.41
102.51
102.61
102.72
102.82
102.92
103.03
103.13
103.24
103.34
103.45
103.55
103.66
103.76
103.87
103.97
104.08
104.18
104.29
104.4
104.5
104.61
104.72
104.82
104.93
105.04
105.15
105.25
105.36
105.47
105.58
105.69
105.8
105.91
106.02
106.13
106.24
106.35
106.46
106.57
106.68
106.79
106.91
107.02
107.13
107.24
107.36
107.47
107.59
107.7
107.81
107.93
108.04
108.16
108.28
108.39
108.51
108.62
108.74
108.86
108.98
109.09
109.21
109.33
109.45
109.57
109.69
109.81
109.93
110.05
110.17
110.29
110.41
110.53
110.66
110.75
111.02
99.757
99.855
99.95
100.05
100.15
100.25
100.36
100.46
100.56
100.66
100.76
100.87
100.97
101.07
101.17
101.28
101.38
101.48
101.58
101.69
101.79
101.89
101.99
102.1
102.2
102.3
102.41
102.51
102.61
102.72
102.82
102.92
103.03
103.13
103.24
103.34
103.45
103.55
103.66
103.76
103.87
103.97
104.08
104.18
104.29
104.4
104.5
104.61
104.72
104.82
104.93
105.04
105.15
105.25
105.36
105.47
105.58
105.69
105.8
105.91
106.02
106.13
106.24
106.35
106.46
106.57
106.68
106.79
106.91
107.02
107.13
107.24
107.36
107.47
107.59
107.7
107.81
107.93
108.04
108.16
108.27
108.39
108.51
108.62
108.74
108.86
108.98
109.09
109.21
109.33
109.45
109.57
109.69
109.81
109.93
110.05
110.17
110.29
110.41
110.53
110.66
110.75
111.01
99.757
99.855
99.95
100.05
100.15
100.25
100.36
100.46
100.56
100.66
100.76
100.87
100.97
101.07
101.17
101.28
101.38
101.48
101.58
101.69
101.79
101.89
101.99
102.1
102.2
102.3
102.41
102.51
102.61
102.72
102.82
102.92
103.03
103.13
103.24
103.34
103.45
103.55
103.66
103.76
103.87
103.97
104.08
104.18
104.29
104.4
104.5
104.61
104.72
104.82
104.93
105.04
105.15
105.25
105.36
105.47
105.58
105.69
105.8
105.91
106.02
106.13
106.24
106.35
106.46
106.57
106.68
106.79
106.91
107.02
107.13
107.24
107.36
107.47
107.58
107.7
107.81
107.93
108.04
108.16
108.27
108.39
108.51
108.62
108.74
108.86
108.97
109.09
109.21
109.33
109.45
109.57
109.69
109.81
109.93
110.05
110.17
110.29
110.41
110.53
110.65
110.75
111.01
99.757
99.855
99.95
100.05
100.15
100.25
100.36
100.46
100.56
100.66
100.76
100.87
100.97
101.07
101.17
101.28
101.38
101.48
101.58
101.69
101.79
101.89
101.99
102.1
102.2
102.3
102.41
102.51
102.61
102.72
102.82
102.92
103.03
103.13
103.24
103.34
103.45
103.55
103.66
103.76
103.87
103.97
104.08
104.18
104.29
104.4
104.5
104.61
104.72
104.82
104.93
105.04
105.15
105.25
105.36
105.47
105.58
105.69
105.8
105.91
106.02
106.13
106.24
106.35
106.46
106.57
106.68
106.79
106.91
107.02
107.13
107.24
107.36
107.47
107.58
107.7
107.81
107.93
108.04
108.16
108.27
108.39
108.51
108.62
108.74
108.86
108.97
109.09
109.21
109.33
109.45
109.57
109.69
109.81
109.92
110.04
110.17
110.29
110.41
110.53
110.65
110.74
111.01
99.757
99.855
99.95
100.05
100.15
100.25
100.36
100.46
100.56
100.66
100.76
100.87
100.97
101.07
101.17
101.28
101.38
101.48
101.58
101.69
101.79
101.89
101.99
102.1
102.2
102.3
102.41
102.51
102.61
102.72
102.82
102.92
103.03
103.13
103.24
103.34
103.45
103.55
103.66
103.76
103.87
103.97
104.08
104.18
104.29
104.4
104.5
104.61
104.72
104.82
104.93
105.04
105.15
105.25
105.36
105.47
105.58
105.69
105.8
105.91
106.02
106.13
106.24
106.35
106.46
106.57
106.68
106.79
106.91
107.02
107.13
107.24
107.36
107.47
107.58
107.7
107.81
107.93
108.04
108.16
108.27
108.39
108.51
108.62
108.74
108.86
108.97
109.09
109.21
109.33
109.45
109.57
109.68
109.8
109.92
110.04
110.16
110.28
110.4
110.53
110.65
110.74
111.01
99.757
99.855
99.95
100.05
100.15
100.25
100.36
100.46
100.56
100.66
100.76
100.87
100.97
101.07
101.17
101.28
101.38
101.48
101.58
101.69
101.79
101.89
101.99
102.1
102.2
102.3
102.41
102.51
102.61
102.72
102.82
102.92
103.03
103.13
103.24
103.34
103.45
103.55
103.66
103.76
103.87
103.97
104.08
104.18
104.29
104.4
104.5
104.61
104.72
104.82
104.93
105.04
105.15
105.25
105.36
105.47
105.58
105.69
105.8
105.91
106.02
106.13
106.24
106.35
106.46
106.57
106.68
106.79
106.91
107.02
107.13
107.24
107.36
107.47
107.58
107.7
107.81
107.93
108.04
108.16
108.27
108.39
108.5
108.62
108.74
108.86
108.97
109.09
109.21
109.33
109.45
109.56
109.68
109.8
109.92
110.04
110.16
110.28
110.4
110.52
110.65
110.74
111.01
99.757
99.855
99.95
100.05
100.15
100.25
100.36
100.46
100.56
100.66
100.76
100.87
100.97
101.07
101.17
101.28
101.38
101.48
101.58
101.69
101.79
101.89
101.99
102.1
102.2
102.3
102.41
102.51
102.61
102.72
102.82
102.92
103.03
103.13
103.24
103.34
103.45
103.55
103.66
103.76
103.87
103.97
104.08
104.18
104.29
104.4
104.5
104.61
104.72
104.82
104.93
105.04
105.15
105.25
105.36
105.47
105.58
105.69
105.8
105.91
106.02
106.13
106.24
106.35
106.46
106.57
106.68
106.79
106.91
107.02
107.13
107.24
107.36
107.47
107.58
107.7
107.81
107.93
108.04
108.16
108.27
108.39
108.5
108.62
108.74
108.85
108.97
109.09
109.21
109.33
109.44
109.56
109.68
109.8
109.92
110.04
110.16
110.28
110.4
110.52
110.65
110.74
111.01
99.757
99.855
99.95
100.05
100.15
100.25
100.36
100.46
100.56
100.66
100.76
100.87
100.97
101.07
101.17
101.28
101.38
101.48
101.58
101.69
101.79
101.89
101.99
102.1
102.2
102.3
102.41
102.51
102.61
102.72
102.82
102.92
103.03
103.13
103.24
103.34
103.45
103.55
103.66
103.76
103.87
103.97
104.08
104.18
104.29
104.4
104.5
104.61
104.72
104.82
104.93
105.04
105.15
105.25
105.36
105.47
105.58
105.69
105.8
105.91
106.02
106.13
106.24
106.35
106.46
106.57
106.68
106.79
106.91
107.02
107.13
107.24
107.36
107.47
107.58
107.7
107.81
107.93
108.04
108.16
108.27
108.39
108.5
108.62
108.74
108.85
108.97
109.09
109.21
109.33
109.44
109.56
109.68
109.8
109.92
110.04
110.16
110.28
110.4
110.52
110.65
110.74
111
99.757
99.855
99.95
100.05
100.15
100.25
100.36
100.46
100.56
100.66
100.76
100.87
100.97
101.07
101.17
101.28
101.38
101.48
101.58
101.69
101.79
101.89
101.99
102.1
102.2
102.3
102.41
102.51
102.61
102.72
102.82
102.92
103.03
103.13
103.24
103.34
103.45
103.55
103.66
103.76
103.87
103.97
104.08
104.18
104.29
104.4
104.5
104.61
104.72
104.82
104.93
105.04
105.15
105.25
105.36
105.47
105.58
105.69
105.8
105.91
106.02
106.13
106.24
106.35
106.46
106.57
106.68
106.79
106.91
107.02
107.13
107.24
107.36
107.47
107.58
107.7
107.81
107.93
108.04
108.16
108.27
108.39
108.5
108.62
108.74
108.85
108.97
109.09
109.21
109.32
109.44
109.56
109.68
109.8
109.92
110.04
110.16
110.28
110.4
110.52
110.65
110.74
111
99.757
99.855
99.95
100.05
100.15
100.25
100.36
100.46
100.56
100.66
100.76
100.87
100.97
101.07
101.17
101.28
101.38
101.48
101.58
101.69
101.79
101.89
101.99
102.1
102.2
102.3
102.41
102.51
102.61
102.72
102.82
102.92
103.03
103.13
103.24
103.34
103.45
103.55
103.66
103.76
103.87
103.97
104.08
104.18
104.29
104.4
104.5
104.61
104.72
104.82
104.93
105.04
105.15
105.25
105.36
105.47
105.58
105.69
105.8
105.91
106.02
106.13
106.24
106.35
106.46
106.57
106.68
106.79
106.91
107.02
107.13
107.24
107.36
107.47
107.58
107.7
107.81
107.93
108.04
108.16
108.27
108.39
108.5
108.62
108.74
108.85
108.97
109.09
109.21
109.32
109.44
109.56
109.68
109.8
109.92
110.04
110.16
110.28
110.4
110.52
110.64
110.74
111
99.757
99.855
99.95
100.05
100.15
100.25
100.36
100.46
100.56
100.66
100.76
100.87
100.97
101.07
101.17
101.28
101.38
101.48
101.58
101.69
101.79
101.89
101.99
102.1
102.2
102.3
102.41
102.51
102.61
102.72
102.82
102.92
103.03
103.13
103.24
103.34
103.45
103.55
103.66
103.76
103.87
103.97
104.08
104.18
104.29
104.4
104.5
104.61
104.72
104.82
104.93
105.04
105.15
105.25
105.36
105.47
105.58
105.69
105.8
105.91
106.02
106.13
106.24
106.35
106.46
106.57
106.68
106.79
106.91
107.02
107.13
107.24
107.36
107.47
107.58
107.7
107.81
107.93
108.04
108.16
108.27
108.39
108.5
108.62
108.74
108.85
108.97
109.09
109.2
109.32
109.44
109.56
109.68
109.8
109.92
110.04
110.16
110.28
110.4
110.52
110.64
110.74
111
99.757
99.855
99.95
100.05
100.15
100.25
100.36
100.46
100.56
100.66
100.76
100.87
100.97
101.07
101.17
101.28
101.38
101.48
101.58
101.69
101.79
101.89
101.99
102.1
102.2
102.3
102.41
102.51
102.61
102.72
102.82
102.92
103.03
103.13
103.24
103.34
103.45
103.55
103.66
103.76
103.87
103.97
104.08
104.18
104.29
104.4
104.5
104.61
104.72
104.82
104.93
105.04
105.15
105.25
105.36
105.47
105.58
105.69
105.8
105.91
106.02
106.13
106.24
106.35
106.46
106.57
106.68
106.79
106.9
107.02
107.13
107.24
107.36
107.47
107.58
107.7
107.81
107.93
108.04
108.15
108.27
108.39
108.5
108.62
108.73
108.85
108.97
109.09
109.2
109.32
109.44
109.56
109.68
109.8
109.92
110.04
110.16
110.28
110.4
110.52
110.64
110.73
111
99.757
99.855
99.95
100.05
100.15
100.25
100.36
100.46
100.56
100.66
100.76
100.87
100.97
101.07
101.17
101.28
101.38
101.48
101.58
101.69
101.79
101.89
101.99
102.1
102.2
102.3
102.41
102.51
102.61
102.72
102.82
102.92
103.03
103.13
103.24
103.34
103.45
103.55
103.66
103.76
103.87
103.97
104.08
104.18
104.29
104.4
104.5
104.61
104.72
104.82
104.93
105.04
105.15
105.25
105.36
105.47
105.58
105.69
105.8
105.91
106.02
106.13
106.24
106.35
106.46
106.57
106.68
106.79
106.9
107.02
107.13
107.24
107.36
107.47
107.58
107.7
107.81
107.92
108.04
108.15
108.27
108.39
108.5
108.62
108.73
108.85
108.97
109.09
109.2
109.32
109.44
109.56
109.68
109.8
109.92
110.04
110.16
110.28
110.4
110.52
110.64
110.73
111
99.757
99.855
99.95
100.05
100.15
100.25
100.36
100.46
100.56
100.66
100.76
100.87
100.97
101.07
101.17
101.28
101.38
101.48
101.58
101.69
101.79
101.89
101.99
102.1
102.2
102.3
102.41
102.51
102.61
102.72
102.82
102.92
103.03
103.13
103.24
103.34
103.45
103.55
103.66
103.76
103.87
103.97
104.08
104.18
104.29
104.4
104.5
104.61
104.72
104.82
104.93
105.04
105.15
105.25
105.36
105.47
105.58
105.69
105.8
105.91
106.02
106.13
106.24
106.35
106.46
106.57
106.68
106.79
106.9
107.02
107.13
107.24
107.35
107.47
107.58
107.7
107.81
107.92
108.04
108.15
108.27
108.39
108.5
108.62
108.73
108.85
108.97
109.09
109.2
109.32
109.44
109.56
109.68
109.8
109.91
110.03
110.15
110.27
110.4
110.52
110.64
110.73
111
99.757
99.855
99.95
100.05
100.15
100.25
100.36
100.46
100.56
100.66
100.76
100.87
100.97
101.07
101.17
101.28
101.38
101.48
101.58
101.69
101.79
101.89
101.99
102.1
102.2
102.3
102.41
102.51
102.61
102.72
102.82
102.92
103.03
103.13
103.24
103.34
103.45
103.55
103.66
103.76
103.87
103.97
104.08
104.18
104.29
104.4
104.5
104.61
104.72
104.82
104.93
105.04
105.15
105.25
105.36
105.47
105.58
105.69
105.8
105.91
106.02
106.13
106.24
106.35
106.46
106.57
106.68
106.79
106.9
107.02
107.13
107.24
107.35
107.47
107.58
107.7
107.81
107.92
108.04
108.15
108.27
108.38
108.5
108.62
108.73
108.85
108.97
109.08
109.2
109.32
109.44
109.56
109.68
109.79
109.91
110.03
110.15
110.27
110.39
110.52
110.64
110.73
111
99.757
99.855
99.95
100.05
100.15
100.25
100.36
100.46
100.56
100.66
100.76
100.87
100.97
101.07
101.17
101.28
101.38
101.48
101.58
101.69
101.79
101.89
101.99
102.1
102.2
102.3
102.41
102.51
102.61
102.72
102.82
102.92
103.03
103.13
103.24
103.34
103.45
103.55
103.66
103.76
103.87
103.97
104.08
104.18
104.29
104.4
104.5
104.61
104.72
104.82
104.93
105.04
105.15
105.25
105.36
105.47
105.58
105.69
105.8
105.91
106.02
106.13
106.24
106.35
106.46
106.57
106.68
106.79
106.9
107.02
107.13
107.24
107.35
107.47
107.58
107.7
107.81
107.92
108.04
108.15
108.27
108.38
108.5
108.62
108.73
108.85
108.97
109.08
109.2
109.32
109.44
109.56
109.68
109.79
109.91
110.03
110.15
110.27
110.39
110.51
110.64
110.73
111
99.757
99.855
99.95
100.05
100.15
100.25
100.36
100.46
100.56
100.66
100.76
100.87
100.97
101.07
101.17
101.28
101.38
101.48
101.58
101.69
101.79
101.89
101.99
102.1
102.2
102.3
102.41
102.51
102.61
102.72
102.82
102.92
103.03
103.13
103.24
103.34
103.45
103.55
103.66
103.76
103.87
103.97
104.08
104.18
104.29
104.4
104.5
104.61
104.72
104.82
104.93
105.04
105.15
105.25
105.36
105.47
105.58
105.69
105.8
105.91
106.02
106.13
106.24
106.35
106.46
106.57
106.68
106.79
106.9
107.02
107.13
107.24
107.35
107.47
107.58
107.69
107.81
107.92
108.04
108.15
108.27
108.38
108.5
108.62
108.73
108.85
108.97
109.08
109.2
109.32
109.44
109.56
109.67
109.79
109.91
110.03
110.15
110.27
110.39
110.51
110.64
110.73
111
99.757
99.855
99.95
100.05
100.15
100.25
100.36
100.46
100.56
100.66
100.76
100.87
100.97
101.07
101.17
101.28
101.38
101.48
101.58
101.69
101.79
101.89
101.99
102.1
102.2
102.3
102.41
102.51
102.61
102.72
102.82
102.92
103.03
103.13
103.24
103.34
103.45
103.55
103.66
103.76
103.87
103.97
104.08
104.18
104.29
104.4
104.5
104.61
104.72
104.82
104.93
105.04
105.15
105.25
105.36
105.47
105.58
105.69
105.8
105.91
106.02
106.13
106.24
106.35
106.46
106.57
106.68
106.79
106.9
107.02
107.13
107.24
107.35
107.47
107.58
107.69
107.81
107.92
108.04
108.15
108.27
108.38
108.5
108.62
108.73
108.85
108.97
109.08
109.2
109.32
109.44
109.56
109.67
109.79
109.91
110.03
110.15
110.27
110.39
110.51
110.64
110.73
111
99.757
99.855
99.95
100.05
100.15
100.25
100.36
100.46
100.56
100.66
100.76
100.87
100.97
101.07
101.17
101.28
101.38
101.48
101.58
101.69
101.79
101.89
101.99
102.1
102.2
102.3
102.41
102.51
102.61
102.72
102.82
102.92
103.03
103.13
103.24
103.34
103.45
103.55
103.66
103.76
103.87
103.97
104.08
104.18
104.29
104.4
104.5
104.61
104.72
104.82
104.93
105.04
105.15
105.25
105.36
105.47
105.58
105.69
105.8
105.91
106.02
106.13
106.24
106.35
106.46
106.57
106.68
106.79
106.9
107.02
107.13
107.24
107.35
107.47
107.58
107.69
107.81
107.92
108.04
108.15
108.27
108.38
108.5
108.62
108.73
108.85
108.97
109.08
109.2
109.32
109.44
109.55
109.67
109.79
109.91
110.03
110.15
110.27
110.39
110.51
110.64
110.73
110.99
99.757
99.855
99.95
100.05
100.15
100.25
100.36
100.46
100.56
100.66
100.76
100.87
100.97
101.07
101.17
101.28
101.38
101.48
101.58
101.69
101.79
101.89
101.99
102.1
102.2
102.3
102.41
102.51
102.61
102.72
102.82
102.92
103.03
103.13
103.24
103.34
103.45
103.55
103.66
103.76
103.87
103.97
104.08
104.18
104.29
104.4
104.5
104.61
104.72
104.82
104.93
105.04
105.15
105.25
105.36
105.47
105.58
105.69
105.8
105.91
106.02
106.13
106.24
106.35
106.46
106.57
106.68
106.79
106.9
107.02
107.13
107.24
107.35
107.47
107.58
107.69
107.81
107.92
108.04
108.15
108.27
108.38
108.5
108.61
108.73
108.85
108.96
109.08
109.2
109.32
109.44
109.55
109.67
109.79
109.91
110.03
110.15
110.27
110.39
110.51
110.64
110.73
110.99
99.757
99.855
99.95
100.05
100.15
100.25
100.36
100.46
100.56
100.66
100.76
100.87
100.97
101.07
101.17
101.28
101.38
101.48
101.58
101.69
101.79
101.89
101.99
102.1
102.2
102.3
102.41
102.51
102.61
102.72
102.82
102.92
103.03
103.13
103.24
103.34
103.45
103.55
103.66
103.76
103.87
103.97
104.08
104.18
104.29
104.4
104.5
104.61
104.72
104.82
104.93
105.04
105.15
105.25
105.36
105.47
105.58
105.69
105.8
105.91
106.02
106.13
106.24
106.35
106.46
106.57
106.68
106.79
106.9
107.02
107.13
107.24
107.35
107.47
107.58
107.69
107.81
107.92
108.04
108.15
108.27
108.38
108.5
108.61
108.73
108.85
108.96
109.08
109.2
109.32
109.44
109.55
109.67
109.79
109.91
110.03
110.15
110.27
110.39
110.51
110.64
110.73
110.99
99.757
99.855
99.95
100.05
100.15
100.25
100.36
100.46
100.56
100.66
100.76
100.87
100.97
101.07
101.17
101.28
101.38
101.48
101.58
101.69
101.79
101.89
101.99
102.1
102.2
102.3
102.41
102.51
102.61
102.72
102.82
102.92
103.03
103.13
103.24
103.34
103.45
103.55
103.66
103.76
103.87
103.97
104.08
104.18
104.29
104.4
104.5
104.61
104.72
104.82
104.93
105.04
105.15
105.25
105.36
105.47
105.58
105.69
105.8
105.91
106.02
106.13
106.24
106.35
106.46
106.57
106.68
106.79
106.9
107.02
107.13
107.24
107.35
107.47
107.58
107.69
107.81
107.92
108.04
108.15
108.27
108.38
108.5
108.61
108.73
108.85
108.96
109.08
109.2
109.32
109.43
109.55
109.67
109.79
109.91
110.03
110.15
110.27
110.39
110.51
110.64
110.73
110.99
99.757
99.855
99.95
100.05
100.15
100.25
100.36
100.46
100.56
100.66
100.76
100.87
100.97
101.07
101.17
101.28
101.38
101.48
101.58
101.69
101.79
101.89
101.99
102.1
102.2
102.3
102.41
102.51
102.61
102.72
102.82
102.92
103.03
103.13
103.24
103.34
103.45
103.55
103.66
103.76
103.87
103.97
104.08
104.18
104.29
104.4
104.5
104.61
104.72
104.82
104.93
105.04
105.15
105.25
105.36
105.47
105.58
105.69
105.8
105.91
106.02
106.13
106.24
106.35
106.46
106.57
106.68
106.79
106.9
107.02
107.13
107.24
107.35
107.47
107.58
107.69
107.81
107.92
108.04
108.15
108.27
108.38
108.5
108.61
108.73
108.85
108.96
109.08
109.2
109.32
109.43
109.55
109.67
109.79
109.91
110.03
110.15
110.27
110.39
110.51
110.64
110.73
110.99
99.757
99.855
99.95
100.05
100.15
100.25
100.36
100.46
100.56
100.66
100.76
100.87
100.97
101.07
101.17
101.28
101.38
101.48
101.58
101.69
101.79
101.89
101.99
102.1
102.2
102.3
102.41
102.51
102.61
102.72
102.82
102.92
103.03
103.13
103.24
103.34
103.45
103.55
103.66
103.76
103.87
103.97
104.08
104.18
104.29
104.4
104.5
104.61
104.72
104.82
104.93
105.04
105.15
105.25
105.36
105.47
105.58
105.69
105.8
105.91
106.02
106.13
106.24
106.35
106.46
106.57
106.68
106.79
106.9
107.02
107.13
107.24
107.35
107.47
107.58
107.69
107.81
107.92
108.04
108.15
108.27
108.38
108.5
108.61
108.73
108.85
108.96
109.08
109.2
109.32
109.43
109.55
109.67
109.79
109.91
110.03
110.15
110.27
110.39
110.51
110.63
110.73
110.99
99.757
99.855
99.95
100.05
100.15
100.25
100.36
100.46
100.56
100.66
100.76
100.87
100.97
101.07
101.17
101.28
101.38
101.48
101.58
101.69
101.79
101.89
101.99
102.1
102.2
102.3
102.41
102.51
102.61
102.72
102.82
102.92
103.03
103.13
103.24
103.34
103.45
103.55
103.66
103.76
103.87
103.97
104.08
104.18
104.29
104.4
104.5
104.61
104.72
104.82
104.93
105.04
105.15
105.25
105.36
105.47
105.58
105.69
105.8
105.91
106.02
106.13
106.24
106.35
106.46
106.57
106.68
106.79
106.9
107.02
107.13
107.24
107.35
107.47
107.58
107.69
107.81
107.92
108.04
108.15
108.27
108.38
108.5
108.61
108.73
108.85
108.96
109.08
109.2
109.32
109.43
109.55
109.67
109.79
109.91
110.03
110.15
110.27
110.39
110.51
110.63
110.73
110.99
99.757
99.855
99.95
100.05
100.15
100.25
100.36
100.46
100.56
100.66
100.76
100.87
100.97
101.07
101.17
101.28
101.38
101.48
101.58
101.69
101.79
101.89
101.99
102.1
102.2
102.3
102.41
102.51
102.61
102.72
102.82
102.92
103.03
103.13
103.24
103.34
103.45
103.55
103.66
103.76
103.87
103.97
104.08
104.18
104.29
104.4
104.5
104.61
104.72
104.82
104.93
105.04
105.15
105.25
105.36
105.47
105.58
105.69
105.8
105.91
106.02
106.13
106.24
106.35
106.46
106.57
106.68
106.79
106.9
107.01
107.13
107.24
107.35
107.47
107.58
107.69
107.81
107.92
108.04
108.15
108.27
108.38
108.5
108.61
108.73
108.85
108.96
109.08
109.2
109.32
109.43
109.55
109.67
109.79
109.91
110.03
110.15
110.27
110.39
110.51
110.63
110.73
110.99
99.757
99.855
99.95
100.05
100.15
100.25
100.36
100.46
100.56
100.66
100.76
100.87
100.97
101.07
101.17
101.28
101.38
101.48
101.58
101.69
101.79
101.89
101.99
102.1
102.2
102.3
102.41
102.51
102.61
102.72
102.82
102.92
103.03
103.13
103.24
103.34
103.45
103.55
103.66
103.76
103.87
103.97
104.08
104.18
104.29
104.4
104.5
104.61
104.72
104.82
104.93
105.04
105.15
105.25
105.36
105.47
105.58
105.69
105.8
105.91
106.02
106.13
106.24
106.35
106.46
106.57
106.68
106.79
106.9
107.01
107.13
107.24
107.35
107.47
107.58
107.69
107.81
107.92
108.04
108.15
108.27
108.38
108.5
108.61
108.73
108.85
108.96
109.08
109.2
109.32
109.43
109.55
109.67
109.79
109.91
110.03
110.15
110.27
110.39
110.51
110.63
110.73
110.99
99.757
99.855
99.95
100.05
100.15
100.25
100.36
100.46
100.56
100.66
100.76
100.87
100.97
101.07
101.17
101.28
101.38
101.48
101.58
101.69
101.79
101.89
101.99
102.1
102.2
102.3
102.41
102.51
102.61
102.72
102.82
102.92
103.03
103.13
103.24
103.34
103.45
103.55
103.66
103.76
103.87
103.97
104.08
104.18
104.29
104.4
104.5
104.61
104.72
104.82
104.93
105.04
105.15
105.25
105.36
105.47
105.58
105.69
105.8
105.91
106.02
106.13
106.24
106.35
106.46
106.57
106.68
106.79
106.9
107.01
107.13
107.24
107.35
107.47
107.58
107.69
107.81
107.92
108.04
108.15
108.27
108.38
108.5
108.61
108.73
108.85
108.96
109.08
109.2
109.31
109.43
109.55
109.67
109.79
109.91
110.03
110.15
110.27
110.39
110.51
110.63
110.73
110.99
99.757
99.855
99.95
100.05
100.15
100.25
100.36
100.46
100.56
100.66
100.76
100.87
100.97
101.07
101.17
101.28
101.38
101.48
101.58
101.69
101.79
101.89
101.99
102.1
102.2
102.3
102.41
102.51
102.61
102.72
102.82
102.92
103.03
103.13
103.24
103.34
103.45
103.55
103.66
103.76
103.87
103.97
104.08
104.18
104.29
104.4
104.5
104.61
104.72
104.82
104.93
105.04
105.15
105.25
105.36
105.47
105.58
105.69
105.8
105.91
106.02
106.13
106.24
106.35
106.46
106.57
106.68
106.79
106.9
107.01
107.13
107.24
107.35
107.47
107.58
107.69
107.81
107.92
108.04
108.15
108.27
108.38
108.5
108.61
108.73
108.85
108.96
109.08
109.2
109.31
109.43
109.55
109.67
109.79
109.91
110.03
110.15
110.27
110.39
110.51
110.63
110.73
110.99
99.757
99.855
99.95
100.05
100.15
100.25
100.36
100.46
100.56
100.66
100.76
100.87
100.97
101.07
101.17
101.28
101.38
101.48
101.58
101.69
101.79
101.89
101.99
102.1
102.2
102.3
102.41
102.51
102.61
102.72
102.82
102.92
103.03
103.13
103.24
103.34
103.45
103.55
103.66
103.76
103.87
103.97
104.08
104.18
104.29
104.4
104.5
104.61
104.72
104.82
104.93
105.04
105.15
105.25
105.36
105.47
105.58
105.69
105.8
105.91
106.02
106.13
106.24
106.35
106.46
106.57
106.68
106.79
106.9
107.01
107.13
107.24
107.35
107.47
107.58
107.69
107.81
107.92
108.04
108.15
108.27
108.38
108.5
108.61
108.73
108.85
108.96
109.08
109.2
109.31
109.43
109.55
109.67
109.79
109.91
110.03
110.15
110.27
110.39
110.51
110.63
110.73
110.99
99.757
99.855
99.95
100.05
100.15
100.25
100.36
100.46
100.56
100.66
100.76
100.87
100.97
101.07
101.17
101.28
101.38
101.48
101.58
101.69
101.79
101.89
101.99
102.1
102.2
102.3
102.41
102.51
102.61
102.72
102.82
102.92
103.03
103.13
103.24
103.34
103.45
103.55
103.66
103.76
103.87
103.97
104.08
104.18
104.29
104.4
104.5
104.61
104.72
104.82
104.93
105.04
105.15
105.25
105.36
105.47
105.58
105.69
105.8
105.91
106.02
106.13
106.24
106.35
106.46
106.57
106.68
106.79
106.9
107.01
107.13
107.24
107.35
107.47
107.58
107.69
107.81
107.92
108.04
108.15
108.27
108.38
108.5
108.61
108.73
108.85
108.96
109.08
109.2
109.31
109.43
109.55
109.67
109.79
109.91
110.03
110.15
110.27
110.39
110.51
110.63
110.72
110.99
99.757
99.855
99.95
100.05
100.15
100.25
100.36
100.46
100.56
100.66
100.76
100.87
100.97
101.07
101.17
101.28
101.38
101.48
101.58
101.69
101.79
101.89
101.99
102.1
102.2
102.3
102.41
102.51
102.61
102.72
102.82
102.92
103.03
103.13
103.24
103.34
103.45
103.55
103.66
103.76
103.87
103.97
104.08
104.18
104.29
104.4
104.5
104.61
104.72
104.82
104.93
105.04
105.15
105.25
105.36
105.47
105.58
105.69
105.8
105.91
106.02
106.13
106.24
106.35
106.46
106.57
106.68
106.79
106.9
107.01
107.13
107.24
107.35
107.47
107.58
107.69
107.81
107.92
108.04
108.15
108.27
108.38
108.5
108.61
108.73
108.85
108.96
109.08
109.2
109.31
109.43
109.55
109.67
109.79
109.91
110.03
110.15
110.27
110.39
110.51
110.63
110.72
110.99
99.757
99.855
99.95
100.05
100.15
100.25
100.36
100.46
100.56
100.66
100.76
100.87
100.97
101.07
101.17
101.28
101.38
101.48
101.58
101.69
101.79
101.89
101.99
102.1
102.2
102.3
102.41
102.51
102.61
102.72
102.82
102.92
103.03
103.13
103.24
103.34
103.45
103.55
103.66
103.76
103.87
103.97
104.08
104.18
104.29
104.4
104.5
104.61
104.72
104.82
104.93
105.04
105.15
105.25
105.36
105.47
105.58
105.69
105.8
105.91
106.02
106.13
106.24
106.35
106.46
106.57
106.68
106.79
106.9
107.01
107.13
107.24
107.35
107.47
107.58
107.69
107.81
107.92
108.04
108.15
108.27
108.38
108.5
108.61
108.73
108.84
108.96
109.08
109.2
109.31
109.43
109.55
109.67
109.79
109.91
110.03
110.15
110.27
110.39
110.51
110.63
110.72
110.99
99.757
99.855
99.95
100.05
100.15
100.25
100.36
100.46
100.56
100.66
100.76
100.87
100.97
101.07
101.17
101.28
101.38
101.48
101.58
101.69
101.79
101.89
101.99
102.1
102.2
102.3
102.41
102.51
102.61
102.72
102.82
102.92
103.03
103.13
103.24
103.34
103.45
103.55
103.66
103.76
103.87
103.97
104.08
104.18
104.29
104.4
104.5
104.61
104.72
104.82
104.93
105.04
105.15
105.25
105.36
105.47
105.58
105.69
105.8
105.91
106.02
106.13
106.24
106.35
106.46
106.57
106.68
106.79
106.9
107.01
107.13
107.24
107.35
107.47
107.58
107.69
107.81
107.92
108.04
108.15
108.27
108.38
108.5
108.61
108.73
108.84
108.96
109.08
109.2
109.31
109.43
109.55
109.67
109.79
109.91
110.03
110.15
110.27
110.39
110.51
110.63
110.72
110.99
99.757
99.855
99.95
100.05
100.15
100.25
100.36
100.46
100.56
100.66
100.76
100.87
100.97
101.07
101.17
101.28
101.38
101.48
101.58
101.69
101.79
101.89
101.99
102.1
102.2
102.3
102.41
102.51
102.61
102.72
102.82
102.92
103.03
103.13
103.24
103.34
103.45
103.55
103.66
103.76
103.87
103.97
104.08
104.18
104.29
104.4
104.5
104.61
104.72
104.82
104.93
105.04
105.15
105.25
105.36
105.47
105.58
105.69
105.8
105.91
106.02
106.13
106.24
106.35
106.46
106.57
106.68
106.79
106.9
107.01
107.13
107.24
107.35
107.47
107.58
107.69
107.81
107.92
108.04
108.15
108.26
108.38
108.5
108.61
108.73
108.84
108.96
109.08
109.2
109.31
109.43
109.55
109.67
109.79
109.91
110.03
110.15
110.27
110.39
110.51
110.63
110.72
110.99
99.757
99.855
99.95
100.05
100.15
100.25
100.36
100.46
100.56
100.66
100.76
100.87
100.97
101.07
101.17
101.28
101.38
101.48
101.58
101.69
101.79
101.89
101.99
102.1
102.2
102.3
102.41
102.51
102.61
102.72
102.82
102.92
103.03
103.13
103.24
103.34
103.45
103.55
103.66
103.76
103.87
103.97
104.08
104.18
104.29
104.4
104.5
104.61
104.72
104.82
104.93
105.04
105.15
105.25
105.36
105.47
105.58
105.69
105.8
105.91
106.02
106.13
106.24
106.35
106.46
106.57
106.68
106.79
106.9
107.01
107.13
107.24
107.35
107.47
107.58
107.69
107.81
107.92
108.04
108.15
108.26
108.38
108.5
108.61
108.73
108.84
108.96
109.08
109.2
109.31
109.43
109.55
109.67
109.79
109.91
110.03
110.15
110.27
110.39
110.51
110.63
110.72
110.99
99.757
99.855
99.95
100.05
100.15
100.25
100.36
100.46
100.56
100.66
100.76
100.87
100.97
101.07
101.17
101.28
101.38
101.48
101.58
101.69
101.79
101.89
101.99
102.1
102.2
102.3
102.41
102.51
102.61
102.72
102.82
102.92
103.03
103.13
103.24
103.34
103.45
103.55
103.66
103.76
103.87
103.97
104.08
104.18
104.29
104.4
104.5
104.61
104.72
104.82
104.93
105.04
105.15
105.25
105.36
105.47
105.58
105.69
105.8
105.91
106.02
106.13
106.24
106.35
106.46
106.57
106.68
106.79
106.9
107.01
107.13
107.24
107.35
107.47
107.58
107.69
107.81
107.92
108.04
108.15
108.26
108.38
108.5
108.61
108.73
108.84
108.96
109.08
109.2
109.31
109.43
109.55
109.67
109.79
109.91
110.03
110.15
110.27
110.39
110.51
110.63
110.72
110.99
99.757
99.855
99.95
100.05
100.15
100.25
100.36
100.46
100.56
100.66
100.76
100.87
100.97
101.07
101.17
101.28
101.38
101.48
101.58
101.69
101.79
101.89
101.99
102.1
102.2
102.3
102.41
102.51
102.61
102.72
102.82
102.92
103.03
103.13
103.24
103.34
103.45
103.55
103.66
103.76
103.87
103.97
104.08
104.18
104.29
104.4
104.5
104.61
104.72
104.82
104.93
105.04
105.15
105.25
105.36
105.47
105.58
105.69
105.8
105.91
106.02
106.13
106.24
106.35
106.46
106.57
106.68
106.79
106.9
107.01
107.13
107.24
107.35
107.47
107.58
107.69
107.81
107.92
108.04
108.15
108.26
108.38
108.5
108.61
108.73
108.84
108.96
109.08
109.2
109.31
109.43
109.55
109.67
109.79
109.91
110.03
110.15
110.27
110.39
110.51
110.63
110.72
110.99
99.757
99.855
99.95
100.05
100.15
100.25
100.36
100.46
100.56
100.66
100.76
100.87
100.97
101.07
101.17
101.28
101.38
101.48
101.58
101.69
101.79
101.89
101.99
102.1
102.2
102.3
102.41
102.51
102.61
102.72
102.82
102.92
103.03
103.13
103.24
103.34
103.45
103.55
103.66
103.76
103.87
103.97
104.08
104.18
104.29
104.4
104.5
104.61
104.72
104.82
104.93
105.04
105.15
105.25
105.36
105.47
105.58
105.69
105.8
105.91
106.02
106.13
106.24
106.35
106.46
106.57
106.68
106.79
106.9
107.01
107.13
107.24
107.35
107.47
107.58
107.69
107.81
107.92
108.04
108.15
108.27
108.38
108.5
108.61
108.73
108.84
108.96
109.08
109.2
109.31
109.43
109.55
109.67
109.79
109.91
110.03
110.15
110.27
110.39
110.51
110.63
110.72
110.99
99.757
99.855
99.95
100.05
100.15
100.25
100.36
100.46
100.56
100.66
100.76
100.87
100.97
101.07
101.17
101.28
101.38
101.48
101.58
101.69
101.79
101.89
101.99
102.1
102.2
102.3
102.41
102.51
102.61
102.72
102.82
102.92
103.03
103.13
103.24
103.34
103.45
103.55
103.66
103.76
103.87
103.97
104.08
104.18
104.29
104.4
104.5
104.61
104.72
104.82
104.93
105.04
105.15
105.25
105.36
105.47
105.58
105.69
105.8
105.91
106.02
106.13
106.24
106.35
106.46
106.57
106.68
106.79
106.9
107.01
107.13
107.24
107.35
107.47
107.58
107.69
107.81
107.92
108.04
108.15
108.27
108.38
108.5
108.61
108.73
108.84
108.96
109.08
109.2
109.31
109.43
109.55
109.67
109.79
109.91
110.03
110.15
110.27
110.39
110.51
110.63
110.72
110.99
99.757
99.855
99.95
100.05
100.15
100.25
100.36
100.46
100.56
100.66
100.76
100.87
100.97
101.07
101.17
101.28
101.38
101.48
101.58
101.69
101.79
101.89
101.99
102.1
102.2
102.3
102.41
102.51
102.61
102.72
102.82
102.92
103.03
103.13
103.24
103.34
103.45
103.55
103.66
103.76
103.87
103.97
104.08
104.18
104.29
104.4
104.5
104.61
104.72
104.82
104.93
105.04
105.15
105.25
105.36
105.47
105.58
105.69
105.8
105.91
106.02
106.13
106.24
106.35
106.46
106.57
106.68
106.79
106.9
107.01
107.13
107.24
107.35
107.47
107.58
107.69
107.81
107.92
108.04
108.15
108.27
108.38
108.5
108.61
108.73
108.85
108.96
109.08
109.2
109.31
109.43
109.55
109.67
109.79
109.91
110.03
110.15
110.27
110.39
110.51
110.63
110.72
110.99
99.757
99.855
99.95
100.05
100.15
100.25
100.36
100.46
100.56
100.66
100.76
100.87
100.97
101.07
101.17
101.28
101.38
101.48
101.58
101.69
101.79
101.89
101.99
102.1
102.2
102.3
102.41
102.51
102.61
102.72
102.82
102.92
103.03
103.13
103.24
103.34
103.45
103.55
103.66
103.76
103.87
103.97
104.08
104.18
104.29
104.4
104.5
104.61
104.72
104.82
104.93
105.04
105.15
105.25
105.36
105.47
105.58
105.69
105.8
105.91
106.02
106.13
106.24
106.35
106.46
106.57
106.68
106.79
106.9
107.01
107.13
107.24
107.35
107.47
107.58
107.69
107.81
107.92
108.04
108.15
108.27
108.38
108.5
108.61
108.73
108.85
108.96
109.08
109.2
109.31
109.43
109.55
109.67
109.79
109.91
110.03
110.15
110.27
110.39
110.51
110.63
110.72
110.99
99.757
99.855
99.95
100.05
100.15
100.25
100.36
100.46
100.56
100.66
100.76
100.87
100.97
101.07
101.17
101.28
101.38
101.48
101.58
101.69
101.79
101.89
101.99
102.1
102.2
102.3
102.41
102.51
102.61
102.72
102.82
102.92
103.03
103.13
103.24
103.34
103.45
103.55
103.66
103.76
103.87
103.97
104.08
104.18
104.29
104.4
104.5
104.61
104.72
104.82
104.93
105.04
105.15
105.25
105.36
105.47
105.58
105.69
105.8
105.91
106.02
106.13
106.24
106.35
106.46
106.57
106.68
106.79
106.9
107.01
107.13
107.24
107.35
107.47
107.58
107.69
107.81
107.92
108.04
108.15
108.27
108.38
108.5
108.61
108.73
108.85
108.96
109.08
109.2
109.31
109.43
109.55
109.67
109.79
109.91
110.03
110.15
110.27
110.39
110.51
110.63
110.73
110.99
99.757
99.855
99.95
100.05
100.15
100.25
100.36
100.46
100.56
100.66
100.76
100.87
100.97
101.07
101.17
101.28
101.38
101.48
101.58
101.69
101.79
101.89
101.99
102.1
102.2
102.3
102.41
102.51
102.61
102.72
102.82
102.92
103.03
103.13
103.24
103.34
103.45
103.55
103.66
103.76
103.87
103.97
104.08
104.18
104.29
104.4
104.5
104.61
104.72
104.82
104.93
105.04
105.15
105.25
105.36
105.47
105.58
105.69
105.8
105.91
106.02
106.13
106.24
106.35
106.46
106.57
106.68
106.79
106.9
107.01
107.13
107.24
107.35
107.47
107.58
107.69
107.81
107.92
108.04
108.15
108.27
108.38
108.5
108.61
108.73
108.85
108.96
109.08
109.2
109.31
109.43
109.55
109.67
109.79
109.91
110.03
110.15
110.27
110.39
110.51
110.63
110.73
110.99
99.757
99.855
99.95
100.05
100.15
100.25
100.36
100.46
100.56
100.66
100.76
100.87
100.97
101.07
101.17
101.28
101.38
101.48
101.58
101.69
101.79
101.89
101.99
102.1
102.2
102.3
102.41
102.51
102.61
102.72
102.82
102.92
103.03
103.13
103.24
103.34
103.45
103.55
103.66
103.76
103.87
103.97
104.08
104.18
104.29
104.4
104.5
104.61
104.72
104.82
104.93
105.04
105.15
105.25
105.36
105.47
105.58
105.69
105.8
105.91
106.02
106.13
106.24
106.35
106.46
106.57
106.68
106.79
106.9
107.01
107.13
107.24
107.35
107.47
107.58
107.69
107.81
107.92
108.04
108.15
108.27
108.38
108.5
108.61
108.73
108.85
108.96
109.08
109.2
109.31
109.43
109.55
109.67
109.79
109.91
110.03
110.15
110.27
110.39
110.51
110.63
110.73
110.99
99.757
99.855
99.95
100.05
100.15
100.25
100.36
100.46
100.56
100.66
100.76
100.87
100.97
101.07
101.17
101.28
101.38
101.48
101.58
101.69
101.79
101.89
101.99
102.1
102.2
102.3
102.41
102.51
102.61
102.72
102.82
102.92
103.03
103.13
103.24
103.34
103.45
103.55
103.66
103.76
103.87
103.97
104.08
104.18
104.29
104.4
104.5
104.61
104.72
104.82
104.93
105.04
105.15
105.25
105.36
105.47
105.58
105.69
105.8
105.91
106.02
106.13
106.24
106.35
106.46
106.57
106.68
106.79
106.9
107.01
107.13
107.24
107.35
107.47
107.58
107.69
107.81
107.92
108.04
108.15
108.27
108.38
108.5
108.61
108.73
108.85
108.96
109.08
109.2
109.32
109.43
109.55
109.67
109.79
109.91
110.03
110.15
110.27
110.39
110.51
110.63
110.73
110.99
99.757
99.855
99.95
100.05
100.15
100.25
100.36
100.46
100.56
100.66
100.76
100.87
100.97
101.07
101.17
101.28
101.38
101.48
101.58
101.69
101.79
101.89
101.99
102.1
102.2
102.3
102.41
102.51
102.61
102.72
102.82
102.92
103.03
103.13
103.24
103.34
103.45
103.55
103.66
103.76
103.87
103.97
104.08
104.18
104.29
104.4
104.5
104.61
104.72
104.82
104.93
105.04
105.15
105.25
105.36
105.47
105.58
105.69
105.8
105.91
106.02
106.13
106.24
106.35
106.46
106.57
106.68
106.79
106.9
107.01
107.13
107.24
107.35
107.47
107.58
107.69
107.81
107.92
108.04
108.15
108.27
108.38
108.5
108.61
108.73
108.85
108.96
109.08
109.2
109.32
109.43
109.55
109.67
109.79
109.91
110.03
110.15
110.27
110.39
110.51
110.63
110.73
110.99
99.757
99.855
99.95
100.05
100.15
100.25
100.36
100.46
100.56
100.66
100.76
100.87
100.97
101.07
101.17
101.28
101.38
101.48
101.58
101.69
101.79
101.89
101.99
102.1
102.2
102.3
102.41
102.51
102.61
102.72
102.82
102.92
103.03
103.13
103.24
103.34
103.45
103.55
103.66
103.76
103.87
103.97
104.08
104.18
104.29
104.4
104.5
104.61
104.72
104.82
104.93
105.04
105.15
105.25
105.36
105.47
105.58
105.69
105.8
105.91
106.02
106.13
106.24
106.35
106.46
106.57
106.68
106.79
106.9
107.02
107.13
107.24
107.35
107.47
107.58
107.69
107.81
107.92
108.04
108.15
108.27
108.38
108.5
108.61
108.73
108.85
108.96
109.08
109.2
109.32
109.43
109.55
109.67
109.79
109.91
110.03
110.15
110.27
110.39
110.51
110.63
110.73
110.99
99.757
99.855
99.95
100.05
100.15
100.25
100.36
100.46
100.56
100.66
100.76
100.87
100.97
101.07
101.17
101.28
101.38
101.48
101.58
101.69
101.79
101.89
101.99
102.1
102.2
102.3
102.41
102.51
102.61
102.72
102.82
102.92
103.03
103.13
103.24
103.34
103.45
103.55
103.66
103.76
103.87
103.97
104.08
104.18
104.29
104.4
104.5
104.61
104.72
104.82
104.93
105.04
105.15
105.25
105.36
105.47
105.58
105.69
105.8
105.91
106.02
106.13
106.24
106.35
106.46
106.57
106.68
106.79
106.9
107.02
107.13
107.24
107.35
107.47
107.58
107.69
107.81
107.92
108.04
108.15
108.27
108.38
108.5
108.61
108.73
108.85
108.96
109.08
109.2
109.32
109.43
109.55
109.67
109.79
109.91
110.03
110.15
110.27
110.39
110.51
110.63
110.73
110.99
99.757
99.855
99.95
100.05
100.15
100.25
100.36
100.46
100.56
100.66
100.76
100.87
100.97
101.07
101.17
101.28
101.38
101.48
101.58
101.69
101.79
101.89
101.99
102.1
102.2
102.3
102.41
102.51
102.61
102.72
102.82
102.92
103.03
103.13
103.24
103.34
103.45
103.55
103.66
103.76
103.87
103.97
104.08
104.18
104.29
104.4
104.5
104.61
104.72
104.82
104.93
105.04
105.15
105.25
105.36
105.47
105.58
105.69
105.8
105.91
106.02
106.13
106.24
106.35
106.46
106.57
106.68
106.79
106.9
107.02
107.13
107.24
107.35
107.47
107.58
107.69
107.81
107.92
108.04
108.15
108.27
108.38
108.5
108.61
108.73
108.85
108.96
109.08
109.2
109.32
109.43
109.55
109.67
109.79
109.91
110.03
110.15
110.27
110.39
110.51
110.64
110.73
110.99
99.757
99.855
99.95
100.05
100.15
100.25
100.36
100.46
100.56
100.66
100.76
100.87
100.97
101.07
101.17
101.28
101.38
101.48
101.58
101.69
101.79
101.89
101.99
102.1
102.2
102.3
102.41
102.51
102.61
102.72
102.82
102.92
103.03
103.13
103.24
103.34
103.45
103.55
103.66
103.76
103.87
103.97
104.08
104.18
104.29
104.4
104.5
104.61
104.72
104.82
104.93
105.04
105.15
105.25
105.36
105.47
105.58
105.69
105.8
105.91
106.02
106.13
106.24
106.35
106.46
106.57
106.68
106.79
106.9
107.02
107.13
107.24
107.35
107.47
107.58
107.69
107.81
107.92
108.04
108.15
108.27
108.38
108.5
108.61
108.73
108.85
108.96
109.08
109.2
109.32
109.43
109.55
109.67
109.79
109.91
110.03
110.15
110.27
110.39
110.51
110.64
110.73
110.99
99.757
99.855
99.95
100.05
100.15
100.25
100.36
100.46
100.56
100.66
100.76
100.87
100.97
101.07
101.17
101.28
101.38
101.48
101.58
101.69
101.79
101.89
101.99
102.1
102.2
102.3
102.41
102.51
102.61
102.72
102.82
102.92
103.03
103.13
103.24
103.34
103.45
103.55
103.66
103.76
103.87
103.97
104.08
104.18
104.29
104.4
104.5
104.61
104.72
104.82
104.93
105.04
105.15
105.25
105.36
105.47
105.58
105.69
105.8
105.91
106.02
106.13
106.24
106.35
106.46
106.57
106.68
106.79
106.9
107.02
107.13
107.24
107.35
107.47
107.58
107.69
107.81
107.92
108.04
108.15
108.27
108.38
108.5
108.61
108.73
108.85
108.96
109.08
109.2
109.32
109.44
109.55
109.67
109.79
109.91
110.03
110.15
110.27
110.39
110.51
110.64
110.73
110.99
99.757
99.855
99.95
100.05
100.15
100.25
100.36
100.46
100.56
100.66
100.76
100.87
100.97
101.07
101.17
101.28
101.38
101.48
101.58
101.69
101.79
101.89
101.99
102.1
102.2
102.3
102.41
102.51
102.61
102.72
102.82
102.92
103.03
103.13
103.24
103.34
103.45
103.55
103.66
103.76
103.87
103.97
104.08
104.18
104.29
104.4
104.5
104.61
104.72
104.82
104.93
105.04
105.15
105.25
105.36
105.47
105.58
105.69
105.8
105.91
106.02
106.13
106.24
106.35
106.46
106.57
106.68
106.79
106.9
107.02
107.13
107.24
107.35
107.47
107.58
107.69
107.81
107.92
108.04
108.15
108.27
108.38
108.5
108.61
108.73
108.85
108.96
109.08
109.2
109.32
109.44
109.55
109.67
109.79
109.91
110.03
110.15
110.27
110.39
110.51
110.64
110.73
110.99
99.757
99.855
99.95
100.05
100.15
100.25
100.36
100.46
100.56
100.66
100.76
100.87
100.97
101.07
101.17
101.28
101.38
101.48
101.58
101.69
101.79
101.89
101.99
102.1
102.2
102.3
102.41
102.51
102.61
102.72
102.82
102.92
103.03
103.13
103.24
103.34
103.45
103.55
103.66
103.76
103.87
103.97
104.08
104.18
104.29
104.4
104.5
104.61
104.72
104.82
104.93
105.04
105.15
105.25
105.36
105.47
105.58
105.69
105.8
105.91
106.02
106.13
106.24
106.35
106.46
106.57
106.68
106.79
106.9
107.02
107.13
107.24
107.35
107.47
107.58
107.69
107.81
107.92
108.04
108.15
108.27
108.38
108.5
108.62
108.73
108.85
108.97
109.08
109.2
109.32
109.44
109.55
109.67
109.79
109.91
110.03
110.15
110.27
110.39
110.51
110.64
110.73
110.99
99.757
99.855
99.95
100.05
100.15
100.25
100.36
100.46
100.56
100.66
100.76
100.87
100.97
101.07
101.17
101.28
101.38
101.48
101.58
101.69
101.79
101.89
101.99
102.1
102.2
102.3
102.41
102.51
102.61
102.72
102.82
102.92
103.03
103.13
103.24
103.34
103.45
103.55
103.66
103.76
103.87
103.97
104.08
104.18
104.29
104.4
104.5
104.61
104.72
104.82
104.93
105.04
105.15
105.25
105.36
105.47
105.58
105.69
105.8
105.91
106.02
106.13
106.24
106.35
106.46
106.57
106.68
106.79
106.9
107.02
107.13
107.24
107.35
107.47
107.58
107.69
107.81
107.92
108.04
108.15
108.27
108.38
108.5
108.62
108.73
108.85
108.97
109.08
109.2
109.32
109.44
109.56
109.67
109.79
109.91
110.03
110.15
110.27
110.39
110.51
110.64
110.73
111
99.757
99.855
99.95
100.05
100.15
100.25
100.36
100.46
100.56
100.66
100.76
100.87
100.97
101.07
101.17
101.28
101.38
101.48
101.58
101.69
101.79
101.89
101.99
102.1
102.2
102.3
102.41
102.51
102.61
102.72
102.82
102.92
103.03
103.13
103.24
103.34
103.45
103.55
103.66
103.76
103.87
103.97
104.08
104.18
104.29
104.4
104.5
104.61
104.72
104.82
104.93
105.04
105.15
105.25
105.36
105.47
105.58
105.69
105.8
105.91
106.02
106.13
106.24
106.35
106.46
106.57
106.68
106.79
106.9
107.02
107.13
107.24
107.35
107.47
107.58
107.69
107.81
107.92
108.04
108.15
108.27
108.38
108.5
108.62
108.73
108.85
108.97
109.08
109.2
109.32
109.44
109.56
109.67
109.79
109.91
110.03
110.15
110.27
110.39
110.51
110.64
110.73
111
99.757
99.855
99.95
100.05
100.15
100.25
100.36
100.46
100.56
100.66
100.76
100.87
100.97
101.07
101.17
101.28
101.38
101.48
101.58
101.69
101.79
101.89
101.99
102.1
102.2
102.3
102.41
102.51
102.61
102.72
102.82
102.92
103.03
103.13
103.24
103.34
103.45
103.55
103.66
103.76
103.87
103.97
104.08
104.18
104.29
104.4
104.5
104.61
104.72
104.82
104.93
105.04
105.15
105.25
105.36
105.47
105.58
105.69
105.8
105.91
106.02
106.13
106.24
106.35
106.46
106.57
106.68
106.79
106.9
107.02
107.13
107.24
107.35
107.47
107.58
107.7
107.81
107.92
108.04
108.15
108.27
108.38
108.5
108.62
108.73
108.85
108.97
109.08
109.2
109.32
109.44
109.56
109.68
109.79
109.91
110.03
110.15
110.27
110.39
110.51
110.64
110.73
111
99.757
99.855
99.95
100.05
100.15
100.25
100.36
100.46
100.56
100.66
100.76
100.87
100.97
101.07
101.17
101.28
101.38
101.48
101.58
101.69
101.79
101.89
101.99
102.1
102.2
102.3
102.41
102.51
102.61
102.72
102.82
102.92
103.03
103.13
103.24
103.34
103.45
103.55
103.66
103.76
103.87
103.97
104.08
104.18
104.29
104.4
104.5
104.61
104.72
104.82
104.93
105.04
105.15
105.25
105.36
105.47
105.58
105.69
105.8
105.91
106.02
106.13
106.24
106.35
106.46
106.57
106.68
106.79
106.9
107.02
107.13
107.24
107.35
107.47
107.58
107.7
107.81
107.92
108.04
108.15
108.27
108.38
108.5
108.62
108.73
108.85
108.97
109.08
109.2
109.32
109.44
109.56
109.68
109.79
109.91
110.03
110.15
110.27
110.39
110.52
110.64
110.73
111
99.757
99.855
99.95
100.05
100.15
100.25
100.36
100.46
100.56
100.66
100.76
100.87
100.97
101.07
101.17
101.28
101.38
101.48
101.58
101.69
101.79
101.89
101.99
102.1
102.2
102.3
102.41
102.51
102.61
102.72
102.82
102.92
103.03
103.13
103.24
103.34
103.45
103.55
103.66
103.76
103.87
103.97
104.08
104.18
104.29
104.4
104.5
104.61
104.72
104.82
104.93
105.04
105.15
105.25
105.36
105.47
105.58
105.69
105.8
105.91
106.02
106.13
106.24
106.35
106.46
106.57
106.68
106.79
106.9
107.02
107.13
107.24
107.35
107.47
107.58
107.7
107.81
107.92
108.04
108.15
108.27
108.39
108.5
108.62
108.73
108.85
108.97
109.09
109.2
109.32
109.44
109.56
109.68
109.8
109.91
110.03
110.15
110.27
110.4
110.52
110.64
110.73
111
99.757
99.855
99.95
100.05
100.15
100.25
100.36
100.46
100.56
100.66
100.76
100.87
100.97
101.07
101.17
101.28
101.38
101.48
101.58
101.69
101.79
101.89
101.99
102.1
102.2
102.3
102.41
102.51
102.61
102.72
102.82
102.92
103.03
103.13
103.24
103.34
103.45
103.55
103.66
103.76
103.87
103.97
104.08
104.18
104.29
104.4
104.5
104.61
104.72
104.82
104.93
105.04
105.15
105.25
105.36
105.47
105.58
105.69
105.8
105.91
106.02
106.13
106.24
106.35
106.46
106.57
106.68
106.79
106.9
107.02
107.13
107.24
107.36
107.47
107.58
107.7
107.81
107.92
108.04
108.15
108.27
108.39
108.5
108.62
108.73
108.85
108.97
109.09
109.2
109.32
109.44
109.56
109.68
109.8
109.92
110.04
110.16
110.28
110.4
110.52
110.64
110.73
111
99.757
99.855
99.95
100.05
100.15
100.25
100.36
100.46
100.56
100.66
100.76
100.87
100.97
101.07
101.17
101.28
101.38
101.48
101.58
101.69
101.79
101.89
101.99
102.1
102.2
102.3
102.41
102.51
102.61
102.72
102.82
102.92
103.03
103.13
103.24
103.34
103.45
103.55
103.66
103.76
103.87
103.97
104.08
104.18
104.29
104.4
104.5
104.61
104.72
104.82
104.93
105.04
105.15
105.25
105.36
105.47
105.58
105.69
105.8
105.91
106.02
106.13
106.24
106.35
106.46
106.57
106.68
106.79
106.9
107.02
107.13
107.24
107.36
107.47
107.58
107.7
107.81
107.93
108.04
108.15
108.27
108.39
108.5
108.62
108.73
108.85
108.97
109.09
109.2
109.32
109.44
109.56
109.68
109.8
109.92
110.04
110.16
110.28
110.4
110.52
110.64
110.73
111
99.757
99.855
99.95
100.05
100.15
100.25
100.36
100.46
100.56
100.66
100.76
100.87
100.97
101.07
101.17
101.28
101.38
101.48
101.58
101.69
101.79
101.89
101.99
102.1
102.2
102.3
102.41
102.51
102.61
102.72
102.82
102.92
103.03
103.13
103.24
103.34
103.45
103.55
103.66
103.76
103.87
103.97
104.08
104.18
104.29
104.4
104.5
104.61
104.72
104.82
104.93
105.04
105.15
105.25
105.36
105.47
105.58
105.69
105.8
105.91
106.02
106.13
106.24
106.35
106.46
106.57
106.68
106.79
106.91
107.02
107.13
107.24
107.36
107.47
107.58
107.7
107.81
107.93
108.04
108.16
108.27
108.39
108.5
108.62
108.74
108.85
108.97
109.09
109.2
109.32
109.44
109.56
109.68
109.8
109.92
110.04
110.16
110.28
110.4
110.52
110.64
110.74
111
99.757
99.855
99.95
100.05
100.15
100.25
100.36
100.46
100.56
100.66
100.76
100.87
100.97
101.07
101.17
101.28
101.38
101.48
101.58
101.69
101.79
101.89
101.99
102.1
102.2
102.3
102.41
102.51
102.61
102.72
102.82
102.92
103.03
103.13
103.24
103.34
103.45
103.55
103.66
103.76
103.87
103.97
104.08
104.18
104.29
104.4
104.5
104.61
104.72
104.82
104.93
105.04
105.15
105.25
105.36
105.47
105.58
105.69
105.8
105.91
106.02
106.13
106.24
106.35
106.46
106.57
106.68
106.79
106.91
107.02
107.13
107.24
107.36
107.47
107.58
107.7
107.81
107.93
108.04
108.16
108.27
108.39
108.5
108.62
108.74
108.85
108.97
109.09
109.21
109.32
109.44
109.56
109.68
109.8
109.92
110.04
110.16
110.28
110.4
110.52
110.64
110.74
111
99.757
99.855
99.95
100.05
100.15
100.25
100.36
100.46
100.56
100.66
100.76
100.87
100.97
101.07
101.17
101.28
101.38
101.48
101.58
101.69
101.79
101.89
101.99
102.1
102.2
102.3
102.41
102.51
102.61
102.72
102.82
102.92
103.03
103.13
103.24
103.34
103.45
103.55
103.66
103.76
103.87
103.97
104.08
104.18
104.29
104.4
104.5
104.61
104.72
104.82
104.93
105.04
105.15
105.25
105.36
105.47
105.58
105.69
105.8
105.91
106.02
106.13
106.24
106.35
106.46
106.57
106.68
106.79
106.91
107.02
107.13
107.24
107.36
107.47
107.58
107.7
107.81
107.93
108.04
108.16
108.27
108.39
108.5
108.62
108.74
108.85
108.97
109.09
109.21
109.32
109.44
109.56
109.68
109.8
109.92
110.04
110.16
110.28
110.4
110.52
110.65
110.74
111
99.757
99.855
99.95
100.05
100.15
100.25
100.36
100.46
100.56
100.66
100.76
100.87
100.97
101.07
101.17
101.28
101.38
101.48
101.58
101.69
101.79
101.89
101.99
102.1
102.2
102.3
102.41
102.51
102.61
102.72
102.82
102.92
103.03
103.13
103.24
103.34
103.45
103.55
103.66
103.76
103.87
103.97
104.08
104.18
104.29
104.4
104.5
104.61
104.72
104.82
104.93
105.04
105.15
105.25
105.36
105.47
105.58
105.69
105.8
105.91
106.02
106.13
106.24
106.35
106.46
106.57
106.68
106.79
106.91
107.02
107.13
107.24
107.36
107.47
107.58
107.7
107.81
107.93
108.04
108.16
108.27
108.39
108.5
108.62
108.74
108.85
108.97
109.09
109.21
109.33
109.44
109.56
109.68
109.8
109.92
110.04
110.16
110.28
110.4
110.52
110.65
110.74
111
99.757
99.855
99.95
100.05
100.15
100.25
100.36
100.46
100.56
100.66
100.76
100.87
100.97
101.07
101.17
101.28
101.38
101.48
101.58
101.69
101.79
101.89
101.99
102.1
102.2
102.3
102.41
102.51
102.61
102.72
102.82
102.92
103.03
103.13
103.24
103.34
103.45
103.55
103.66
103.76
103.87
103.97
104.08
104.18
104.29
104.4
104.5
104.61
104.72
104.82
104.93
105.04
105.15
105.25
105.36
105.47
105.58
105.69
105.8
105.91
106.02
106.13
106.24
106.35
106.46
106.57
106.68
106.79
106.91
107.02
107.13
107.24
107.36
107.47
107.58
107.7
107.81
107.93
108.04
108.16
108.27
108.39
108.5
108.62
108.74
108.85
108.97
109.09
109.21
109.33
109.44
109.56
109.68
109.8
109.92
110.04
110.16
110.28
110.4
110.52
110.65
110.74
111.01
99.757
99.855
99.95
100.05
100.15
100.25
100.36
100.46
100.56
100.66
100.76
100.87
100.97
101.07
101.17
101.28
101.38
101.48
101.58
101.69
101.79
101.89
101.99
102.1
102.2
102.3
102.41
102.51
102.61
102.72
102.82
102.92
103.03
103.13
103.24
103.34
103.45
103.55
103.66
103.76
103.87
103.97
104.08
104.18
104.29
104.4
104.5
104.61
104.72
104.82
104.93
105.04
105.15
105.25
105.36
105.47
105.58
105.69
105.8
105.91
106.02
106.13
106.24
106.35
106.46
106.57
106.68
106.79
106.91
107.02
107.13
107.24
107.36
107.47
107.58
107.7
107.81
107.93
108.04
108.16
108.27
108.39
108.5
108.62
108.74
108.86
108.97
109.09
109.21
109.33
109.45
109.56
109.68
109.8
109.92
110.04
110.16
110.28
110.4
110.52
110.65
110.74
111.01
99.757
99.855
99.95
100.05
100.15
100.25
100.36
100.46
100.56
100.66
100.76
100.87
100.97
101.07
101.17
101.28
101.38
101.48
101.58
101.69
101.79
101.89
101.99
102.1
102.2
102.3
102.41
102.51
102.61
102.72
102.82
102.92
103.03
103.13
103.24
103.34
103.45
103.55
103.66
103.76
103.87
103.97
104.08
104.18
104.29
104.4
104.5
104.61
104.72
104.82
104.93
105.04
105.15
105.25
105.36
105.47
105.58
105.69
105.8
105.91
106.02
106.13
106.24
106.35
106.46
106.57
106.68
106.79
106.91
107.02
107.13
107.24
107.36
107.47
107.58
107.7
107.81
107.93
108.04
108.16
108.27
108.39
108.51
108.62
108.74
108.86
108.97
109.09
109.21
109.33
109.45
109.57
109.68
109.8
109.92
110.04
110.16
110.28
110.4
110.53
110.65
110.74
111.01
99.757
99.855
99.95
100.05
100.15
100.25
100.36
100.46
100.56
100.66
100.76
100.87
100.97
101.07
101.17
101.28
101.38
101.48
101.58
101.69
101.79
101.89
101.99
102.1
102.2
102.3
102.41
102.51
102.61
102.72
102.82
102.92
103.03
103.13
103.24
103.34
103.45
103.55
103.66
103.76
103.87
103.97
104.08
104.18
104.29
104.4
104.5
104.61
104.72
104.82
104.93
105.04
105.15
105.25
105.36
105.47
105.58
105.69
105.8
105.91
106.02
106.13
106.24
106.35
106.46
106.57
106.68
106.79
106.91
107.02
107.13
107.24
107.36
107.47
107.58
107.7
107.81
107.93
108.04
108.16
108.27
108.39
108.51
108.62
108.74
108.86
108.97
109.09
109.21
109.33
109.45
109.57
109.69
109.81
109.92
110.04
110.17
110.29
110.41
110.53
110.65
110.74
111.01
99.757
99.855
99.95
100.05
100.15
100.25
100.36
100.46
100.56
100.66
100.76
100.87
100.97
101.07
101.17
101.28
101.38
101.48
101.58
101.69
101.79
101.89
101.99
102.1
102.2
102.3
102.41
102.51
102.61
102.72
102.82
102.92
103.03
103.13
103.24
103.34
103.45
103.55
103.66
103.76
103.87
103.97
104.08
104.18
104.29
104.4
104.5
104.61
104.72
104.82
104.93
105.04
105.15
105.25
105.36
105.47
105.58
105.69
105.8
105.91
106.02
106.13
106.24
106.35
106.46
106.57
106.68
106.79
106.91
107.02
107.13
107.24
107.36
107.47
107.58
107.7
107.81
107.93
108.04
108.16
108.27
108.39
108.51
108.62
108.74
108.86
108.97
109.09
109.21
109.33
109.45
109.57
109.69
109.81
109.93
110.05
110.17
110.29
110.41
110.53
110.65
110.75
111.01
99.757
99.855
99.95
100.05
100.15
100.25
100.36
100.46
100.56
100.66
100.76
100.87
100.97
101.07
101.17
101.28
101.38
101.48
101.58
101.69
101.79
101.89
101.99
102.1
102.2
102.3
102.41
102.51
102.61
102.72
102.82
102.92
103.03
103.13
103.24
103.34
103.45
103.55
103.66
103.76
103.87
103.97
104.08
104.18
104.29
104.4
104.5
104.61
104.72
104.82
104.93
105.04
105.15
105.25
105.36
105.47
105.58
105.69
105.8
105.91
106.02
106.13
106.24
106.35
106.46
106.57
106.68
106.79
106.91
107.02
107.13
107.24
107.36
107.47
107.59
107.7
107.81
107.93
108.04
108.16
108.27
108.39
108.51
108.62
108.74
108.86
108.98
109.09
109.21
109.33
109.45
109.57
109.69
109.81
109.93
110.05
110.17
110.29
110.41
110.53
110.66
110.75
111.01
99.757
99.855
99.95
100.05
100.15
100.25
100.36
100.46
100.56
100.66
100.76
100.87
100.97
101.07
101.17
101.28
101.38
101.48
101.58
101.69
101.79
101.89
101.99
102.1
102.2
102.3
102.41
102.51
102.61
102.72
102.82
102.92
103.03
103.13
103.24
103.34
103.45
103.55
103.66
103.76
103.87
103.97
104.08
104.18
104.29
104.4
104.5
104.61
104.72
104.82
104.93
105.04
105.15
105.25
105.36
105.47
105.58
105.69
105.8
105.91
106.02
106.13
106.24
106.35
106.46
106.57
106.68
106.79
106.91
107.02
107.13
107.24
107.36
107.47
107.59
107.7
107.81
107.93
108.04
108.16
108.28
108.39
108.51
108.62
108.74
108.86
108.98
109.09
109.21
109.33
109.45
109.57
109.69
109.81
109.93
110.05
110.17
110.29
110.41
110.53
110.66
110.75
111.02
99.757
99.855
99.95
100.05
100.15
100.25
100.36
100.46
100.56
100.66
100.76
100.87
100.97
101.07
101.17
101.28
101.38
101.48
101.58
101.69
101.79
101.89
101.99
102.1
102.2
102.3
102.41
102.51
102.61
102.72
102.82
102.92
103.03
103.13
103.24
103.34
103.45
103.55
103.66
103.76
103.87
103.97
104.08
104.18
104.29
104.4
104.5
104.61
104.72
104.82
104.93
105.04
105.15
105.25
105.36
105.47
105.58
105.69
105.8
105.91
106.02
106.13
106.24
106.35
106.46
106.57
106.68
106.79
106.91
107.02
107.13
107.24
107.36
107.47
107.59
107.7
107.81
107.93
108.04
108.16
108.28
108.39
108.51
108.62
108.74
108.86
108.98
109.1
109.21
109.33
109.45
109.57
109.69
109.81
109.93
110.05
110.17
110.29
110.41
110.53
110.66
110.75
111.02
99.757
99.855
99.95
100.05
100.15
100.25
100.36
100.46
100.56
100.66
100.76
100.87
100.97
101.07
101.17
101.28
101.38
101.48
101.58
101.69
101.79
101.89
101.99
102.1
102.2
102.3
102.41
102.51
102.61
102.72
102.82
102.92
103.03
103.13
103.24
103.34
103.45
103.55
103.66
103.76
103.87
103.97
104.08
104.18
104.29
104.4
104.5
104.61
104.72
104.82
104.93
105.04
105.15
105.25
105.36
105.47
105.58
105.69
105.8
105.91
106.02
106.13
106.24
106.35
106.46
106.57
106.68
106.79
106.91
107.02
107.13
107.25
107.36
107.47
107.59
107.7
107.81
107.93
108.04
108.16
108.28
108.39
108.51
108.63
108.74
108.86
108.98
109.1
109.21
109.33
109.45
109.57
109.69
109.81
109.93
110.05
110.17
110.29
110.42
110.54
110.66
110.75
111.02
99.757
99.855
99.95
100.05
100.15
100.25
100.36
100.46
100.56
100.66
100.76
100.87
100.97
101.07
101.17
101.28
101.38
101.48
101.58
101.69
101.79
101.89
101.99
102.1
102.2
102.3
102.41
102.51
102.61
102.72
102.82
102.92
103.03
103.13
103.24
103.34
103.45
103.55
103.66
103.76
103.87
103.97
104.08
104.18
104.29
104.4
104.5
104.61
104.72
104.82
104.93
105.04
105.15
105.25
105.36
105.47
105.58
105.69
105.8
105.91
106.02
106.13
106.24
106.35
106.46
106.57
106.68
106.79
106.91
107.02
107.13
107.25
107.36
107.47
107.59
107.7
107.81
107.93
108.05
108.16
108.28
108.39
108.51
108.63
108.74
108.86
108.98
109.1
109.22
109.33
109.45
109.57
109.69
109.81
109.93
110.05
110.18
110.3
110.42
110.54
110.66
110.76
111.02
99.757
99.855
99.95
100.05
100.15
100.25
100.36
100.46
100.56
100.66
100.76
100.87
100.97
101.07
101.17
101.28
101.38
101.48
101.58
101.69
101.79
101.89
101.99
102.1
102.2
102.3
102.41
102.51
102.61
102.72
102.82
102.92
103.03
103.13
103.24
103.34
103.45
103.55
103.66
103.76
103.87
103.97
104.08
104.18
104.29
104.4
104.5
104.61
104.72
104.82
104.93
105.04
105.15
105.25
105.36
105.47
105.58
105.69
105.8
105.91
106.02
106.13
106.24
106.35
106.46
106.57
106.68
106.8
106.91
107.02
107.13
107.25
107.36
107.47
107.59
107.7
107.82
107.93
108.05
108.16
108.28
108.39
108.51
108.63
108.74
108.86
108.98
109.1
109.22
109.34
109.45
109.57
109.69
109.81
109.94
110.06
110.18
110.3
110.42
110.54
110.67
110.76
111.03
99.757
99.855
99.95
100.05
100.15
100.25
100.36
100.46
100.56
100.66
100.76
100.87
100.97
101.07
101.17
101.28
101.38
101.48
101.58
101.69
101.79
101.89
101.99
102.1
102.2
102.3
102.41
102.51
102.61
102.72
102.82
102.92
103.03
103.13
103.24
103.34
103.45
103.55
103.66
103.76
103.87
103.97
104.08
104.18
104.29
104.4
104.5
104.61
104.72
104.82
104.93
105.04
105.15
105.25
105.36
105.47
105.58
105.69
105.8
105.91
106.02
106.13
106.24
106.35
106.46
106.57
106.68
106.8
106.91
107.02
107.13
107.25
107.36
107.47
107.59
107.7
107.82
107.93
108.05
108.16
108.28
108.39
108.51
108.63
108.74
108.86
108.98
109.1
109.22
109.34
109.46
109.58
109.7
109.82
109.94
110.06
110.18
110.3
110.42
110.54
110.67
110.76
111.03
99.757
99.855
99.95
100.05
100.15
100.25
100.36
100.46
100.56
100.66
100.76
100.87
100.97
101.07
101.17
101.28
101.38
101.48
101.58
101.68
101.79
101.89
101.99
102.1
102.2
102.3
102.41
102.51
102.61
102.72
102.82
102.92
103.03
103.13
103.24
103.34
103.45
103.55
103.66
103.76
103.87
103.97
104.08
104.18
104.29
104.4
104.5
104.61
104.72
104.82
104.93
105.04
105.15
105.25
105.36
105.47
105.58
105.69
105.8
105.91
106.02
106.13
106.24
106.35
106.46
106.57
106.68
106.8
106.91
107.02
107.13
107.25
107.36
107.47
107.59
107.7
107.82
107.93
108.05
108.16
108.28
108.39
108.51
108.63
108.74
108.86
108.98
109.1
109.22
109.34
109.46
109.58
109.7
109.82
109.94
110.06
110.18
110.3
110.43
110.55
110.67
110.77
111.03
99.757
99.855
99.95
100.05
100.15
100.25
100.36
100.46
100.56
100.66
100.76
100.87
100.97
101.07
101.17
101.28
101.38
101.48
101.58
101.68
101.79
101.89
101.99
102.1
102.2
102.3
102.41
102.51
102.61
102.72
102.82
102.92
103.03
103.13
103.24
103.34
103.45
103.55
103.66
103.76
103.87
103.97
104.08
104.18
104.29
104.4
104.5
104.61
104.72
104.82
104.93
105.04
105.15
105.25
105.36
105.47
105.58
105.69
105.8
105.91
106.02
106.13
106.24
106.35
106.46
106.57
106.68
106.8
106.91
107.02
107.13
107.25
107.36
107.47
107.59
107.7
107.82
107.93
108.05
108.16
108.28
108.39
108.51
108.63
108.75
108.86
108.98
109.1
109.22
109.34
109.46
109.58
109.7
109.82
109.94
110.06
110.18
110.31
110.43
110.55
110.68
110.77
111.04
99.757
99.855
99.95
100.05
100.15
100.25
100.36
100.46
100.56
100.66
100.76
100.87
100.97
101.07
101.17
101.28
101.38
101.48
101.58
101.68
101.79
101.89
101.99
102.1
102.2
102.3
102.41
102.51
102.61
102.72
102.82
102.92
103.03
103.13
103.24
103.34
103.45
103.55
103.66
103.76
103.87
103.97
104.08
104.18
104.29
104.4
104.5
104.61
104.72
104.82
104.93
105.04
105.15
105.25
105.36
105.47
105.58
105.69
105.8
105.91
106.02
106.13
106.24
106.35
106.46
106.57
106.68
106.8
106.91
107.02
107.13
107.25
107.36
107.47
107.59
107.7
107.82
107.93
108.05
108.16
108.28
108.39
108.51
108.63
108.75
108.86
108.98
109.1
109.22
109.34
109.46
109.58
109.7
109.82
109.94
110.06
110.19
110.31
110.43
110.56
110.68
110.78
111.04
99.757
99.855
99.95
100.05
100.15
100.25
100.36
100.46
100.56
100.66
100.76
100.87
100.97
101.07
101.17
101.28
101.38
101.48
101.58
101.68
101.79
101.89
101.99
102.1
102.2
102.3
102.41
102.51
102.61
102.72
102.82
102.92
103.03
103.13
103.24
103.34
103.45
103.55
103.66
103.76
103.87
103.97
104.08
104.18
104.29
104.4
104.5
104.61
104.72
104.82
104.93
105.04
105.15
105.25
105.36
105.47
105.58
105.69
105.8
105.91
106.02
106.13
106.24
106.35
106.46
106.57
106.68
106.8
106.91
107.02
107.13
107.25
107.36
107.47
107.59
107.7
107.82
107.93
108.05
108.16
108.28
108.39
108.51
108.63
108.75
108.86
108.98
109.1
109.22
109.34
109.46
109.58
109.7
109.82
109.94
110.07
110.19
110.31
110.44
110.56
110.69
110.78
111.05
99.757
99.855
99.95
100.05
100.15
100.25
100.36
100.46
100.56
100.66
100.76
100.87
100.97
101.07
101.17
101.28
101.38
101.48
101.58
101.68
101.79
101.89
101.99
102.1
102.2
102.3
102.41
102.51
102.61
102.72
102.82
102.92
103.03
103.13
103.24
103.34
103.45
103.55
103.66
103.76
103.87
103.97
104.08
104.18
104.29
104.4
104.5
104.61
104.72
104.82
104.93
105.04
105.15
105.25
105.36
105.47
105.58
105.69
105.8
105.91
106.02
106.13
106.24
106.35
106.46
106.57
106.68
106.8
106.91
107.02
107.13
107.25
107.36
107.47
107.59
107.7
107.82
107.93
108.05
108.16
108.28
108.39
108.51
108.63
108.75
108.86
108.98
109.1
109.22
109.34
109.46
109.58
109.7
109.82
109.95
110.07
110.19
110.32
110.44
110.56
110.69
110.79
111.06
99.757
99.855
99.95
100.05
100.15
100.25
100.36
100.46
100.56
100.66
100.76
100.87
100.97
101.07
101.17
101.28
101.38
101.48
101.58
101.68
101.79
101.89
101.99
102.1
102.2
102.3
102.41
102.51
102.61
102.72
102.82
102.92
103.03
103.13
103.24
103.34
103.45
103.55
103.66
103.76
103.87
103.97
104.08
104.18
104.29
104.4
104.5
104.61
104.72
104.82
104.93
105.04
105.15
105.25
105.36
105.47
105.58
105.69
105.8
105.91
106.02
106.13
106.24
106.35
106.46
106.57
106.68
106.8
106.91
107.02
107.13
107.25
107.36
107.47
107.59
107.7
107.82
107.93
108.05
108.16
108.28
108.39
108.51
108.63
108.75
108.86
108.98
109.1
109.22
109.34
109.46
109.58
109.7
109.82
109.95
110.07
110.19
110.32
110.44
110.57
110.7
110.8
111.07
99.757
99.855
99.95
100.05
100.15
100.25
100.36
100.46
100.56
100.66
100.76
100.87
100.97
101.07
101.17
101.28
101.38
101.48
101.58
101.68
101.79
101.89
101.99
102.1
102.2
102.3
102.41
102.51
102.61
102.72
102.82
102.92
103.03
103.13
103.24
103.34
103.45
103.55
103.65
103.76
103.87
103.97
104.08
104.18
104.29
104.4
104.5
104.61
104.72
104.82
104.93
105.04
105.15
105.25
105.36
105.47
105.58
105.69
105.8
105.91
106.02
106.13
106.24
106.35
106.46
106.57
106.68
106.79
106.91
107.02
107.13
107.25
107.36
107.47
107.59
107.7
107.82
107.93
108.05
108.16
108.28
108.39
108.51
108.63
108.75
108.86
108.98
109.1
109.22
109.34
109.46
109.58
109.7
109.83
109.95
110.07
110.2
110.32
110.45
110.57
110.71
110.81
111.08
99.756
99.854
99.95
100.05
100.15
100.25
100.36
100.46
100.56
100.66
100.76
100.87
100.97
101.07
101.17
101.28
101.38
101.48
101.58
101.68
101.79
101.89
101.99
102.1
102.2
102.3
102.41
102.51
102.61
102.72
102.82
102.92
103.03
103.13
103.24
103.34
103.45
103.55
103.65
103.76
103.87
103.97
104.08
104.18
104.29
104.4
104.5
104.61
104.72
104.82
104.93
105.04
105.15
105.25
105.36
105.47
105.58
105.69
105.8
105.91
106.02
106.13
106.24
106.35
106.46
106.57
106.68
106.79
106.91
107.02
107.13
107.25
107.36
107.47
107.59
107.7
107.82
107.93
108.05
108.16
108.28
108.39
108.51
108.63
108.75
108.86
108.98
109.1
109.22
109.34
109.46
109.58
109.7
109.83
109.95
110.07
110.2
110.32
110.45
110.58
110.71
110.81
111.12
99.753
99.852
99.95
100.05
100.15
100.25
100.36
100.46
100.56
100.66
100.76
100.87
100.97
101.07
101.17
101.28
101.38
101.48
101.58
101.68
101.79
101.89
101.99
102.1
102.2
102.3
102.41
102.51
102.61
102.72
102.82
102.92
103.03
103.13
103.24
103.34
103.44
103.55
103.65
103.76
103.87
103.97
104.08
104.18
104.29
104.4
104.5
104.61
104.72
104.82
104.93
105.04
105.15
105.25
105.36
105.47
105.58
105.69
105.8
105.91
106.02
106.13
106.24
106.35
106.46
106.57
106.68
106.79
106.91
107.02
107.13
107.25
107.36
107.47
107.59
107.7
107.82
107.93
108.05
108.16
108.28
108.39
108.51
108.63
108.75
108.86
108.98
109.1
109.22
109.34
109.46
109.58
109.7
109.83
109.95
110.07
110.2
110.32
110.45
110.58
110.71
110.82
111.19
