99.787
99.872
99.957
100.04
100.13
100.22
100.31
100.4
100.48
100.57
100.66
100.75
100.84
100.93
101.02
101.1
101.19
101.28
101.37
101.46
101.55
101.64
101.73
101.82
101.91
102
102.09
102.18
102.27
102.36
102.45
102.54
102.64
102.73
102.82
102.91
103.01
103.1
103.19
103.29
103.38
103.47
103.57
103.66
103.76
103.85
103.95
104.05
104.14
104.24
104.34
104.43
104.53
104.63
104.73
104.83
104.93
105.03
105.13
105.23
105.33
105.43
105.53
105.64
105.74
105.84
105.95
106.05
106.16
106.26
106.37
106.48
106.58
106.69
106.8
106.91
107.02
107.13
107.24
107.35
107.46
107.57
107.68
107.8
107.91
108.02
108.14
108.25
108.37
108.49
108.6
108.72
108.84
108.96
109.08
109.2
109.33
109.45
109.58
109.71
109.84
109.95
110.31
99.789
99.873
99.957
100.04
100.13
100.22
100.31
100.4
100.48
100.57
100.66
100.75
100.84
100.93
101.02
101.1
101.19
101.28
101.37
101.46
101.55
101.64
101.73
101.82
101.91
102
102.09
102.18
102.27
102.36
102.45
102.54
102.64
102.73
102.82
102.91
103.01
103.1
103.19
103.29
103.38
103.47
103.57
103.66
103.76
103.85
103.95
104.05
104.14
104.24
104.34
104.43
104.53
104.63
104.73
104.83
104.93
105.03
105.13
105.23
105.33
105.43
105.54
105.64
105.74
105.84
105.95
106.05
106.16
106.26
106.37
106.48
106.58
106.69
106.8
106.91
107.02
107.13
107.24
107.35
107.46
107.57
107.68
107.8
107.91
108.02
108.14
108.25
108.37
108.49
108.6
108.72
108.84
108.96
109.08
109.2
109.33
109.45
109.58
109.7
109.84
109.94
110.24
99.79
99.874
99.957
100.04
100.13
100.22
100.31
100.4
100.49
100.57
100.66
100.75
100.84
100.93
101.02
101.1
101.19
101.28
101.37
101.46
101.55
101.64
101.73
101.82
101.91
102
102.09
102.18
102.27
102.36
102.45
102.54
102.64
102.73
102.82
102.91
103.01
103.1
103.19
103.29
103.38
103.47
103.57
103.66
103.76
103.85
103.95
104.05
104.14
104.24
104.34
104.43
104.53
104.63
104.73
104.83
104.93
105.03
105.13
105.23
105.33
105.43
105.54
105.64
105.74
105.84
105.95
106.05
106.16
106.26
106.37
106.48
106.58
106.69
106.8
106.91
107.02
107.13
107.24
107.35
107.46
107.57
107.68
107.8
107.91
108.02
108.14
108.25
108.37
108.49
108.6
108.72
108.84
108.96
109.08
109.2
109.33
109.45
109.57
109.7
109.83
109.93
110.2
99.79
99.874
99.957
100.04
100.13
100.22
100.31
100.4
100.49
100.57
100.66
100.75
100.84
100.93
101.02
101.1
101.19
101.28
101.37
101.46
101.55
101.64
101.73
101.82
101.91
102
102.09
102.18
102.27
102.36
102.45
102.55
102.64
102.73
102.82
102.91
103.01
103.1
103.19
103.29
103.38
103.47
103.57
103.66
103.76
103.85
103.95
104.05
104.14
104.24
104.34
104.43
104.53
104.63
104.73
104.83
104.93
105.03
105.13
105.23
105.33
105.43
105.54
105.64
105.74
105.84
105.95
106.05
106.16
106.26
106.37
106.48
106.58
106.69
106.8
106.91
107.02
107.13
107.24
107.35
107.46
107.57
107.68
107.8
107.91
108.02
108.14
108.25
108.37
108.49
108.6
108.72
108.84
108.96
109.08
109.2
109.32
109.45
109.57
109.7
109.83
109.92
110.19
99.79
99.874
99.957
100.04
100.13
100.22
100.31
100.4
100.49
100.57
100.66
100.75
100.84
100.93
101.02
101.1
101.19
101.28
101.37
101.46
101.55
101.64
101.73
101.82
101.91
102
102.09
102.18
102.27
102.36
102.45
102.55
102.64
102.73
102.82
102.91
103.01
103.1
103.19
103.29
103.38
103.47
103.57
103.66
103.76
103.85
103.95
104.05
104.14
104.24
104.34
104.43
104.53
104.63
104.73
104.83
104.93
105.03
105.13
105.23
105.33
105.43
105.54
105.64
105.74
105.84
105.95
106.05
106.16
106.26
106.37
106.48
106.58
106.69
106.8
106.91
107.02
107.13
107.24
107.35
107.46
107.57
107.68
107.8
107.91
108.02
108.14
108.25
108.37
108.49
108.6
108.72
108.84
108.96
109.08
109.2
109.32
109.44
109.57
109.69
109.82
109.91
110.18
99.79
99.874
99.957
100.04
100.13
100.22
100.31
100.4
100.49
100.57
100.66
100.75
100.84
100.93
101.02
101.1
101.19
101.28
101.37
101.46
101.55
101.64
101.73
101.82
101.91
102
102.09
102.18
102.27
102.36
102.45
102.55
102.64
102.73
102.82
102.91
103.01
103.1
103.19
103.29
103.38
103.47
103.57
103.66
103.76
103.85
103.95
104.05
104.14
104.24
104.34
104.43
104.53
104.63
104.73
104.83
104.93
105.03
105.13
105.23
105.33
105.43
105.54
105.64
105.74
105.84
105.95
106.05
106.16
106.26
106.37
106.48
106.58
106.69
106.8
106.91
107.02
107.13
107.24
107.35
107.46
107.57
107.68
107.8
107.91
108.02
108.14
108.25
108.37
108.49
108.6
108.72
108.84
108.96
109.08
109.2
109.32
109.44
109.56
109.69
109.81
109.91
110.17
99.79
99.874
99.957
100.04
100.13
100.22
100.31
100.4
100.49
100.57
100.66
100.75
100.84
100.93
101.02
101.1
101.19
101.28
101.37
101.46
101.55
101.64
101.73
101.82
101.91
102
102.09
102.18
102.27
102.36
102.45
102.55
102.64
102.73
102.82
102.91
103.01
103.1
103.19
103.29
103.38
103.47
103.57
103.66
103.76
103.85
103.95
104.05
104.14
104.24
104.34
104.43
104.53
104.63
104.73
104.83
104.93
105.03
105.13
105.23
105.33
105.43
105.54
105.64
105.74
105.85
105.95
106.05
106.16
106.26
106.37
106.48
106.58
106.69
106.8
106.91
107.02
107.13
107.24
107.35
107.46
107.57
107.68
107.8
107.91
108.02
108.14
108.25
108.37
108.48
108.6
108.72
108.84
108.96
109.08
109.2
109.32
109.44
109.56
109.68
109.81
109.9
110.17
99.79
99.874
99.957
100.04
100.13
100.22
100.31
100.4
100.49
100.57
100.66
100.75
100.84
100.93
101.02
101.1
101.19
101.28
101.37
101.46
101.55
101.64
101.73
101.82
101.91
102
102.09
102.18
102.27
102.36
102.45
102.55
102.64
102.73
102.82
102.91
103.01
103.1
103.19
103.29
103.38
103.47
103.57
103.66
103.76
103.85
103.95
104.05
104.14
104.24
104.34
104.44
104.53
104.63
104.73
104.83
104.93
105.03
105.13
105.23
105.33
105.43
105.54
105.64
105.74
105.85
105.95
106.05
106.16
106.26
106.37
106.48
106.58
106.69
106.8
106.91
107.02
107.13
107.24
107.35
107.46
107.57
107.68
107.79
107.91
108.02
108.14
108.25
108.37
108.48
108.6
108.72
108.84
108.96
109.07
109.19
109.32
109.44
109.56
109.68
109.8
109.9
110.16
99.79
99.874
99.957
100.04
100.13
100.22
100.31
100.4
100.49
100.57
100.66
100.75
100.84
100.93
101.02
101.1
101.19
101.28
101.37
101.46
101.55
101.64
101.73
101.82
101.91
102
102.09
102.18
102.27
102.36
102.45
102.55
102.64
102.73
102.82
102.91
103.01
103.1
103.19
103.29
103.38
103.47
103.57
103.66
103.76
103.85
103.95
104.05
104.14
104.24
104.34
104.44
104.53
104.63
104.73
104.83
104.93
105.03
105.13
105.23
105.33
105.43
105.54
105.64
105.74
105.85
105.95
106.05
106.16
106.26
106.37
106.48
106.58
106.69
106.8
106.91
107.02
107.13
107.24
107.35
107.46
107.57
107.68
107.79
107.91
108.02
108.14
108.25
108.37
108.48
108.6
108.72
108.84
108.95
109.07
109.19
109.31
109.43
109.55
109.68
109.8
109.89
110.16
99.79
99.874
99.957
100.04
100.13
100.22
100.31
100.4
100.49
100.57
100.66
100.75
100.84
100.93
101.02
101.1
101.19
101.28
101.37
101.46
101.55
101.64
101.73
101.82
101.91
102
102.09
102.18
102.27
102.36
102.45
102.55
102.64
102.73
102.82
102.91
103.01
103.1
103.19
103.29
103.38
103.47
103.57
103.66
103.76
103.85
103.95
104.05
104.14
104.24
104.34
104.44
104.53
104.63
104.73
104.83
104.93
105.03
105.13
105.23
105.33
105.43
105.54
105.64
105.74
105.85
105.95
106.05
106.16
106.26
106.37
106.48
106.58
106.69
106.8
106.91
107.02
107.13
107.24
107.35
107.46
107.57
107.68
107.79
107.91
108.02
108.14
108.25
108.37
108.48
108.6
108.72
108.83
108.95
109.07
109.19
109.31
109.43
109.55
109.67
109.8
109.89
110.16
99.79
99.874
99.957
100.04
100.13
100.22
100.31
100.4
100.49
100.57
100.66
100.75
100.84
100.93
101.02
101.1
101.19
101.28
101.37
101.46
101.55
101.64
101.73
101.82
101.91
102
102.09
102.18
102.27
102.36
102.45
102.55
102.64
102.73
102.82
102.91
103.01
103.1
103.19
103.29
103.38
103.47
103.57
103.66
103.76
103.85
103.95
104.05
104.14
104.24
104.34
104.44
104.53
104.63
104.73
104.83
104.93
105.03
105.13
105.23
105.33
105.43
105.54
105.64
105.74
105.85
105.95
106.05
106.16
106.26
106.37
106.48
106.58
106.69
106.8
106.91
107.02
107.13
107.24
107.35
107.46
107.57
107.68
107.79
107.91
108.02
108.14
108.25
108.37
108.48
108.6
108.72
108.83
108.95
109.07
109.19
109.31
109.43
109.55
109.67
109.79
109.89
110.15
99.79
99.874
99.957
100.04
100.13
100.22
100.31
100.4
100.49
100.57
100.66
100.75
100.84
100.93
101.02
101.1
101.19
101.28
101.37
101.46
101.55
101.64
101.73
101.82
101.91
102
102.09
102.18
102.27
102.36
102.45
102.55
102.64
102.73
102.82
102.91
103.01
103.1
103.19
103.29
103.38
103.47
103.57
103.66
103.76
103.85
103.95
104.05
104.14
104.24
104.34
104.44
104.53
104.63
104.73
104.83
104.93
105.03
105.13
105.23
105.33
105.43
105.54
105.64
105.74
105.85
105.95
106.05
106.16
106.26
106.37
106.48
106.58
106.69
106.8
106.91
107.02
107.13
107.24
107.35
107.46
107.57
107.68
107.79
107.91
108.02
108.13
108.25
108.36
108.48
108.6
108.71
108.83
108.95
109.07
109.19
109.31
109.43
109.55
109.67
109.79
109.88
110.15
99.79
99.874
99.957
100.04
100.13
100.22
100.31
100.4
100.49
100.57
100.66
100.75
100.84
100.93
101.02
101.1
101.19
101.28
101.37
101.46
101.55
101.64
101.73
101.82
101.91
102
102.09
102.18
102.27
102.36
102.45
102.55
102.64
102.73
102.82
102.91
103.01
103.1
103.19
103.29
103.38
103.47
103.57
103.66
103.76
103.86
103.95
104.05
104.14
104.24
104.34
104.44
104.53
104.63
104.73
104.83
104.93
105.03
105.13
105.23
105.33
105.43
105.54
105.64
105.74
105.85
105.95
106.05
106.16
106.26
106.37
106.48
106.58
106.69
106.8
106.91
107.02
107.13
107.24
107.35
107.46
107.57
107.68
107.79
107.91
108.02
108.13
108.25
108.36
108.48
108.6
108.71
108.83
108.95
109.07
109.19
109.3
109.42
109.54
109.66
109.79
109.88
110.15
99.79
99.874
99.957
100.04
100.13
100.22
100.31
100.4
100.49
100.57
100.66
100.75
100.84
100.93
101.02
101.1
101.19
101.28
101.37
101.46
101.55
101.64
101.73
101.82
101.91
102
102.09
102.18
102.27
102.36
102.45
102.55
102.64
102.73
102.82
102.91
103.01
103.1
103.19
103.29
103.38
103.48
103.57
103.66
103.76
103.86
103.95
104.05
104.14
104.24
104.34
104.44
104.53
104.63
104.73
104.83
104.93
105.03
105.13
105.23
105.33
105.43
105.54
105.64
105.74
105.85
105.95
106.05
106.16
106.26
106.37
106.48
106.58
106.69
106.8
106.91
107.02
107.12
107.23
107.35
107.46
107.57
107.68
107.79
107.91
108.02
108.13
108.25
108.36
108.48
108.59
108.71
108.83
108.95
109.06
109.18
109.3
109.42
109.54
109.66
109.79
109.88
110.14
99.79
99.874
99.957
100.04
100.13
100.22
100.31
100.4
100.49
100.57
100.66
100.75
100.84
100.93
101.02
101.1
101.19
101.28
101.37
101.46
101.55
101.64
101.73
101.82
101.91
102
102.09
102.18
102.27
102.36
102.45
102.55
102.64
102.73
102.82
102.91
103.01
103.1
103.19
103.29
103.38
103.48
103.57
103.66
103.76
103.86
103.95
104.05
104.14
104.24
104.34
104.44
104.53
104.63
104.73
104.83
104.93
105.03
105.13
105.23
105.33
105.43
105.54
105.64
105.74
105.85
105.95
106.05
106.16
106.26
106.37
106.48
106.58
106.69
106.8
106.91
107.02
107.12
107.23
107.34
107.46
107.57
107.68
107.79
107.9
108.02
108.13
108.25
108.36
108.48
108.59
108.71
108.83
108.95
109.06
109.18
109.3
109.42
109.54
109.66
109.79
109.88
110.14
99.79
99.874
99.957
100.04
100.13
100.22
100.31
100.4
100.49
100.57
100.66
100.75
100.84
100.93
101.02
101.11
101.19
101.28
101.37
101.46
101.55
101.64
101.73
101.82
101.91
102
102.09
102.18
102.27
102.36
102.45
102.55
102.64
102.73
102.82
102.91
103.01
103.1
103.19
103.29
103.38
103.48
103.57
103.66
103.76
103.86
103.95
104.05
104.14
104.24
104.34
104.44
104.53
104.63
104.73
104.83
104.93
105.03
105.13
105.23
105.33
105.43
105.54
105.64
105.74
105.85
105.95
106.05
106.16
106.26
106.37
106.48
106.58
106.69
106.8
106.91
107.02
107.12
107.23
107.34
107.46
107.57
107.68
107.79
107.9
108.02
108.13
108.25
108.36
108.48
108.59
108.71
108.83
108.94
109.06
109.18
109.3
109.42
109.54
109.66
109.78
109.88
110.14
99.79
99.874
99.957
100.04
100.13
100.22
100.31
100.4
100.49
100.57
100.66
100.75
100.84
100.93
101.02
101.11
101.19
101.28
101.37
101.46
101.55
101.64
101.73
101.82
101.91
102
102.09
102.18
102.27
102.36
102.45
102.55
102.64
102.73
102.82
102.91
103.01
103.1
103.19
103.29
103.38
103.48
103.57
103.66
103.76
103.86
103.95
104.05
104.14
104.24
104.34
104.44
104.53
104.63
104.73
104.83
104.93
105.03
105.13
105.23
105.33
105.43
105.54
105.64
105.74
105.85
105.95
106.05
106.16
106.26
106.37
106.48
106.58
106.69
106.8
106.91
107.01
107.12
107.23
107.34
107.46
107.57
107.68
107.79
107.9
108.02
108.13
108.25
108.36
108.48
108.59
108.71
108.83
108.94
109.06
109.18
109.3
109.42
109.54
109.66
109.78
109.87
110.14
99.79
99.874
99.957
100.04
100.13
100.22
100.31
100.4
100.49
100.57
100.66
100.75
100.84
100.93
101.02
101.11
101.19
101.28
101.37
101.46
101.55
101.64
101.73
101.82
101.91
102
102.09
102.18
102.27
102.36
102.45
102.55
102.64
102.73
102.82
102.91
103.01
103.1
103.19
103.29
103.38
103.48
103.57
103.66
103.76
103.86
103.95
104.05
104.14
104.24
104.34
104.44
104.53
104.63
104.73
104.83
104.93
105.03
105.13
105.23
105.33
105.43
105.54
105.64
105.74
105.85
105.95
106.05
106.16
106.26
106.37
106.48
106.58
106.69
106.8
106.91
107.01
107.12
107.23
107.34
107.45
107.57
107.68
107.79
107.9
108.02
108.13
108.24
108.36
108.47
108.59
108.71
108.82
108.94
109.06
109.18
109.3
109.42
109.54
109.66
109.78
109.87
110.14
99.79
99.874
99.957
100.04
100.13
100.22
100.31
100.4
100.49
100.57
100.66
100.75
100.84
100.93
101.02
101.11
101.19
101.28
101.37
101.46
101.55
101.64
101.73
101.82
101.91
102
102.09
102.18
102.27
102.36
102.45
102.55
102.64
102.73
102.82
102.91
103.01
103.1
103.19
103.29
103.38
103.48
103.57
103.66
103.76
103.86
103.95
104.05
104.14
104.24
104.34
104.44
104.53
104.63
104.73
104.83
104.93
105.03
105.13
105.23
105.33
105.43
105.54
105.64
105.74
105.84
105.95
106.05
106.16
106.26
106.37
106.48
106.58
106.69
106.8
106.91
107.01
107.12
107.23
107.34
107.45
107.57
107.68
107.79
107.9
108.02
108.13
108.24
108.36
108.47
108.59
108.71
108.82
108.94
109.06
109.18
109.3
109.41
109.53
109.65
109.78
109.87
110.14
99.79
99.874
99.957
100.04
100.13
100.22
100.31
100.4
100.49
100.57
100.66
100.75
100.84
100.93
101.02
101.11
101.19
101.28
101.37
101.46
101.55
101.64
101.73
101.82
101.91
102
102.09
102.18
102.27
102.36
102.45
102.55
102.64
102.73
102.82
102.91
103.01
103.1
103.19
103.29
103.38
103.48
103.57
103.66
103.76
103.86
103.95
104.05
104.14
104.24
104.34
104.44
104.53
104.63
104.73
104.83
104.93
105.03
105.13
105.23
105.33
105.43
105.54
105.64
105.74
105.84
105.95
106.05
106.16
106.26
106.37
106.48
106.58
106.69
106.8
106.91
107.01
107.12
107.23
107.34
107.45
107.57
107.68
107.79
107.9
108.02
108.13
108.24
108.36
108.47
108.59
108.71
108.82
108.94
109.06
109.18
109.29
109.41
109.53
109.65
109.78
109.87
110.13
99.79
99.874
99.957
100.04
100.13
100.22
100.31
100.4
100.49
100.57
100.66
100.75
100.84
100.93
101.02
101.11
101.19
101.28
101.37
101.46
101.55
101.64
101.73
101.82
101.91
102
102.09
102.18
102.27
102.36
102.45
102.55
102.64
102.73
102.82
102.91
103.01
103.1
103.19
103.29
103.38
103.48
103.57
103.66
103.76
103.86
103.95
104.05
104.14
104.24
104.34
104.44
104.53
104.63
104.73
104.83
104.93
105.03
105.13
105.23
105.33
105.43
105.54
105.64
105.74
105.84
105.95
106.05
106.16
106.26
106.37
106.48
106.58
106.69
106.8
106.91
107.01
107.12
107.23
107.34
107.45
107.56
107.68
107.79
107.9
108.01
108.13
108.24
108.36
108.47
108.59
108.7
108.82
108.94
109.06
109.17
109.29
109.41
109.53
109.65
109.78
109.87
110.13
99.79
99.874
99.957
100.04
100.13
100.22
100.31
100.4
100.49
100.57
100.66
100.75
100.84
100.93
101.02
101.11
101.19
101.28
101.37
101.46
101.55
101.64
101.73
101.82
101.91
102
102.09
102.18
102.27
102.36
102.45
102.55
102.64
102.73
102.82
102.91
103.01
103.1
103.19
103.29
103.38
103.48
103.57
103.66
103.76
103.86
103.95
104.05
104.14
104.24
104.34
104.44
104.53
104.63
104.73
104.83
104.93
105.03
105.13
105.23
105.33
105.43
105.54
105.64
105.74
105.84
105.95
106.05
106.16
106.26
106.37
106.48
106.58
106.69
106.8
106.9
107.01
107.12
107.23
107.34
107.45
107.56
107.68
107.79
107.9
108.01
108.13
108.24
108.36
108.47
108.59
108.7
108.82
108.94
109.06
109.17
109.29
109.41
109.53
109.65
109.77
109.87
110.13
99.79
99.874
99.957
100.04
100.13
100.22
100.31
100.4
100.49
100.57
100.66
100.75
100.84
100.93
101.02
101.11
101.19
101.28
101.37
101.46
101.55
101.64
101.73
101.82
101.91
102
102.09
102.18
102.27
102.36
102.45
102.55
102.64
102.73
102.82
102.91
103.01
103.1
103.19
103.29
103.38
103.48
103.57
103.66
103.76
103.86
103.95
104.05
104.14
104.24
104.34
104.44
104.53
104.63
104.73
104.83
104.93
105.03
105.13
105.23
105.33
105.43
105.54
105.64
105.74
105.84
105.95
106.05
106.16
106.26
106.37
106.47
106.58
106.69
106.8
106.9
107.01
107.12
107.23
107.34
107.45
107.56
107.68
107.79
107.9
108.01
108.13
108.24
108.36
108.47
108.59
108.7
108.82
108.94
109.05
109.17
109.29
109.41
109.53
109.65
109.77
109.87
110.13
99.79
99.874
99.957
100.04
100.13
100.22
100.31
100.4
100.49
100.57
100.66
100.75
100.84
100.93
101.02
101.11
101.19
101.28
101.37
101.46
101.55
101.64
101.73
101.82
101.91
102
102.09
102.18
102.27
102.36
102.45
102.55
102.64
102.73
102.82
102.91
103.01
103.1
103.19
103.29
103.38
103.48
103.57
103.66
103.76
103.86
103.95
104.05
104.14
104.24
104.34
104.44
104.53
104.63
104.73
104.83
104.93
105.03
105.13
105.23
105.33
105.43
105.54
105.64
105.74
105.84
105.95
106.05
106.16
106.26
106.37
106.47
106.58
106.69
106.8
106.9
107.01
107.12
107.23
107.34
107.45
107.56
107.67
107.79
107.9
108.01
108.13
108.24
108.36
108.47
108.59
108.7
108.82
108.94
109.05
109.17
109.29
109.41
109.53
109.65
109.77
109.86
110.13
99.79
99.874
99.957
100.04
100.13
100.22
100.31
100.4
100.49
100.57
100.66
100.75
100.84
100.93
101.02
101.11
101.19
101.28
101.37
101.46
101.55
101.64
101.73
101.82
101.91
102
102.09
102.18
102.27
102.36
102.45
102.55
102.64
102.73
102.82
102.91
103.01
103.1
103.19
103.29
103.38
103.48
103.57
103.66
103.76
103.86
103.95
104.05
104.14
104.24
104.34
104.44
104.53
104.63
104.73
104.83
104.93
105.03
105.13
105.23
105.33
105.43
105.54
105.64
105.74
105.84
105.95
106.05
106.16
106.26
106.37
106.47
106.58
106.69
106.8
106.9
107.01
107.12
107.23
107.34
107.45
107.56
107.67
107.79
107.9
108.01
108.13
108.24
108.35
108.47
108.59
108.7
108.82
108.93
109.05
109.17
109.29
109.41
109.53
109.65
109.77
109.86
110.13
99.79
99.874
99.957
100.04
100.13
100.22
100.31
100.4
100.49
100.57
100.66
100.75
100.84
100.93
101.02
101.11
101.19
101.28
101.37
101.46
101.55
101.64
101.73
101.82
101.91
102
102.09
102.18
102.27
102.36
102.45
102.55
102.64
102.73
102.82
102.91
103.01
103.1
103.19
103.29
103.38
103.48
103.57
103.66
103.76
103.86
103.95
104.05
104.14
104.24
104.34
104.44
104.53
104.63
104.73
104.83
104.93
105.03
105.13
105.23
105.33
105.43
105.54
105.64
105.74
105.84
105.95
106.05
106.16
106.26
106.37
106.47
106.58
106.69
106.8
106.9
107.01
107.12
107.23
107.34
107.45
107.56
107.67
107.79
107.9
108.01
108.13
108.24
108.35
108.47
108.58
108.7
108.82
108.93
109.05
109.17
109.29
109.41
109.53
109.65
109.77
109.86
110.13
99.79
99.874
99.957
100.04
100.13
100.22
100.31
100.4
100.49
100.57
100.66
100.75
100.84
100.93
101.02
101.11
101.19
101.28
101.37
101.46
101.55
101.64
101.73
101.82
101.91
102
102.09
102.18
102.27
102.36
102.45
102.55
102.64
102.73
102.82
102.91
103.01
103.1
103.19
103.29
103.38
103.48
103.57
103.66
103.76
103.86
103.95
104.05
104.14
104.24
104.34
104.44
104.53
104.63
104.73
104.83
104.93
105.03
105.13
105.23
105.33
105.43
105.54
105.64
105.74
105.84
105.95
106.05
106.16
106.26
106.37
106.47
106.58
106.69
106.8
106.9
107.01
107.12
107.23
107.34
107.45
107.56
107.67
107.79
107.9
108.01
108.12
108.24
108.35
108.47
108.58
108.7
108.82
108.93
109.05
109.17
109.29
109.41
109.53
109.65
109.77
109.86
110.13
99.79
99.874
99.957
100.04
100.13
100.22
100.31
100.4
100.49
100.57
100.66
100.75
100.84
100.93
101.02
101.11
101.19
101.28
101.37
101.46
101.55
101.64
101.73
101.82
101.91
102
102.09
102.18
102.27
102.36
102.45
102.55
102.64
102.73
102.82
102.91
103.01
103.1
103.19
103.29
103.38
103.48
103.57
103.66
103.76
103.86
103.95
104.05
104.14
104.24
104.34
104.44
104.53
104.63
104.73
104.83
104.93
105.03
105.13
105.23
105.33
105.43
105.54
105.64
105.74
105.84
105.95
106.05
106.16
106.26
106.37
106.47
106.58
106.69
106.8
106.9
107.01
107.12
107.23
107.34
107.45
107.56
107.67
107.79
107.9
108.01
108.12
108.24
108.35
108.47
108.58
108.7
108.82
108.93
109.05
109.17
109.29
109.41
109.52
109.64
109.77
109.86
110.13
99.79
99.874
99.957
100.04
100.13
100.22
100.31
100.4
100.49
100.57
100.66
100.75
100.84
100.93
101.02
101.11
101.19
101.28
101.37
101.46
101.55
101.64
101.73
101.82
101.91
102
102.09
102.18
102.27
102.36
102.45
102.55
102.64
102.73
102.82
102.91
103.01
103.1
103.19
103.29
103.38
103.48
103.57
103.66
103.76
103.86
103.95
104.05
104.14
104.24
104.34
104.44
104.53
104.63
104.73
104.83
104.93
105.03
105.13
105.23
105.33
105.43
105.54
105.64
105.74
105.84
105.95
106.05
106.16
106.26
106.37
106.47
106.58
106.69
106.79
106.9
107.01
107.12
107.23
107.34
107.45
107.56
107.67
107.78
107.9
108.01
108.12
108.24
108.35
108.47
108.58
108.7
108.81
108.93
109.05
109.17
109.29
109.4
109.52
109.64
109.77
109.86
110.12
99.79
99.874
99.957
100.04
100.13
100.22
100.31
100.4
100.49
100.57
100.66
100.75
100.84
100.93
101.02
101.11
101.19
101.28
101.37
101.46
101.55
101.64
101.73
101.82
101.91
102
102.09
102.18
102.27
102.36
102.45
102.55
102.64
102.73
102.82
102.91
103.01
103.1
103.19
103.29
103.38
103.48
103.57
103.66
103.76
103.86
103.95
104.05
104.14
104.24
104.34
104.44
104.53
104.63
104.73
104.83
104.93
105.03
105.13
105.23
105.33
105.43
105.54
105.64
105.74
105.84
105.95
106.05
106.16
106.26
106.37
106.47
106.58
106.69
106.79
106.9
107.01
107.12
107.23
107.34
107.45
107.56
107.67
107.78
107.9
108.01
108.12
108.24
108.35
108.47
108.58
108.7
108.81
108.93
109.05
109.17
109.29
109.4
109.52
109.64
109.77
109.86
110.12
99.79
99.874
99.957
100.04
100.13
100.22
100.31
100.4
100.49
100.57
100.66
100.75
100.84
100.93
101.02
101.11
101.19
101.28
101.37
101.46
101.55
101.64
101.73
101.82
101.91
102
102.09
102.18
102.27
102.36
102.45
102.55
102.64
102.73
102.82
102.91
103.01
103.1
103.19
103.29
103.38
103.48
103.57
103.66
103.76
103.86
103.95
104.05
104.14
104.24
104.34
104.44
104.53
104.63
104.73
104.83
104.93
105.03
105.13
105.23
105.33
105.43
105.54
105.64
105.74
105.84
105.95
106.05
106.16
106.26
106.37
106.47
106.58
106.69
106.79
106.9
107.01
107.12
107.23
107.34
107.45
107.56
107.67
107.78
107.9
108.01
108.12
108.24
108.35
108.47
108.58
108.7
108.81
108.93
109.05
109.17
109.28
109.4
109.52
109.64
109.77
109.86
110.12
99.79
99.874
99.957
100.04
100.13
100.22
100.31
100.4
100.49
100.57
100.66
100.75
100.84
100.93
101.02
101.11
101.19
101.28
101.37
101.46
101.55
101.64
101.73
101.82
101.91
102
102.09
102.18
102.27
102.36
102.45
102.55
102.64
102.73
102.82
102.91
103.01
103.1
103.19
103.29
103.38
103.48
103.57
103.66
103.76
103.86
103.95
104.05
104.14
104.24
104.34
104.44
104.53
104.63
104.73
104.83
104.93
105.03
105.13
105.23
105.33
105.43
105.54
105.64
105.74
105.84
105.95
106.05
106.16
106.26
106.37
106.47
106.58
106.69
106.79
106.9
107.01
107.12
107.23
107.34
107.45
107.56
107.67
107.78
107.9
108.01
108.12
108.24
108.35
108.47
108.58
108.7
108.81
108.93
109.05
109.17
109.28
109.4
109.52
109.64
109.77
109.86
110.12
99.79
99.874
99.957
100.04
100.13
100.22
100.31
100.4
100.49
100.57
100.66
100.75
100.84
100.93
101.02
101.11
101.19
101.28
101.37
101.46
101.55
101.64
101.73
101.82
101.91
102
102.09
102.18
102.27
102.36
102.45
102.55
102.64
102.73
102.82
102.91
103.01
103.1
103.19
103.29
103.38
103.48
103.57
103.66
103.76
103.86
103.95
104.05
104.14
104.24
104.34
104.44
104.53
104.63
104.73
104.83
104.93
105.03
105.13
105.23
105.33
105.43
105.54
105.64
105.74
105.84
105.95
106.05
106.16
106.26
106.37
106.47
106.58
106.69
106.79
106.9
107.01
107.12
107.23
107.34
107.45
107.56
107.67
107.78
107.9
108.01
108.12
108.24
108.35
108.47
108.58
108.7
108.81
108.93
109.05
109.16
109.28
109.4
109.52
109.64
109.77
109.86
110.12
99.79
99.874
99.957
100.04
100.13
100.22
100.31
100.4
100.49
100.57
100.66
100.75
100.84
100.93
101.02
101.11
101.19
101.28
101.37
101.46
101.55
101.64
101.73
101.82
101.91
102
102.09
102.18
102.27
102.36
102.45
102.55
102.64
102.73
102.82
102.91
103.01
103.1
103.19
103.29
103.38
103.48
103.57
103.66
103.76
103.86
103.95
104.05
104.14
104.24
104.34
104.44
104.53
104.63
104.73
104.83
104.93
105.03
105.13
105.23
105.33
105.43
105.53
105.64
105.74
105.84
105.95
106.05
106.16
106.26
106.37
106.47
106.58
106.69
106.79
106.9
107.01
107.12
107.23
107.34
107.45
107.56
107.67
107.78
107.9
108.01
108.12
108.24
108.35
108.46
108.58
108.7
108.81
108.93
109.05
109.16
109.28
109.4
109.52
109.64
109.77
109.86
110.12
99.79
99.874
99.957
100.04
100.13
100.22
100.31
100.4
100.49
100.57
100.66
100.75
100.84
100.93
101.02
101.11
101.19
101.28
101.37
101.46
101.55
101.64
101.73
101.82
101.91
102
102.09
102.18
102.27
102.36
102.45
102.55
102.64
102.73
102.82
102.91
103.01
103.1
103.19
103.29
103.38
103.48
103.57
103.66
103.76
103.86
103.95
104.05
104.14
104.24
104.34
104.44
104.53
104.63
104.73
104.83
104.93
105.03
105.13
105.23
105.33
105.43
105.53
105.64
105.74
105.84
105.95
106.05
106.16
106.26
106.37
106.47
106.58
106.69
106.79
106.9
107.01
107.12
107.23
107.34
107.45
107.56
107.67
107.78
107.9
108.01
108.12
108.24
108.35
108.46
108.58
108.7
108.81
108.93
109.05
109.16
109.28
109.4
109.52
109.64
109.76
109.86
110.12
99.79
99.874
99.957
100.04
100.13
100.22
100.31
100.4
100.49
100.57
100.66
100.75
100.84
100.93
101.02
101.11
101.19
101.28
101.37
101.46
101.55
101.64
101.73
101.82
101.91
102
102.09
102.18
102.27
102.36
102.45
102.55
102.64
102.73
102.82
102.91
103.01
103.1
103.19
103.29
103.38
103.48
103.57
103.66
103.76
103.86
103.95
104.05
104.14
104.24
104.34
104.44
104.53
104.63
104.73
104.83
104.93
105.03
105.13
105.23
105.33
105.43
105.53
105.64
105.74
105.84
105.95
106.05
106.16
106.26
106.37
106.47
106.58
106.69
106.79
106.9
107.01
107.12
107.23
107.34
107.45
107.56
107.67
107.78
107.89
108.01
108.12
108.23
108.35
108.46
108.58
108.7
108.81
108.93
109.05
109.16
109.28
109.4
109.52
109.64
109.76
109.86
110.12
99.79
99.874
99.957
100.04
100.13
100.22
100.31
100.4
100.49
100.57
100.66
100.75
100.84
100.93
101.02
101.11
101.19
101.28
101.37
101.46
101.55
101.64
101.73
101.82
101.91
102
102.09
102.18
102.27
102.36
102.45
102.55
102.64
102.73
102.82
102.91
103.01
103.1
103.19
103.29
103.38
103.48
103.57
103.66
103.76
103.86
103.95
104.05
104.14
104.24
104.34
104.44
104.53
104.63
104.73
104.83
104.93
105.03
105.13
105.23
105.33
105.43
105.53
105.64
105.74
105.84
105.95
106.05
106.16
106.26
106.37
106.47
106.58
106.69
106.79
106.9
107.01
107.12
107.23
107.34
107.45
107.56
107.67
107.78
107.89
108.01
108.12
108.23
108.35
108.46
108.58
108.69
108.81
108.93
109.05
109.16
109.28
109.4
109.52
109.64
109.76
109.86
110.12
99.79
99.874
99.957
100.04
100.13
100.22
100.31
100.4
100.49
100.57
100.66
100.75
100.84
100.93
101.02
101.11
101.19
101.28
101.37
101.46
101.55
101.64
101.73
101.82
101.91
102
102.09
102.18
102.27
102.36
102.45
102.55
102.64
102.73
102.82
102.91
103.01
103.1
103.19
103.29
103.38
103.48
103.57
103.66
103.76
103.86
103.95
104.05
104.14
104.24
104.34
104.44
104.53
104.63
104.73
104.83
104.93
105.03
105.13
105.23
105.33
105.43
105.53
105.64
105.74
105.84
105.95
106.05
106.16
106.26
106.37
106.47
106.58
106.69
106.79
106.9
107.01
107.12
107.23
107.34
107.45
107.56
107.67
107.78
107.89
108.01
108.12
108.23
108.35
108.46
108.58
108.69
108.81
108.93
109.04
109.16
109.28
109.4
109.52
109.64
109.76
109.85
110.12
99.79
99.874
99.957
100.04
100.13
100.22
100.31
100.4
100.49
100.57
100.66
100.75
100.84
100.93
101.02
101.11
101.19
101.28
101.37
101.46
101.55
101.64
101.73
101.82
101.91
102
102.09
102.18
102.27
102.36
102.45
102.55
102.64
102.73
102.82
102.91
103.01
103.1
103.19
103.29
103.38
103.48
103.57
103.66
103.76
103.86
103.95
104.05
104.14
104.24
104.34
104.44
104.53
104.63
104.73
104.83
104.93
105.03
105.13
105.23
105.33
105.43
105.53
105.64
105.74
105.84
105.95
106.05
106.16
106.26
106.37
106.47
106.58
106.69
106.79
106.9
107.01
107.12
107.23
107.34
107.45
107.56
107.67
107.78
107.89
108.01
108.12
108.23
108.35
108.46
108.58
108.69
108.81
108.93
109.04
109.16
109.28
109.4
109.52
109.64
109.76
109.85
110.12
99.79
99.874
99.957
100.04
100.13
100.22
100.31
100.4
100.49
100.57
100.66
100.75
100.84
100.93
101.02
101.11
101.19
101.28
101.37
101.46
101.55
101.64
101.73
101.82
101.91
102
102.09
102.18
102.27
102.36
102.45
102.55
102.64
102.73
102.82
102.91
103.01
103.1
103.19
103.29
103.38
103.48
103.57
103.66
103.76
103.86
103.95
104.05
104.14
104.24
104.34
104.44
104.53
104.63
104.73
104.83
104.93
105.03
105.13
105.23
105.33
105.43
105.53
105.64
105.74
105.84
105.95
106.05
106.16
106.26
106.37
106.47
106.58
106.69
106.79
106.9
107.01
107.12
107.23
107.34
107.45
107.56
107.67
107.78
107.89
108.01
108.12
108.23
108.35
108.46
108.58
108.69
108.81
108.93
109.04
109.16
109.28
109.4
109.52
109.64
109.76
109.85
110.12
99.79
99.874
99.957
100.04
100.13
100.22
100.31
100.4
100.49
100.57
100.66
100.75
100.84
100.93
101.02
101.11
101.19
101.28
101.37
101.46
101.55
101.64
101.73
101.82
101.91
102
102.09
102.18
102.27
102.36
102.46
102.55
102.64
102.73
102.82
102.91
103.01
103.1
103.19
103.29
103.38
103.48
103.57
103.66
103.76
103.86
103.95
104.05
104.14
104.24
104.34
104.44
104.53
104.63
104.73
104.83
104.93
105.03
105.13
105.23
105.33
105.43
105.53
105.64
105.74
105.84
105.95
106.05
106.16
106.26
106.37
106.47
106.58
106.69
106.79
106.9
107.01
107.12
107.23
107.34
107.45
107.56
107.67
107.78
107.89
108.01
108.12
108.23
108.35
108.46
108.58
108.69
108.81
108.93
109.04
109.16
109.28
109.4
109.52
109.64
109.76
109.85
110.12
99.79
99.874
99.957
100.04
100.13
100.22
100.31
100.4
100.49
100.57
100.66
100.75
100.84
100.93
101.02
101.11
101.19
101.28
101.37
101.46
101.55
101.64
101.73
101.82
101.91
102
102.09
102.18
102.27
102.36
102.46
102.55
102.64
102.73
102.82
102.91
103.01
103.1
103.19
103.29
103.38
103.48
103.57
103.66
103.76
103.86
103.95
104.05
104.14
104.24
104.34
104.44
104.53
104.63
104.73
104.83
104.93
105.03
105.13
105.23
105.33
105.43
105.53
105.64
105.74
105.84
105.95
106.05
106.16
106.26
106.37
106.47
106.58
106.69
106.79
106.9
107.01
107.12
107.23
107.34
107.45
107.56
107.67
107.78
107.89
108.01
108.12
108.23
108.35
108.46
108.58
108.69
108.81
108.93
109.04
109.16
109.28
109.4
109.52
109.64
109.76
109.85
110.12
99.79
99.874
99.957
100.04
100.13
100.22
100.31
100.4
100.49
100.57
100.66
100.75
100.84
100.93
101.02
101.11
101.19
101.28
101.37
101.46
101.55
101.64
101.73
101.82
101.91
102
102.09
102.18
102.27
102.36
102.46
102.55
102.64
102.73
102.82
102.91
103.01
103.1
103.19
103.29
103.38
103.48
103.57
103.66
103.76
103.86
103.95
104.05
104.14
104.24
104.34
104.44
104.53
104.63
104.73
104.83
104.93
105.03
105.13
105.23
105.33
105.43
105.53
105.64
105.74
105.84
105.95
106.05
106.16
106.26
106.37
106.47
106.58
106.69
106.79
106.9
107.01
107.12
107.23
107.34
107.45
107.56
107.67
107.78
107.89
108.01
108.12
108.23
108.35
108.46
108.58
108.69
108.81
108.93
109.04
109.16
109.28
109.4
109.52
109.64
109.76
109.85
110.12
99.79
99.874
99.957
100.04
100.13
100.22
100.31
100.4
100.49
100.57
100.66
100.75
100.84
100.93
101.02
101.11
101.19
101.28
101.37
101.46
101.55
101.64
101.73
101.82
101.91
102
102.09
102.18
102.27
102.36
102.46
102.55
102.64
102.73
102.82
102.91
103.01
103.1
103.19
103.29
103.38
103.48
103.57
103.66
103.76
103.86
103.95
104.05
104.14
104.24
104.34
104.44
104.53
104.63
104.73
104.83
104.93
105.03
105.13
105.23
105.33
105.43
105.53
105.64
105.74
105.84
105.95
106.05
106.16
106.26
106.37
106.47
106.58
106.69
106.79
106.9
107.01
107.12
107.23
107.34
107.45
107.56
107.67
107.78
107.89
108.01
108.12
108.23
108.35
108.46
108.58
108.69
108.81
108.93
109.04
109.16
109.28
109.4
109.52
109.64
109.76
109.85
110.12
99.79
99.874
99.957
100.04
100.13
100.22
100.31
100.4
100.49
100.57
100.66
100.75
100.84
100.93
101.02
101.11
101.19
101.28
101.37
101.46
101.55
101.64
101.73
101.82
101.91
102
102.09
102.18
102.27
102.36
102.46
102.55
102.64
102.73
102.82
102.91
103.01
103.1
103.19
103.29
103.38
103.48
103.57
103.66
103.76
103.86
103.95
104.05
104.14
104.24
104.34
104.44
104.53
104.63
104.73
104.83
104.93
105.03
105.13
105.23
105.33
105.43
105.53
105.64
105.74
105.84
105.95
106.05
106.16
106.26
106.37
106.47
106.58
106.69
106.79
106.9
107.01
107.12
107.23
107.34
107.45
107.56
107.67
107.78
107.89
108.01
108.12
108.23
108.35
108.46
108.58
108.69
108.81
108.93
109.04
109.16
109.28
109.4
109.52
109.64
109.76
109.85
110.12
99.79
99.874
99.957
100.04
100.13
100.22
100.31
100.4
100.49
100.57
100.66
100.75
100.84
100.93
101.02
101.11
101.19
101.28
101.37
101.46
101.55
101.64
101.73
101.82
101.91
102
102.09
102.18
102.27
102.36
102.46
102.55
102.64
102.73
102.82
102.91
103.01
103.1
103.19
103.29
103.38
103.48
103.57
103.66
103.76
103.86
103.95
104.05
104.14
104.24
104.34
104.44
104.53
104.63
104.73
104.83
104.93
105.03
105.13
105.23
105.33
105.43
105.53
105.64
105.74
105.84
105.95
106.05
106.16
106.26
106.37
106.47
106.58
106.69
106.79
106.9
107.01
107.12
107.23
107.34
107.45
107.56
107.67
107.78
107.89
108.01
108.12
108.23
108.35
108.46
108.58
108.69
108.81
108.93
109.04
109.16
109.28
109.4
109.52
109.64
109.76
109.85
110.12
99.79
99.874
99.957
100.04
100.13
100.22
100.31
100.4
100.49
100.57
100.66
100.75
100.84
100.93
101.02
101.11
101.19
101.28
101.37
101.46
101.55
101.64
101.73
101.82
101.91
102
102.09
102.18
102.27
102.36
102.46
102.55
102.64
102.73
102.82
102.91
103.01
103.1
103.19
103.29
103.38
103.48
103.57
103.66
103.76
103.86
103.95
104.05
104.14
104.24
104.34
104.44
104.53
104.63
104.73
104.83
104.93
105.03
105.13
105.23
105.33
105.43
105.53
105.64
105.74
105.84
105.95
106.05
106.16
106.26
106.37
106.47
106.58
106.69
106.79
106.9
107.01
107.12
107.23
107.34
107.45
107.56
107.67
107.78
107.89
108.01
108.12
108.23
108.35
108.46
108.58
108.69
108.81
108.93
109.04
109.16
109.28
109.4
109.52
109.64
109.76
109.85
110.12
99.79
99.874
99.957
100.04
100.13
100.22
100.31
100.4
100.49
100.57
100.66
100.75
100.84
100.93
101.02
101.11
101.19
101.28
101.37
101.46
101.55
101.64
101.73
101.82
101.91
102
102.09
102.18
102.27
102.36
102.46
102.55
102.64
102.73
102.82
102.91
103.01
103.1
103.19
103.29
103.38
103.48
103.57
103.66
103.76
103.86
103.95
104.05
104.14
104.24
104.34
104.44
104.53
104.63
104.73
104.83
104.93
105.03
105.13
105.23
105.33
105.43
105.53
105.64
105.74
105.84
105.95
106.05
106.16
106.26
106.37
106.47
106.58
106.69
106.79
106.9
107.01
107.12
107.23
107.34
107.45
107.56
107.67
107.78
107.89
108.01
108.12
108.23
108.35
108.46
108.58
108.69
108.81
108.93
109.04
109.16
109.28
109.4
109.52
109.64
109.76
109.85
110.12
99.79
99.874
99.957
100.04
100.13
100.22
100.31
100.4
100.49
100.57
100.66
100.75
100.84
100.93
101.02
101.11
101.19
101.28
101.37
101.46
101.55
101.64
101.73
101.82
101.91
102
102.09
102.18
102.27
102.36
102.46
102.55
102.64
102.73
102.82
102.91
103.01
103.1
103.19
103.29
103.38
103.48
103.57
103.66
103.76
103.86
103.95
104.05
104.14
104.24
104.34
104.44
104.53
104.63
104.73
104.83
104.93
105.03
105.13
105.23
105.33
105.43
105.53
105.64
105.74
105.84
105.95
106.05
106.16
106.26
106.37
106.47
106.58
106.69
106.79
106.9
107.01
107.12
107.23
107.34
107.45
107.56
107.67
107.78
107.89
108.01
108.12
108.23
108.35
108.46
108.58
108.69
108.81
108.93
109.04
109.16
109.28
109.4
109.52
109.64
109.76
109.85
110.12
99.79
99.874
99.957
100.04
100.13
100.22
100.31
100.4
100.49
100.57
100.66
100.75
100.84
100.93
101.02
101.11
101.19
101.28
101.37
101.46
101.55
101.64
101.73
101.82
101.91
102
102.09
102.18
102.27
102.36
102.46
102.55
102.64
102.73
102.82
102.91
103.01
103.1
103.19
103.29
103.38
103.48
103.57
103.66
103.76
103.86
103.95
104.05
104.14
104.24
104.34
104.44
104.53
104.63
104.73
104.83
104.93
105.03
105.13
105.23
105.33
105.43
105.53
105.64
105.74
105.84
105.95
106.05
106.16
106.26
106.37
106.47
106.58
106.69
106.79
106.9
107.01
107.12
107.23
107.34
107.45
107.56
107.67
107.78
107.89
108.01
108.12
108.23
108.35
108.46
108.58
108.69
108.81
108.93
109.04
109.16
109.28
109.4
109.52
109.64
109.76
109.85
110.12
99.79
99.874
99.957
100.04
100.13
100.22
100.31
100.4
100.49
100.57
100.66
100.75
100.84
100.93
101.02
101.11
101.19
101.28
101.37
101.46
101.55
101.64
101.73
101.82
101.91
102
102.09
102.18
102.27
102.36
102.46
102.55
102.64
102.73
102.82
102.91
103.01
103.1
103.19
103.29
103.38
103.48
103.57
103.66
103.76
103.86
103.95
104.05
104.14
104.24
104.34
104.44
104.53
104.63
104.73
104.83
104.93
105.03
105.13
105.23
105.33
105.43
105.53
105.64
105.74
105.84
105.95
106.05
106.16
106.26
106.37
106.47
106.58
106.69
106.79
106.9
107.01
107.12
107.23
107.34
107.45
107.56
107.67
107.78
107.89
108.01
108.12
108.23
108.35
108.46
108.58
108.69
108.81
108.93
109.04
109.16
109.28
109.4
109.52
109.64
109.76
109.85
110.12
99.79
99.874
99.957
100.04
100.13
100.22
100.31
100.4
100.49
100.57
100.66
100.75
100.84
100.93
101.02
101.11
101.19
101.28
101.37
101.46
101.55
101.64
101.73
101.82
101.91
102
102.09
102.18
102.27
102.36
102.46
102.55
102.64
102.73
102.82
102.91
103.01
103.1
103.19
103.29
103.38
103.48
103.57
103.66
103.76
103.86
103.95
104.05
104.14
104.24
104.34
104.44
104.53
104.63
104.73
104.83
104.93
105.03
105.13
105.23
105.33
105.43
105.53
105.64
105.74
105.84
105.95
106.05
106.16
106.26
106.37
106.47
106.58
106.69
106.79
106.9
107.01
107.12
107.23
107.34
107.45
107.56
107.67
107.78
107.89
108.01
108.12
108.23
108.35
108.46
108.58
108.69
108.81
108.93
109.04
109.16
109.28
109.4
109.52
109.64
109.76
109.85
110.12
99.79
99.874
99.957
100.04
100.13
100.22
100.31
100.4
100.49
100.57
100.66
100.75
100.84
100.93
101.02
101.11
101.19
101.28
101.37
101.46
101.55
101.64
101.73
101.82
101.91
102
102.09
102.18
102.27
102.36
102.46
102.55
102.64
102.73
102.82
102.91
103.01
103.1
103.19
103.29
103.38
103.48
103.57
103.66
103.76
103.86
103.95
104.05
104.14
104.24
104.34
104.44
104.53
104.63
104.73
104.83
104.93
105.03
105.13
105.23
105.33
105.43
105.53
105.64
105.74
105.84
105.95
106.05
106.16
106.26
106.37
106.47
106.58
106.69
106.79
106.9
107.01
107.12
107.23
107.34
107.45
107.56
107.67
107.78
107.89
108.01
108.12
108.23
108.35
108.46
108.58
108.69
108.81
108.93
109.04
109.16
109.28
109.4
109.52
109.64
109.76
109.85
110.12
99.79
99.874
99.957
100.04
100.13
100.22
100.31
100.4
100.49
100.57
100.66
100.75
100.84
100.93
101.02
101.11
101.19
101.28
101.37
101.46
101.55
101.64
101.73
101.82
101.91
102
102.09
102.18
102.27
102.36
102.46
102.55
102.64
102.73
102.82
102.91
103.01
103.1
103.19
103.29
103.38
103.48
103.57
103.66
103.76
103.86
103.95
104.05
104.14
104.24
104.34
104.44
104.53
104.63
104.73
104.83
104.93
105.03
105.13
105.23
105.33
105.43
105.53
105.64
105.74
105.84
105.95
106.05
106.16
106.26
106.37
106.47
106.58
106.69
106.79
106.9
107.01
107.12
107.23
107.34
107.45
107.56
107.67
107.78
107.89
108.01
108.12
108.23
108.35
108.46
108.58
108.69
108.81
108.93
109.04
109.16
109.28
109.4
109.52
109.64
109.76
109.85
110.12
99.79
99.874
99.957
100.04
100.13
100.22
100.31
100.4
100.49
100.57
100.66
100.75
100.84
100.93
101.02
101.11
101.19
101.28
101.37
101.46
101.55
101.64
101.73
101.82
101.91
102
102.09
102.18
102.27
102.36
102.46
102.55
102.64
102.73
102.82
102.91
103.01
103.1
103.19
103.29
103.38
103.48
103.57
103.66
103.76
103.86
103.95
104.05
104.14
104.24
104.34
104.44
104.53
104.63
104.73
104.83
104.93
105.03
105.13
105.23
105.33
105.43
105.53
105.64
105.74
105.84
105.95
106.05
106.16
106.26
106.37
106.47
106.58
106.69
106.79
106.9
107.01
107.12
107.23
107.34
107.45
107.56
107.67
107.78
107.89
108.01
108.12
108.23
108.35
108.46
108.58
108.69
108.81
108.93
109.04
109.16
109.28
109.4
109.52
109.64
109.76
109.85
110.12
99.79
99.874
99.957
100.04
100.13
100.22
100.31
100.4
100.49
100.57
100.66
100.75
100.84
100.93
101.02
101.11
101.19
101.28
101.37
101.46
101.55
101.64
101.73
101.82
101.91
102
102.09
102.18
102.27
102.36
102.46
102.55
102.64
102.73
102.82
102.91
103.01
103.1
103.19
103.29
103.38
103.48
103.57
103.66
103.76
103.86
103.95
104.05
104.14
104.24
104.34
104.44
104.53
104.63
104.73
104.83
104.93
105.03
105.13
105.23
105.33
105.43
105.53
105.64
105.74
105.84
105.95
106.05
106.16
106.26
106.37
106.47
106.58
106.69
106.79
106.9
107.01
107.12
107.23
107.34
107.45
107.56
107.67
107.78
107.89
108.01
108.12
108.23
108.35
108.46
108.58
108.69
108.81
108.93
109.04
109.16
109.28
109.4
109.52
109.64
109.76
109.85
110.12
99.79
99.874
99.957
100.04
100.13
100.22
100.31
100.4
100.49
100.57
100.66
100.75
100.84
100.93
101.02
101.11
101.19
101.28
101.37
101.46
101.55
101.64
101.73
101.82
101.91
102
102.09
102.18
102.27
102.36
102.46
102.55
102.64
102.73
102.82
102.91
103.01
103.1
103.19
103.29
103.38
103.48
103.57
103.66
103.76
103.86
103.95
104.05
104.14
104.24
104.34
104.44
104.53
104.63
104.73
104.83
104.93
105.03
105.13
105.23
105.33
105.43
105.53
105.64
105.74
105.84
105.95
106.05
106.16
106.26
106.37
106.47
106.58
106.69
106.79
106.9
107.01
107.12
107.23
107.34
107.45
107.56
107.67
107.78
107.89
108.01
108.12
108.23
108.35
108.46
108.58
108.69
108.81
108.93
109.04
109.16
109.28
109.4
109.52
109.64
109.76
109.85
110.12
99.79
99.874
99.957
100.04
100.13
100.22
100.31
100.4
100.49
100.57
100.66
100.75
100.84
100.93
101.02
101.11
101.19
101.28
101.37
101.46
101.55
101.64
101.73
101.82
101.91
102
102.09
102.18
102.27
102.36
102.46
102.55
102.64
102.73
102.82
102.91
103.01
103.1
103.19
103.29
103.38
103.48
103.57
103.66
103.76
103.86
103.95
104.05
104.14
104.24
104.34
104.44
104.53
104.63
104.73
104.83
104.93
105.03
105.13
105.23
105.33
105.43
105.53
105.64
105.74
105.84
105.95
106.05
106.16
106.26
106.37
106.47
106.58
106.69
106.79
106.9
107.01
107.12
107.23
107.34
107.45
107.56
107.67
107.78
107.89
108.01
108.12
108.23
108.35
108.46
108.58
108.69
108.81
108.93
109.04
109.16
109.28
109.4
109.52
109.64
109.76
109.85
110.12
99.79
99.874
99.957
100.04
100.13
100.22
100.31
100.4
100.49
100.57
100.66
100.75
100.84
100.93
101.02
101.11
101.19
101.28
101.37
101.46
101.55
101.64
101.73
101.82
101.91
102
102.09
102.18
102.27
102.36
102.46
102.55
102.64
102.73
102.82
102.91
103.01
103.1
103.19
103.29
103.38
103.48
103.57
103.66
103.76
103.86
103.95
104.05
104.14
104.24
104.34
104.44
104.53
104.63
104.73
104.83
104.93
105.03
105.13
105.23
105.33
105.43
105.53
105.64
105.74
105.84
105.95
106.05
106.16
106.26
106.37
106.47
106.58
106.69
106.79
106.9
107.01
107.12
107.23
107.34
107.45
107.56
107.67
107.78
107.89
108.01
108.12
108.23
108.35
108.46
108.58
108.69
108.81
108.93
109.04
109.16
109.28
109.4
109.52
109.64
109.76
109.85
110.12
99.79
99.874
99.957
100.04
100.13
100.22
100.31
100.4
100.49
100.57
100.66
100.75
100.84
100.93
101.02
101.11
101.19
101.28
101.37
101.46
101.55
101.64
101.73
101.82
101.91
102
102.09
102.18
102.27
102.36
102.46
102.55
102.64
102.73
102.82
102.91
103.01
103.1
103.19
103.29
103.38
103.48
103.57
103.66
103.76
103.86
103.95
104.05
104.14
104.24
104.34
104.44
104.53
104.63
104.73
104.83
104.93
105.03
105.13
105.23
105.33
105.43
105.53
105.64
105.74
105.84
105.95
106.05
106.16
106.26
106.37
106.47
106.58
106.69
106.79
106.9
107.01
107.12
107.23
107.34
107.45
107.56
107.67
107.78
107.89
108.01
108.12
108.23
108.35
108.46
108.58
108.69
108.81
108.93
109.04
109.16
109.28
109.4
109.52
109.64
109.76
109.85
110.12
99.79
99.874
99.957
100.04
100.13
100.22
100.31
100.4
100.49
100.57
100.66
100.75
100.84
100.93
101.02
101.11
101.19
101.28
101.37
101.46
101.55
101.64
101.73
101.82
101.91
102
102.09
102.18
102.27
102.36
102.45
102.55
102.64
102.73
102.82
102.91
103.01
103.1
103.19
103.29
103.38
103.48
103.57
103.66
103.76
103.86
103.95
104.05
104.14
104.24
104.34
104.44
104.53
104.63
104.73
104.83
104.93
105.03
105.13
105.23
105.33
105.43
105.53
105.64
105.74
105.84
105.95
106.05
106.16
106.26
106.37
106.47
106.58
106.69
106.79
106.9
107.01
107.12
107.23
107.34
107.45
107.56
107.67
107.78
107.89
108.01
108.12
108.23
108.35
108.46
108.58
108.69
108.81
108.93
109.04
109.16
109.28
109.4
109.52
109.64
109.76
109.85
110.12
99.79
99.874
99.957
100.04
100.13
100.22
100.31
100.4
100.49
100.57
100.66
100.75
100.84
100.93
101.02
101.11
101.19
101.28
101.37
101.46
101.55
101.64
101.73
101.82
101.91
102
102.09
102.18
102.27
102.36
102.45
102.55
102.64
102.73
102.82
102.91
103.01
103.1
103.19
103.29
103.38
103.48
103.57
103.66
103.76
103.86
103.95
104.05
104.14
104.24
104.34
104.44
104.53
104.63
104.73
104.83
104.93
105.03
105.13
105.23
105.33
105.43
105.53
105.64
105.74
105.84
105.95
106.05
106.16
106.26
106.37
106.47
106.58
106.69
106.79
106.9
107.01
107.12
107.23
107.34
107.45
107.56
107.67
107.78
107.89
108.01
108.12
108.23
108.35
108.46
108.58
108.69
108.81
108.93
109.04
109.16
109.28
109.4
109.52
109.64
109.76
109.85
110.12
99.79
99.874
99.957
100.04
100.13
100.22
100.31
100.4
100.49
100.57
100.66
100.75
100.84
100.93
101.02
101.11
101.19
101.28
101.37
101.46
101.55
101.64
101.73
101.82
101.91
102
102.09
102.18
102.27
102.36
102.45
102.55
102.64
102.73
102.82
102.91
103.01
103.1
103.19
103.29
103.38
103.48
103.57
103.66
103.76
103.86
103.95
104.05
104.14
104.24
104.34
104.44
104.53
104.63
104.73
104.83
104.93
105.03
105.13
105.23
105.33
105.43
105.53
105.64
105.74
105.84
105.95
106.05
106.16
106.26
106.37
106.47
106.58
106.69
106.79
106.9
107.01
107.12
107.23
107.34
107.45
107.56
107.67
107.78
107.89
108.01
108.12
108.23
108.35
108.46
108.58
108.69
108.81
108.93
109.04
109.16
109.28
109.4
109.52
109.64
109.76
109.85
110.12
99.79
99.874
99.957
100.04
100.13
100.22
100.31
100.4
100.49
100.57
100.66
100.75
100.84
100.93
101.02
101.11
101.19
101.28
101.37
101.46
101.55
101.64
101.73
101.82
101.91
102
102.09
102.18
102.27
102.36
102.45
102.55
102.64
102.73
102.82
102.91
103.01
103.1
103.19
103.29
103.38
103.48
103.57
103.66
103.76
103.86
103.95
104.05
104.14
104.24
104.34
104.44
104.53
104.63
104.73
104.83
104.93
105.03
105.13
105.23
105.33
105.43
105.53
105.64
105.74
105.84
105.95
106.05
106.16
106.26
106.37
106.47
106.58
106.69
106.79
106.9
107.01
107.12
107.23
107.34
107.45
107.56
107.67
107.78
107.89
108.01
108.12
108.23
108.35
108.46
108.58
108.69
108.81
108.93
109.05
109.16
109.28
109.4
109.52
109.64
109.76
109.86
110.12
99.79
99.874
99.957
100.04
100.13
100.22
100.31
100.4
100.49
100.57
100.66
100.75
100.84
100.93
101.02
101.11
101.19
101.28
101.37
101.46
101.55
101.64
101.73
101.82
101.91
102
102.09
102.18
102.27
102.36
102.45
102.55
102.64
102.73
102.82
102.91
103.01
103.1
103.19
103.29
103.38
103.48
103.57
103.66
103.76
103.86
103.95
104.05
104.14
104.24
104.34
104.44
104.53
104.63
104.73
104.83
104.93
105.03
105.13
105.23
105.33
105.43
105.53
105.64
105.74
105.84
105.95
106.05
106.16
106.26
106.37
106.47
106.58
106.69
106.79
106.9
107.01
107.12
107.23
107.34
107.45
107.56
107.67
107.78
107.89
108.01
108.12
108.23
108.35
108.46
108.58
108.7
108.81
108.93
109.05
109.16
109.28
109.4
109.52
109.64
109.76
109.86
110.12
99.79
99.874
99.957
100.04
100.13
100.22
100.31
100.4
100.49
100.57
100.66
100.75
100.84
100.93
101.02
101.11
101.19
101.28
101.37
101.46
101.55
101.64
101.73
101.82
101.91
102
102.09
102.18
102.27
102.36
102.45
102.55
102.64
102.73
102.82
102.91
103.01
103.1
103.19
103.29
103.38
103.48
103.57
103.66
103.76
103.86
103.95
104.05
104.14
104.24
104.34
104.44
104.53
104.63
104.73
104.83
104.93
105.03
105.13
105.23
105.33
105.43
105.53
105.64
105.74
105.84
105.95
106.05
106.16
106.26
106.37
106.47
106.58
106.69
106.79
106.9
107.01
107.12
107.23
107.34
107.45
107.56
107.67
107.78
107.9
108.01
108.12
108.24
108.35
108.46
108.58
108.7
108.81
108.93
109.05
109.16
109.28
109.4
109.52
109.64
109.76
109.86
110.12
99.79
99.874
99.957
100.04
100.13
100.22
100.31
100.4
100.49
100.57
100.66
100.75
100.84
100.93
101.02
101.11
101.19
101.28
101.37
101.46
101.55
101.64
101.73
101.82
101.91
102
102.09
102.18
102.27
102.36
102.45
102.55
102.64
102.73
102.82
102.91
103.01
103.1
103.19
103.29
103.38
103.48
103.57
103.66
103.76
103.86
103.95
104.05
104.14
104.24
104.34
104.44
104.53
104.63
104.73
104.83
104.93
105.03
105.13
105.23
105.33
105.43
105.53
105.64
105.74
105.84
105.95
106.05
106.16
106.26
106.37
106.47
106.58
106.69
106.79
106.9
107.01
107.12
107.23
107.34
107.45
107.56
107.67
107.78
107.9
108.01
108.12
108.24
108.35
108.46
108.58
108.7
108.81
108.93
109.05
109.16
109.28
109.4
109.52
109.64
109.77
109.86
110.12
99.79
99.874
99.957
100.04
100.13
100.22
100.31
100.4
100.49
100.57
100.66
100.75
100.84
100.93
101.02
101.11
101.19
101.28
101.37
101.46
101.55
101.64
101.73
101.82
101.91
102
102.09
102.18
102.27
102.36
102.45
102.55
102.64
102.73
102.82
102.91
103.01
103.1
103.19
103.29
103.38
103.48
103.57
103.66
103.76
103.86
103.95
104.05
104.14
104.24
104.34
104.44
104.53
104.63
104.73
104.83
104.93
105.03
105.13
105.23
105.33
105.43
105.54
105.64
105.74
105.84
105.95
106.05
106.16
106.26
106.37
106.47
106.58
106.69
106.79
106.9
107.01
107.12
107.23
107.34
107.45
107.56
107.67
107.78
107.9
108.01
108.12
108.24
108.35
108.47
108.58
108.7
108.81
108.93
109.05
109.16
109.28
109.4
109.52
109.64
109.77
109.86
110.12
99.79
99.874
99.957
100.04
100.13
100.22
100.31
100.4
100.49
100.57
100.66
100.75
100.84
100.93
101.02
101.11
101.19
101.28
101.37
101.46
101.55
101.64
101.73
101.82
101.91
102
102.09
102.18
102.27
102.36
102.45
102.55
102.64
102.73
102.82
102.91
103.01
103.1
103.19
103.29
103.38
103.48
103.57
103.66
103.76
103.86
103.95
104.05
104.14
104.24
104.34
104.44
104.53
104.63
104.73
104.83
104.93
105.03
105.13
105.23
105.33
105.43
105.54
105.64
105.74
105.84
105.95
106.05
106.16
106.26
106.37
106.47
106.58
106.69
106.79
106.9
107.01
107.12
107.23
107.34
107.45
107.56
107.67
107.78
107.9
108.01
108.12
108.24
108.35
108.47
108.58
108.7
108.81
108.93
109.05
109.17
109.28
109.4
109.52
109.64
109.77
109.86
110.12
99.79
99.874
99.957
100.04
100.13
100.22
100.31
100.4
100.49
100.57
100.66
100.75
100.84
100.93
101.02
101.11
101.19
101.28
101.37
101.46
101.55
101.64
101.73
101.82
101.91
102
102.09
102.18
102.27
102.36
102.45
102.55
102.64
102.73
102.82
102.91
103.01
103.1
103.19
103.29
103.38
103.48
103.57
103.66
103.76
103.86
103.95
104.05
104.14
104.24
104.34
104.44
104.53
104.63
104.73
104.83
104.93
105.03
105.13
105.23
105.33
105.43
105.54
105.64
105.74
105.84
105.95
106.05
106.16
106.26
106.37
106.47
106.58
106.69
106.79
106.9
107.01
107.12
107.23
107.34
107.45
107.56
107.67
107.78
107.9
108.01
108.12
108.24
108.35
108.47
108.58
108.7
108.81
108.93
109.05
109.17
109.28
109.4
109.52
109.64
109.77
109.86
110.12
99.79
99.874
99.957
100.04
100.13
100.22
100.31
100.4
100.49
100.57
100.66
100.75
100.84
100.93
101.02
101.11
101.19
101.28
101.37
101.46
101.55
101.64
101.73
101.82
101.91
102
102.09
102.18
102.27
102.36
102.45
102.55
102.64
102.73
102.82
102.91
103.01
103.1
103.19
103.29
103.38
103.48
103.57
103.66
103.76
103.86
103.95
104.05
104.14
104.24
104.34
104.44
104.53
104.63
104.73
104.83
104.93
105.03
105.13
105.23
105.33
105.43
105.54
105.64
105.74
105.84
105.95
106.05
106.16
106.26
106.37
106.47
106.58
106.69
106.79
106.9
107.01
107.12
107.23
107.34
107.45
107.56
107.67
107.78
107.9
108.01
108.12
108.24
108.35
108.47
108.58
108.7
108.81
108.93
109.05
109.17
109.29
109.4
109.52
109.64
109.77
109.86
110.12
99.79
99.874
99.957
100.04
100.13
100.22
100.31
100.4
100.49
100.57
100.66
100.75
100.84
100.93
101.02
101.11
101.19
101.28
101.37
101.46
101.55
101.64
101.73
101.82
101.91
102
102.09
102.18
102.27
102.36
102.45
102.55
102.64
102.73
102.82
102.91
103.01
103.1
103.19
103.29
103.38
103.48
103.57
103.66
103.76
103.86
103.95
104.05
104.14
104.24
104.34
104.44
104.53
104.63
104.73
104.83
104.93
105.03
105.13
105.23
105.33
105.43
105.54
105.64
105.74
105.84
105.95
106.05
106.16
106.26
106.37
106.47
106.58
106.69
106.79
106.9
107.01
107.12
107.23
107.34
107.45
107.56
107.67
107.78
107.9
108.01
108.12
108.24
108.35
108.47
108.58
108.7
108.81
108.93
109.05
109.17
109.29
109.4
109.52
109.64
109.77
109.86
110.12
99.79
99.874
99.957
100.04
100.13
100.22
100.31
100.4
100.49
100.57
100.66
100.75
100.84
100.93
101.02
101.11
101.19
101.28
101.37
101.46
101.55
101.64
101.73
101.82
101.91
102
102.09
102.18
102.27
102.36
102.45
102.55
102.64
102.73
102.82
102.91
103.01
103.1
103.19
103.29
103.38
103.48
103.57
103.66
103.76
103.86
103.95
104.05
104.14
104.24
104.34
104.44
104.53
104.63
104.73
104.83
104.93
105.03
105.13
105.23
105.33
105.43
105.54
105.64
105.74
105.84
105.95
106.05
106.16
106.26
106.37
106.47
106.58
106.69
106.8
106.9
107.01
107.12
107.23
107.34
107.45
107.56
107.67
107.79
107.9
108.01
108.12
108.24
108.35
108.47
108.58
108.7
108.82
108.93
109.05
109.17
109.29
109.41
109.52
109.64
109.77
109.86
110.13
99.79
99.874
99.957
100.04
100.13
100.22
100.31
100.4
100.49
100.57
100.66
100.75
100.84
100.93
101.02
101.11
101.19
101.28
101.37
101.46
101.55
101.64
101.73
101.82
101.91
102
102.09
102.18
102.27
102.36
102.45
102.55
102.64
102.73
102.82
102.91
103.01
103.1
103.19
103.29
103.38
103.48
103.57
103.66
103.76
103.86
103.95
104.05
104.14
104.24
104.34
104.44
104.53
104.63
104.73
104.83
104.93
105.03
105.13
105.23
105.33
105.43
105.54
105.64
105.74
105.84
105.95
106.05
106.16
106.26
106.37
106.47
106.58
106.69
106.8
106.9
107.01
107.12
107.23
107.34
107.45
107.56
107.67
107.79
107.9
108.01
108.12
108.24
108.35
108.47
108.58
108.7
108.82
108.93
109.05
109.17
109.29
109.41
109.53
109.65
109.77
109.86
110.13
99.79
99.874
99.957
100.04
100.13
100.22
100.31
100.4
100.49
100.57
100.66
100.75
100.84
100.93
101.02
101.11
101.19
101.28
101.37
101.46
101.55
101.64
101.73
101.82
101.91
102
102.09
102.18
102.27
102.36
102.45
102.55
102.64
102.73
102.82
102.91
103.01
103.1
103.19
103.29
103.38
103.48
103.57
103.66
103.76
103.86
103.95
104.05
104.14
104.24
104.34
104.44
104.53
104.63
104.73
104.83
104.93
105.03
105.13
105.23
105.33
105.43
105.54
105.64
105.74
105.84
105.95
106.05
106.16
106.26
106.37
106.47
106.58
106.69
106.8
106.9
107.01
107.12
107.23
107.34
107.45
107.56
107.67
107.79
107.9
108.01
108.13
108.24
108.35
108.47
108.58
108.7
108.82
108.93
109.05
109.17
109.29
109.41
109.53
109.65
109.77
109.86
110.13
99.79
99.874
99.957
100.04
100.13
100.22
100.31
100.4
100.49
100.57
100.66
100.75
100.84
100.93
101.02
101.11
101.19
101.28
101.37
101.46
101.55
101.64
101.73
101.82
101.91
102
102.09
102.18
102.27
102.36
102.45
102.55
102.64
102.73
102.82
102.91
103.01
103.1
103.19
103.29
103.38
103.48
103.57
103.66
103.76
103.86
103.95
104.05
104.14
104.24
104.34
104.44
104.53
104.63
104.73
104.83
104.93
105.03
105.13
105.23
105.33
105.43
105.54
105.64
105.74
105.84
105.95
106.05
106.16
106.26
106.37
106.47
106.58
106.69
106.8
106.9
107.01
107.12
107.23
107.34
107.45
107.56
107.67
107.79
107.9
108.01
108.13
108.24
108.35
108.47
108.59
108.7
108.82
108.93
109.05
109.17
109.29
109.41
109.53
109.65
109.77
109.86
110.13
99.79
99.874
99.957
100.04
100.13
100.22
100.31
100.4
100.49
100.57
100.66
100.75
100.84
100.93
101.02
101.11
101.19
101.28
101.37
101.46
101.55
101.64
101.73
101.82
101.91
102
102.09
102.18
102.27
102.36
102.45
102.55
102.64
102.73
102.82
102.91
103.01
103.1
103.19
103.29
103.38
103.48
103.57
103.66
103.76
103.86
103.95
104.05
104.14
104.24
104.34
104.44
104.53
104.63
104.73
104.83
104.93
105.03
105.13
105.23
105.33
105.43
105.54
105.64
105.74
105.84
105.95
106.05
106.16
106.26
106.37
106.47
106.58
106.69
106.8
106.9
107.01
107.12
107.23
107.34
107.45
107.56
107.67
107.79
107.9
108.01
108.13
108.24
108.36
108.47
108.59
108.7
108.82
108.94
109.05
109.17
109.29
109.41
109.53
109.65
109.77
109.86
110.13
99.79
99.874
99.957
100.04
100.13
100.22
100.31
100.4
100.49
100.57
100.66
100.75
100.84
100.93
101.02
101.11
101.19
101.28
101.37
101.46
101.55
101.64
101.73
101.82
101.91
102
102.09
102.18
102.27
102.36
102.45
102.55
102.64
102.73
102.82
102.91
103.01
103.1
103.19
103.29
103.38
103.48
103.57
103.66
103.76
103.86
103.95
104.05
104.14
104.24
104.34
104.44
104.53
104.63
104.73
104.83
104.93
105.03
105.13
105.23
105.33
105.43
105.54
105.64
105.74
105.84
105.95
106.05
106.16
106.26
106.37
106.47
106.58
106.69
106.8
106.9
107.01
107.12
107.23
107.34
107.45
107.56
107.68
107.79
107.9
108.01
108.13
108.24
108.36
108.47
108.59
108.7
108.82
108.94
109.05
109.17
109.29
109.41
109.53
109.65
109.77
109.87
110.13
99.79
99.874
99.957
100.04
100.13
100.22
100.31
100.4
100.49
100.57
100.66
100.75
100.84
100.93
101.02
101.11
101.19
101.28
101.37
101.46
101.55
101.64
101.73
101.82
101.91
102
102.09
102.18
102.27
102.36
102.45
102.55
102.64
102.73
102.82
102.91
103.01
103.1
103.19
103.29
103.38
103.48
103.57
103.66
103.76
103.86
103.95
104.05
104.14
104.24
104.34
104.44
104.53
104.63
104.73
104.83
104.93
105.03
105.13
105.23
105.33
105.43
105.54
105.64
105.74
105.84
105.95
106.05
106.16
106.26
106.37
106.48
106.58
106.69
106.8
106.9
107.01
107.12
107.23
107.34
107.45
107.56
107.68
107.79
107.9
108.01
108.13
108.24
108.36
108.47
108.59
108.7
108.82
108.94
109.06
109.17
109.29
109.41
109.53
109.65
109.77
109.87
110.13
99.79
99.874
99.957
100.04
100.13
100.22
100.31
100.4
100.49
100.57
100.66
100.75
100.84
100.93
101.02
101.11
101.19
101.28
101.37
101.46
101.55
101.64
101.73
101.82
101.91
102
102.09
102.18
102.27
102.36
102.45
102.55
102.64
102.73
102.82
102.91
103.01
103.1
103.19
103.29
103.38
103.48
103.57
103.66
103.76
103.86
103.95
104.05
104.14
104.24
104.34
104.44
104.53
104.63
104.73
104.83
104.93
105.03
105.13
105.23
105.33
105.43
105.54
105.64
105.74
105.84
105.95
106.05
106.16
106.26
106.37
106.48
106.58
106.69
106.8
106.91
107.01
107.12
107.23
107.34
107.45
107.56
107.68
107.79
107.9
108.01
108.13
108.24
108.36
108.47
108.59
108.7
108.82
108.94
109.06
109.17
109.29
109.41
109.53
109.65
109.78
109.87
110.13
99.79
99.874
99.957
100.04
100.13
100.22
100.31
100.4
100.49
100.57
100.66
100.75
100.84
100.93
101.02
101.11
101.19
101.28
101.37
101.46
101.55
101.64
101.73
101.82
101.91
102
102.09
102.18
102.27
102.36
102.45
102.55
102.64
102.73
102.82
102.91
103.01
103.1
103.19
103.29
103.38
103.48
103.57
103.66
103.76
103.86
103.95
104.05
104.14
104.24
104.34
104.44
104.53
104.63
104.73
104.83
104.93
105.03
105.13
105.23
105.33
105.43
105.54
105.64
105.74
105.84
105.95
106.05
106.16
106.26
106.37
106.48
106.58
106.69
106.8
106.91
107.01
107.12
107.23
107.34
107.45
107.57
107.68
107.79
107.9
108.02
108.13
108.24
108.36
108.47
108.59
108.71
108.82
108.94
109.06
109.18
109.29
109.41
109.53
109.65
109.78
109.87
110.13
99.79
99.874
99.957
100.04
100.13
100.22
100.31
100.4
100.49
100.57
100.66
100.75
100.84
100.93
101.02
101.11
101.19
101.28
101.37
101.46
101.55
101.64
101.73
101.82
101.91
102
102.09
102.18
102.27
102.36
102.45
102.55
102.64
102.73
102.82
102.91
103.01
103.1
103.19
103.29
103.38
103.48
103.57
103.66
103.76
103.86
103.95
104.05
104.14
104.24
104.34
104.44
104.53
104.63
104.73
104.83
104.93
105.03
105.13
105.23
105.33
105.43
105.54
105.64
105.74
105.84
105.95
106.05
106.16
106.26
106.37
106.48
106.58
106.69
106.8
106.91
107.01
107.12
107.23
107.34
107.45
107.57
107.68
107.79
107.9
108.02
108.13
108.24
108.36
108.47
108.59
108.71
108.82
108.94
109.06
109.18
109.3
109.41
109.53
109.65
109.78
109.87
110.14
99.79
99.874
99.957
100.04
100.13
100.22
100.31
100.4
100.49
100.57
100.66
100.75
100.84
100.93
101.02
101.11
101.19
101.28
101.37
101.46
101.55
101.64
101.73
101.82
101.91
102
102.09
102.18
102.27
102.36
102.45
102.55
102.64
102.73
102.82
102.91
103.01
103.1
103.19
103.29
103.38
103.48
103.57
103.66
103.76
103.86
103.95
104.05
104.14
104.24
104.34
104.44
104.53
104.63
104.73
104.83
104.93
105.03
105.13
105.23
105.33
105.43
105.54
105.64
105.74
105.85
105.95
106.05
106.16
106.26
106.37
106.48
106.58
106.69
106.8
106.91
107.01
107.12
107.23
107.34
107.45
107.57
107.68
107.79
107.9
108.02
108.13
108.24
108.36
108.47
108.59
108.71
108.82
108.94
109.06
109.18
109.3
109.42
109.54
109.66
109.78
109.87
110.14
99.79
99.874
99.957
100.04
100.13
100.22
100.31
100.4
100.49
100.57
100.66
100.75
100.84
100.93
101.02
101.11
101.19
101.28
101.37
101.46
101.55
101.64
101.73
101.82
101.91
102
102.09
102.18
102.27
102.36
102.45
102.55
102.64
102.73
102.82
102.91
103.01
103.1
103.19
103.29
103.38
103.48
103.57
103.66
103.76
103.86
103.95
104.05
104.14
104.24
104.34
104.44
104.53
104.63
104.73
104.83
104.93
105.03
105.13
105.23
105.33
105.43
105.54
105.64
105.74
105.85
105.95
106.05
106.16
106.26
106.37
106.48
106.58
106.69
106.8
106.91
107.01
107.12
107.23
107.34
107.46
107.57
107.68
107.79
107.9
108.02
108.13
108.25
108.36
108.48
108.59
108.71
108.83
108.94
109.06
109.18
109.3
109.42
109.54
109.66
109.78
109.87
110.14
99.79
99.874
99.957
100.04
100.13
100.22
100.31
100.4
100.49
100.57
100.66
100.75
100.84
100.93
101.02
101.11
101.19
101.28
101.37
101.46
101.55
101.64
101.73
101.82
101.91
102
102.09
102.18
102.27
102.36
102.45
102.55
102.64
102.73
102.82
102.91
103.01
103.1
103.19
103.29
103.38
103.48
103.57
103.66
103.76
103.86
103.95
104.05
104.14
104.24
104.34
104.44
104.53
104.63
104.73
104.83
104.93
105.03
105.13
105.23
105.33
105.43
105.54
105.64
105.74
105.85
105.95
106.05
106.16
106.26
106.37
106.48
106.58
106.69
106.8
106.91
107.02
107.12
107.23
107.34
107.46
107.57
107.68
107.79
107.9
108.02
108.13
108.25
108.36
108.48
108.59
108.71
108.83
108.94
109.06
109.18
109.3
109.42
109.54
109.66
109.78
109.88
110.14
99.79
99.874
99.957
100.04
100.13
100.22
100.31
100.4
100.49
100.57
100.66
100.75
100.84
100.93
101.02
101.1
101.19
101.28
101.37
101.46
101.55
101.64
101.73
101.82
101.91
102
102.09
102.18
102.27
102.36
102.45
102.55
102.64
102.73
102.82
102.91
103.01
103.1
103.19
103.29
103.38
103.48
103.57
103.66
103.76
103.86
103.95
104.05
104.14
104.24
104.34
104.44
104.53
104.63
104.73
104.83
104.93
105.03
105.13
105.23
105.33
105.43
105.54
105.64
105.74
105.85
105.95
106.05
106.16
106.26
106.37
106.48
106.58
106.69
106.8
106.91
107.02
107.12
107.23
107.34
107.46
107.57
107.68
107.79
107.9
108.02
108.13
108.25
108.36
108.48
108.59
108.71
108.83
108.95
109.06
109.18
109.3
109.42
109.54
109.66
109.79
109.88
110.14
99.79
99.874
99.957
100.04
100.13
100.22
100.31
100.4
100.49
100.57
100.66
100.75
100.84
100.93
101.02
101.1
101.19
101.28
101.37
101.46
101.55
101.64
101.73
101.82
101.91
102
102.09
102.18
102.27
102.36
102.45
102.55
102.64
102.73
102.82
102.91
103.01
103.1
103.19
103.29
103.38
103.48
103.57
103.66
103.76
103.86
103.95
104.05
104.14
104.24
104.34
104.44
104.53
104.63
104.73
104.83
104.93
105.03
105.13
105.23
105.33
105.43
105.54
105.64
105.74
105.85
105.95
106.05
106.16
106.26
106.37
106.48
106.58
106.69
106.8
106.91
107.02
107.12
107.23
107.35
107.46
107.57
107.68
107.79
107.91
108.02
108.13
108.25
108.36
108.48
108.59
108.71
108.83
108.95
109.06
109.18
109.3
109.42
109.54
109.66
109.79
109.88
110.14
99.79
99.874
99.957
100.04
100.13
100.22
100.31
100.4
100.49
100.57
100.66
100.75
100.84
100.93
101.02
101.1
101.19
101.28
101.37
101.46
101.55
101.64
101.73
101.82
101.91
102
102.09
102.18
102.27
102.36
102.45
102.55
102.64
102.73
102.82
102.91
103.01
103.1
103.19
103.29
103.38
103.47
103.57
103.66
103.76
103.86
103.95
104.05
104.14
104.24
104.34
104.44
104.53
104.63
104.73
104.83
104.93
105.03
105.13
105.23
105.33
105.43
105.54
105.64
105.74
105.85
105.95
106.05
106.16
106.26
106.37
106.48
106.58
106.69
106.8
106.91
107.02
107.13
107.24
107.35
107.46
107.57
107.68
107.79
107.91
108.02
108.13
108.25
108.36
108.48
108.6
108.71
108.83
108.95
109.07
109.19
109.3
109.42
109.54
109.66
109.79
109.88
110.15
99.79
99.874
99.957
100.04
100.13
100.22
100.31
100.4
100.49
100.57
100.66
100.75
100.84
100.93
101.02
101.1
101.19
101.28
101.37
101.46
101.55
101.64
101.73
101.82
101.91
102
102.09
102.18
102.27
102.36
102.45
102.55
102.64
102.73
102.82
102.91
103.01
103.1
103.19
103.29
103.38
103.47
103.57
103.66
103.76
103.85
103.95
104.05
104.14
104.24
104.34
104.44
104.53
104.63
104.73
104.83
104.93
105.03
105.13
105.23
105.33
105.43
105.54
105.64
105.74
105.85
105.95
106.05
106.16
106.26
106.37
106.48
106.58
106.69
106.8
106.91
107.02
107.13
107.24
107.35
107.46
107.57
107.68
107.79
107.91
108.02
108.13
108.25
108.36
108.48
108.6
108.71
108.83
108.95
109.07
109.19
109.31
109.43
109.55
109.67
109.79
109.88
110.15
99.79
99.874
99.957
100.04
100.13
100.22
100.31
100.4
100.49
100.57
100.66
100.75
100.84
100.93
101.02
101.1
101.19
101.28
101.37
101.46
101.55
101.64
101.73
101.82
101.91
102
102.09
102.18
102.27
102.36
102.45
102.55
102.64
102.73
102.82
102.91
103.01
103.1
103.19
103.29
103.38
103.47
103.57
103.66
103.76
103.85
103.95
104.05
104.14
104.24
104.34
104.44
104.53
104.63
104.73
104.83
104.93
105.03
105.13
105.23
105.33
105.43
105.54
105.64
105.74
105.85
105.95
106.05
106.16
106.26
106.37
106.48
106.58
106.69
106.8
106.91
107.02
107.13
107.24
107.35
107.46
107.57
107.68
107.79
107.91
108.02
108.14
108.25
108.37
108.48
108.6
108.72
108.83
108.95
109.07
109.19
109.31
109.43
109.55
109.67
109.79
109.89
110.15
99.79
99.874
99.957
100.04
100.13
100.22
100.31
100.4
100.49
100.57
100.66
100.75
100.84
100.93
101.02
101.1
101.19
101.28
101.37
101.46
101.55
101.64
101.73
101.82
101.91
102
102.09
102.18
102.27
102.36
102.45
102.55
102.64
102.73
102.82
102.91
103.01
103.1
103.19
103.29
103.38
103.47
103.57
103.66
103.76
103.85
103.95
104.05
104.14
104.24
104.34
104.44
104.53
104.63
104.73
104.83
104.93
105.03
105.13
105.23
105.33
105.43
105.54
105.64
105.74
105.85
105.95
106.05
106.16
106.26
106.37
106.48
106.58
106.69
106.8
106.91
107.02
107.13
107.24
107.35
107.46
107.57
107.68
107.79
107.91
108.02
108.14
108.25
108.37
108.48
108.6
108.72
108.83
108.95
109.07
109.19
109.31
109.43
109.55
109.67
109.8
109.89
110.16
99.79
99.874
99.957
100.04
100.13
100.22
100.31
100.4
100.49
100.57
100.66
100.75
100.84
100.93
101.02
101.1
101.19
101.28
101.37
101.46
101.55
101.64
101.73
101.82
101.91
102
102.09
102.18
102.27
102.36
102.45
102.55
102.64
102.73
102.82
102.91
103.01
103.1
103.19
103.29
103.38
103.47
103.57
103.66
103.76
103.85
103.95
104.05
104.14
104.24
104.34
104.44
104.53
104.63
104.73
104.83
104.93
105.03
105.13
105.23
105.33
105.43
105.54
105.64
105.74
105.85
105.95
106.05
106.16
106.26
106.37
106.48
106.58
106.69
106.8
106.91
107.02
107.13
107.24
107.35
107.46
107.57
107.68
107.79
107.91
108.02
108.14
108.25
108.37
108.48
108.6
108.72
108.84
108.95
109.07
109.19
109.31
109.43
109.55
109.68
109.8
109.89
110.16
99.79
99.874
99.957
100.04
100.13
100.22
100.31
100.4
100.49
100.57
100.66
100.75
100.84
100.93
101.02
101.1
101.19
101.28
101.37
101.46
101.55
101.64
101.73
101.82
101.91
102
102.09
102.18
102.27
102.36
102.45
102.55
102.64
102.73
102.82
102.91
103.01
103.1
103.19
103.29
103.38
103.47
103.57
103.66
103.76
103.85
103.95
104.05
104.14
104.24
104.34
104.44
104.53
104.63
104.73
104.83
104.93
105.03
105.13
105.23
105.33
105.43
105.54
105.64
105.74
105.85
105.95
106.05
106.16
106.26
106.37
106.48
106.58
106.69
106.8
106.91
107.02
107.13
107.24
107.35
107.46
107.57
107.68
107.79
107.91
108.02
108.14
108.25
108.37
108.48
108.6
108.72
108.84
108.96
109.07
109.19
109.32
109.44
109.56
109.68
109.8
109.9
110.16
99.79
99.874
99.957
100.04
100.13
100.22
100.31
100.4
100.49
100.57
100.66
100.75
100.84
100.93
101.02
101.1
101.19
101.28
101.37
101.46
101.55
101.64
101.73
101.82
101.91
102
102.09
102.18
102.27
102.36
102.45
102.55
102.64
102.73
102.82
102.91
103.01
103.1
103.19
103.29
103.38
103.47
103.57
103.66
103.76
103.85
103.95
104.05
104.14
104.24
104.34
104.43
104.53
104.63
104.73
104.83
104.93
105.03
105.13
105.23
105.33
105.43
105.54
105.64
105.74
105.85
105.95
106.05
106.16
106.26
106.37
106.48
106.58
106.69
106.8
106.91
107.02
107.13
107.24
107.35
107.46
107.57
107.68
107.8
107.91
108.02
108.14
108.25
108.37
108.48
108.6
108.72
108.84
108.96
109.08
109.2
109.32
109.44
109.56
109.68
109.81
109.9
110.17
99.79
99.874
99.957
100.04
100.13
100.22
100.31
100.4
100.49
100.57
100.66
100.75
100.84
100.93
101.02
101.1
101.19
101.28
101.37
101.46
101.55
101.64
101.73
101.82
101.91
102
102.09
102.18
102.27
102.36
102.45
102.55
102.64
102.73
102.82
102.91
103.01
103.1
103.19
103.29
103.38
103.47
103.57
103.66
103.76
103.85
103.95
104.05
104.14
104.24
104.34
104.43
104.53
104.63
104.73
104.83
104.93
105.03
105.13
105.23
105.33
105.43
105.54
105.64
105.74
105.84
105.95
106.05
106.16
106.26
106.37
106.48
106.58
106.69
106.8
106.91
107.02
107.13
107.24
107.35
107.46
107.57
107.68
107.8
107.91
108.02
108.14
108.25
108.37
108.49
108.6
108.72
108.84
108.96
109.08
109.2
109.32
109.44
109.56
109.69
109.81
109.91
110.17
99.79
99.874
99.957
100.04
100.13
100.22
100.31
100.4
100.49
100.57
100.66
100.75
100.84
100.93
101.02
101.1
101.19
101.28
101.37
101.46
101.55
101.64
101.73
101.82
101.91
102
102.09
102.18
102.27
102.36
102.45
102.55
102.64
102.73
102.82
102.91
103.01
103.1
103.19
103.29
103.38
103.47
103.57
103.66
103.76
103.85
103.95
104.05
104.14
104.24
104.34
104.43
104.53
104.63
104.73
104.83
104.93
105.03
105.13
105.23
105.33
105.43
105.54
105.64
105.74
105.84
105.95
106.05
106.16
106.26
106.37
106.48
106.58
106.69
106.8
106.91
107.02
107.13
107.24
107.35
107.46
107.57
107.68
107.8
107.91
108.02
108.14
108.25
108.37
108.49
108.6
108.72
108.84
108.96
109.08
109.2
109.32
109.44
109.57
109.69
109.82
109.91
110.18
99.79
99.874
99.957
100.04
100.13
100.22
100.31
100.4
100.49
100.57
100.66
100.75
100.84
100.93
101.02
101.1
101.19
101.28
101.37
101.46
101.55
101.64
101.73
101.82
101.91
102
102.09
102.18
102.27
102.36
102.45
102.55
102.64
102.73
102.82
102.91
103.01
103.1
103.19
103.29
103.38
103.47
103.57
103.66
103.76
103.85
103.95
104.05
104.14
104.24
104.34
104.43
104.53
104.63
104.73
104.83
104.93
105.03
105.13
105.23
105.33
105.43
105.54
105.64
105.74
105.84
105.95
106.05
106.16
106.26
106.37
106.48
106.58
106.69
106.8
106.91
107.02
107.13
107.24
107.35
107.46
107.57
107.68
107.8
107.91
108.02
108.14
108.25
108.37
108.49
108.6
108.72
108.84
108.96
109.08
109.2
109.32
109.45
109.57
109.7
109.83
109.92
110.19
99.79
99.874
99.957
100.04
100.13
100.22
100.31
100.4
100.49
100.57
100.66
100.75
100.84
100.93
101.02
101.1
101.19
101.28
101.37
101.46
101.55
101.64
101.73
101.82
101.91
102
102.09
102.18
102.27
102.36
102.45
102.54
102.64
102.73
102.82
102.91
103.01
103.1
103.19
103.29
103.38
103.47
103.57
103.66
103.76
103.85
103.95
104.05
104.14
104.24
104.34
104.43
104.53
104.63
104.73
104.83
104.93
105.03
105.13
105.23
105.33
105.43
105.54
105.64
105.74
105.84
105.95
106.05
106.16
106.26
106.37
106.48
106.58
106.69
106.8
106.91
107.02
107.13
107.24
107.35
107.46
107.57
107.68
107.8
107.91
108.02
108.14
108.25
108.37
108.49
108.6
108.72
108.84
108.96
109.08
109.2
109.33
109.45
109.57
109.7
109.83
109.93
110.2
99.789
99.873
99.957
100.04
100.13
100.22
100.31
100.4
100.48
100.57
100.66
100.75
100.84
100.93
101.02
101.1
101.19
101.28
101.37
101.46
101.55
101.64
101.73
101.82
101.91
102
102.09
102.18
102.27
102.36
102.45
102.54
102.64
102.73
102.82
102.91
103.01
103.1
103.19
103.29
103.38
103.47
103.57
103.66
103.76
103.85
103.95
104.05
104.14
104.24
104.34
104.43
104.53
104.63
104.73
104.83
104.93
105.03
105.13
105.23
105.33
105.43
105.54
105.64
105.74
105.84
105.95
106.05
106.16
106.26
106.37
106.48
106.58
106.69
106.8
106.91
107.02
107.13
107.24
107.35
107.46
107.57
107.68
107.8
107.91
108.02
108.14
108.25
108.37
108.49
108.6
108.72
108.84
108.96
109.08
109.2
109.33
109.45
109.58
109.7
109.84
109.94
110.24
99.787
99.872
99.957
100.04
100.13
100.22
100.31
100.4
100.48
100.57
100.66
100.75
100.84
100.93
101.02
101.1
101.19
101.28
101.37
101.46
101.55
101.64
101.73
101.82
101.91
102
102.09
102.18
102.27
102.36
102.45
102.54
102.64
102.73
102.82
102.91
103.01
103.1
103.19
103.29
103.38
103.47
103.57
103.66
103.76
103.85
103.95
104.05
104.14
104.24
104.34
104.43
104.53
104.63
104.73
104.83
104.93
105.03
105.13
105.23
105.33
105.43
105.53
105.64
105.74
105.84
105.95
106.05
106.16
106.26
106.37
106.48
106.58
106.69
106.8
106.91
107.02
107.13
107.24
107.35
107.46
107.57
107.68
107.8
107.91
108.02
108.14
108.25
108.37
108.49
108.6
108.72
108.84
108.96
109.08
109.2
109.33
109.45
109.58
109.71
109.84
109.95
110.31
