2.9437e-09
-5.6809e-10
-2.7027e-09
-2.4021e-07
9.3484e-08
7.1473e-07
1.6424e-06
2.8942e-06
4.4747e-06
6.3416e-06
8.5033e-06
1.0961e-05
1.372e-05
1.6796e-05
2.0182e-05
2.3893e-05
2.791e-05
3.2229e-05
3.6834e-05
4.173e-05
4.6936e-05
5.2451e-05
5.8308e-05
6.4508e-05
7.1054e-05
7.7954e-05
8.5212e-05
9.2813e-05
0.00010074
0.00010897
0.00011751
0.00012635
0.00013549
0.00014498
0.0001548
0.00016498
0.0001755
0.00018632
0.00019748
0.00020892
0.0002207
0.00023284
0.00024535
0.00025823
0.00027144
0.00028498
0.00029884
0.00031304
0.0003276
0.00034254
0.00035784
0.0003735
0.00038951
0.00040589
0.00042264
0.00043976
0.00045723
0.00047507
0.00049325
0.00051177
0.00053065
0.00054991
0.00056956
0.00058957
0.00060998
0.00063075
0.00065191
0.00067346
0.00069542
0.0007178
0.0007406
0.00076381
0.0007874
0.00081137
0.00083571
0.00086042
0.00088553
0.00091105
0.00093695
0.00096325
0.00098992
0.001017
0.0010445
0.0010724
0.0011008
0.0011296
0.0011588
0.0011884
0.0012184
0.0012489
0.0012798
0.0013112
0.001343
0.0013752
0.0014078
0.001441
0.0014746
0.0015087
0.0015433
0.0015783
0.0016138
0.0016497
0.0016866
