6.0628e-10
3.0118e-10
4.5206e-10
1.4387e-07
2.4718e-07
3.5808e-07
5.0623e-07
7.2477e-07
9.9896e-07
1.3645e-06
1.7889e-06
2.2708e-06
2.7784e-06
3.3204e-06
3.9132e-06
4.5573e-06
5.2757e-06
6.0541e-06
6.9052e-06
7.8183e-06
8.7986e-06
9.8244e-06
1.0918e-05
1.2077e-05
1.3323e-05
1.4646e-05
1.6052e-05
1.7543e-05
1.9081e-05
2.0688e-05
2.2318e-05
2.4007e-05
2.5779e-05
2.7622e-05
2.9584e-05
3.1618e-05
3.375e-05
3.5973e-05
3.8271e-05
4.0692e-05
4.322e-05
4.5899e-05
4.8726e-05
5.1703e-05
5.4811e-05
5.804e-05
6.1392e-05
6.4855e-05
6.8462e-05
7.2227e-05
7.6161e-05
8.0269e-05
8.4529e-05
8.8941e-05
9.3484e-05
9.8157e-05
0.000103
0.00010801
0.0001132
0.00011858
0.00012416
0.00012993
0.00013593
0.00014217
0.00014864
0.00015532
0.00016217
0.00016918
0.00017636
0.00018375
0.0001914
0.00019934
0.00020755
0.00021604
0.00022479
0.00023379
0.00024306
0.00025262
0.00026248
0.00027266
0.00028316
0.00029396
0.00030506
0.00031645
0.00032815
0.00034017
0.00035255
0.00036529
0.00037841
0.00039191
0.0004058
0.00042008
0.00043476
0.00044983
0.00046531
0.00048118
0.00049745
0.00051413
0.00053122
0.00054873
0.00056673
0.00058522
0.00060473
