3.371e-09
-7.0639e-10
-3.3051e-09
-2.7441e-07
5.3665e-08
6.7211e-07
1.6315e-06
3.001e-06
4.762e-06
6.9083e-06
9.4232e-06
1.2255e-05
1.5409e-05
1.8909e-05
2.2753e-05
2.6978e-05
3.1584e-05
3.6563e-05
4.1929e-05
4.7659e-05
5.376e-05
6.0197e-05
6.6982e-05
7.4083e-05
8.1511e-05
8.9279e-05
9.739e-05
0.00010589
0.00011476
0.00012403
0.00013369
0.00014374
0.00015416
0.00016494
0.00017607
0.00018755
0.00019944
0.00021173
0.0002244
0.00023747
0.0002509
0.00026468
0.00027879
0.00029323
0.00030803
0.00032319
0.00033878
0.00035477
0.00037114
0.0003879
0.00040503
0.00042251
0.00044037
0.00045863
0.00047731
0.0004964
0.0005159
0.00053583
0.00055614
0.00057685
0.00059795
0.00061944
0.00064134
0.00066364
0.00068636
0.00070948
0.000733
0.00075694
0.00078128
0.00080604
0.00083122
0.00085684
0.00088291
0.00090942
0.00093636
0.00096372
0.0009915
0.0010197
0.0010483
0.0010774
0.001107
0.0011369
0.0011673
0.0011981
0.0012293
0.0012609
0.0012929
0.0013254
0.0013584
0.0013918
0.0014257
0.00146
0.0014948
0.00153
0.0015656
0.0016018
0.0016384
0.0016754
0.0017129
0.0017508
0.0017892
0.0018281
0.001868
