2.5326e-09
1.0313e-10
-8.3496e-10
6.42e-08
4.3833e-07
1.019e-06
1.8297e-06
2.8724e-06
4.1795e-06
5.7336e-06
7.5571e-06
9.6359e-06
1.1958e-05
1.4539e-05
1.736e-05
2.0422e-05
2.3731e-05
2.7267e-05
3.1039e-05
3.5082e-05
3.938e-05
4.3975e-05
4.8849e-05
5.3995e-05
5.9401e-05
6.5052e-05
7.0962e-05
7.7147e-05
8.3609e-05
9.0337e-05
9.7314e-05
0.00010452
0.00011196
0.00011962
0.00012755
0.00013573
0.0001442
0.00015296
0.000162
0.00017134
0.00018098
0.00019094
0.0002012
0.00021173
0.00022251
0.00023354
0.00024482
0.00025639
0.00026826
0.00028043
0.00029291
0.00030571
0.00031882
0.00033228
0.00034608
0.00036019
0.00037461
0.00038934
0.00040438
0.00041976
0.00043548
0.00045154
0.00046796
0.00048469
0.00050176
0.00051917
0.00053692
0.00055502
0.00057347
0.00059227
0.00061142
0.00063095
0.00065087
0.00067119
0.00069189
0.00071298
0.00073443
0.00075624
0.00077842
0.00080101
0.000824
0.0008474
0.00087118
0.00089537
0.00091995
0.00094493
0.00097034
0.00099612
0.0010223
0.0010489
0.0010758
0.0011032
0.0011311
0.0011594
0.0011882
0.0012174
0.001247
0.001277
0.0013075
0.0013385
0.00137
0.001402
0.0014352
