1.6053e-09
-3.6366e-12
-6.5061e-10
-1.9271e-08
2.4515e-07
6.7751e-07
1.2632e-06
2.0122e-06
2.9117e-06
3.9582e-06
5.1685e-06
6.5601e-06
8.1328e-06
9.8656e-06
1.177e-05
1.3841e-05
1.6079e-05
1.8479e-05
2.1034e-05
2.3742e-05
2.6595e-05
2.9617e-05
3.2815e-05
3.6211e-05
3.9827e-05
4.3647e-05
4.769e-05
5.1927e-05
5.6345e-05
6.092e-05
6.5633e-05
7.0514e-05
7.5542e-05
8.0756e-05
8.6141e-05
9.1712e-05
9.749e-05
0.00010346
0.00010969
0.00011611
0.00012274
0.00012956
0.00013658
0.00014379
0.0001512
0.00015885
0.00016672
0.00017482
0.00018318
0.00019177
0.00020059
0.00020963
0.00021892
0.00022845
0.00023822
0.00024824
0.00025852
0.00026907
0.00027992
0.00029108
0.00030254
0.00031431
0.00032633
0.00033861
0.00035114
0.00036396
0.0003771
0.00039055
0.00040434
0.00041842
0.00043277
0.00044737
0.00046223
0.00047742
0.00049297
0.00050892
0.00052529
0.00054201
0.00055908
0.00057647
0.00059417
0.00061223
0.00063068
0.00064954
0.00066881
0.00068847
0.0007085
0.00072892
0.00074972
0.00077094
0.00079256
0.00081459
0.00083703
0.00085987
0.00088311
0.00090678
0.00093088
0.00095542
0.00098039
0.0010058
0.0010316
0.001058
0.0010853
