98.8
99.282
99.764
100.25
100.74
101.23
101.73
102.22
102.71
103.21
103.71
104.2
104.7
105.2
105.7
106.2
106.7
107.21
107.71
108.22
108.73
109.24
109.75
110.27
110.78
111.3
111.83
112.35
112.88
113.41
113.94
114.48
115.02
115.56
116.11
116.65
117.21
117.76
118.32
118.89
119.45
120.03
120.6
121.18
121.76
122.35
122.95
123.54
124.14
124.75
125.36
125.98
126.6
127.22
127.86
128.49
129.13
129.78
130.43
131.09
131.75
132.42
133.09
133.77
134.46
135.15
135.85
136.55
137.26
137.98
138.7
139.43
140.16
140.9
141.65
142.4
143.16
143.93
144.7
145.48
146.27
147.06
147.86
148.67
149.48
150.3
151.13
151.96
152.81
153.65
154.51
155.37
156.24
157.11
158
158.89
159.79
160.69
161.59
162.59
163.34
164.18
166.74
