99.762
99.858
99.953
100.05
100.15
100.24
100.34
100.44
100.54
100.64
100.74
100.85
100.95
101.06
101.17
101.27
101.39
101.5
101.62
101.74
101.86
101.98
102.11
102.24
102.38
102.52
102.66
102.81
102.96
103.11
103.27
103.44
103.6
103.78
103.96
104.14
104.34
104.53
104.73
104.94
105.16
105.38
105.61
105.85
106.09
106.34
106.6
106.86
107.14
107.42
107.71
108.01
108.31
108.63
108.96
109.29
109.63
109.99
110.35
110.72
111.11
111.5
111.9
112.32
112.74
113.18
113.63
114.09
114.56
115.04
115.53
116.04
116.56
117.09
117.63
118.18
118.75
119.33
119.93
120.53
121.15
121.79
122.43
123.09
123.77
124.46
125.16
125.87
126.6
127.35
128.1
128.88
129.66
130.46
131.28
132.11
132.96
133.81
134.67
135.64
136.37
137.2
139.74
