99.222
99.535
99.847
100.16
100.48
100.8
101.12
101.44
101.76
102.08
102.41
102.73
103.06
103.38
103.71
104.04
104.37
104.71
105.04
105.38
105.72
106.07
106.41
106.76
107.12
107.47
107.83
108.2
108.56
108.93
109.31
109.68
110.07
110.45
110.85
111.24
111.64
112.05
112.46
112.87
113.3
113.72
114.15
114.59
115.04
115.49
115.94
116.4
116.87
117.35
117.83
118.32
118.81
119.31
119.82
120.34
120.86
121.39
121.93
122.47
123.02
123.58
124.15
124.73
125.31
125.91
126.51
127.12
127.73
128.36
128.99
129.64
130.29
130.95
131.62
132.29
132.98
133.68
134.38
135.1
135.82
136.55
137.3
138.05
138.81
139.58
140.36
141.15
141.95
142.76
143.58
144.41
145.24
146.09
146.95
147.82
148.7
149.58
150.47
151.46
152.2
153.04
155.59
