98.271
98.966
99.661
100.36
101.07
101.78
102.49
103.2
103.91
104.62
105.33
106.04
106.76
107.47
108.18
108.9
109.61
110.33
111.04
111.76
112.48
113.2
113.92
114.64
115.37
116.09
116.82
117.54
118.27
119
119.73
120.46
121.2
121.94
122.67
123.41
124.15
124.9
125.64
126.39
127.14
127.89
128.64
129.4
130.16
130.92
131.68
132.44
133.21
133.98
134.75
135.53
136.3
137.08
137.86
138.65
139.44
140.23
141.02
141.82
142.61
143.42
144.22
145.03
145.84
146.65
147.47
148.29
149.11
149.94
150.77
151.6
152.44
153.28
154.12
154.97
155.82
156.67
157.53
158.39
159.25
160.12
160.99
161.86
162.74
163.62
164.5
165.39
166.28
167.18
168.08
168.98
169.89
170.8
171.71
172.63
173.55
174.47
175.39
176.4
177.16
178.01
180.57
