98.493
99.099
99.704
100.31
100.93
101.55
102.17
102.79
103.41
104.03
104.65
105.27
105.89
106.52
107.14
107.77
108.39
109.02
109.65
110.28
110.91
111.54
112.17
112.81
113.44
114.08
114.72
115.37
116.01
116.66
117.3
117.95
118.61
119.26
119.92
120.58
121.24
121.91
122.57
123.24
123.92
124.59
125.27
125.95
126.64
127.32
128.02
128.71
129.41
130.11
130.81
131.52
132.23
132.95
133.67
134.39
135.12
135.85
136.58
137.32
138.06
138.81
139.56
140.31
141.07
141.83
142.6
143.37
144.15
144.93
145.71
146.5
147.29
148.09
148.89
149.7
150.51
151.33
152.15
152.98
153.81
154.64
155.48
156.33
157.18
158.04
158.9
159.76
160.63
161.51
162.39
163.27
164.16
165.06
165.96
166.87
167.78
168.69
169.6
170.61
171.36
172.22
174.77
