0.29956
0.17967
0.059855
-0.060022
-0.18
-0.2998
-0.41927
-0.53831
-0.65679
-0.77458
-0.89155
-1.0076
-1.1226
-1.2364
-1.349
-1.4601
-1.5697
-1.6777
-1.784
-1.8884
-1.9909
-2.0913
-2.1896
-2.2857
-2.3794
-2.4708
-2.5596
-2.6458
-2.7293
-2.8101
-2.8881
-2.9632
-3.0353
-3.1044
-3.1705
-3.2333
-3.293
-3.3495
-3.4026
-3.4524
-3.4988
-3.5418
-3.5813
-3.6174
-3.6499
-3.6789
-3.7043
-3.7261
-3.7443
-3.7589
-3.7698
-3.7771
-3.7808
-3.7808
-3.7771
-3.7698
-3.7589
-3.7443
-3.7261
-3.7043
-3.6789
-3.6499
-3.6174
-3.5813
-3.5418
-3.4988
-3.4524
-3.4026
-3.3495
-3.293
-3.2333
-3.1705
-3.1044
-3.0353
-2.9632
-2.8881
-2.8101
-2.7293
-2.6458
-2.5596
-2.4708
-2.3794
-2.2857
-2.1896
-2.0913
-1.9909
-1.8884
-1.784
-1.6777
-1.5697
-1.4601
-1.349
-1.2364
-1.1226
-1.0076
-0.89155
-0.77458
-0.65679
-0.53831
-0.41927
-0.2998
-0.18
-0.060022
0.059855
0.17967
0.29956
0.17967
0.10778
0.035934
-0.036035
-0.10807
-0.17999
-0.25172
-0.32318
-0.39431
-0.46502
-0.53525
-0.60492
-0.67396
-0.7423
-0.80986
-0.87659
-0.9424
-1.0072
-1.071
-1.1337
-1.1953
-1.2556
-1.3146
-1.3722
-1.4285
-1.4833
-1.5367
-1.5884
-1.6386
-1.6871
-1.7339
-1.779
-1.8223
-1.8638
-1.9034
-1.9412
-1.977
-2.0109
-2.0428
-2.0727
-2.1005
-2.1264
-2.1501
-2.1717
-2.1912
-2.2086
-2.2239
-2.237
-2.2479
-2.2567
-2.2632
-2.2676
-2.2698
-2.2698
-2.2676
-2.2632
-2.2567
-2.2479
-2.237
-2.2239
-2.2086
-2.1912
-2.1717
-2.1501
-2.1264
-2.1005
-2.0727
-2.0428
-2.0109
-1.977
-1.9412
-1.9034
-1.8638
-1.8223
-1.779
-1.7339
-1.6871
-1.6386
-1.5884
-1.5367
-1.4833
-1.4285
-1.3722
-1.3146
-1.2556
-1.1953
-1.1337
-1.071
-1.0072
-0.9424
-0.87659
-0.80986
-0.7423
-0.67396
-0.60492
-0.53525
-0.46502
-0.39431
-0.32318
-0.25172
-0.17999
-0.10807
-0.036035
0.035934
0.10778
0.17967
0.059855
0.035934
0.012007
-0.01204
-0.036108
-0.060139
-0.084106
-0.10798
-0.13175
-0.15538
-0.17884
-0.20212
-0.22519
-0.24802
-0.2706
-0.29289
-0.31488
-0.33655
-0.35787
-0.37881
-0.39937
-0.41952
-0.43924
-0.45851
-0.47731
-0.49563
-0.51344
-0.53074
-0.5475
-0.56371
-0.57935
-0.59441
-0.60888
-0.62275
-0.63599
-0.6486
-0.66058
-0.6719
-0.68256
-0.69255
-0.70186
-0.71048
-0.71841
-0.72564
-0.73216
-0.73797
-0.74307
-0.74745
-0.7511
-0.75402
-0.75622
-0.75768
-0.75841
-0.75841
-0.75768
-0.75622
-0.75402
-0.7511
-0.74745
-0.74307
-0.73797
-0.73216
-0.72564
-0.71841
-0.71048
-0.70186
-0.69255
-0.68256
-0.6719
-0.66058
-0.6486
-0.63599
-0.62275
-0.60888
-0.59441
-0.57935
-0.56371
-0.5475
-0.53074
-0.51344
-0.49563
-0.47731
-0.45851
-0.43924
-0.41952
-0.39937
-0.37881
-0.35787
-0.33655
-0.31488
-0.29289
-0.2706
-0.24802
-0.22519
-0.20212
-0.17884
-0.15538
-0.13175
-0.10798
-0.084106
-0.060139
-0.036108
-0.01204
0.012007
0.035934
0.059855
-0.060022
-0.036035
-0.01204
0.012074
0.036209
0.060306
0.08434
0.10829
0.13212
0.15581
0.17934
0.20269
0.22582
0.24872
0.27135
0.29371
0.31576
0.33749
0.35886
0.37987
0.40049
0.42069
0.44046
0.45979
0.47864
0.49701
0.51488
0.53222
0.54903
0.56528
0.58097
0.59607
0.61058
0.62448
0.63776
0.65041
0.66242
0.67377
0.68446
0.69448
0.70381
0.71246
0.72041
0.72766
0.7342
0.74003
0.74514
0.74953
0.75319
0.75612
0.75833
0.75979
0.76053
0.76053
0.75979
0.75833
0.75612
0.75319
0.74953
0.74514
0.74003
0.7342
0.72766
0.72041
0.71246
0.70381
0.69448
0.68446
0.67377
0.66242
0.65041
0.63776
0.62448
0.61058
0.59607
0.58097
0.56528
0.54903
0.53222
0.51488
0.49701
0.47864
0.45979
0.44046
0.42069
0.40049
0.37987
0.35886
0.33749
0.31576
0.29371
0.27135
0.24872
0.22582
0.20269
0.17934
0.15581
0.13212
0.10829
0.08434
0.060306
0.036209
0.012074
-0.01204
-0.036035
-0.060022
-0.18
-0.10807
-0.036108
0.036209
0.10859
0.18086
0.25293
0.32474
0.39622
0.46727
0.53784
0.60785
0.67722
0.74589
0.81378
0.88082
0.94696
1.0121
1.0762
1.1392
1.201
1.2616
1.3209
1.3789
1.4354
1.4905
1.5441
1.5961
1.6465
1.6952
1.7423
1.7876
1.8311
1.8728
1.9126
1.9506
1.9866
2.0206
2.0527
2.0827
2.1107
2.1366
2.1605
2.1822
2.2018
2.2193
2.2346
2.2478
2.2588
2.2676
2.2742
2.2786
2.2808
2.2808
2.2786
2.2742
2.2676
2.2588
2.2478
2.2346
2.2193
2.2018
2.1822
2.1605
2.1366
2.1107
2.0827
2.0527
2.0206
1.9866
1.9506
1.9126
1.8728
1.8311
1.7876
1.7423
1.6952
1.6465
1.5961
1.5441
1.4905
1.4354
1.3789
1.3209
1.2616
1.201
1.1392
1.0762
1.0121
0.94696
0.88082
0.81378
0.74589
0.67722
0.60785
0.53784
0.46727
0.39622
0.32474
0.25293
0.18086
0.10859
0.036209
-0.036108
-0.10807
-0.18
-0.2998
-0.17999
-0.060139
0.060306
0.18086
0.30122
0.42126
0.54086
0.6599
0.77824
0.89578
1.0124
1.1279
1.2423
1.3553
1.467
1.5772
1.6857
1.7924
1.8974
2.0003
2.1012
2.2
2.2965
2.3907
2.4825
2.5717
2.6583
2.7423
2.8234
2.9018
2.9772
3.0497
3.1191
3.1855
3.2487
3.3086
3.3653
3.4187
3.4687
3.5154
3.5586
3.5983
3.6345
3.6672
3.6963
3.7218
3.7437
3.762
3.7767
3.7877
3.795
3.7987
3.7987
3.795
3.7877
3.7767
3.762
3.7437
3.7218
3.6963
3.6672
3.6345
3.5983
3.5586
3.5154
3.4687
3.4187
3.3653
3.3086
3.2487
3.1855
3.1191
3.0497
2.9772
2.9018
2.8234
2.7423
2.6583
2.5717
2.4825
2.3907
2.2965
2.2
2.1012
2.0003
1.8974
1.7924
1.6857
1.5772
1.467
1.3553
1.2423
1.1279
1.0124
0.89578
0.77824
0.6599
0.54086
0.42126
0.30122
0.18086
0.060306
-0.060139
-0.17999
-0.2998
-0.41927
-0.25172
-0.084106
0.08434
0.25293
0.42126
0.58914
0.75641
0.92289
1.0884
1.2528
1.4158
1.5774
1.7374
1.8955
2.0517
2.2057
2.3575
2.5068
2.6535
2.7975
2.9387
3.0768
3.2118
3.3435
3.4718
3.5966
3.7177
3.8351
3.9487
4.0582
4.1638
4.2651
4.3622
4.455
4.5433
4.6272
4.7065
4.7812
4.8511
4.9164
4.9768
5.0323
5.083
5.1287
5.1694
5.2051
5.2357
5.2613
5.2818
5.2972
5.3074
5.3125
5.3125
5.3074
5.2972
5.2818
5.2613
5.2357
5.2051
5.1694
5.1287
5.083
5.0323
4.9768
4.9164
4.8511
4.7812
4.7065
4.6272
4.5433
4.455
4.3622
4.2651
4.1638
4.0582
3.9487
3.8351
3.7177
3.5966
3.4718
3.3435
3.2118
3.0768
2.9387
2.7975
2.6535
2.5068
2.3575
2.2057
2.0517
1.8955
1.7374
1.5774
1.4158
1.2528
1.0884
0.92289
0.75641
0.58914
0.42126
0.25293
0.08434
-0.084106
-0.25172
-0.41927
-0.53831
-0.32318
-0.10798
0.10829
0.32474
0.54086
0.75641
0.97117
1.1849
1.3974
1.6085
1.8178
2.0253
2.2306
2.4337
2.6342
2.8319
3.0268
3.2185
3.4069
3.5918
3.773
3.9503
4.1236
4.2927
4.4575
4.6177
4.7732
4.924
5.0698
5.2104
5.3459
5.476
5.6007
5.7198
5.8333
5.9409
6.0428
6.1386
6.2285
6.3122
6.3898
6.4611
6.5261
6.5848
6.637
6.6829
6.7222
6.7551
6.7814
6.8011
6.8143
6.8209
6.8209
6.8143
6.8011
6.7814
6.7551
6.7222
6.6829
6.637
6.5848
6.5261
6.4611
6.3898
6.3122
6.2285
6.1386
6.0428
5.9409
5.8333
5.7198
5.6007
5.476
5.3459
5.2104
5.0698
4.924
4.7732
4.6177
4.4575
4.2927
4.1236
3.9503
3.773
3.5918
3.4069
3.2185
3.0268
2.8319
2.6342
2.4337
2.2306
2.0253
1.8178
1.6085
1.3974
1.1849
0.97117
0.75641
0.54086
0.32474
0.10829
-0.10798
-0.32318
-0.53831
-0.65679
-0.39431
-0.13175
0.13212
0.39622
0.6599
0.92289
1.1849
1.4457
1.705
1.9624
2.2179
2.471
2.7216
2.9693
3.2139
3.4552
3.6929
3.9268
4.1567
4.3823
4.6034
4.8197
5.0312
5.2375
5.4385
5.634
5.8238
6.0077
6.1855
6.3572
6.5225
6.6812
6.8334
6.9787
7.1171
7.2485
7.3727
7.4897
7.5993
7.7014
7.7961
7.8831
7.9624
8.034
8.0978
8.1537
8.2017
8.2417
8.2738
8.2979
8.314
8.322
8.322
8.314
8.2979
8.2738
8.2417
8.2017
8.1537
8.0978
8.034
7.9624
7.8831
7.7961
7.7014
7.5993
7.4897
7.3727
7.2485
7.1171
6.9787
6.8334
6.6812
6.5225
6.3572
6.1855
6.0077
5.8238
5.634
5.4385
5.2375
5.0312
4.8197
4.6034
4.3823
4.1567
3.9268
3.6929
3.4552
3.2139
2.9693
2.7216
2.471
2.2179
1.9624
1.705
1.4457
1.1849
0.92289
0.6599
0.39622
0.13212
-0.13175
-0.39431
-0.65679
-0.77458
-0.46502
-0.15538
0.15581
0.46727
0.77824
1.0884
1.3974
1.705
2.0107
2.3144
2.6156
2.9142
3.2096
3.5018
3.7903
4.0749
4.3552
4.6311
4.9022
5.1682
5.4289
5.6841
5.9335
6.1768
6.4139
6.6444
6.8682
7.0851
7.2948
7.4973
7.6922
7.8794
8.0588
8.2302
8.3935
8.5484
8.6949
8.8328
8.9621
9.0826
9.1942
9.2968
9.3904
9.4748
9.55
9.6159
9.6726
9.7198
9.7577
9.7861
9.805
9.8145
9.8145
9.805
9.7861
9.7577
9.7198
9.6726
9.6159
9.55
9.4748
9.3904
9.2968
9.1942
9.0826
8.9621
8.8328
8.6949
8.5484
8.3935
8.2302
8.0588
7.8794
7.6922
7.4973
7.2948
7.0851
6.8682
6.6444
6.4139
6.1768
5.9335
5.6841
5.4289
5.1682
4.9022
4.6311
4.3552
4.0749
3.7903
3.5018
3.2096
2.9142
2.6156
2.3144
2.0107
1.705
1.3974
1.0884
0.77824
0.46727
0.15581
-0.15538
-0.46502
-0.77458
-0.89155
-0.53525
-0.17884
0.17934
0.53784
0.89578
1.2528
1.6085
1.9624
2.3144
2.6639
3.0107
3.3543
3.6944
4.0306
4.3627
4.6903
5.013
5.3305
5.6425
5.9487
6.2488
6.5425
6.8296
7.1096
7.3825
7.6478
7.9055
8.1551
8.3965
8.6295
8.8539
9.0694
9.2759
9.4732
9.6611
9.8394
10.008
10.167
10.316
10.454
10.583
10.701
10.809
10.906
10.992
11.068
11.133
11.188
11.231
11.264
11.286
11.297
11.297
11.286
11.264
11.231
11.188
11.133
11.068
10.992
10.906
10.809
10.701
10.583
10.454
10.316
10.167
10.008
9.8394
9.6611
9.4732
9.2759
9.0694
8.8539
8.6295
8.3965
8.1551
7.9055
7.6478
7.3825
7.1096
6.8296
6.5425
6.2488
5.9487
5.6425
5.3305
5.013
4.6903
4.3627
4.0306
3.6944
3.3543
3.0107
2.6639
2.3144
1.9624
1.6085
1.2528
0.89578
0.53784
0.17934
-0.17884
-0.53525
-0.89155
-1.0076
-0.60492
-0.20212
0.20269
0.60785
1.0124
1.4158
1.8178
2.2179
2.6156
3.0107
3.4025
3.7909
4.1752
4.5553
4.9306
5.3008
5.6655
6.0243
6.3769
6.723
7.0622
7.3941
7.7185
8.035
8.3434
8.6433
8.9344
9.2166
9.4894
9.7528
10.006
10.25
10.483
10.706
10.919
11.12
11.311
11.49
11.658
11.815
11.96
12.094
12.215
12.325
12.423
12.509
12.582
12.644
12.693
12.73
12.755
12.767
12.767
12.755
12.73
12.693
12.644
12.582
12.509
12.423
12.325
12.215
12.094
11.96
11.815
11.658
11.49
11.311
11.12
10.919
10.706
10.483
10.25
10.006
9.7528
9.4894
9.2166
8.9344
8.6433
8.3434
8.035
7.7185
7.3941
7.0622
6.723
6.3769
6.0243
5.6655
5.3008
4.9306
4.5553
4.1752
3.7909
3.4025
3.0107
2.6156
2.2179
1.8178
1.4158
1.0124
0.60785
0.20269
-0.20212
-0.60492
-1.0076
-1.1226
-0.67396
-0.22519
0.22582
0.67722
1.1279
1.5774
2.0253
2.471
2.9142
3.3543
3.7909
4.2235
4.6517
5.0751
5.4933
5.9057
6.312
6.7118
7.1047
7.4903
7.8682
8.238
8.5994
8.9521
9.2956
9.6297
9.9541
10.268
10.572
10.866
11.148
11.42
11.68
11.928
12.165
12.389
12.602
12.801
12.989
13.163
13.325
13.474
13.609
13.732
13.841
13.936
14.018
14.087
14.142
14.183
14.21
14.224
14.224
14.21
14.183
14.142
14.087
14.018
13.936
13.841
13.732
13.609
13.474
13.325
13.163
12.989
12.801
12.602
12.389
12.165
11.928
11.68
11.42
11.148
10.866
10.572
10.268
9.9541
9.6297
9.2956
8.9521
8.5994
8.238
7.8682
7.4903
7.1047
6.7118
6.312
5.9057
5.4933
5.0751
4.6517
4.2235
3.7909
3.3543
2.9142
2.471
2.0253
1.5774
1.1279
0.67722
0.22582
-0.22519
-0.67396
-1.1226
-1.2364
-0.7423
-0.24802
0.24872
0.74589
1.2423
1.7374
2.2306
2.7216
3.2096
3.6944
4.1752
4.6517
5.1234
5.5897
6.0503
6.5045
6.952
7.3924
7.8251
8.2498
8.666
9.0733
9.4714
9.8598
10.238
10.606
10.963
11.31
11.644
11.968
12.279
12.578
12.864
13.138
13.398
13.645
13.879
14.099
14.306
14.498
14.676
14.84
14.989
15.124
15.244
15.35
15.44
15.515
15.576
15.621
15.651
15.666
15.666
15.651
15.621
15.576
15.515
15.44
15.35
15.244
15.124
14.989
14.84
14.676
14.498
14.306
14.099
13.879
13.645
13.398
13.138
12.864
12.578
12.279
11.968
11.644
11.31
10.963
10.606
10.238
9.8598
9.4714
9.0733
8.666
8.2498
7.8251
7.3924
6.952
6.5045
6.0503
5.5897
5.1234
4.6517
4.1752
3.6944
3.2096
2.7216
2.2306
1.7374
1.2423
0.74589
0.24872
-0.24802
-0.7423
-1.2364
-1.349
-0.80986
-0.2706
0.27135
0.81378
1.3553
1.8955
2.4337
2.9693
3.5018
4.0306
4.5553
5.0751
5.5897
6.0985
6.601
7.0966
7.5848
8.0652
8.5374
9.0007
9.4548
9.8992
10.333
10.757
11.17
11.572
11.961
12.339
12.704
13.057
13.396
13.722
14.035
14.333
14.618
14.887
15.143
15.383
15.608
15.818
16.012
16.191
16.354
16.501
16.632
16.747
16.845
16.928
16.993
17.043
17.076
17.092
17.092
17.076
17.043
16.993
16.928
16.845
16.747
16.632
16.501
16.354
16.191
16.012
15.818
15.608
15.383
15.143
14.887
14.618
14.333
14.035
13.722
13.396
13.057
12.704
12.339
11.961
11.572
11.17
10.757
10.333
9.8992
9.4548
9.0007
8.5374
8.0652
7.5848
7.0966
6.601
6.0985
5.5897
5.0751
4.5553
4.0306
3.5018
2.9693
2.4337
1.8955
1.3553
0.81378
0.27135
-0.2706
-0.80986
-1.349
-1.4601
-0.87659
-0.29289
0.29371
0.88082
1.467
2.0517
2.6342
3.2139
3.7903
4.3627
4.9306
5.4933
6.0503
6.601
7.1448
7.6812
8.2097
8.7297
9.2407
9.7422
10.234
10.715
11.185
11.643
12.09
12.525
12.947
13.356
13.751
14.133
14.5
14.853
15.191
15.514
15.822
16.114
16.39
16.65
16.894
17.121
17.331
17.525
17.701
17.86
18.002
18.126
18.233
18.322
18.393
18.447
18.483
18.501
18.501
18.483
18.447
18.393
18.322
18.233
18.126
18.002
17.86
17.701
17.525
17.331
17.121
16.894
16.65
16.39
16.114
15.822
15.514
15.191
14.853
14.5
14.133
13.751
13.356
12.947
12.525
12.09
11.643
11.185
10.715
10.234
9.7422
9.2407
8.7297
8.2097
7.6812
7.1448
6.601
6.0503
5.4933
4.9306
4.3627
3.7903
3.2139
2.6342
2.0517
1.467
0.88082
0.29371
-0.29289
-0.87659
-1.4601
-1.5697
-0.9424
-0.31488
0.31576
0.94696
1.5772
2.2057
2.8319
3.4552
4.0749
4.6903
5.3008
5.9057
6.5045
7.0966
7.6812
8.258
8.8261
9.3852
9.9345
10.474
11.002
11.519
12.025
12.518
12.998
13.465
13.919
14.358
14.783
15.194
15.589
15.968
16.332
16.679
17.01
17.324
17.621
17.9
18.162
18.406
18.633
18.841
19.03
19.201
19.354
19.487
19.602
19.698
19.774
19.832
19.87
19.89
19.89
19.87
19.832
19.774
19.698
19.602
19.487
19.354
19.201
19.03
18.841
18.633
18.406
18.162
17.9
17.621
17.324
17.01
16.679
16.332
15.968
15.589
15.194
14.783
14.358
13.919
13.465
12.998
12.518
12.025
11.519
11.002
10.474
9.9345
9.3852
8.8261
8.258
7.6812
7.0966
6.5045
5.9057
5.3008
4.6903
4.0749
3.4552
2.8319
2.2057
1.5772
0.94696
0.31576
-0.31488
-0.9424
-1.5697
-1.6777
-1.0072
-0.33655
0.33749
1.0121
1.6857
2.3575
3.0268
3.6929
4.3552
5.013
5.6655
6.312
6.952
7.5848
8.2097
8.8261
9.4334
10.031
10.618
11.194
11.759
12.312
12.852
13.379
13.892
14.392
14.876
15.346
15.801
16.239
16.661
17.067
17.455
17.827
18.18
18.516
18.833
19.132
19.412
19.673
19.915
20.137
20.339
20.522
20.685
20.828
20.951
21.053
21.135
21.197
21.238
21.258
21.258
21.238
21.197
21.135
21.053
20.951
20.828
20.685
20.522
20.339
20.137
19.915
19.673
19.412
19.132
18.833
18.516
18.18
17.827
17.455
17.067
16.661
16.239
15.801
15.346
14.876
14.392
13.892
13.379
12.852
12.312
11.759
11.194
10.618
10.031
9.4334
8.8261
8.2097
7.5848
6.952
6.312
5.6655
5.013
4.3552
3.6929
3.0268
2.3575
1.6857
1.0121
0.33749
-0.33655
-1.0072
-1.6777
-1.784
-1.071
-0.35787
0.35886
1.0762
1.7924
2.5068
3.2185
3.9268
4.6311
5.3305
6.0243
6.7118
7.3924
8.0652
8.7297
9.3852
10.031
10.666
11.291
11.903
12.504
13.092
13.666
14.226
14.772
15.303
15.819
16.318
16.801
17.268
17.717
18.148
18.561
18.956
19.332
19.689
20.026
20.344
20.641
20.919
21.176
21.412
21.628
21.822
21.995
22.147
22.278
22.387
22.474
22.539
22.583
22.605
22.605
22.583
22.539
22.474
22.387
22.278
22.147
21.995
21.822
21.628
21.412
21.176
20.919
20.641
20.344
20.026
19.689
19.332
18.956
18.561
18.148
17.717
17.268
16.801
16.318
15.819
15.303
14.772
14.226
13.666
13.092
12.504
11.903
11.291
10.666
10.031
9.3852
8.7297
8.0652
7.3924
6.7118
6.0243
5.3305
4.6311
3.9268
3.2185
2.5068
1.7924
1.0762
0.35886
-0.35787
-1.071
-1.784
-1.8884
-1.1337
-0.37881
0.37987
1.1392
1.8974
2.6535
3.4069
4.1567
4.9022
5.6425
6.3769
7.1047
7.8251
8.5374
9.2407
9.9345
10.618
11.291
11.951
12.6
13.236
13.858
14.466
15.059
15.637
16.199
16.745
17.273
17.785
18.278
18.754
19.21
19.648
20.065
20.463
20.841
21.198
21.535
21.85
22.143
22.415
22.666
22.894
23.1
23.283
23.444
23.582
23.697
23.789
23.858
23.905
23.928
23.928
23.905
23.858
23.789
23.697
23.582
23.444
23.283
23.1
22.894
22.666
22.415
22.143
21.85
21.535
21.198
20.841
20.463
20.065
19.648
19.21
18.754
18.278
17.785
17.273
16.745
16.199
15.637
15.059
14.466
13.858
13.236
12.6
11.951
11.291
10.618
9.9345
9.2407
8.5374
7.8251
7.1047
6.3769
5.6425
4.9022
4.1567
3.4069
2.6535
1.8974
1.1392
0.37987
-0.37881
-1.1337
-1.8884
-1.9909
-1.1953
-0.39937
0.40049
1.201
2.0003
2.7975
3.5918
4.3823
5.1682
5.9487
6.723
7.4903
8.2498
9.0007
9.7422
10.474
11.194
11.903
12.6
13.284
13.954
14.61
15.251
15.876
16.486
17.078
17.653
18.211
18.75
19.27
19.771
20.253
20.714
21.154
21.574
21.972
22.349
22.703
23.035
23.345
23.632
23.896
24.136
24.353
24.546
24.716
24.862
24.983
25.08
25.153
25.202
25.226
25.226
25.202
25.153
25.08
24.983
24.862
24.716
24.546
24.353
24.136
23.896
23.632
23.345
23.035
22.703
22.349
21.972
21.574
21.154
20.714
20.253
19.771
19.27
18.75
18.211
17.653
17.078
16.486
15.876
15.251
14.61
13.954
13.284
12.6
11.903
11.194
10.474
9.7422
9.0007
8.2498
7.4903
6.723
5.9487
5.1682
4.3823
3.5918
2.7975
2.0003
1.201
0.40049
-0.39937
-1.1953
-1.9909
-2.0913
-1.2556
-0.41952
0.42069
1.2616
2.1012
2.9387
3.773
4.6034
5.4289
6.2488
7.0622
7.8682
8.666
9.4548
10.234
11.002
11.759
12.504
13.236
13.954
14.658
15.347
16.02
16.677
17.317
17.94
18.544
19.13
19.696
20.243
20.769
21.274
21.759
22.222
22.662
23.081
23.476
23.849
24.198
24.523
24.824
25.101
25.354
25.582
25.785
25.963
26.116
26.243
26.346
26.422
26.473
26.499
26.499
26.473
26.422
26.346
26.243
26.116
25.963
25.785
25.582
25.354
25.101
24.824
24.523
24.198
23.849
23.476
23.081
22.662
22.222
21.759
21.274
20.769
20.243
19.696
19.13
18.544
17.94
17.317
16.677
16.02
15.347
14.658
13.954
13.236
12.504
11.759
11.002
10.234
9.4548
8.666
7.8682
7.0622
6.2488
5.4289
4.6034
3.773
2.9387
2.1012
1.2616
0.42069
-0.41952
-1.2556
-2.0913
-2.1896
-1.3146
-0.43924
0.44046
1.3209
2.2
3.0768
3.9503
4.8197
5.6841
6.5425
7.3941
8.238
9.0733
9.8992
10.715
11.519
12.312
13.092
13.858
14.61
15.347
16.068
16.773
17.461
18.131
18.783
19.416
20.029
20.622
21.194
21.745
22.274
22.782
23.266
23.727
24.165
24.58
24.97
25.335
25.676
25.991
26.281
26.546
26.784
26.997
27.183
27.343
27.477
27.584
27.664
27.718
27.745
27.745
27.718
27.664
27.584
27.477
27.343
27.183
26.997
26.784
26.546
26.281
25.991
25.676
25.335
24.97
24.58
24.165
23.727
23.266
22.782
22.274
21.745
21.194
20.622
20.029
19.416
18.783
18.131
17.461
16.773
16.068
15.347
14.61
13.858
13.092
12.312
11.519
10.715
9.8992
9.0733
8.238
7.3941
6.5425
5.6841
4.8197
3.9503
3.0768
2.2
1.3209
0.44046
-0.43924
-1.3146
-2.1896
-2.2857
-1.3722
-0.45851
0.45979
1.3789
2.2965
3.2118
4.1236
5.0312
5.9335
6.8296
7.7185
8.5994
9.4714
10.333
11.185
12.025
12.852
13.666
14.466
15.251
16.02
16.773
17.509
18.227
18.927
19.607
20.267
20.907
21.526
22.124
22.699
23.252
23.781
24.287
24.768
25.226
25.658
26.065
26.446
26.802
27.131
27.434
27.71
27.959
28.181
28.376
28.543
28.682
28.794
28.878
28.934
28.962
28.962
28.934
28.878
28.794
28.682
28.543
28.376
28.181
27.959
27.71
27.434
27.131
26.802
26.446
26.065
25.658
25.226
24.768
24.287
23.781
23.252
22.699
22.124
21.526
20.907
20.267
19.607
18.927
18.227
17.509
16.773
16.02
15.251
14.466
13.666
12.852
12.025
11.185
10.333
9.4714
8.5994
7.7185
6.8296
5.9335
5.0312
4.1236
3.2118
2.2965
1.3789
0.45979
-0.45851
-1.3722
-2.2857
-2.3794
-1.4285
-0.47731
0.47864
1.4354
2.3907
3.3435
4.2927
5.2375
6.1768
7.1096
8.035
8.9521
9.8598
10.757
11.643
12.518
13.379
14.226
15.059
15.876
16.677
17.461
18.227
18.975
19.703
20.411
21.099
21.765
22.409
23.031
23.63
24.205
24.756
25.283
25.784
26.26
26.71
27.134
27.531
27.901
28.244
28.559
28.847
29.106
29.337
29.539
29.713
29.859
29.975
30.062
30.12
30.149
30.149
30.12
30.062
29.975
29.859
29.713
29.539
29.337
29.106
28.847
28.559
28.244
27.901
27.531
27.134
26.71
26.26
25.784
25.283
24.756
24.205
23.63
23.031
22.409
21.765
21.099
20.411
19.703
18.975
18.227
17.461
16.677
15.876
15.059
14.226
13.379
12.518
11.643
10.757
9.8598
8.9521
8.035
7.1096
6.1768
5.2375
4.2927
3.3435
2.3907
1.4354
0.47864
-0.47731
-1.4285
-2.3794
-2.4708
-1.4833
-0.49563
0.49701
1.4905
2.4825
3.4718
4.4575
5.4385
6.4139
7.3825
8.3434
9.2956
10.238
11.17
12.09
12.998
13.892
14.772
15.637
16.486
17.317
18.131
18.927
19.703
20.459
21.194
21.908
22.6
23.269
23.915
24.537
25.134
25.706
26.253
26.774
27.268
27.735
28.175
28.587
28.972
29.328
29.655
29.954
30.223
30.463
30.673
30.854
31.004
31.125
31.216
31.276
31.306
31.306
31.276
31.216
31.125
31.004
30.854
30.673
30.463
30.223
29.954
29.655
29.328
28.972
28.587
28.175
27.735
27.268
26.774
26.253
25.706
25.134
24.537
23.915
23.269
22.6
21.908
21.194
20.459
19.703
18.927
18.131
17.317
16.486
15.637
14.772
13.892
12.998
12.09
11.17
10.238
9.2956
8.3434
7.3825
6.4139
5.4385
4.4575
3.4718
2.4825
1.4905
0.49701
-0.49563
-1.4833
-2.4708
-2.5596
-1.5367
-0.51344
0.51488
1.5441
2.5717
3.5966
4.6177
5.634
6.6444
7.6478
8.6433
9.6297
10.606
11.572
12.525
13.465
14.392
15.303
16.199
17.078
17.94
18.783
19.607
20.411
21.194
21.956
22.696
23.412
24.106
24.775
25.419
26.037
26.63
27.197
27.736
28.248
28.732
29.188
29.615
30.013
30.382
30.721
31.03
31.309
31.558
31.776
31.963
32.119
32.244
32.338
32.4
32.432
32.432
32.4
32.338
32.244
32.119
31.963
31.776
31.558
31.309
31.03
30.721
30.382
30.013
29.615
29.188
28.732
28.248
27.736
27.197
26.63
26.037
25.419
24.775
24.106
23.412
22.696
21.956
21.194
20.411
19.607
18.783
17.94
17.078
16.199
15.303
14.392
13.465
12.525
11.572
10.606
9.6297
8.6433
7.6478
6.6444
5.634
4.6177
3.5966
2.5717
1.5441
0.51488
-0.51344
-1.5367
-2.5596
-2.6458
-1.5884
-0.53074
0.53222
1.5961
2.6583
3.7177
4.7732
5.8238
6.8682
7.9055
8.9344
9.9541
10.963
11.961
12.947
13.919
14.876
15.819
16.745
17.653
18.544
19.416
20.267
21.099
21.908
22.696
23.46
24.201
24.918
25.609
26.275
26.914
27.527
28.113
28.67
29.199
29.7
30.171
30.613
31.024
31.405
31.756
32.075
32.364
32.621
32.846
33.039
33.201
33.33
33.427
33.492
33.524
33.524
33.492
33.427
33.33
33.201
33.039
32.846
32.621
32.364
32.075
31.756
31.405
31.024
30.613
30.171
29.7
29.199
28.67
28.113
27.527
26.914
26.275
25.609
24.918
24.201
23.46
22.696
21.908
21.099
20.267
19.416
18.544
17.653
16.745
15.819
14.876
13.919
12.947
11.961
10.963
9.9541
8.9344
7.9055
6.8682
5.8238
4.7732
3.7177
2.6583
1.5961
0.53222
-0.53074
-1.5884
-2.6458
-2.7293
-1.6386
-0.5475
0.54903
1.6465
2.7423
3.8351
4.924
6.0077
7.0851
8.1551
9.2166
10.268
11.31
12.339
13.356
14.358
15.346
16.318
17.273
18.211
19.13
20.029
20.907
21.765
22.6
23.412
24.201
24.965
25.704
26.418
27.105
27.764
28.397
29
29.576
30.122
30.638
31.124
31.579
32.004
32.397
32.759
33.088
33.386
33.651
33.883
34.083
34.249
34.383
34.483
34.549
34.583
34.583
34.549
34.483
34.383
34.249
34.083
33.883
33.651
33.386
33.088
32.759
32.397
32.004
31.579
31.124
30.638
30.122
29.576
29
28.397
27.764
27.105
26.418
25.704
24.965
24.201
23.412
22.6
21.765
20.907
20.029
19.13
18.211
17.273
16.318
15.346
14.358
13.356
12.339
11.31
10.268
9.2166
8.1551
7.0851
6.0077
4.924
3.8351
2.7423
1.6465
0.54903
-0.5475
-1.6386
-2.7293
-2.8101
-1.6871
-0.56371
0.56528
1.6952
2.8234
3.9487
5.0698
6.1855
7.2948
8.3965
9.4894
10.572
11.644
12.704
13.751
14.783
15.801
16.801
17.785
18.75
19.696
20.622
21.526
22.409
23.269
24.106
24.918
25.704
26.465
27.2
27.907
28.586
29.237
29.859
30.451
31.013
31.545
32.045
32.514
32.951
33.356
33.728
34.068
34.374
34.647
34.886
35.092
35.263
35.4
35.504
35.572
35.607
35.607
35.572
35.504
35.4
35.263
35.092
34.886
34.647
34.374
34.068
33.728
33.356
32.951
32.514
32.045
31.545
31.013
30.451
29.859
29.237
28.586
27.907
27.2
26.465
25.704
24.918
24.106
23.269
22.409
21.526
20.622
19.696
18.75
17.785
16.801
15.801
14.783
13.751
12.704
11.644
10.572
9.4894
8.3965
7.2948
6.1855
5.0698
3.9487
2.8234
1.6952
0.56528
-0.56371
-1.6871
-2.8101
-2.8881
-1.7339
-0.57935
0.58097
1.7423
2.9018
4.0582
5.2104
6.3572
7.4973
8.6295
9.7528
10.866
11.968
13.057
14.133
15.194
16.239
17.268
18.278
19.27
20.243
21.194
22.124
23.031
23.915
24.775
25.609
26.418
27.2
27.955
28.681
29.38
30.049
30.688
31.296
31.874
32.42
32.934
33.416
33.866
34.282
34.664
35.013
35.328
35.609
35.854
36.065
36.242
36.383
36.489
36.559
36.595
36.595
36.559
36.489
36.383
36.242
36.065
35.854
35.609
35.328
35.013
34.664
34.282
33.866
33.416
32.934
32.42
31.874
31.296
30.688
30.049
29.38
28.681
27.955
27.2
26.418
25.609
24.775
23.915
23.031
22.124
21.194
20.243
19.27
18.278
17.268
16.239
15.194
14.133
13.057
11.968
10.866
9.7528
8.6295
7.4973
6.3572
5.2104
4.0582
2.9018
1.7423
0.58097
-0.57935
-1.7339
-2.8881
-2.9632
-1.779
-0.59441
0.59607
1.7876
2.9772
4.1638
5.3459
6.5225
7.6922
8.8539
10.006
11.148
12.279
13.396
14.5
15.589
16.661
17.717
18.754
19.771
20.769
21.745
22.699
23.63
24.537
25.419
26.275
27.105
27.907
28.681
29.427
30.143
30.83
31.485
32.11
32.703
33.263
33.791
34.285
34.746
35.173
35.566
35.924
36.247
36.534
36.787
37.003
37.184
37.329
37.437
37.51
37.546
37.546
37.51
37.437
37.329
37.184
37.003
36.787
36.534
36.247
35.924
35.566
35.173
34.746
34.285
33.791
33.263
32.703
32.11
31.485
30.83
30.143
29.427
28.681
27.907
27.105
26.275
25.419
24.537
23.63
22.699
21.745
20.769
19.771
18.754
17.717
16.661
15.589
14.5
13.396
12.279
11.148
10.006
8.8539
7.6922
6.5225
5.3459
4.1638
2.9772
1.7876
0.59607
-0.59441
-1.779
-2.9632
-3.0353
-1.8223
-0.60888
0.61058
1.8311
3.0497
4.2651
5.476
6.6812
7.8794
9.0694
10.25
11.42
12.578
13.722
14.853
15.968
17.067
18.148
19.21
20.253
21.274
22.274
23.252
24.205
25.134
26.037
26.914
27.764
28.586
29.38
30.143
30.877
31.58
32.252
32.892
33.499
34.073
34.613
35.12
35.592
36.029
36.431
36.798
37.129
37.424
37.682
37.904
38.089
38.237
38.349
38.423
38.46
38.46
38.423
38.349
38.237
38.089
37.904
37.682
37.424
37.129
36.798
36.431
36.029
35.592
35.12
34.613
34.073
33.499
32.892
32.252
31.58
30.877
30.143
29.38
28.586
27.764
26.914
26.037
25.134
24.205
23.252
22.274
21.274
20.253
19.21
18.148
17.067
15.968
14.853
13.722
12.578
11.42
10.25
9.0694
7.8794
6.6812
5.476
4.2651
3.0497
1.8311
0.61058
-0.60888
-1.8223
-3.0353
-3.1044
-1.8638
-0.62275
0.62448
1.8728
3.1191
4.3622
5.6007
6.8334
8.0588
9.2759
10.483
11.68
12.864
14.035
15.191
16.332
17.455
18.561
19.648
20.714
21.759
22.782
23.781
24.756
25.706
26.63
27.527
28.397
29.237
30.049
30.83
31.58
32.299
32.986
33.64
34.261
34.849
35.401
35.919
36.402
36.85
37.261
37.636
37.974
38.276
38.54
38.767
38.956
39.108
39.222
39.298
39.336
39.336
39.298
39.222
39.108
38.956
38.767
38.54
38.276
37.974
37.636
37.261
36.85
36.402
35.919
35.401
34.849
34.261
33.64
32.986
32.299
31.58
30.83
30.049
29.237
28.397
27.527
26.63
25.706
24.756
23.781
22.782
21.759
20.714
19.648
18.561
17.455
16.332
15.191
14.035
12.864
11.68
10.483
9.2759
8.0588
6.8334
5.6007
4.3622
3.1191
1.8728
0.62448
-0.62275
-1.8638
-3.1044
-3.1705
-1.9034
-0.63599
0.63776
1.9126
3.1855
4.455
5.7198
6.9787
8.2302
9.4732
10.706
11.928
13.138
14.333
15.514
16.679
17.827
18.956
20.065
21.154
22.222
23.266
24.287
25.283
26.253
27.197
28.113
29
29.859
30.688
31.485
32.252
32.986
33.688
34.356
34.99
35.59
36.154
36.683
37.177
37.633
38.053
38.436
38.782
39.09
39.36
39.591
39.785
39.94
40.056
40.134
40.172
40.172
40.134
40.056
39.94
39.785
39.591
39.36
39.09
38.782
38.436
38.053
37.633
37.177
36.683
36.154
35.59
34.99
34.356
33.688
32.986
32.252
31.485
30.688
29.859
29
28.113
27.197
26.253
25.283
24.287
23.266
22.222
21.154
20.065
18.956
17.827
16.679
15.514
14.333
13.138
11.928
10.706
9.4732
8.2302
6.9787
5.7198
4.455
3.1855
1.9126
0.63776
-0.63599
-1.9034
-3.1705
-3.2333
-1.9412
-0.6486
0.65041
1.9506
3.2487
4.5433
5.8333
7.1171
8.3935
9.6611
10.919
12.165
13.398
14.618
15.822
17.01
18.18
19.332
20.463
21.574
22.662
23.727
24.768
25.784
26.774
27.736
28.67
29.576
30.451
31.296
32.11
32.892
33.64
34.356
35.037
35.684
36.296
36.871
37.411
37.914
38.38
38.808
39.199
39.551
39.865
40.14
40.377
40.574
40.732
40.85
40.93
40.969
40.969
40.93
40.85
40.732
40.574
40.377
40.14
39.865
39.551
39.199
38.808
38.38
37.914
37.411
36.871
36.296
35.684
35.037
34.356
33.64
32.892
32.11
31.296
30.451
29.576
28.67
27.736
26.774
25.784
24.768
23.727
22.662
21.574
20.463
19.332
18.18
17.01
15.822
14.618
13.398
12.165
10.919
9.6611
8.3935
7.1171
5.8333
4.5433
3.2487
1.9506
0.65041
-0.6486
-1.9412
-3.2333
-3.293
-1.977
-0.66058
0.66242
1.9866
3.3086
4.6272
5.9409
7.2485
8.5484
9.8394
11.12
12.389
13.645
14.887
16.114
17.324
18.516
19.689
20.841
21.972
23.081
24.165
25.226
26.26
27.268
28.248
29.199
30.122
31.013
31.874
32.703
33.499
34.261
34.99
35.684
36.343
36.966
37.552
38.102
38.614
39.088
39.524
39.922
40.281
40.601
40.881
41.122
41.323
41.484
41.605
41.685
41.725
41.725
41.685
41.605
41.484
41.323
41.122
40.881
40.601
40.281
39.922
39.524
39.088
38.614
38.102
37.552
36.966
36.343
35.684
34.99
34.261
33.499
32.703
31.874
31.013
30.122
29.199
28.248
27.268
26.26
25.226
24.165
23.081
21.972
20.841
19.689
18.516
17.324
16.114
14.887
13.645
12.389
11.12
9.8394
8.5484
7.2485
5.9409
4.6272
3.3086
1.9866
0.66242
-0.66058
-1.977
-3.293
-3.3495
-2.0109
-0.6719
0.67377
2.0206
3.3653
4.7065
6.0428
7.3727
8.6949
10.008
11.311
12.602
13.879
15.143
16.39
17.621
18.833
20.026
21.198
22.349
23.476
24.58
25.658
26.71
27.735
28.732
29.7
30.638
31.545
32.42
33.263
34.073
34.849
35.59
36.296
36.966
37.599
38.196
38.754
39.275
39.758
40.202
40.606
40.971
41.297
41.582
41.827
42.031
42.195
42.318
42.399
42.44
42.44
42.399
42.318
42.195
42.031
41.827
41.582
41.297
40.971
40.606
40.202
39.758
39.275
38.754
38.196
37.599
36.966
36.296
35.59
34.849
34.073
33.263
32.42
31.545
30.638
29.7
28.732
27.735
26.71
25.658
24.58
23.476
22.349
21.198
20.026
18.833
17.621
16.39
15.143
13.879
12.602
11.311
10.008
8.6949
7.3727
6.0428
4.7065
3.3653
2.0206
0.67377
-0.6719
-2.0109
-3.3495
-3.4026
-2.0428
-0.68256
0.68446
2.0527
3.4187
4.7812
6.1386
7.4897
8.8328
10.167
11.49
12.801
14.099
15.383
16.65
17.9
19.132
20.344
21.535
22.703
23.849
24.97
26.065
27.134
28.175
29.188
30.171
31.124
32.045
32.934
33.791
34.613
35.401
36.154
36.871
37.552
38.196
38.801
39.369
39.899
40.389
40.84
41.251
41.621
41.952
42.242
42.49
42.698
42.864
42.989
43.072
43.114
43.114
43.072
42.989
42.864
42.698
42.49
42.242
41.952
41.621
41.251
40.84
40.389
39.899
39.369
38.801
38.196
37.552
36.871
36.154
35.401
34.613
33.791
32.934
32.045
31.124
30.171
29.188
28.175
27.134
26.065
24.97
23.849
22.703
21.535
20.344
19.132
17.9
16.65
15.383
14.099
12.801
11.49
10.167
8.8328
7.4897
6.1386
4.7812
3.4187
2.0527
0.68446
-0.68256
-2.0428
-3.4026
-3.4524
-2.0727
-0.69255
0.69448
2.0827
3.4687
4.8511
6.2285
7.5993
8.9621
10.316
11.658
12.989
14.306
15.608
16.894
18.162
19.412
20.641
21.85
23.035
24.198
25.335
26.446
27.531
28.587
29.615
30.613
31.579
32.514
33.416
34.285
35.12
35.919
36.683
37.411
38.102
38.754
39.369
39.945
40.482
40.98
41.437
41.854
42.231
42.566
42.86
43.112
43.323
43.491
43.618
43.702
43.745
43.745
43.702
43.618
43.491
43.323
43.112
42.86
42.566
42.231
41.854
41.437
40.98
40.482
39.945
39.369
38.754
38.102
37.411
36.683
35.919
35.12
34.285
33.416
32.514
31.579
30.613
29.615
28.587
27.531
26.446
25.335
24.198
23.035
21.85
20.641
19.412
18.162
16.894
15.608
14.306
12.989
11.658
10.316
8.9621
7.5993
6.2285
4.8511
3.4687
2.0827
0.69448
-0.69255
-2.0727
-3.4524
-3.4988
-2.1005
-0.70186
0.70381
2.1107
3.5154
4.9164
6.3122
7.7014
9.0826
10.454
11.815
13.163
14.498
15.818
17.121
18.406
19.673
20.919
22.143
23.345
24.523
25.676
26.802
27.901
28.972
30.013
31.024
32.004
32.951
33.866
34.746
35.592
36.402
37.177
37.914
38.614
39.275
39.899
40.482
41.027
41.531
41.994
42.417
42.798
43.138
43.436
43.692
43.905
44.076
44.204
44.29
44.333
44.333
44.29
44.204
44.076
43.905
43.692
43.436
43.138
42.798
42.417
41.994
41.531
41.027
40.482
39.899
39.275
38.614
37.914
37.177
36.402
35.592
34.746
33.866
32.951
32.004
31.024
30.013
28.972
27.901
26.802
25.676
24.523
23.345
22.143
20.919
19.673
18.406
17.121
15.818
14.498
13.163
11.815
10.454
9.0826
7.7014
6.3122
4.9164
3.5154
2.1107
0.70381
-0.70186
-2.1005
-3.4988
-3.5418
-2.1264
-0.71048
0.71246
2.1366
3.5586
4.9768
6.3898
7.7961
9.1942
10.583
11.96
13.325
14.676
16.012
17.331
18.633
19.915
21.176
22.415
23.632
24.824
25.991
27.131
28.244
29.328
30.382
31.405
32.397
33.356
34.282
35.173
36.029
36.85
37.633
38.38
39.088
39.758
40.389
40.98
41.531
42.041
42.51
42.938
43.324
43.668
43.97
44.228
44.445
44.618
44.748
44.834
44.878
44.878
44.834
44.748
44.618
44.445
44.228
43.97
43.668
43.324
42.938
42.51
42.041
41.531
40.98
40.389
39.758
39.088
38.38
37.633
36.85
36.029
35.173
34.282
33.356
32.397
31.405
30.382
29.328
28.244
27.131
25.991
24.824
23.632
22.415
21.176
19.915
18.633
17.331
16.012
14.676
13.325
11.96
10.583
9.1942
7.7961
6.3898
4.9768
3.5586
2.1366
0.71246
-0.71048
-2.1264
-3.5418
-3.5813
-2.1501
-0.71841
0.72041
2.1605
3.5983
5.0323
6.4611
7.8831
9.2968
10.701
12.094
13.474
14.84
16.191
17.525
18.841
20.137
21.412
22.666
23.896
25.101
26.281
27.434
28.559
29.655
30.721
31.756
32.759
33.728
34.664
35.566
36.431
37.261
38.053
38.808
39.524
40.202
40.84
41.437
41.994
42.51
42.985
43.417
43.808
44.155
44.46
44.722
44.941
45.116
45.247
45.335
45.378
45.378
45.335
45.247
45.116
44.941
44.722
44.46
44.155
43.808
43.417
42.985
42.51
41.994
41.437
40.84
40.202
39.524
38.808
38.053
37.261
36.431
35.566
34.664
33.728
32.759
31.756
30.721
29.655
28.559
27.434
26.281
25.101
23.896
22.666
21.412
20.137
18.841
17.525
16.191
14.84
13.474
12.094
10.701
9.2968
7.8831
6.4611
5.0323
3.5983
2.1605
0.72041
-0.71841
-2.1501
-3.5813
-3.6174
-2.1717
-0.72564
0.72766
2.1822
3.6345
5.083
6.5261
7.9624
9.3904
10.809
12.215
13.609
14.989
16.354
17.701
19.03
20.339
21.628
22.894
24.136
25.354
26.546
27.71
28.847
29.954
31.03
32.075
33.088
34.068
35.013
35.924
36.798
37.636
38.436
39.199
39.922
40.606
41.251
41.854
42.417
42.938
43.417
43.854
44.249
44.6
44.908
45.172
45.393
45.57
45.702
45.791
45.835
45.835
45.791
45.702
45.57
45.393
45.172
44.908
44.6
44.249
43.854
43.417
42.938
42.417
41.854
41.251
40.606
39.922
39.199
38.436
37.636
36.798
35.924
35.013
34.068
33.088
32.075
31.03
29.954
28.847
27.71
26.546
25.354
24.136
22.894
21.628
20.339
19.03
17.701
16.354
14.989
13.609
12.215
10.809
9.3904
7.9624
6.5261
5.083
3.6345
2.1822
0.72766
-0.72564
-2.1717
-3.6174
-3.6499
-2.1912
-0.73216
0.7342
2.2018
3.6672
5.1287
6.5848
8.034
9.4748
10.906
12.325
13.732
15.124
16.501
17.86
19.201
20.522
21.822
23.1
24.353
25.582
26.784
27.959
29.106
30.223
31.309
32.364
33.386
34.374
35.328
36.247
37.129
37.974
38.782
39.551
40.281
40.971
41.621
42.231
42.798
43.324
43.808
44.249
44.646
45.001
45.311
45.578
45.801
45.979
46.113
46.202
46.247
46.247
46.202
46.113
45.979
45.801
45.578
45.311
45.001
44.646
44.249
43.808
43.324
42.798
42.231
41.621
40.971
40.281
39.551
38.782
37.974
37.129
36.247
35.328
34.374
33.386
32.364
31.309
30.223
29.106
27.959
26.784
25.582
24.353
23.1
21.822
20.522
19.201
17.86
16.501
15.124
13.732
12.325
10.906
9.4748
8.034
6.5848
5.1287
3.6672
2.2018
0.7342
-0.73216
-2.1912
-3.6499
-3.6789
-2.2086
-0.73797
0.74003
2.2193
3.6963
5.1694
6.637
8.0978
9.55
10.992
12.423
13.841
15.244
16.632
18.002
19.354
20.685
21.995
23.283
24.546
25.785
26.997
28.181
29.337
30.463
31.558
32.621
33.651
34.647
35.609
36.534
37.424
38.276
39.09
39.865
40.601
41.297
41.952
42.566
43.138
43.668
44.155
44.6
45.001
45.358
45.671
45.94
46.165
46.344
46.479
46.569
46.614
46.614
46.569
46.479
46.344
46.165
45.94
45.671
45.358
45.001
44.6
44.155
43.668
43.138
42.566
41.952
41.297
40.601
39.865
39.09
38.276
37.424
36.534
35.609
34.647
33.651
32.621
31.558
30.463
29.337
28.181
26.997
25.785
24.546
23.283
21.995
20.685
19.354
18.002
16.632
15.244
13.841
12.423
10.992
9.55
8.0978
6.637
5.1694
3.6963
2.2193
0.74003
-0.73797
-2.2086
-3.6789
-3.7043
-2.2239
-0.74307
0.74514
2.2346
3.7218
5.2051
6.6829
8.1537
9.6159
11.068
12.509
13.936
15.35
16.747
18.126
19.487
20.828
22.147
23.444
24.716
25.963
27.183
28.376
29.539
30.673
31.776
32.846
33.883
34.886
35.854
36.787
37.682
38.54
39.36
40.14
40.881
41.582
42.242
42.86
43.436
43.97
44.46
44.908
45.311
45.671
45.987
46.257
46.483
46.664
46.8
46.891
46.936
46.936
46.891
46.8
46.664
46.483
46.257
45.987
45.671
45.311
44.908
44.46
43.97
43.436
42.86
42.242
41.582
40.881
40.14
39.36
38.54
37.682
36.787
35.854
34.886
33.883
32.846
31.776
30.673
29.539
28.376
27.183
25.963
24.716
23.444
22.147
20.828
19.487
18.126
16.747
15.35
13.936
12.509
11.068
9.6159
8.1537
6.6829
5.2051
3.7218
2.2346
0.74514
-0.74307
-2.2239
-3.7043
-3.7261
-2.237
-0.74745
0.74953
2.2478
3.7437
5.2357
6.7222
8.2017
9.6726
11.133
12.582
14.018
15.44
16.845
18.233
19.602
20.951
22.278
23.582
24.862
26.116
27.343
28.543
29.713
30.854
31.963
33.039
34.083
35.092
36.065
37.003
37.904
38.767
39.591
40.377
41.122
41.827
42.49
43.112
43.692
44.228
44.722
45.172
45.578
45.94
46.257
46.53
46.757
46.939
47.076
47.167
47.213
47.213
47.167
47.076
46.939
46.757
46.53
46.257
45.94
45.578
45.172
44.722
44.228
43.692
43.112
42.49
41.827
41.122
40.377
39.591
38.767
37.904
37.003
36.065
35.092
34.083
33.039
31.963
30.854
29.713
28.543
27.343
26.116
24.862
23.582
22.278
20.951
19.602
18.233
16.845
15.44
14.018
12.582
11.133
9.6726
8.2017
6.7222
5.2357
3.7437
2.2478
0.74953
-0.74745
-2.237
-3.7261
-3.7443
-2.2479
-0.7511
0.75319
2.2588
3.762
5.2613
6.7551
8.2417
9.7198
11.188
12.644
14.087
15.515
16.928
18.322
19.698
21.053
22.387
23.697
24.983
26.243
27.477
28.682
29.859
31.004
32.119
33.201
34.249
35.263
36.242
37.184
38.089
38.956
39.785
40.574
41.323
42.031
42.698
43.323
43.905
44.445
44.941
45.393
45.801
46.165
46.483
46.757
46.985
47.168
47.306
47.397
47.443
47.443
47.397
47.306
47.168
46.985
46.757
46.483
46.165
45.801
45.393
44.941
44.445
43.905
43.323
42.698
42.031
41.323
40.574
39.785
38.956
38.089
37.184
36.242
35.263
34.249
33.201
32.119
31.004
29.859
28.682
27.477
26.243
24.983
23.697
22.387
21.053
19.698
18.322
16.928
15.515
14.087
12.644
11.188
9.7198
8.2417
6.7551
5.2613
3.762
2.2588
0.75319
-0.7511
-2.2479
-3.7443
-3.7589
-2.2567
-0.75402
0.75612
2.2676
3.7767
5.2818
6.7814
8.2738
9.7577
11.231
12.693
14.142
15.576
16.993
18.393
19.774
21.135
22.474
23.789
25.08
26.346
27.584
28.794
29.975
31.125
32.244
33.33
34.383
35.4
36.383
37.329
38.237
39.108
39.94
40.732
41.484
42.195
42.864
43.491
44.076
44.618
45.116
45.57
45.979
46.344
46.664
46.939
47.168
47.352
47.49
47.582
47.628
47.628
47.582
47.49
47.352
47.168
46.939
46.664
46.344
45.979
45.57
45.116
44.618
44.076
43.491
42.864
42.195
41.484
40.732
39.94
39.108
38.237
37.329
36.383
35.4
34.383
33.33
32.244
31.125
29.975
28.794
27.584
26.346
25.08
23.789
22.474
21.135
19.774
18.393
16.993
15.576
14.142
12.693
11.231
9.7577
8.2738
6.7814
5.2818
3.7767
2.2676
0.75612
-0.75402
-2.2567
-3.7589
-3.7698
-2.2632
-0.75622
0.75833
2.2742
3.7877
5.2972
6.8011
8.2979
9.7861
11.264
12.73
14.183
15.621
17.043
18.447
19.832
21.197
22.539
23.858
25.153
26.422
27.664
28.878
30.062
31.216
32.338
33.427
34.483
35.504
36.489
37.437
38.349
39.222
40.056
40.85
41.605
42.318
42.989
43.618
44.204
44.748
45.247
45.702
46.113
46.479
46.8
47.076
47.306
47.49
47.628
47.72
47.767
47.767
47.72
47.628
47.49
47.306
47.076
46.8
46.479
46.113
45.702
45.247
44.748
44.204
43.618
42.989
42.318
41.605
40.85
40.056
39.222
38.349
37.437
36.489
35.504
34.483
33.427
32.338
31.216
30.062
28.878
27.664
26.422
25.153
23.858
22.539
21.197
19.832
18.447
17.043
15.621
14.183
12.73
11.264
9.7861
8.2979
6.8011
5.2972
3.7877
2.2742
0.75833
-0.75622
-2.2632
-3.7698
-3.7771
-2.2676
-0.75768
0.75979
2.2786
3.795
5.3074
6.8143
8.314
9.805
11.286
12.755
14.21
15.651
17.076
18.483
19.87
21.238
22.583
23.905
25.202
26.473
27.718
28.934
30.12
31.276
32.4
33.492
34.549
35.572
36.559
37.51
38.423
39.298
40.134
40.93
41.685
42.399
43.072
43.702
44.29
44.834
45.335
45.791
46.202
46.569
46.891
47.167
47.397
47.582
47.72
47.813
47.859
47.859
47.813
47.72
47.582
47.397
47.167
46.891
46.569
46.202
45.791
45.335
44.834
44.29
43.702
43.072
42.399
41.685
40.93
40.134
39.298
38.423
37.51
36.559
35.572
34.549
33.492
32.4
31.276
30.12
28.934
27.718
26.473
25.202
23.905
22.583
21.238
19.87
18.483
17.076
15.651
14.21
12.755
11.286
9.805
8.314
6.8143
5.3074
3.795
2.2786
0.75979
-0.75768
-2.2676
-3.7771
-3.7808
-2.2698
-0.75841
0.76053
2.2808
3.7987
5.3125
6.8209
8.322
9.8145
11.297
12.767
14.224
15.666
17.092
18.501
19.89
21.258
22.605
23.928
25.226
26.499
27.745
28.962
30.149
31.306
32.432
33.524
34.583
35.607
36.595
37.546
38.46
39.336
40.172
40.969
41.725
42.44
43.114
43.745
44.333
44.878
45.378
45.835
46.247
46.614
46.936
47.213
47.443
47.628
47.767
47.859
47.905
47.905
47.859
47.767
47.628
47.443
47.213
46.936
46.614
46.247
45.835
45.378
44.878
44.333
43.745
43.114
42.44
41.725
40.969
40.172
39.336
38.46
37.546
36.595
35.607
34.583
33.524
32.432
31.306
30.149
28.962
27.745
26.499
25.226
23.928
22.605
21.258
19.89
18.501
17.092
15.666
14.224
12.767
11.297
9.8145
8.322
6.8209
5.3125
3.7987
2.2808
0.76053
-0.75841
-2.2698
-3.7808
-3.7808
-2.2698
-0.75841
0.76053
2.2808
3.7987
5.3125
6.8209
8.322
9.8145
11.297
12.767
14.224
15.666
17.092
18.501
19.89
21.258
22.605
23.928
25.226
26.499
27.745
28.962
30.149
31.306
32.432
33.524
34.583
35.607
36.595
37.546
38.46
39.336
40.172
40.969
41.725
42.44
43.114
43.745
44.333
44.878
45.378
45.835
46.247
46.614
46.936
47.213
47.443
47.628
47.767
47.859
47.905
47.905
47.859
47.767
47.628
47.443
47.213
46.936
46.614
46.247
45.835
45.378
44.878
44.333
43.745
43.114
42.44
41.725
40.969
40.172
39.336
38.46
37.546
36.595
35.607
34.583
33.524
32.432
31.306
30.149
28.962
27.745
26.499
25.226
23.928
22.605
21.258
19.89
18.501
17.092
15.666
14.224
12.767
11.297
9.8145
8.322
6.8209
5.3125
3.7987
2.2808
0.76053
-0.75841
-2.2698
-3.7808
-3.7771
-2.2676
-0.75768
0.75979
2.2786
3.795
5.3074
6.8143
8.314
9.805
11.286
12.755
14.21
15.651
17.076
18.483
19.87
21.238
22.583
23.905
25.202
26.473
27.718
28.934
30.12
31.276
32.4
33.492
34.549
35.572
36.559
37.51
38.423
39.298
40.134
40.93
41.685
42.399
43.072
43.702
44.29
44.834
45.335
45.791
46.202
46.569
46.891
47.167
47.397
47.582
47.72
47.813
47.859
47.859
47.813
47.72
47.582
47.397
47.167
46.891
46.569
46.202
45.791
45.335
44.834
44.29
43.702
43.072
42.399
41.685
40.93
40.134
39.298
38.423
37.51
36.559
35.572
34.549
33.492
32.4
31.276
30.12
28.934
27.718
26.473
25.202
23.905
22.583
21.238
19.87
18.483
17.076
15.651
14.21
12.755
11.286
9.805
8.314
6.8143
5.3074
3.795
2.2786
0.75979
-0.75768
-2.2676
-3.7771
-3.7698
-2.2632
-0.75622
0.75833
2.2742
3.7877
5.2972
6.8011
8.2979
9.7861
11.264
12.73
14.183
15.621
17.043
18.447
19.832
21.197
22.539
23.858
25.153
26.422
27.664
28.878
30.062
31.216
32.338
33.427
34.483
35.504
36.489
37.437
38.349
39.222
40.056
40.85
41.605
42.318
42.989
43.618
44.204
44.748
45.247
45.702
46.113
46.479
46.8
47.076
47.306
47.49
47.628
47.72
47.767
47.767
47.72
47.628
47.49
47.306
47.076
46.8
46.479
46.113
45.702
45.247
44.748
44.204
43.618
42.989
42.318
41.605
40.85
40.056
39.222
38.349
37.437
36.489
35.504
34.483
33.427
32.338
31.216
30.062
28.878
27.664
26.422
25.153
23.858
22.539
21.197
19.832
18.447
17.043
15.621
14.183
12.73
11.264
9.7861
8.2979
6.8011
5.2972
3.7877
2.2742
0.75833
-0.75622
-2.2632
-3.7698
-3.7589
-2.2567
-0.75402
0.75612
2.2676
3.7767
5.2818
6.7814
8.2738
9.7577
11.231
12.693
14.142
15.576
16.993
18.393
19.774
21.135
22.474
23.789
25.08
26.346
27.584
28.794
29.975
31.125
32.244
33.33
34.383
35.4
36.383
37.329
38.237
39.108
39.94
40.732
41.484
42.195
42.864
43.491
44.076
44.618
45.116
45.57
45.979
46.344
46.664
46.939
47.168
47.352
47.49
47.582
47.628
47.628
47.582
47.49
47.352
47.168
46.939
46.664
46.344
45.979
45.57
45.116
44.618
44.076
43.491
42.864
42.195
41.484
40.732
39.94
39.108
38.237
37.329
36.383
35.4
34.383
33.33
32.244
31.125
29.975
28.794
27.584
26.346
25.08
23.789
22.474
21.135
19.774
18.393
16.993
15.576
14.142
12.693
11.231
9.7577
8.2738
6.7814
5.2818
3.7767
2.2676
0.75612
-0.75402
-2.2567
-3.7589
-3.7443
-2.2479
-0.7511
0.75319
2.2588
3.762
5.2613
6.7551
8.2417
9.7198
11.188
12.644
14.087
15.515
16.928
18.322
19.698
21.053
22.387
23.697
24.983
26.243
27.477
28.682
29.859
31.004
32.119
33.201
34.249
35.263
36.242
37.184
38.089
38.956
39.785
40.574
41.323
42.031
42.698
43.323
43.905
44.445
44.941
45.393
45.801
46.165
46.483
46.757
46.985
47.168
47.306
47.397
47.443
47.443
47.397
47.306
47.168
46.985
46.757
46.483
46.165
45.801
45.393
44.941
44.445
43.905
43.323
42.698
42.031
41.323
40.574
39.785
38.956
38.089
37.184
36.242
35.263
34.249
33.201
32.119
31.004
29.859
28.682
27.477
26.243
24.983
23.697
22.387
21.053
19.698
18.322
16.928
15.515
14.087
12.644
11.188
9.7198
8.2417
6.7551
5.2613
3.762
2.2588
0.75319
-0.7511
-2.2479
-3.7443
-3.7261
-2.237
-0.74745
0.74953
2.2478
3.7437
5.2357
6.7222
8.2017
9.6726
11.133
12.582
14.018
15.44
16.845
18.233
19.602
20.951
22.278
23.582
24.862
26.116
27.343
28.543
29.713
30.854
31.963
33.039
34.083
35.092
36.065
37.003
37.904
38.767
39.591
40.377
41.122
41.827
42.49
43.112
43.692
44.228
44.722
45.172
45.578
45.94
46.257
46.53
46.757
46.939
47.076
47.167
47.213
47.213
47.167
47.076
46.939
46.757
46.53
46.257
45.94
45.578
45.172
44.722
44.228
43.692
43.112
42.49
41.827
41.122
40.377
39.591
38.767
37.904
37.003
36.065
35.092
34.083
33.039
31.963
30.854
29.713
28.543
27.343
26.116
24.862
23.582
22.278
20.951
19.602
18.233
16.845
15.44
14.018
12.582
11.133
9.6726
8.2017
6.7222
5.2357
3.7437
2.2478
0.74953
-0.74745
-2.237
-3.7261
-3.7043
-2.2239
-0.74307
0.74514
2.2346
3.7218
5.2051
6.6829
8.1537
9.6159
11.068
12.509
13.936
15.35
16.747
18.126
19.487
20.828
22.147
23.444
24.716
25.963
27.183
28.376
29.539
30.673
31.776
32.846
33.883
34.886
35.854
36.787
37.682
38.54
39.36
40.14
40.881
41.582
42.242
42.86
43.436
43.97
44.46
44.908
45.311
45.671
45.987
46.257
46.483
46.664
46.8
46.891
46.936
46.936
46.891
46.8
46.664
46.483
46.257
45.987
45.671
45.311
44.908
44.46
43.97
43.436
42.86
42.242
41.582
40.881
40.14
39.36
38.54
37.682
36.787
35.854
34.886
33.883
32.846
31.776
30.673
29.539
28.376
27.183
25.963
24.716
23.444
22.147
20.828
19.487
18.126
16.747
15.35
13.936
12.509
11.068
9.6159
8.1537
6.6829
5.2051
3.7218
2.2346
0.74514
-0.74307
-2.2239
-3.7043
-3.6789
-2.2086
-0.73797
0.74003
2.2193
3.6963
5.1694
6.637
8.0978
9.55
10.992
12.423
13.841
15.244
16.632
18.002
19.354
20.685
21.995
23.283
24.546
25.785
26.997
28.181
29.337
30.463
31.558
32.621
33.651
34.647
35.609
36.534
37.424
38.276
39.09
39.865
40.601
41.297
41.952
42.566
43.138
43.668
44.155
44.6
45.001
45.358
45.671
45.94
46.165
46.344
46.479
46.569
46.614
46.614
46.569
46.479
46.344
46.165
45.94
45.671
45.358
45.001
44.6
44.155
43.668
43.138
42.566
41.952
41.297
40.601
39.865
39.09
38.276
37.424
36.534
35.609
34.647
33.651
32.621
31.558
30.463
29.337
28.181
26.997
25.785
24.546
23.283
21.995
20.685
19.354
18.002
16.632
15.244
13.841
12.423
10.992
9.55
8.0978
6.637
5.1694
3.6963
2.2193
0.74003
-0.73797
-2.2086
-3.6789
-3.6499
-2.1912
-0.73216
0.7342
2.2018
3.6672
5.1287
6.5848
8.034
9.4748
10.906
12.325
13.732
15.124
16.501
17.86
19.201
20.522
21.822
23.1
24.353
25.582
26.784
27.959
29.106
30.223
31.309
32.364
33.386
34.374
35.328
36.247
37.129
37.974
38.782
39.551
40.281
40.971
41.621
42.231
42.798
43.324
43.808
44.249
44.646
45.001
45.311
45.578
45.801
45.979
46.113
46.202
46.247
46.247
46.202
46.113
45.979
45.801
45.578
45.311
45.001
44.646
44.249
43.808
43.324
42.798
42.231
41.621
40.971
40.281
39.551
38.782
37.974
37.129
36.247
35.328
34.374
33.386
32.364
31.309
30.223
29.106
27.959
26.784
25.582
24.353
23.1
21.822
20.522
19.201
17.86
16.501
15.124
13.732
12.325
10.906
9.4748
8.034
6.5848
5.1287
3.6672
2.2018
0.7342
-0.73216
-2.1912
-3.6499
-3.6174
-2.1717
-0.72564
0.72766
2.1822
3.6345
5.083
6.5261
7.9624
9.3904
10.809
12.215
13.609
14.989
16.354
17.701
19.03
20.339
21.628
22.894
24.136
25.354
26.546
27.71
28.847
29.954
31.03
32.075
33.088
34.068
35.013
35.924
36.798
37.636
38.436
39.199
39.922
40.606
41.251
41.854
42.417
42.938
43.417
43.854
44.249
44.6
44.908
45.172
45.393
45.57
45.702
45.791
45.835
45.835
45.791
45.702
45.57
45.393
45.172
44.908
44.6
44.249
43.854
43.417
42.938
42.417
41.854
41.251
40.606
39.922
39.199
38.436
37.636
36.798
35.924
35.013
34.068
33.088
32.075
31.03
29.954
28.847
27.71
26.546
25.354
24.136
22.894
21.628
20.339
19.03
17.701
16.354
14.989
13.609
12.215
10.809
9.3904
7.9624
6.5261
5.083
3.6345
2.1822
0.72766
-0.72564
-2.1717
-3.6174
-3.5813
-2.1501
-0.71841
0.72041
2.1605
3.5983
5.0323
6.4611
7.8831
9.2968
10.701
12.094
13.474
14.84
16.191
17.525
18.841
20.137
21.412
22.666
23.896
25.101
26.281
27.434
28.559
29.655
30.721
31.756
32.759
33.728
34.664
35.566
36.431
37.261
38.053
38.808
39.524
40.202
40.84
41.437
41.994
42.51
42.985
43.417
43.808
44.155
44.46
44.722
44.941
45.116
45.247
45.335
45.378
45.378
45.335
45.247
45.116
44.941
44.722
44.46
44.155
43.808
43.417
42.985
42.51
41.994
41.437
40.84
40.202
39.524
38.808
38.053
37.261
36.431
35.566
34.664
33.728
32.759
31.756
30.721
29.655
28.559
27.434
26.281
25.101
23.896
22.666
21.412
20.137
18.841
17.525
16.191
14.84
13.474
12.094
10.701
9.2968
7.8831
6.4611
5.0323
3.5983
2.1605
0.72041
-0.71841
-2.1501
-3.5813
-3.5418
-2.1264
-0.71048
0.71246
2.1366
3.5586
4.9768
6.3898
7.7961
9.1942
10.583
11.96
13.325
14.676
16.012
17.331
18.633
19.915
21.176
22.415
23.632
24.824
25.991
27.131
28.244
29.328
30.382
31.405
32.397
33.356
34.282
35.173
36.029
36.85
37.633
38.38
39.088
39.758
40.389
40.98
41.531
42.041
42.51
42.938
43.324
43.668
43.97
44.228
44.445
44.618
44.748
44.834
44.878
44.878
44.834
44.748
44.618
44.445
44.228
43.97
43.668
43.324
42.938
42.51
42.041
41.531
40.98
40.389
39.758
39.088
38.38
37.633
36.85
36.029
35.173
34.282
33.356
32.397
31.405
30.382
29.328
28.244
27.131
25.991
24.824
23.632
22.415
21.176
19.915
18.633
17.331
16.012
14.676
13.325
11.96
10.583
9.1942
7.7961
6.3898
4.9768
3.5586
2.1366
0.71246
-0.71048
-2.1264
-3.5418
-3.4988
-2.1005
-0.70186
0.70381
2.1107
3.5154
4.9164
6.3122
7.7014
9.0826
10.454
11.815
13.163
14.498
15.818
17.121
18.406
19.673
20.919
22.143
23.345
24.523
25.676
26.802
27.901
28.972
30.013
31.024
32.004
32.951
33.866
34.746
35.592
36.402
37.177
37.914
38.614
39.275
39.899
40.482
41.027
41.531
41.994
42.417
42.798
43.138
43.436
43.692
43.905
44.076
44.204
44.29
44.333
44.333
44.29
44.204
44.076
43.905
43.692
43.436
43.138
42.798
42.417
41.994
41.531
41.027
40.482
39.899
39.275
38.614
37.914
37.177
36.402
35.592
34.746
33.866
32.951
32.004
31.024
30.013
28.972
27.901
26.802
25.676
24.523
23.345
22.143
20.919
19.673
18.406
17.121
15.818
14.498
13.163
11.815
10.454
9.0826
7.7014
6.3122
4.9164
3.5154
2.1107
0.70381
-0.70186
-2.1005
-3.4988
-3.4524
-2.0727
-0.69255
0.69448
2.0827
3.4687
4.8511
6.2285
7.5993
8.9621
10.316
11.658
12.989
14.306
15.608
16.894
18.162
19.412
20.641
21.85
23.035
24.198
25.335
26.446
27.531
28.587
29.615
30.613
31.579
32.514
33.416
34.285
35.12
35.919
36.683
37.411
38.102
38.754
39.369
39.945
40.482
40.98
41.437
41.854
42.231
42.566
42.86
43.112
43.323
43.491
43.618
43.702
43.745
43.745
43.702
43.618
43.491
43.323
43.112
42.86
42.566
42.231
41.854
41.437
40.98
40.482
39.945
39.369
38.754
38.102
37.411
36.683
35.919
35.12
34.285
33.416
32.514
31.579
30.613
29.615
28.587
27.531
26.446
25.335
24.198
23.035
21.85
20.641
19.412
18.162
16.894
15.608
14.306
12.989
11.658
10.316
8.9621
7.5993
6.2285
4.8511
3.4687
2.0827
0.69448
-0.69255
-2.0727
-3.4524
-3.4026
-2.0428
-0.68256
0.68446
2.0527
3.4187
4.7812
6.1386
7.4897
8.8328
10.167
11.49
12.801
14.099
15.383
16.65
17.9
19.132
20.344
21.535
22.703
23.849
24.97
26.065
27.134
28.175
29.188
30.171
31.124
32.045
32.934
33.791
34.613
35.401
36.154
36.871
37.552
38.196
38.801
39.369
39.899
40.389
40.84
41.251
41.621
41.952
42.242
42.49
42.698
42.864
42.989
43.072
43.114
43.114
43.072
42.989
42.864
42.698
42.49
42.242
41.952
41.621
41.251
40.84
40.389
39.899
39.369
38.801
38.196
37.552
36.871
36.154
35.401
34.613
33.791
32.934
32.045
31.124
30.171
29.188
28.175
27.134
26.065
24.97
23.849
22.703
21.535
20.344
19.132
17.9
16.65
15.383
14.099
12.801
11.49
10.167
8.8328
7.4897
6.1386
4.7812
3.4187
2.0527
0.68446
-0.68256
-2.0428
-3.4026
-3.3495
-2.0109
-0.6719
0.67377
2.0206
3.3653
4.7065
6.0428
7.3727
8.6949
10.008
11.311
12.602
13.879
15.143
16.39
17.621
18.833
20.026
21.198
22.349
23.476
24.58
25.658
26.71
27.735
28.732
29.7
30.638
31.545
32.42
33.263
34.073
34.849
35.59
36.296
36.966
37.599
38.196
38.754
39.275
39.758
40.202
40.606
40.971
41.297
41.582
41.827
42.031
42.195
42.318
42.399
42.44
42.44
42.399
42.318
42.195
42.031
41.827
41.582
41.297
40.971
40.606
40.202
39.758
39.275
38.754
38.196
37.599
36.966
36.296
35.59
34.849
34.073
33.263
32.42
31.545
30.638
29.7
28.732
27.735
26.71
25.658
24.58
23.476
22.349
21.198
20.026
18.833
17.621
16.39
15.143
13.879
12.602
11.311
10.008
8.6949
7.3727
6.0428
4.7065
3.3653
2.0206
0.67377
-0.6719
-2.0109
-3.3495
-3.293
-1.977
-0.66058
0.66242
1.9866
3.3086
4.6272
5.9409
7.2485
8.5484
9.8394
11.12
12.389
13.645
14.887
16.114
17.324
18.516
19.689
20.841
21.972
23.081
24.165
25.226
26.26
27.268
28.248
29.199
30.122
31.013
31.874
32.703
33.499
34.261
34.99
35.684
36.343
36.966
37.552
38.102
38.614
39.088
39.524
39.922
40.281
40.601
40.881
41.122
41.323
41.484
41.605
41.685
41.725
41.725
41.685
41.605
41.484
41.323
41.122
40.881
40.601
40.281
39.922
39.524
39.088
38.614
38.102
37.552
36.966
36.343
35.684
34.99
34.261
33.499
32.703
31.874
31.013
30.122
29.199
28.248
27.268
26.26
25.226
24.165
23.081
21.972
20.841
19.689
18.516
17.324
16.114
14.887
13.645
12.389
11.12
9.8394
8.5484
7.2485
5.9409
4.6272
3.3086
1.9866
0.66242
-0.66058
-1.977
-3.293
-3.2333
-1.9412
-0.6486
0.65041
1.9506
3.2487
4.5433
5.8333
7.1171
8.3935
9.6611
10.919
12.165
13.398
14.618
15.822
17.01
18.18
19.332
20.463
21.574
22.662
23.727
24.768
25.784
26.774
27.736
28.67
29.576
30.451
31.296
32.11
32.892
33.64
34.356
35.037
35.684
36.296
36.871
37.411
37.914
38.38
38.808
39.199
39.551
39.865
40.14
40.377
40.574
40.732
40.85
40.93
40.969
40.969
40.93
40.85
40.732
40.574
40.377
40.14
39.865
39.551
39.199
38.808
38.38
37.914
37.411
36.871
36.296
35.684
35.037
34.356
33.64
32.892
32.11
31.296
30.451
29.576
28.67
27.736
26.774
25.784
24.768
23.727
22.662
21.574
20.463
19.332
18.18
17.01
15.822
14.618
13.398
12.165
10.919
9.6611
8.3935
7.1171
5.8333
4.5433
3.2487
1.9506
0.65041
-0.6486
-1.9412
-3.2333
-3.1705
-1.9034
-0.63599
0.63776
1.9126
3.1855
4.455
5.7198
6.9787
8.2302
9.4732
10.706
11.928
13.138
14.333
15.514
16.679
17.827
18.956
20.065
21.154
22.222
23.266
24.287
25.283
26.253
27.197
28.113
29
29.859
30.688
31.485
32.252
32.986
33.688
34.356
34.99
35.59
36.154
36.683
37.177
37.633
38.053
38.436
38.782
39.09
39.36
39.591
39.785
39.94
40.056
40.134
40.172
40.172
40.134
40.056
39.94
39.785
39.591
39.36
39.09
38.782
38.436
38.053
37.633
37.177
36.683
36.154
35.59
34.99
34.356
33.688
32.986
32.252
31.485
30.688
29.859
29
28.113
27.197
26.253
25.283
24.287
23.266
22.222
21.154
20.065
18.956
17.827
16.679
15.514
14.333
13.138
11.928
10.706
9.4732
8.2302
6.9787
5.7198
4.455
3.1855
1.9126
0.63776
-0.63599
-1.9034
-3.1705
-3.1044
-1.8638
-0.62275
0.62448
1.8728
3.1191
4.3622
5.6007
6.8334
8.0588
9.2759
10.483
11.68
12.864
14.035
15.191
16.332
17.455
18.561
19.648
20.714
21.759
22.782
23.781
24.756
25.706
26.63
27.527
28.397
29.237
30.049
30.83
31.58
32.299
32.986
33.64
34.261
34.849
35.401
35.919
36.402
36.85
37.261
37.636
37.974
38.276
38.54
38.767
38.956
39.108
39.222
39.298
39.336
39.336
39.298
39.222
39.108
38.956
38.767
38.54
38.276
37.974
37.636
37.261
36.85
36.402
35.919
35.401
34.849
34.261
33.64
32.986
32.299
31.58
30.83
30.049
29.237
28.397
27.527
26.63
25.706
24.756
23.781
22.782
21.759
20.714
19.648
18.561
17.455
16.332
15.191
14.035
12.864
11.68
10.483
9.2759
8.0588
6.8334
5.6007
4.3622
3.1191
1.8728
0.62448
-0.62275
-1.8638
-3.1044
-3.0353
-1.8223
-0.60888
0.61058
1.8311
3.0497
4.2651
5.476
6.6812
7.8794
9.0694
10.25
11.42
12.578
13.722
14.853
15.968
17.067
18.148
19.21
20.253
21.274
22.274
23.252
24.205
25.134
26.037
26.914
27.764
28.586
29.38
30.143
30.877
31.58
32.252
32.892
33.499
34.073
34.613
35.12
35.592
36.029
36.431
36.798
37.129
37.424
37.682
37.904
38.089
38.237
38.349
38.423
38.46
38.46
38.423
38.349
38.237
38.089
37.904
37.682
37.424
37.129
36.798
36.431
36.029
35.592
35.12
34.613
34.073
33.499
32.892
32.252
31.58
30.877
30.143
29.38
28.586
27.764
26.914
26.037
25.134
24.205
23.252
22.274
21.274
20.253
19.21
18.148
17.067
15.968
14.853
13.722
12.578
11.42
10.25
9.0694
7.8794
6.6812
5.476
4.2651
3.0497
1.8311
0.61058
-0.60888
-1.8223
-3.0353
-2.9632
-1.779
-0.59441
0.59607
1.7876
2.9772
4.1638
5.3459
6.5225
7.6922
8.8539
10.006
11.148
12.279
13.396
14.5
15.589
16.661
17.717
18.754
19.771
20.769
21.745
22.699
23.63
24.537
25.419
26.275
27.105
27.907
28.681
29.427
30.143
30.83
31.485
32.11
32.703
33.263
33.791
34.285
34.746
35.173
35.566
35.924
36.247
36.534
36.787
37.003
37.184
37.329
37.437
37.51
37.546
37.546
37.51
37.437
37.329
37.184
37.003
36.787
36.534
36.247
35.924
35.566
35.173
34.746
34.285
33.791
33.263
32.703
32.11
31.485
30.83
30.143
29.427
28.681
27.907
27.105
26.275
25.419
24.537
23.63
22.699
21.745
20.769
19.771
18.754
17.717
16.661
15.589
14.5
13.396
12.279
11.148
10.006
8.8539
7.6922
6.5225
5.3459
4.1638
2.9772
1.7876
0.59607
-0.59441
-1.779
-2.9632
-2.8881
-1.7339
-0.57935
0.58097
1.7423
2.9018
4.0582
5.2104
6.3572
7.4973
8.6295
9.7528
10.866
11.968
13.057
14.133
15.194
16.239
17.268
18.278
19.27
20.243
21.194
22.124
23.031
23.915
24.775
25.609
26.418
27.2
27.955
28.681
29.38
30.049
30.688
31.296
31.874
32.42
32.934
33.416
33.866
34.282
34.664
35.013
35.328
35.609
35.854
36.065
36.242
36.383
36.489
36.559
36.595
36.595
36.559
36.489
36.383
36.242
36.065
35.854
35.609
35.328
35.013
34.664
34.282
33.866
33.416
32.934
32.42
31.874
31.296
30.688
30.049
29.38
28.681
27.955
27.2
26.418
25.609
24.775
23.915
23.031
22.124
21.194
20.243
19.27
18.278
17.268
16.239
15.194
14.133
13.057
11.968
10.866
9.7528
8.6295
7.4973
6.3572
5.2104
4.0582
2.9018
1.7423
0.58097
-0.57935
-1.7339
-2.8881
-2.8101
-1.6871
-0.56371
0.56528
1.6952
2.8234
3.9487
5.0698
6.1855
7.2948
8.3965
9.4894
10.572
11.644
12.704
13.751
14.783
15.801
16.801
17.785
18.75
19.696
20.622
21.526
22.409
23.269
24.106
24.918
25.704
26.465
27.2
27.907
28.586
29.237
29.859
30.451
31.013
31.545
32.045
32.514
32.951
33.356
33.728
34.068
34.374
34.647
34.886
35.092
35.263
35.4
35.504
35.572
35.607
35.607
35.572
35.504
35.4
35.263
35.092
34.886
34.647
34.374
34.068
33.728
33.356
32.951
32.514
32.045
31.545
31.013
30.451
29.859
29.237
28.586
27.907
27.2
26.465
25.704
24.918
24.106
23.269
22.409
21.526
20.622
19.696
18.75
17.785
16.801
15.801
14.783
13.751
12.704
11.644
10.572
9.4894
8.3965
7.2948
6.1855
5.0698
3.9487
2.8234
1.6952
0.56528
-0.56371
-1.6871
-2.8101
-2.7293
-1.6386
-0.5475
0.54903
1.6465
2.7423
3.8351
4.924
6.0077
7.0851
8.1551
9.2166
10.268
11.31
12.339
13.356
14.358
15.346
16.318
17.273
18.211
19.13
20.029
20.907
21.765
22.6
23.412
24.201
24.965
25.704
26.418
27.105
27.764
28.397
29
29.576
30.122
30.638
31.124
31.579
32.004
32.397
32.759
33.088
33.386
33.651
33.883
34.083
34.249
34.383
34.483
34.549
34.583
34.583
34.549
34.483
34.383
34.249
34.083
33.883
33.651
33.386
33.088
32.759
32.397
32.004
31.579
31.124
30.638
30.122
29.576
29
28.397
27.764
27.105
26.418
25.704
24.965
24.201
23.412
22.6
21.765
20.907
20.029
19.13
18.211
17.273
16.318
15.346
14.358
13.356
12.339
11.31
10.268
9.2166
8.1551
7.0851
6.0077
4.924
3.8351
2.7423
1.6465
0.54903
-0.5475
-1.6386
-2.7293
-2.6458
-1.5884
-0.53074
0.53222
1.5961
2.6583
3.7177
4.7732
5.8238
6.8682
7.9055
8.9344
9.9541
10.963
11.961
12.947
13.919
14.876
15.819
16.745
17.653
18.544
19.416
20.267
21.099
21.908
22.696
23.46
24.201
24.918
25.609
26.275
26.914
27.527
28.113
28.67
29.199
29.7
30.171
30.613
31.024
31.405
31.756
32.075
32.364
32.621
32.846
33.039
33.201
33.33
33.427
33.492
33.524
33.524
33.492
33.427
33.33
33.201
33.039
32.846
32.621
32.364
32.075
31.756
31.405
31.024
30.613
30.171
29.7
29.199
28.67
28.113
27.527
26.914
26.275
25.609
24.918
24.201
23.46
22.696
21.908
21.099
20.267
19.416
18.544
17.653
16.745
15.819
14.876
13.919
12.947
11.961
10.963
9.9541
8.9344
7.9055
6.8682
5.8238
4.7732
3.7177
2.6583
1.5961
0.53222
-0.53074
-1.5884
-2.6458
-2.5596
-1.5367
-0.51344
0.51488
1.5441
2.5717
3.5966
4.6177
5.634
6.6444
7.6478
8.6433
9.6297
10.606
11.572
12.525
13.465
14.392
15.303
16.199
17.078
17.94
18.783
19.607
20.411
21.194
21.956
22.696
23.412
24.106
24.775
25.419
26.037
26.63
27.197
27.736
28.248
28.732
29.188
29.615
30.013
30.382
30.721
31.03
31.309
31.558
31.776
31.963
32.119
32.244
32.338
32.4
32.432
32.432
32.4
32.338
32.244
32.119
31.963
31.776
31.558
31.309
31.03
30.721
30.382
30.013
29.615
29.188
28.732
28.248
27.736
27.197
26.63
26.037
25.419
24.775
24.106
23.412
22.696
21.956
21.194
20.411
19.607
18.783
17.94
17.078
16.199
15.303
14.392
13.465
12.525
11.572
10.606
9.6297
8.6433
7.6478
6.6444
5.634
4.6177
3.5966
2.5717
1.5441
0.51488
-0.51344
-1.5367
-2.5596
-2.4708
-1.4833
-0.49563
0.49701
1.4905
2.4825
3.4718
4.4575
5.4385
6.4139
7.3825
8.3434
9.2956
10.238
11.17
12.09
12.998
13.892
14.772
15.637
16.486
17.317
18.131
18.927
19.703
20.459
21.194
21.908
22.6
23.269
23.915
24.537
25.134
25.706
26.253
26.774
27.268
27.735
28.175
28.587
28.972
29.328
29.655
29.954
30.223
30.463
30.673
30.854
31.004
31.125
31.216
31.276
31.306
31.306
31.276
31.216
31.125
31.004
30.854
30.673
30.463
30.223
29.954
29.655
29.328
28.972
28.587
28.175
27.735
27.268
26.774
26.253
25.706
25.134
24.537
23.915
23.269
22.6
21.908
21.194
20.459
19.703
18.927
18.131
17.317
16.486
15.637
14.772
13.892
12.998
12.09
11.17
10.238
9.2956
8.3434
7.3825
6.4139
5.4385
4.4575
3.4718
2.4825
1.4905
0.49701
-0.49563
-1.4833
-2.4708
-2.3794
-1.4285
-0.47731
0.47864
1.4354
2.3907
3.3435
4.2927
5.2375
6.1768
7.1096
8.035
8.9521
9.8598
10.757
11.643
12.518
13.379
14.226
15.059
15.876
16.677
17.461
18.227
18.975
19.703
20.411
21.099
21.765
22.409
23.031
23.63
24.205
24.756
25.283
25.784
26.26
26.71
27.134
27.531
27.901
28.244
28.559
28.847
29.106
29.337
29.539
29.713
29.859
29.975
30.062
30.12
30.149
30.149
30.12
30.062
29.975
29.859
29.713
29.539
29.337
29.106
28.847
28.559
28.244
27.901
27.531
27.134
26.71
26.26
25.784
25.283
24.756
24.205
23.63
23.031
22.409
21.765
21.099
20.411
19.703
18.975
18.227
17.461
16.677
15.876
15.059
14.226
13.379
12.518
11.643
10.757
9.8598
8.9521
8.035
7.1096
6.1768
5.2375
4.2927
3.3435
2.3907
1.4354
0.47864
-0.47731
-1.4285
-2.3794
-2.2857
-1.3722
-0.45851
0.45979
1.3789
2.2965
3.2118
4.1236
5.0312
5.9335
6.8296
7.7185
8.5994
9.4714
10.333
11.185
12.025
12.852
13.666
14.466
15.251
16.02
16.773
17.509
18.227
18.927
19.607
20.267
20.907
21.526
22.124
22.699
23.252
23.781
24.287
24.768
25.226
25.658
26.065
26.446
26.802
27.131
27.434
27.71
27.959
28.181
28.376
28.543
28.682
28.794
28.878
28.934
28.962
28.962
28.934
28.878
28.794
28.682
28.543
28.376
28.181
27.959
27.71
27.434
27.131
26.802
26.446
26.065
25.658
25.226
24.768
24.287
23.781
23.252
22.699
22.124
21.526
20.907
20.267
19.607
18.927
18.227
17.509
16.773
16.02
15.251
14.466
13.666
12.852
12.025
11.185
10.333
9.4714
8.5994
7.7185
6.8296
5.9335
5.0312
4.1236
3.2118
2.2965
1.3789
0.45979
-0.45851
-1.3722
-2.2857
-2.1896
-1.3146
-0.43924
0.44046
1.3209
2.2
3.0768
3.9503
4.8197
5.6841
6.5425
7.3941
8.238
9.0733
9.8992
10.715
11.519
12.312
13.092
13.858
14.61
15.347
16.068
16.773
17.461
18.131
18.783
19.416
20.029
20.622
21.194
21.745
22.274
22.782
23.266
23.727
24.165
24.58
24.97
25.335
25.676
25.991
26.281
26.546
26.784
26.997
27.183
27.343
27.477
27.584
27.664
27.718
27.745
27.745
27.718
27.664
27.584
27.477
27.343
27.183
26.997
26.784
26.546
26.281
25.991
25.676
25.335
24.97
24.58
24.165
23.727
23.266
22.782
22.274
21.745
21.194
20.622
20.029
19.416
18.783
18.131
17.461
16.773
16.068
15.347
14.61
13.858
13.092
12.312
11.519
10.715
9.8992
9.0733
8.238
7.3941
6.5425
5.6841
4.8197
3.9503
3.0768
2.2
1.3209
0.44046
-0.43924
-1.3146
-2.1896
-2.0913
-1.2556
-0.41952
0.42069
1.2616
2.1012
2.9387
3.773
4.6034
5.4289
6.2488
7.0622
7.8682
8.666
9.4548
10.234
11.002
11.759
12.504
13.236
13.954
14.658
15.347
16.02
16.677
17.317
17.94
18.544
19.13
19.696
20.243
20.769
21.274
21.759
22.222
22.662
23.081
23.476
23.849
24.198
24.523
24.824
25.101
25.354
25.582
25.785
25.963
26.116
26.243
26.346
26.422
26.473
26.499
26.499
26.473
26.422
26.346
26.243
26.116
25.963
25.785
25.582
25.354
25.101
24.824
24.523
24.198
23.849
23.476
23.081
22.662
22.222
21.759
21.274
20.769
20.243
19.696
19.13
18.544
17.94
17.317
16.677
16.02
15.347
14.658
13.954
13.236
12.504
11.759
11.002
10.234
9.4548
8.666
7.8682
7.0622
6.2488
5.4289
4.6034
3.773
2.9387
2.1012
1.2616
0.42069
-0.41952
-1.2556
-2.0913
-1.9909
-1.1953
-0.39937
0.40049
1.201
2.0003
2.7975
3.5918
4.3823
5.1682
5.9487
6.723
7.4903
8.2498
9.0007
9.7422
10.474
11.194
11.903
12.6
13.284
13.954
14.61
15.251
15.876
16.486
17.078
17.653
18.211
18.75
19.27
19.771
20.253
20.714
21.154
21.574
21.972
22.349
22.703
23.035
23.345
23.632
23.896
24.136
24.353
24.546
24.716
24.862
24.983
25.08
25.153
25.202
25.226
25.226
25.202
25.153
25.08
24.983
24.862
24.716
24.546
24.353
24.136
23.896
23.632
23.345
23.035
22.703
22.349
21.972
21.574
21.154
20.714
20.253
19.771
19.27
18.75
18.211
17.653
17.078
16.486
15.876
15.251
14.61
13.954
13.284
12.6
11.903
11.194
10.474
9.7422
9.0007
8.2498
7.4903
6.723
5.9487
5.1682
4.3823
3.5918
2.7975
2.0003
1.201
0.40049
-0.39937
-1.1953
-1.9909
-1.8884
-1.1337
-0.37881
0.37987
1.1392
1.8974
2.6535
3.4069
4.1567
4.9022
5.6425
6.3769
7.1047
7.8251
8.5374
9.2407
9.9345
10.618
11.291
11.951
12.6
13.236
13.858
14.466
15.059
15.637
16.199
16.745
17.273
17.785
18.278
18.754
19.21
19.648
20.065
20.463
20.841
21.198
21.535
21.85
22.143
22.415
22.666
22.894
23.1
23.283
23.444
23.582
23.697
23.789
23.858
23.905
23.928
23.928
23.905
23.858
23.789
23.697
23.582
23.444
23.283
23.1
22.894
22.666
22.415
22.143
21.85
21.535
21.198
20.841
20.463
20.065
19.648
19.21
18.754
18.278
17.785
17.273
16.745
16.199
15.637
15.059
14.466
13.858
13.236
12.6
11.951
11.291
10.618
9.9345
9.2407
8.5374
7.8251
7.1047
6.3769
5.6425
4.9022
4.1567
3.4069
2.6535
1.8974
1.1392
0.37987
-0.37881
-1.1337
-1.8884
-1.784
-1.071
-0.35787
0.35886
1.0762
1.7924
2.5068
3.2185
3.9268
4.6311
5.3305
6.0243
6.7118
7.3924
8.0652
8.7297
9.3852
10.031
10.666
11.291
11.903
12.504
13.092
13.666
14.226
14.772
15.303
15.819
16.318
16.801
17.268
17.717
18.148
18.561
18.956
19.332
19.689
20.026
20.344
20.641
20.919
21.176
21.412
21.628
21.822
21.995
22.147
22.278
22.387
22.474
22.539
22.583
22.605
22.605
22.583
22.539
22.474
22.387
22.278
22.147
21.995
21.822
21.628
21.412
21.176
20.919
20.641
20.344
20.026
19.689
19.332
18.956
18.561
18.148
17.717
17.268
16.801
16.318
15.819
15.303
14.772
14.226
13.666
13.092
12.504
11.903
11.291
10.666
10.031
9.3852
8.7297
8.0652
7.3924
6.7118
6.0243
5.3305
4.6311
3.9268
3.2185
2.5068
1.7924
1.0762
0.35886
-0.35787
-1.071
-1.784
-1.6777
-1.0072
-0.33655
0.33749
1.0121
1.6857
2.3575
3.0268
3.6929
4.3552
5.013
5.6655
6.312
6.952
7.5848
8.2097
8.8261
9.4334
10.031
10.618
11.194
11.759
12.312
12.852
13.379
13.892
14.392
14.876
15.346
15.801
16.239
16.661
17.067
17.455
17.827
18.18
18.516
18.833
19.132
19.412
19.673
19.915
20.137
20.339
20.522
20.685
20.828
20.951
21.053
21.135
21.197
21.238
21.258
21.258
21.238
21.197
21.135
21.053
20.951
20.828
20.685
20.522
20.339
20.137
19.915
19.673
19.412
19.132
18.833
18.516
18.18
17.827
17.455
17.067
16.661
16.239
15.801
15.346
14.876
14.392
13.892
13.379
12.852
12.312
11.759
11.194
10.618
10.031
9.4334
8.8261
8.2097
7.5848
6.952
6.312
5.6655
5.013
4.3552
3.6929
3.0268
2.3575
1.6857
1.0121
0.33749
-0.33655
-1.0072
-1.6777
-1.5697
-0.9424
-0.31488
0.31576
0.94696
1.5772
2.2057
2.8319
3.4552
4.0749
4.6903
5.3008
5.9057
6.5045
7.0966
7.6812
8.258
8.8261
9.3852
9.9345
10.474
11.002
11.519
12.025
12.518
12.998
13.465
13.919
14.358
14.783
15.194
15.589
15.968
16.332
16.679
17.01
17.324
17.621
17.9
18.162
18.406
18.633
18.841
19.03
19.201
19.354
19.487
19.602
19.698
19.774
19.832
19.87
19.89
19.89
19.87
19.832
19.774
19.698
19.602
19.487
19.354
19.201
19.03
18.841
18.633
18.406
18.162
17.9
17.621
17.324
17.01
16.679
16.332
15.968
15.589
15.194
14.783
14.358
13.919
13.465
12.998
12.518
12.025
11.519
11.002
10.474
9.9345
9.3852
8.8261
8.258
7.6812
7.0966
6.5045
5.9057
5.3008
4.6903
4.0749
3.4552
2.8319
2.2057
1.5772
0.94696
0.31576
-0.31488
-0.9424
-1.5697
-1.4601
-0.87659
-0.29289
0.29371
0.88082
1.467
2.0517
2.6342
3.2139
3.7903
4.3627
4.9306
5.4933
6.0503
6.601
7.1448
7.6812
8.2097
8.7297
9.2407
9.7422
10.234
10.715
11.185
11.643
12.09
12.525
12.947
13.356
13.751
14.133
14.5
14.853
15.191
15.514
15.822
16.114
16.39
16.65
16.894
17.121
17.331
17.525
17.701
17.86
18.002
18.126
18.233
18.322
18.393
18.447
18.483
18.501
18.501
18.483
18.447
18.393
18.322
18.233
18.126
18.002
17.86
17.701
17.525
17.331
17.121
16.894
16.65
16.39
16.114
15.822
15.514
15.191
14.853
14.5
14.133
13.751
13.356
12.947
12.525
12.09
11.643
11.185
10.715
10.234
9.7422
9.2407
8.7297
8.2097
7.6812
7.1448
6.601
6.0503
5.4933
4.9306
4.3627
3.7903
3.2139
2.6342
2.0517
1.467
0.88082
0.29371
-0.29289
-0.87659
-1.4601
-1.349
-0.80986
-0.2706
0.27135
0.81378
1.3553
1.8955
2.4337
2.9693
3.5018
4.0306
4.5553
5.0751
5.5897
6.0985
6.601
7.0966
7.5848
8.0652
8.5374
9.0007
9.4548
9.8992
10.333
10.757
11.17
11.572
11.961
12.339
12.704
13.057
13.396
13.722
14.035
14.333
14.618
14.887
15.143
15.383
15.608
15.818
16.012
16.191
16.354
16.501
16.632
16.747
16.845
16.928
16.993
17.043
17.076
17.092
17.092
17.076
17.043
16.993
16.928
16.845
16.747
16.632
16.501
16.354
16.191
16.012
15.818
15.608
15.383
15.143
14.887
14.618
14.333
14.035
13.722
13.396
13.057
12.704
12.339
11.961
11.572
11.17
10.757
10.333
9.8992
9.4548
9.0007
8.5374
8.0652
7.5848
7.0966
6.601
6.0985
5.5897
5.0751
4.5553
4.0306
3.5018
2.9693
2.4337
1.8955
1.3553
0.81378
0.27135
-0.2706
-0.80986
-1.349
-1.2364
-0.7423
-0.24802
0.24872
0.74589
1.2423
1.7374
2.2306
2.7216
3.2096
3.6944
4.1752
4.6517
5.1234
5.5897
6.0503
6.5045
6.952
7.3924
7.8251
8.2498
8.666
9.0733
9.4714
9.8598
10.238
10.606
10.963
11.31
11.644
11.968
12.279
12.578
12.864
13.138
13.398
13.645
13.879
14.099
14.306
14.498
14.676
14.84
14.989
15.124
15.244
15.35
15.44
15.515
15.576
15.621
15.651
15.666
15.666
15.651
15.621
15.576
15.515
15.44
15.35
15.244
15.124
14.989
14.84
14.676
14.498
14.306
14.099
13.879
13.645
13.398
13.138
12.864
12.578
12.279
11.968
11.644
11.31
10.963
10.606
10.238
9.8598
9.4714
9.0733
8.666
8.2498
7.8251
7.3924
6.952
6.5045
6.0503
5.5897
5.1234
4.6517
4.1752
3.6944
3.2096
2.7216
2.2306
1.7374
1.2423
0.74589
0.24872
-0.24802
-0.7423
-1.2364
-1.1226
-0.67396
-0.22519
0.22582
0.67722
1.1279
1.5774
2.0253
2.471
2.9142
3.3543
3.7909
4.2235
4.6517
5.0751
5.4933
5.9057
6.312
6.7118
7.1047
7.4903
7.8682
8.238
8.5994
8.9521
9.2956
9.6297
9.9541
10.268
10.572
10.866
11.148
11.42
11.68
11.928
12.165
12.389
12.602
12.801
12.989
13.163
13.325
13.474
13.609
13.732
13.841
13.936
14.018
14.087
14.142
14.183
14.21
14.224
14.224
14.21
14.183
14.142
14.087
14.018
13.936
13.841
13.732
13.609
13.474
13.325
13.163
12.989
12.801
12.602
12.389
12.165
11.928
11.68
11.42
11.148
10.866
10.572
10.268
9.9541
9.6297
9.2956
8.9521
8.5994
8.238
7.8682
7.4903
7.1047
6.7118
6.312
5.9057
5.4933
5.0751
4.6517
4.2235
3.7909
3.3543
2.9142
2.471
2.0253
1.5774
1.1279
0.67722
0.22582
-0.22519
-0.67396
-1.1226
-1.0076
-0.60492
-0.20212
0.20269
0.60785
1.0124
1.4158
1.8178
2.2179
2.6156
3.0107
3.4025
3.7909
4.1752
4.5553
4.9306
5.3008
5.6655
6.0243
6.3769
6.723
7.0622
7.3941
7.7185
8.035
8.3434
8.6433
8.9344
9.2166
9.4894
9.7528
10.006
10.25
10.483
10.706
10.919
11.12
11.311
11.49
11.658
11.815
11.96
12.094
12.215
12.325
12.423
12.509
12.582
12.644
12.693
12.73
12.755
12.767
12.767
12.755
12.73
12.693
12.644
12.582
12.509
12.423
12.325
12.215
12.094
11.96
11.815
11.658
11.49
11.311
11.12
10.919
10.706
10.483
10.25
10.006
9.7528
9.4894
9.2166
8.9344
8.6433
8.3434
8.035
7.7185
7.3941
7.0622
6.723
6.3769
6.0243
5.6655
5.3008
4.9306
4.5553
4.1752
3.7909
3.4025
3.0107
2.6156
2.2179
1.8178
1.4158
1.0124
0.60785
0.20269
-0.20212
-0.60492
-1.0076
-0.89155
-0.53525
-0.17884
0.17934
0.53784
0.89578
1.2528
1.6085
1.9624
2.3144
2.6639
3.0107
3.3543
3.6944
4.0306
4.3627
4.6903
5.013
5.3305
5.6425
5.9487
6.2488
6.5425
6.8296
7.1096
7.3825
7.6478
7.9055
8.1551
8.3965
8.6295
8.8539
9.0694
9.2759
9.4732
9.6611
9.8394
10.008
10.167
10.316
10.454
10.583
10.701
10.809
10.906
10.992
11.068
11.133
11.188
11.231
11.264
11.286
11.297
11.297
11.286
11.264
11.231
11.188
11.133
11.068
10.992
10.906
10.809
10.701
10.583
10.454
10.316
10.167
10.008
9.8394
9.6611
9.4732
9.2759
9.0694
8.8539
8.6295
8.3965
8.1551
7.9055
7.6478
7.3825
7.1096
6.8296
6.5425
6.2488
5.9487
5.6425
5.3305
5.013
4.6903
4.3627
4.0306
3.6944
3.3543
3.0107
2.6639
2.3144
1.9624
1.6085
1.2528
0.89578
0.53784
0.17934
-0.17884
-0.53525
-0.89155
-0.77458
-0.46502
-0.15538
0.15581
0.46727
0.77824
1.0884
1.3974
1.705
2.0107
2.3144
2.6156
2.9142
3.2096
3.5018
3.7903
4.0749
4.3552
4.6311
4.9022
5.1682
5.4289
5.6841
5.9335
6.1768
6.4139
6.6444
6.8682
7.0851
7.2948
7.4973
7.6922
7.8794
8.0588
8.2302
8.3935
8.5484
8.6949
8.8328
8.9621
9.0826
9.1942
9.2968
9.3904
9.4748
9.55
9.6159
9.6726
9.7198
9.7577
9.7861
9.805
9.8145
9.8145
9.805
9.7861
9.7577
9.7198
9.6726
9.6159
9.55
9.4748
9.3904
9.2968
9.1942
9.0826
8.9621
8.8328
8.6949
8.5484
8.3935
8.2302
8.0588
7.8794
7.6922
7.4973
7.2948
7.0851
6.8682
6.6444
6.4139
6.1768
5.9335
5.6841
5.4289
5.1682
4.9022
4.6311
4.3552
4.0749
3.7903
3.5018
3.2096
2.9142
2.6156
2.3144
2.0107
1.705
1.3974
1.0884
0.77824
0.46727
0.15581
-0.15538
-0.46502
-0.77458
-0.65679
-0.39431
-0.13175
0.13212
0.39622
0.6599
0.92289
1.1849
1.4457
1.705
1.9624
2.2179
2.471
2.7216
2.9693
3.2139
3.4552
3.6929
3.9268
4.1567
4.3823
4.6034
4.8197
5.0312
5.2375
5.4385
5.634
5.8238
6.0077
6.1855
6.3572
6.5225
6.6812
6.8334
6.9787
7.1171
7.2485
7.3727
7.4897
7.5993
7.7014
7.7961
7.8831
7.9624
8.034
8.0978
8.1537
8.2017
8.2417
8.2738
8.2979
8.314
8.322
8.322
8.314
8.2979
8.2738
8.2417
8.2017
8.1537
8.0978
8.034
7.9624
7.8831
7.7961
7.7014
7.5993
7.4897
7.3727
7.2485
7.1171
6.9787
6.8334
6.6812
6.5225
6.3572
6.1855
6.0077
5.8238
5.634
5.4385
5.2375
5.0312
4.8197
4.6034
4.3823
4.1567
3.9268
3.6929
3.4552
3.2139
2.9693
2.7216
2.471
2.2179
1.9624
1.705
1.4457
1.1849
0.92289
0.6599
0.39622
0.13212
-0.13175
-0.39431
-0.65679
-0.53831
-0.32318
-0.10798
0.10829
0.32474
0.54086
0.75641
0.97117
1.1849
1.3974
1.6085
1.8178
2.0253
2.2306
2.4337
2.6342
2.8319
3.0268
3.2185
3.4069
3.5918
3.773
3.9503
4.1236
4.2927
4.4575
4.6177
4.7732
4.924
5.0698
5.2104
5.3459
5.476
5.6007
5.7198
5.8333
5.9409
6.0428
6.1386
6.2285
6.3122
6.3898
6.4611
6.5261
6.5848
6.637
6.6829
6.7222
6.7551
6.7814
6.8011
6.8143
6.8209
6.8209
6.8143
6.8011
6.7814
6.7551
6.7222
6.6829
6.637
6.5848
6.5261
6.4611
6.3898
6.3122
6.2285
6.1386
6.0428
5.9409
5.8333
5.7198
5.6007
5.476
5.3459
5.2104
5.0698
4.924
4.7732
4.6177
4.4575
4.2927
4.1236
3.9503
3.773
3.5918
3.4069
3.2185
3.0268
2.8319
2.6342
2.4337
2.2306
2.0253
1.8178
1.6085
1.3974
1.1849
0.97117
0.75641
0.54086
0.32474
0.10829
-0.10798
-0.32318
-0.53831
-0.41927
-0.25172
-0.084106
0.08434
0.25293
0.42126
0.58914
0.75641
0.92289
1.0884
1.2528
1.4158
1.5774
1.7374
1.8955
2.0517
2.2057
2.3575
2.5068
2.6535
2.7975
2.9387
3.0768
3.2118
3.3435
3.4718
3.5966
3.7177
3.8351
3.9487
4.0582
4.1638
4.2651
4.3622
4.455
4.5433
4.6272
4.7065
4.7812
4.8511
4.9164
4.9768
5.0323
5.083
5.1287
5.1694
5.2051
5.2357
5.2613
5.2818
5.2972
5.3074
5.3125
5.3125
5.3074
5.2972
5.2818
5.2613
5.2357
5.2051
5.1694
5.1287
5.083
5.0323
4.9768
4.9164
4.8511
4.7812
4.7065
4.6272
4.5433
4.455
4.3622
4.2651
4.1638
4.0582
3.9487
3.8351
3.7177
3.5966
3.4718
3.3435
3.2118
3.0768
2.9387
2.7975
2.6535
2.5068
2.3575
2.2057
2.0517
1.8955
1.7374
1.5774
1.4158
1.2528
1.0884
0.92289
0.75641
0.58914
0.42126
0.25293
0.08434
-0.084106
-0.25172
-0.41927
-0.2998
-0.17999
-0.060139
0.060306
0.18086
0.30122
0.42126
0.54086
0.6599
0.77824
0.89578
1.0124
1.1279
1.2423
1.3553
1.467
1.5772
1.6857
1.7924
1.8974
2.0003
2.1012
2.2
2.2965
2.3907
2.4825
2.5717
2.6583
2.7423
2.8234
2.9018
2.9772
3.0497
3.1191
3.1855
3.2487
3.3086
3.3653
3.4187
3.4687
3.5154
3.5586
3.5983
3.6345
3.6672
3.6963
3.7218
3.7437
3.762
3.7767
3.7877
3.795
3.7987
3.7987
3.795
3.7877
3.7767
3.762
3.7437
3.7218
3.6963
3.6672
3.6345
3.5983
3.5586
3.5154
3.4687
3.4187
3.3653
3.3086
3.2487
3.1855
3.1191
3.0497
2.9772
2.9018
2.8234
2.7423
2.6583
2.5717
2.4825
2.3907
2.2965
2.2
2.1012
2.0003
1.8974
1.7924
1.6857
1.5772
1.467
1.3553
1.2423
1.1279
1.0124
0.89578
0.77824
0.6599
0.54086
0.42126
0.30122
0.18086
0.060306
-0.060139
-0.17999
-0.2998
-0.18
-0.10807
-0.036108
0.036209
0.10859
0.18086
0.25293
0.32474
0.39622
0.46727
0.53784
0.60785
0.67722
0.74589
0.81378
0.88082
0.94696
1.0121
1.0762
1.1392
1.201
1.2616
1.3209
1.3789
1.4354
1.4905
1.5441
1.5961
1.6465
1.6952
1.7423
1.7876
1.8311
1.8728
1.9126
1.9506
1.9866
2.0206
2.0527
2.0827
2.1107
2.1366
2.1605
2.1822
2.2018
2.2193
2.2346
2.2478
2.2588
2.2676
2.2742
2.2786
2.2808
2.2808
2.2786
2.2742
2.2676
2.2588
2.2478
2.2346
2.2193
2.2018
2.1822
2.1605
2.1366
2.1107
2.0827
2.0527
2.0206
1.9866
1.9506
1.9126
1.8728
1.8311
1.7876
1.7423
1.6952
1.6465
1.5961
1.5441
1.4905
1.4354
1.3789
1.3209
1.2616
1.201
1.1392
1.0762
1.0121
0.94696
0.88082
0.81378
0.74589
0.67722
0.60785
0.53784
0.46727
0.39622
0.32474
0.25293
0.18086
0.10859
0.036209
-0.036108
-0.10807
-0.18
-0.060022
-0.036035
-0.01204
0.012074
0.036209
0.060306
0.08434
0.10829
0.13212
0.15581
0.17934
0.20269
0.22582
0.24872
0.27135
0.29371
0.31576
0.33749
0.35886
0.37987
0.40049
0.42069
0.44046
0.45979
0.47864
0.49701
0.51488
0.53222
0.54903
0.56528
0.58097
0.59607
0.61058
0.62448
0.63776
0.65041
0.66242
0.67377
0.68446
0.69448
0.70381
0.71246
0.72041
0.72766
0.7342
0.74003
0.74514
0.74953
0.75319
0.75612
0.75833
0.75979
0.76053
0.76053
0.75979
0.75833
0.75612
0.75319
0.74953
0.74514
0.74003
0.7342
0.72766
0.72041
0.71246
0.70381
0.69448
0.68446
0.67377
0.66242
0.65041
0.63776
0.62448
0.61058
0.59607
0.58097
0.56528
0.54903
0.53222
0.51488
0.49701
0.47864
0.45979
0.44046
0.42069
0.40049
0.37987
0.35886
0.33749
0.31576
0.29371
0.27135
0.24872
0.22582
0.20269
0.17934
0.15581
0.13212
0.10829
0.08434
0.060306
0.036209
0.012074
-0.01204
-0.036035
-0.060022
0.059855
0.035934
0.012007
-0.01204
-0.036108
-0.060139
-0.084106
-0.10798
-0.13175
-0.15538
-0.17884
-0.20212
-0.22519
-0.24802
-0.2706
-0.29289
-0.31488
-0.33655
-0.35787
-0.37881
-0.39937
-0.41952
-0.43924
-0.45851
-0.47731
-0.49563
-0.51344
-0.53074
-0.5475
-0.56371
-0.57935
-0.59441
-0.60888
-0.62275
-0.63599
-0.6486
-0.66058
-0.6719
-0.68256
-0.69255
-0.70186
-0.71048
-0.71841
-0.72564
-0.73216
-0.73797
-0.74307
-0.74745
-0.7511
-0.75402
-0.75622
-0.75768
-0.75841
-0.75841
-0.75768
-0.75622
-0.75402
-0.7511
-0.74745
-0.74307
-0.73797
-0.73216
-0.72564
-0.71841
-0.71048
-0.70186
-0.69255
-0.68256
-0.6719
-0.66058
-0.6486
-0.63599
-0.62275
-0.60888
-0.59441
-0.57935
-0.56371
-0.5475
-0.53074
-0.51344
-0.49563
-0.47731
-0.45851
-0.43924
-0.41952
-0.39937
-0.37881
-0.35787
-0.33655
-0.31488
-0.29289
-0.2706
-0.24802
-0.22519
-0.20212
-0.17884
-0.15538
-0.13175
-0.10798
-0.084106
-0.060139
-0.036108
-0.01204
0.012007
0.035934
0.059855
0.17967
0.10778
0.035934
-0.036035
-0.10807
-0.17999
-0.25172
-0.32318
-0.39431
-0.46502
-0.53525
-0.60492
-0.67396
-0.7423
-0.80986
-0.87659
-0.9424
-1.0072
-1.071
-1.1337
-1.1953
-1.2556
-1.3146
-1.3722
-1.4285
-1.4833
-1.5367
-1.5884
-1.6386
-1.6871
-1.7339
-1.779
-1.8223
-1.8638
-1.9034
-1.9412
-1.977
-2.0109
-2.0428
-2.0727
-2.1005
-2.1264
-2.1501
-2.1717
-2.1912
-2.2086
-2.2239
-2.237
-2.2479
-2.2567
-2.2632
-2.2676
-2.2698
-2.2698
-2.2676
-2.2632
-2.2567
-2.2479
-2.237
-2.2239
-2.2086
-2.1912
-2.1717
-2.1501
-2.1264
-2.1005
-2.0727
-2.0428
-2.0109
-1.977
-1.9412
-1.9034
-1.8638
-1.8223
-1.779
-1.7339
-1.6871
-1.6386
-1.5884
-1.5367
-1.4833
-1.4285
-1.3722
-1.3146
-1.2556
-1.1953
-1.1337
-1.071
-1.0072
-0.9424
-0.87659
-0.80986
-0.7423
-0.67396
-0.60492
-0.53525
-0.46502
-0.39431
-0.32318
-0.25172
-0.17999
-0.10807
-0.036035
0.035934
0.10778
0.17967
0.29956
0.17967
0.059855
-0.060022
-0.18
-0.2998
-0.41927
-0.53831
-0.65679
-0.77458
-0.89155
-1.0076
-1.1226
-1.2364
-1.349
-1.4601
-1.5697
-1.6777
-1.784
-1.8884
-1.9909
-2.0913
-2.1896
-2.2857
-2.3794
-2.4708
-2.5596
-2.6458
-2.7293
-2.8101
-2.8881
-2.9632
-3.0353
-3.1044
-3.1705
-3.2333
-3.293
-3.3495
-3.4026
-3.4524
-3.4988
-3.5418
-3.5813
-3.6174
-3.6499
-3.6789
-3.7043
-3.7261
-3.7443
-3.7589
-3.7698
-3.7771
-3.7808
-3.7808
-3.7771
-3.7698
-3.7589
-3.7443
-3.7261
-3.7043
-3.6789
-3.6499
-3.6174
-3.5813
-3.5418
-3.4988
-3.4524
-3.4026
-3.3495
-3.293
-3.2333
-3.1705
-3.1044
-3.0353
-2.9632
-2.8881
-2.8101
-2.7293
-2.6458
-2.5596
-2.4708
-2.3794
-2.2857
-2.1896
-2.0913
-1.9909
-1.8884
-1.784
-1.6777
-1.5697
-1.4601
-1.349
-1.2364
-1.1226
-1.0076
-0.89155
-0.77458
-0.65679
-0.53831
-0.41927
-0.2998
-0.18
-0.060022
0.059855
0.17967
0.29956
