0.64172
0.38505
0.1283
-0.12866
-0.38576
-0.64223
-0.89764
-1.1516
-1.4036
-1.6534
-1.9005
-2.1446
-2.3853
-2.6222
-2.855
-3.0834
-3.3072
-3.5259
-3.7395
-3.9475
-4.15
-4.3465
-4.537
-4.7213
-4.8994
-5.071
-5.2361
-5.3947
-5.5466
-5.6919
-5.8306
-5.9626
-6.0879
-6.2067
-6.3189
-6.4246
-6.5238
-6.6167
-6.7032
-6.7835
-6.8576
-6.9256
-6.9877
-7.0438
-7.094
-7.1385
-7.1773
-7.2104
-7.2379
-7.2598
-7.2763
-7.2872
-7.2927
-7.2927
-7.2872
-7.2763
-7.2598
-7.2379
-7.2104
-7.1773
-7.1385
-7.094
-7.0438
-6.9877
-6.9256
-6.8576
-6.7835
-6.7032
-6.6167
-6.5238
-6.4246
-6.3189
-6.2067
-6.0879
-5.9626
-5.8306
-5.6919
-5.5466
-5.3947
-5.2361
-5.071
-4.8994
-4.7213
-4.537
-4.3465
-4.15
-3.9475
-3.7395
-3.5259
-3.3072
-3.0834
-2.855
-2.6222
-2.3853
-2.1446
-1.9005
-1.6534
-1.4036
-1.1516
-0.89764
-0.64223
-0.38576
-0.12866
0.1283
0.38505
0.64172
0.38505
0.23107
0.077055
-0.077271
-0.23169
-0.38572
-0.53912
-0.69163
-0.84302
-0.99304
-1.1415
-1.288
-1.4326
-1.5749
-1.7147
-1.8519
-1.9863
-2.1177
-2.2459
-2.3709
-2.4924
-2.6105
-2.7249
-2.8356
-2.9425
-3.0456
-3.1448
-3.24
-3.3313
-3.4185
-3.5018
-3.5811
-3.6564
-3.7277
-3.7951
-3.8586
-3.9182
-3.9739
-4.0259
-4.0741
-4.1186
-4.1595
-4.1968
-4.2305
-4.2607
-4.2874
-4.3106
-4.3305
-4.347
-4.3602
-4.3701
-4.3767
-4.3799
-4.3799
-4.3767
-4.3701
-4.3602
-4.347
-4.3305
-4.3106
-4.2874
-4.2607
-4.2305
-4.1968
-4.1595
-4.1186
-4.0741
-4.0259
-3.9739
-3.9182
-3.8586
-3.7951
-3.7277
-3.6564
-3.5811
-3.5018
-3.4185
-3.3313
-3.24
-3.1448
-3.0456
-2.9425
-2.8356
-2.7249
-2.6105
-2.4924
-2.3709
-2.2459
-2.1177
-1.9863
-1.8519
-1.7147
-1.5749
-1.4326
-1.288
-1.1415
-0.99304
-0.84302
-0.69163
-0.53912
-0.38572
-0.23169
-0.077271
0.077055
0.23107
0.38505
0.1283
0.077055
0.025752
-0.025823
-0.077428
-0.1289
-0.18017
-0.23114
-0.28173
-0.33187
-0.38147
-0.43046
-0.47876
-0.52632
-0.57305
-0.6189
-0.6638
-0.70771
-0.75057
-0.79233
-0.83296
-0.87241
-0.91065
-0.94765
-0.98338
-1.0178
-1.051
-1.0828
-1.1133
-1.1425
-1.1703
-1.1968
-1.2219
-1.2458
-1.2683
-1.2895
-1.3094
-1.3281
-1.3454
-1.3616
-1.3764
-1.3901
-1.4025
-1.4138
-1.4239
-1.4328
-1.4406
-1.4472
-1.4528
-1.4572
-1.4605
-1.4627
-1.4638
-1.4638
-1.4627
-1.4605
-1.4572
-1.4528
-1.4472
-1.4406
-1.4328
-1.4239
-1.4138
-1.4025
-1.3901
-1.3764
-1.3616
-1.3454
-1.3281
-1.3094
-1.2895
-1.2683
-1.2458
-1.2219
-1.1968
-1.1703
-1.1425
-1.1133
-1.0828
-1.051
-1.0178
-0.98338
-0.94765
-0.91065
-0.87241
-0.83296
-0.79233
-0.75057
-0.70771
-0.6638
-0.6189
-0.57305
-0.52632
-0.47876
-0.43046
-0.38147
-0.33187
-0.28173
-0.23114
-0.18017
-0.1289
-0.077428
-0.025823
0.025752
0.077055
0.1283
-0.12866
-0.077271
-0.025823
0.025895
0.077644
0.12926
0.18067
0.23178
0.28252
0.33279
0.38253
0.43166
0.4801
0.52778
0.57464
0.62062
0.66565
0.70968
0.75266
0.79454
0.83528
0.87484
0.91318
0.95029
0.98612
1.0207
1.0539
1.0858
1.1164
1.1456
1.1735
1.2001
1.2253
1.2493
1.2718
1.2931
1.3131
1.3318
1.3492
1.3653
1.3803
1.394
1.4064
1.4177
1.4279
1.4368
1.4446
1.4513
1.4568
1.4612
1.4645
1.4667
1.4678
1.4678
1.4667
1.4645
1.4612
1.4568
1.4513
1.4446
1.4368
1.4279
1.4177
1.4064
1.394
1.3803
1.3653
1.3492
1.3318
1.3131
1.2931
1.2718
1.2493
1.2253
1.2001
1.1735
1.1456
1.1164
1.0858
1.0539
1.0207
0.98612
0.95029
0.91318
0.87484
0.83528
0.79454
0.75266
0.70968
0.66565
0.62062
0.57464
0.52778
0.4801
0.43166
0.38253
0.33279
0.28252
0.23178
0.18067
0.12926
0.077644
0.025895
-0.025823
-0.077271
-0.12866
-0.38576
-0.23169
-0.077428
0.077644
0.2328
0.38758
0.54172
0.69497
0.84709
0.99783
1.147
1.2943
1.4395
1.5825
1.723
1.8608
1.9959
2.1279
2.2567
2.3823
2.5045
2.6231
2.738
2.8493
2.9567
3.0603
3.1599
3.2556
3.3473
3.435
3.5187
3.5984
3.674
3.7457
3.8134
3.8772
3.9371
3.9931
4.0453
4.0938
4.1385
4.1796
4.217
4.2509
4.2812
4.3081
4.3315
4.3514
4.368
4.3813
4.3912
4.3978
4.4011
4.4011
4.3978
4.3912
4.3813
4.368
4.3514
4.3315
4.3081
4.2812
4.2509
4.217
4.1796
4.1385
4.0938
4.0453
3.9931
3.9371
3.8772
3.8134
3.7457
3.674
3.5984
3.5187
3.435
3.3473
3.2556
3.1599
3.0603
2.9567
2.8493
2.738
2.6231
2.5045
2.3823
2.2567
2.1279
1.9959
1.8608
1.723
1.5825
1.4395
1.2943
1.147
0.99783
0.84709
0.69497
0.54172
0.38758
0.2328
0.077644
-0.077428
-0.23169
-0.38576
-0.64223
-0.38572
-0.1289
0.12926
0.38758
0.64525
0.90187
1.157
1.4103
1.6612
1.9095
2.1547
2.3965
2.6346
2.8685
3.098
3.3228
3.5426
3.7571
3.9662
4.1695
4.367
4.5584
4.7436
4.9225
5.0949
5.2608
5.4201
5.5728
5.7188
5.8581
5.9907
6.1167
6.236
6.3487
6.4549
6.5546
6.6479
6.7348
6.8155
6.89
6.9583
7.0207
7.077
7.1275
7.1722
7.2112
7.2444
7.2721
7.2941
7.3106
7.3216
7.3271
7.3271
7.3216
7.3106
7.2941
7.2721
7.2444
7.2112
7.1722
7.1275
7.077
7.0207
6.9583
6.89
6.8155
6.7348
6.6479
6.5546
6.4549
6.3487
6.236
6.1167
5.9907
5.8581
5.7188
5.5728
5.4201
5.2608
5.0949
4.9225
4.7436
4.5584
4.367
4.1695
3.9662
3.7571
3.5426
3.3228
3.098
2.8685
2.6346
2.3965
2.1547
1.9095
1.6612
1.4103
1.157
0.90187
0.64525
0.38758
0.12926
-0.1289
-0.38572
-0.64223
-0.89764
-0.53912
-0.18017
0.18067
0.54172
0.90187
1.2605
1.6172
1.9711
2.3219
2.6689
3.0117
3.3496
3.6823
4.0093
4.3301
4.6442
4.9514
5.2513
5.5435
5.8277
6.1037
6.3713
6.6301
6.8801
7.1211
7.353
7.5757
7.7891
7.9931
8.1878
8.3732
8.5493
8.716
8.8736
9.022
9.1614
9.2918
9.4133
9.526
9.6301
9.7257
9.8128
9.8916
9.9622
10.025
10.079
10.126
10.164
10.195
10.218
10.233
10.241
10.241
10.233
10.218
10.195
10.164
10.126
10.079
10.025
9.9622
9.8916
9.8128
9.7257
9.6301
9.526
9.4133
9.2918
9.1614
9.022
8.8736
8.716
8.5493
8.3732
8.1878
7.9931
7.7891
7.5757
7.353
7.1211
6.8801
6.6301
6.3713
6.1037
5.8277
5.5435
5.2513
4.9514
4.6442
4.3301
4.0093
3.6823
3.3496
3.0117
2.6689
2.3219
1.9711
1.6172
1.2605
0.90187
0.54172
0.18067
-0.18017
-0.53912
-0.89764
-1.1516
-0.69163
-0.23114
0.23178
0.69497
1.157
1.6172
2.0746
2.5288
2.9788
3.424
3.8637
4.2972
4.7241
5.1435
5.555
5.9581
6.3522
6.7369
7.1118
7.4764
7.8305
8.1737
8.5058
8.8265
9.1357
9.4332
9.7188
9.9926
10.254
10.504
10.742
10.968
11.182
11.384
11.574
11.753
11.92
12.076
12.221
12.354
12.477
12.589
12.69
12.78
12.861
12.93
12.99
13.04
13.079
13.109
13.128
13.138
13.138
13.128
13.109
13.079
13.04
12.99
12.93
12.861
12.78
12.69
12.589
12.477
12.354
12.221
12.076
11.92
11.753
11.574
11.384
11.182
10.968
10.742
10.504
10.254
9.9926
9.7188
9.4332
9.1357
8.8265
8.5058
8.1737
7.8305
7.4764
7.1118
6.7369
6.3522
5.9581
5.555
5.1435
4.7241
4.2972
3.8637
3.424
2.9788
2.5288
2.0746
1.6172
1.157
0.69497
0.23178
-0.23114
-0.69163
-1.1516
-1.4036
-0.84302
-0.28173
0.28252
0.84709
1.4103
1.9711
2.5288
3.0823
3.6308
4.1734
4.7094
5.2378
5.7581
6.2693
6.7709
7.2622
7.7426
8.2115
8.6684
9.1129
9.5445
9.9628
10.368
10.759
11.135
11.498
11.846
12.18
12.499
12.803
13.093
13.369
13.629
13.876
14.108
14.326
14.53
14.72
14.896
15.059
15.208
15.344
15.468
15.578
15.676
15.761
15.833
15.894
15.942
15.978
16.002
16.014
16.014
16.002
15.978
15.942
15.894
15.833
15.761
15.676
15.578
15.468
15.344
15.208
15.059
14.896
14.72
14.53
14.326
14.108
13.876
13.629
13.369
13.093
12.803
12.499
12.18
11.846
11.498
11.135
10.759
10.368
9.9628
9.5445
9.1129
8.6684
8.2115
7.7426
7.2622
6.7709
6.2693
5.7581
5.2378
4.7094
4.1734
3.6308
3.0823
2.5288
1.9711
1.4103
0.84709
0.28252
-0.28173
-0.84302
-1.4036
-1.6534
-0.99304
-0.33187
0.33279
0.99783
1.6612
2.3219
2.9788
3.6308
4.2769
4.9161
5.5474
6.1699
6.7828
7.385
7.9759
8.5546
9.1204
9.6728
10.211
10.735
11.243
11.736
12.213
12.673
13.117
13.544
13.954
14.347
14.723
15.082
15.423
15.748
16.055
16.345
16.618
16.875
17.115
17.339
17.547
17.738
17.915
18.075
18.22
18.35
18.465
18.565
18.651
18.722
18.779
18.822
18.85
18.864
18.864
18.85
18.822
18.779
18.722
18.651
18.565
18.465
18.35
18.22
18.075
17.915
17.738
17.547
17.339
17.115
16.875
16.618
16.345
16.055
15.748
15.423
15.082
14.723
14.347
13.954
13.544
13.117
12.673
12.213
11.736
11.243
10.735
10.211
9.6728
9.1204
8.5546
7.9759
7.385
6.7828
6.1699
5.5474
4.9161
4.2769
3.6308
2.9788
2.3219
1.6612
0.99783
0.33279
-0.33187
-0.99304
-1.6534
-1.9005
-1.1415
-0.38147
0.38253
1.147
1.9095
2.6689
3.424
4.1734
4.9161
5.6508
6.3765
7.0921
7.7965
8.4887
9.1679
9.8331
10.484
11.118
11.737
12.339
12.923
13.49
14.038
14.567
15.077
15.568
16.04
16.492
16.924
17.336
17.728
18.101
18.454
18.788
19.102
19.397
19.673
19.931
20.169
20.39
20.592
20.776
20.943
21.093
21.225
21.34
21.439
21.52
21.586
21.635
21.667
21.683
21.683
21.667
21.635
21.586
21.52
21.439
21.34
21.225
21.093
20.943
20.776
20.592
20.39
20.169
19.931
19.673
19.397
19.102
18.788
18.454
18.101
17.728
17.336
16.924
16.492
16.04
15.568
15.077
14.567
14.038
13.49
12.923
12.339
11.737
11.118
10.484
9.8331
9.1679
8.4887
7.7965
7.0921
6.3765
5.6508
4.9161
4.1734
3.424
2.6689
1.9095
1.147
0.38253
-0.38147
-1.1415
-1.9005
-2.1446
-1.288
-0.43046
0.43166
1.2943
2.1547
3.0117
3.8637
4.7094
5.5474
6.3765
7.1954
8.0029
8.7977
9.5789
10.345
11.096
11.83
12.546
13.244
13.924
14.583
15.222
15.841
16.438
17.014
17.568
18.1
18.61
19.097
19.562
20.005
20.426
20.824
21.201
21.555
21.888
22.2
22.49
22.76
23.008
23.237
23.445
23.633
23.802
23.951
24.081
24.192
24.284
24.358
24.413
24.45
24.468
24.468
24.45
24.413
24.358
24.284
24.192
24.081
23.951
23.802
23.633
23.445
23.237
23.008
22.76
22.49
22.2
21.888
21.555
21.201
20.824
20.426
20.005
19.562
19.097
18.61
18.1
17.568
17.014
16.438
15.841
15.222
14.583
13.924
13.244
12.546
11.83
11.096
10.345
9.5789
8.7977
8.0029
7.1954
6.3765
5.5474
4.7094
3.8637
3.0117
2.1547
1.2943
0.43166
-0.43046
-1.288
-2.1446
-2.3853
-1.4326
-0.47876
0.4801
1.4395
2.3965
3.3496
4.2972
5.2378
6.1699
7.0921
8.0029
8.901
9.785
10.654
11.506
12.341
13.157
13.954
14.731
15.486
16.219
16.93
17.618
18.283
18.923
19.539
20.131
20.698
21.24
21.758
22.25
22.718
23.161
23.58
23.974
24.345
24.691
25.014
25.314
25.59
25.844
26.076
26.285
26.473
26.639
26.783
26.907
27.009
27.091
27.153
27.193
27.214
27.214
27.193
27.153
27.091
27.009
26.907
26.783
26.639
26.473
26.285
26.076
25.844
25.59
25.314
25.014
24.691
24.345
23.974
23.58
23.161
22.718
22.25
21.758
21.24
20.698
20.131
19.539
18.923
18.283
17.618
16.93
16.219
15.486
14.731
13.954
13.157
12.341
11.506
10.654
9.785
8.901
8.0029
7.0921
6.1699
5.2378
4.2972
3.3496
2.3965
1.4395
0.4801
-0.47876
-1.4326
-2.3853
-2.6222
-1.5749
-0.52632
0.52778
1.5825
2.6346
3.6823
4.7241
5.7581
6.7828
7.7965
8.7977
9.785
10.757
11.712
12.649
13.567
14.464
15.34
16.194
17.024
17.83
18.612
19.368
20.098
20.803
21.48
22.13
22.754
23.35
23.919
24.46
24.974
25.462
25.922
26.356
26.763
27.144
27.499
27.828
28.132
28.411
28.666
28.896
29.102
29.284
29.444
29.579
29.692
29.782
29.85
29.894
29.917
29.917
29.894
29.85
29.782
29.692
29.579
29.444
29.284
29.102
28.896
28.666
28.411
28.132
27.828
27.499
27.144
26.763
26.356
25.922
25.462
24.974
24.46
23.919
23.35
22.754
22.13
21.48
20.803
20.098
19.368
18.612
17.83
17.024
16.194
15.34
14.464
13.567
12.649
11.712
10.757
9.785
8.7977
7.7965
6.7828
5.7581
4.7241
3.6823
2.6346
1.5825
0.52778
-0.52632
-1.5749
-2.6222
-2.855
-1.7147
-0.57305
0.57464
1.723
2.8685
4.0093
5.1435
6.2693
7.385
8.4887
9.5789
10.654
11.712
12.752
13.772
14.771
15.749
16.702
17.632
18.536
19.414
20.265
21.088
21.883
22.65
23.387
24.095
24.774
25.423
26.042
26.632
27.192
27.722
28.224
28.696
29.139
29.554
29.94
30.299
30.63
30.934
31.211
31.462
31.686
31.885
32.058
32.206
32.329
32.427
32.5
32.549
32.573
32.573
32.549
32.5
32.427
32.329
32.206
32.058
31.885
31.686
31.462
31.211
30.934
30.63
30.299
29.94
29.554
29.139
28.696
28.224
27.722
27.192
26.632
26.042
25.423
24.774
24.095
23.387
22.65
21.883
21.088
20.265
19.414
18.536
17.632
16.702
15.749
14.771
13.772
12.752
11.712
10.654
9.5789
8.4887
7.385
6.2693
5.1435
4.0093
2.8685
1.723
0.57464
-0.57305
-1.7147
-2.855
-3.0834
-1.8519
-0.6189
0.62062
1.8608
3.098
4.3301
5.555
6.7709
7.9759
9.1679
10.345
11.506
12.649
13.772
14.874
15.953
17.009
18.039
19.042
20.019
20.967
21.886
22.775
23.634
24.462
25.258
26.023
26.756
27.457
28.126
28.763
29.368
29.941
30.482
30.992
31.47
31.918
32.336
32.723
33.081
33.409
33.708
33.979
34.221
34.436
34.623
34.783
34.915
35.021
35.1
35.153
35.18
35.18
35.153
35.1
35.021
34.915
34.783
34.623
34.436
34.221
33.979
33.708
33.409
33.081
32.723
32.336
31.918
31.47
30.992
30.482
29.941
29.368
28.763
28.126
27.457
26.756
26.023
25.258
24.462
23.634
22.775
21.886
20.967
20.019
19.042
18.039
17.009
15.953
14.874
13.772
12.649
11.506
10.345
9.1679
7.9759
6.7709
5.555
4.3301
3.098
1.8608
0.62062
-0.6189
-1.8519
-3.0834
-3.3072
-1.9863
-0.6638
0.66565
1.9959
3.3228
4.6442
5.9581
7.2622
8.5546
9.8331
11.096
12.341
13.567
14.771
15.953
17.111
18.243
19.348
20.424
21.471
22.488
23.474
24.428
25.349
26.237
27.091
27.911
28.698
29.449
30.167
30.85
31.499
32.113
32.694
33.24
33.754
34.234
34.682
35.097
35.481
35.833
36.154
36.444
36.704
36.935
37.135
37.307
37.449
37.562
37.647
37.704
37.732
37.732
37.704
37.647
37.562
37.449
37.307
37.135
36.935
36.704
36.444
36.154
35.833
35.481
35.097
34.682
34.234
33.754
33.24
32.694
32.113
31.499
30.85
30.167
29.449
28.698
27.911
27.091
26.237
25.349
24.428
23.474
22.488
21.471
20.424
19.348
18.243
17.111
15.953
14.771
13.567
12.341
11.096
9.8331
8.5546
7.2622
5.9581
4.6442
3.3228
1.9959
0.66565
-0.6638
-1.9863
-3.3072
-3.5259
-2.1177
-0.70771
0.70968
2.1279
3.5426
4.9514
6.3522
7.7426
9.1204
10.484
11.83
13.157
14.464
15.749
17.009
18.243
19.449
20.627
21.775
22.892
23.976
25.027
26.044
27.026
27.972
28.883
29.758
30.596
31.398
32.162
32.891
33.582
34.237
34.856
35.439
35.987
36.499
36.976
37.419
37.828
38.203
38.546
38.855
39.133
39.378
39.592
39.774
39.926
40.047
40.138
40.198
40.228
40.228
40.198
40.138
40.047
39.926
39.774
39.592
39.378
39.133
38.855
38.546
38.203
37.828
37.419
36.976
36.499
35.987
35.439
34.856
34.237
33.582
32.891
32.162
31.398
30.596
29.758
28.883
27.972
27.026
26.044
25.027
23.976
22.892
21.775
20.627
19.449
18.243
17.009
15.749
14.464
13.157
11.83
10.484
9.1204
7.7426
6.3522
4.9514
3.5426
2.1279
0.70968
-0.70771
-2.1177
-3.5259
-3.7395
-2.2459
-0.75057
0.75266
2.2567
3.7571
5.2513
6.7369
8.2115
9.6728
11.118
12.546
13.954
15.34
16.702
18.039
19.348
20.627
21.877
23.094
24.278
25.428
26.542
27.621
28.662
29.666
30.632
31.56
32.449
33.299
34.11
34.883
35.616
36.311
36.967
37.586
38.166
38.709
39.216
39.685
40.119
40.517
40.88
41.209
41.503
41.763
41.99
42.183
42.344
42.473
42.569
42.633
42.665
42.665
42.633
42.569
42.473
42.344
42.183
41.99
41.763
41.503
41.209
40.88
40.517
40.119
39.685
39.216
38.709
38.166
37.586
36.967
36.311
35.616
34.883
34.11
33.299
32.449
31.56
30.632
29.666
28.662
27.621
26.542
25.428
24.278
23.094
21.877
20.627
19.348
18.039
16.702
15.34
13.954
12.546
11.118
9.6728
8.2115
6.7369
5.2513
3.7571
2.2567
0.75266
-0.75057
-2.2459
-3.7395
-3.9475
-2.3709
-0.79233
0.79454
2.3823
3.9662
5.5435
7.1118
8.6684
10.211
11.737
13.244
14.731
16.194
17.632
19.042
20.424
21.775
23.094
24.379
25.629
26.843
28.019
29.158
30.257
31.317
32.337
33.316
34.255
35.152
36.008
36.824
37.598
38.331
39.024
39.677
40.29
40.864
41.398
41.894
42.352
42.772
43.155
43.502
43.812
44.087
44.326
44.531
44.701
44.836
44.938
45.005
45.039
45.039
45.005
44.938
44.836
44.701
44.531
44.326
44.087
43.812
43.502
43.155
42.772
42.352
41.894
41.398
40.864
40.29
39.677
39.024
38.331
37.598
36.824
36.008
35.152
34.255
33.316
32.337
31.317
30.257
29.158
28.019
26.843
25.629
24.379
23.094
21.775
20.424
19.042
17.632
16.194
14.731
13.244
11.737
10.211
8.6684
7.1118
5.5435
3.9662
2.3823
0.79454
-0.79233
-2.3709
-3.9475
-4.15
-2.4924
-0.83296
0.83528
2.5045
4.1695
5.8277
7.4764
9.1129
10.735
12.339
13.924
15.486
17.024
18.536
20.019
21.471
22.892
24.278
25.629
26.943
28.219
29.456
30.653
31.809
32.923
33.995
35.024
36.011
36.954
37.855
38.712
39.526
40.297
41.025
41.712
42.356
42.959
43.521
44.042
44.523
44.965
45.368
45.732
46.059
46.348
46.599
46.814
46.993
47.135
47.242
47.313
47.348
47.348
47.313
47.242
47.135
46.993
46.814
46.599
46.348
46.059
45.732
45.368
44.965
44.523
44.042
43.521
42.959
42.356
41.712
41.025
40.297
39.526
38.712
37.855
36.954
36.011
35.024
33.995
32.923
31.809
30.653
29.456
28.219
26.943
25.629
24.278
22.892
21.471
20.019
18.536
17.024
15.486
13.924
12.339
10.735
9.1129
7.4764
5.8277
4.1695
2.5045
0.83528
-0.83296
-2.4924
-4.15
-4.3465
-2.6105
-0.87241
0.87484
2.6231
4.367
6.1037
7.8305
9.5445
11.243
12.923
14.583
16.219
17.83
19.414
20.967
22.488
23.976
25.428
26.843
28.219
29.556
30.851
32.105
33.315
34.482
35.605
36.683
37.717
38.705
39.648
40.545
41.398
42.206
42.969
43.687
44.362
44.994
45.582
46.128
46.632
47.095
47.517
47.898
48.24
48.543
48.806
49.032
49.219
49.368
49.48
49.554
49.591
49.591
49.554
49.48
49.368
49.219
49.032
48.806
48.543
48.24
47.898
47.517
47.095
46.632
46.128
45.582
44.994
44.362
43.687
42.969
42.206
41.398
40.545
39.648
38.705
37.717
36.683
35.605
34.482
33.315
32.105
30.851
29.556
28.219
26.843
25.428
23.976
22.488
20.967
19.414
17.83
16.219
14.583
12.923
11.243
9.5445
7.8305
6.1037
4.367
2.6231
0.87484
-0.87241
-2.6105
-4.3465
-4.537
-2.7249
-0.91065
0.91318
2.738
4.5584
6.3713
8.1737
9.9628
11.736
13.49
15.222
16.93
18.612
20.265
21.886
23.474
25.027
26.542
28.019
29.456
30.851
32.203
33.512
34.776
35.994
37.166
38.291
39.37
40.401
41.386
42.323
43.213
44.056
44.852
45.602
46.307
46.966
47.58
48.15
48.676
49.159
49.6
49.998
50.355
50.671
50.946
51.181
51.376
51.532
51.649
51.726
51.765
51.765
51.726
51.649
51.532
51.376
51.181
50.946
50.671
50.355
49.998
49.6
49.159
48.676
48.15
47.58
46.966
46.307
45.602
44.852
44.056
43.213
42.323
41.386
40.401
39.37
38.291
37.166
35.994
34.776
33.512
32.203
30.851
29.456
28.019
26.542
25.027
23.474
21.886
20.265
18.612
16.93
15.222
13.49
11.736
9.9628
8.1737
6.3713
4.5584
2.738
0.91318
-0.91065
-2.7249
-4.537
-4.7213
-2.8356
-0.94765
0.95029
2.8493
4.7436
6.6301
8.5058
10.368
12.213
14.038
15.841
17.618
19.368
21.088
22.775
24.428
26.044
27.621
29.158
30.653
32.105
33.512
34.873
36.188
37.456
38.676
39.847
40.97
42.043
43.067
44.042
44.968
45.846
46.675
47.455
48.188
48.874
49.513
50.107
50.654
51.157
51.615
52.03
52.401
52.73
53.016
53.261
53.464
53.626
53.747
53.828
53.868
53.868
53.828
53.747
53.626
53.464
53.261
53.016
52.73
52.401
52.03
51.615
51.157
50.654
50.107
49.513
48.874
48.188
47.455
46.675
45.846
44.968
44.042
43.067
42.043
40.97
39.847
38.676
37.456
36.188
34.873
33.512
32.105
30.653
29.158
27.621
26.044
24.428
22.775
21.088
19.368
17.618
15.841
14.038
12.213
10.368
8.5058
6.6301
4.7436
2.8493
0.95029
-0.94765
-2.8356
-4.7213
-4.8994
-2.9425
-0.98338
0.98612
2.9567
4.9225
6.8801
8.8265
10.759
12.673
14.567
16.438
18.283
20.098
21.883
23.634
25.349
27.026
28.662
30.257
31.809
33.315
34.776
36.188
37.553
38.869
40.134
41.35
42.514
43.628
44.691
45.703
46.664
47.575
48.435
49.245
50.006
50.717
51.381
51.996
52.564
53.086
53.562
53.992
54.377
54.718
55.015
55.269
55.48
55.648
55.774
55.858
55.9
55.9
55.858
55.774
55.648
55.48
55.269
55.015
54.718
54.377
53.992
53.562
53.086
52.564
51.996
51.381
50.717
50.006
49.245
48.435
47.575
46.664
45.703
44.691
43.628
42.514
41.35
40.134
38.869
37.553
36.188
34.776
33.315
31.809
30.257
28.662
27.026
25.349
23.634
21.883
20.098
18.283
16.438
14.567
12.673
10.759
8.8265
6.8801
4.9225
2.9567
0.98612
-0.98338
-2.9425
-4.8994
-5.071
-3.0456
-1.0178
1.0207
3.0603
5.0949
7.1211
9.1357
11.135
13.117
15.077
17.014
18.923
20.803
22.65
24.462
26.237
27.972
29.666
31.317
32.923
34.482
35.994
37.456
38.869
40.23
41.54
42.798
44.004
45.157
46.257
47.304
48.299
49.241
50.131
50.97
51.757
52.494
53.181
53.818
54.406
54.946
55.438
55.883
56.282
56.635
56.943
57.205
57.424
57.598
57.728
57.815
57.858
57.858
57.815
57.728
57.598
57.424
57.205
56.943
56.635
56.282
55.883
55.438
54.946
54.406
53.818
53.181
52.494
51.757
50.97
50.131
49.241
48.299
47.304
46.257
45.157
44.004
42.798
41.54
40.23
38.869
37.456
35.994
34.482
32.923
31.317
29.666
27.972
26.237
24.462
22.65
20.803
18.923
17.014
15.077
13.117
11.135
9.1357
7.1211
5.0949
3.0603
1.0207
-1.0178
-3.0456
-5.071
-5.2361
-3.1448
-1.051
1.0539
3.1599
5.2608
7.353
9.4332
11.498
13.544
15.568
17.568
19.539
21.48
23.387
25.258
27.091
28.883
30.632
32.337
33.995
35.605
37.166
38.676
40.134
41.54
42.893
44.192
45.437
46.627
47.763
48.845
49.872
50.845
51.764
52.63
53.443
54.204
54.913
55.57
56.178
56.735
57.243
57.703
58.115
58.479
58.797
59.068
59.294
59.474
59.608
59.698
59.743
59.743
59.698
59.608
59.474
59.294
59.068
58.797
58.479
58.115
57.703
57.243
56.735
56.178
55.57
54.913
54.204
53.443
52.63
51.764
50.845
49.872
48.845
47.763
46.627
45.437
44.192
42.893
41.54
40.134
38.676
37.166
35.605
33.995
32.337
30.632
28.883
27.091
25.258
23.387
21.48
19.539
17.568
15.568
13.544
11.498
9.4332
7.353
5.2608
3.1599
1.0539
-1.051
-3.1448
-5.2361
-5.3947
-3.24
-1.0828
1.0858
3.2556
5.4201
7.5757
9.7188
11.846
13.954
16.04
18.1
20.131
22.13
24.095
26.023
27.911
29.758
31.56
33.316
35.024
36.683
38.291
39.847
41.35
42.798
44.192
45.53
46.813
48.039
49.21
50.324
51.382
52.385
53.332
54.224
55.061
55.845
56.576
57.253
57.879
58.453
58.977
59.451
59.875
60.251
60.578
60.857
61.09
61.275
61.413
61.506
61.552
61.552
61.506
61.413
61.275
61.09
60.857
60.578
60.251
59.875
59.451
58.977
58.453
57.879
57.253
56.576
55.845
55.061
54.224
53.332
52.385
51.382
50.324
49.21
48.039
46.813
45.53
44.192
42.798
41.35
39.847
38.291
36.683
35.024
33.316
31.56
29.758
27.911
26.023
24.095
22.13
20.131
18.1
16.04
13.954
11.846
9.7188
7.5757
5.4201
3.2556
1.0858
-1.0828
-3.24
-5.3947
-5.5466
-3.3313
-1.1133
1.1164
3.3473
5.5728
7.7891
9.9926
12.18
14.347
16.492
18.61
20.698
22.754
24.774
26.756
28.698
30.596
32.449
34.255
36.011
37.717
39.37
40.97
42.514
44.004
45.437
46.813
48.131
49.392
50.596
51.741
52.829
53.86
54.834
55.751
56.613
57.418
58.169
58.866
59.51
60.1
60.639
61.126
61.562
61.948
62.284
62.572
62.811
63.001
63.144
63.239
63.286
63.286
63.239
63.144
63.001
62.811
62.572
62.284
61.948
61.562
61.126
60.639
60.1
59.51
58.866
58.169
57.418
56.613
55.751
54.834
53.86
52.829
51.741
50.596
49.392
48.131
46.813
45.437
44.004
42.514
40.97
39.37
37.717
36.011
34.255
32.449
30.596
28.698
26.756
24.774
22.754
20.698
18.61
16.492
14.347
12.18
9.9926
7.7891
5.5728
3.3473
1.1164
-1.1133
-3.3313
-5.5466
-5.6919
-3.4185
-1.1425
1.1456
3.435
5.7188
7.9931
10.254
12.499
14.723
16.924
19.097
21.24
23.35
25.423
27.457
29.449
31.398
33.299
35.152
36.954
38.705
40.401
42.043
43.628
45.157
46.627
48.039
49.392
50.687
51.921
53.097
54.214
55.271
56.271
57.212
58.096
58.923
59.694
60.409
61.069
61.675
62.228
62.727
63.175
63.571
63.916
64.211
64.456
64.652
64.798
64.896
64.944
64.944
64.896
64.798
64.652
64.456
64.211
63.916
63.571
63.175
62.727
62.228
61.675
61.069
60.409
59.694
58.923
58.096
57.212
56.271
55.271
54.214
53.097
51.921
50.687
49.392
48.039
46.627
45.157
43.628
42.043
40.401
38.705
36.954
35.152
33.299
31.398
29.449
27.457
25.423
23.35
21.24
19.097
16.924
14.723
12.499
10.254
7.9931
5.7188
3.435
1.1456
-1.1425
-3.4185
-5.6919
-5.8306
-3.5018
-1.1703
1.1735
3.5187
5.8581
8.1878
10.504
12.803
15.082
17.336
19.562
21.758
23.919
26.042
28.126
30.167
32.162
34.11
36.008
37.855
39.648
41.386
43.067
44.691
46.257
47.763
49.21
50.596
51.921
53.186
54.391
55.534
56.618
57.642
58.606
59.511
60.358
61.148
61.88
62.557
63.178
63.744
64.256
64.714
65.12
65.474
65.776
66.027
66.227
66.377
66.477
66.527
66.527
66.477
66.377
66.227
66.027
65.776
65.474
65.12
64.714
64.256
63.744
63.178
62.557
61.88
61.148
60.358
59.511
58.606
57.642
56.618
55.534
54.391
53.186
51.921
50.596
49.21
47.763
46.257
44.691
43.067
41.386
39.648
37.855
36.008
34.11
32.162
30.167
28.126
26.042
23.919
21.758
19.562
17.336
15.082
12.803
10.504
8.1878
5.8581
3.5187
1.1735
-1.1703
-3.5018
-5.8306
-5.9626
-3.5811
-1.1968
1.2001
3.5984
5.9907
8.3732
10.742
13.093
15.423
17.728
20.005
22.25
24.46
26.632
28.763
30.85
32.891
34.883
36.824
38.712
40.545
42.323
44.042
45.703
47.304
48.845
50.324
51.741
53.097
54.391
55.622
56.792
57.9
58.947
59.933
60.859
61.725
62.533
63.282
63.973
64.608
65.187
65.711
66.18
66.595
66.956
67.265
67.522
67.727
67.88
67.982
68.033
68.033
67.982
67.88
67.727
67.522
67.265
66.956
66.595
66.18
65.711
65.187
64.608
63.973
63.282
62.533
61.725
60.859
59.933
58.947
57.9
56.792
55.622
54.391
53.097
51.741
50.324
48.845
47.304
45.703
44.042
42.323
40.545
38.712
36.824
34.883
32.891
30.85
28.763
26.632
24.46
22.25
20.005
17.728
15.423
13.093
10.742
8.3732
5.9907
3.5984
1.2001
-1.1968
-3.5811
-5.9626
-6.0879
-3.6564
-1.2219
1.2253
3.674
6.1167
8.5493
10.968
13.369
15.748
18.101
20.426
22.718
24.974
27.192
29.368
31.499
33.582
35.616
37.598
39.526
41.398
43.213
44.968
46.664
48.299
49.872
51.382
52.829
54.214
55.534
56.792
57.986
59.118
60.187
61.193
62.139
63.023
63.848
64.613
65.319
65.967
66.558
67.093
67.571
67.995
68.365
68.68
68.942
69.151
69.308
69.412
69.464
69.464
69.412
69.308
69.151
68.942
68.68
68.365
67.995
67.571
67.093
66.558
65.967
65.319
64.613
63.848
63.023
62.139
61.193
60.187
59.118
57.986
56.792
55.534
54.214
52.829
51.382
49.872
48.299
46.664
44.968
43.213
41.398
39.526
37.598
35.616
33.582
31.499
29.368
27.192
24.974
22.718
20.426
18.101
15.748
13.369
10.968
8.5493
6.1167
3.674
1.2253
-1.2219
-3.6564
-6.0879
-6.2067
-3.7277
-1.2458
1.2493
3.7457
6.236
8.716
11.182
13.629
16.055
18.454
20.824
23.161
25.462
27.722
29.941
32.113
34.237
36.311
38.331
40.297
42.206
44.056
45.846
47.575
49.241
50.845
52.385
53.86
55.271
56.618
57.9
59.118
60.271
61.361
62.387
63.351
64.253
65.093
65.873
66.593
67.254
67.857
68.402
68.89
69.322
69.699
70.02
70.287
70.501
70.66
70.766
70.819
70.819
70.766
70.66
70.501
70.287
70.02
69.699
69.322
68.89
68.402
67.857
67.254
66.593
65.873
65.093
64.253
63.351
62.387
61.361
60.271
59.118
57.9
56.618
55.271
53.86
52.385
50.845
49.241
47.575
45.846
44.056
42.206
40.297
38.331
36.311
34.237
32.113
29.941
27.722
25.462
23.161
20.824
18.454
16.055
13.629
11.182
8.716
6.236
3.7457
1.2493
-1.2458
-3.7277
-6.2067
-6.3189
-3.7951
-1.2683
1.2718
3.8134
6.3487
8.8736
11.384
13.876
16.345
18.788
21.201
23.58
25.922
28.224
30.482
32.694
34.856
36.967
39.024
41.025
42.969
44.852
46.675
48.435
50.131
51.764
53.332
54.834
56.271
57.642
58.947
60.187
61.361
62.47
63.515
64.497
65.415
66.27
67.064
67.797
68.47
69.084
69.639
70.136
70.576
70.959
71.286
71.558
71.775
71.938
72.046
72.1
72.1
72.046
71.938
71.775
71.558
71.286
70.959
70.576
70.136
69.639
69.084
68.47
67.797
67.064
66.27
65.415
64.497
63.515
62.47
61.361
60.187
58.947
57.642
56.271
54.834
53.332
51.764
50.131
48.435
46.675
44.852
42.969
41.025
39.024
36.967
34.856
32.694
30.482
28.224
25.922
23.58
21.201
18.788
16.345
13.876
11.384
8.8736
6.3487
3.8134
1.2718
-1.2683
-3.7951
-6.3189
-6.4246
-3.8586
-1.2895
1.2931
3.8772
6.4549
9.022
11.574
14.108
16.618
19.102
21.555
23.974
26.356
28.696
30.992
33.24
35.439
37.586
39.677
41.712
43.687
45.602
47.455
49.245
50.97
52.63
54.224
55.751
57.212
58.606
59.933
61.193
62.387
63.515
64.578
65.576
66.509
67.379
68.186
68.932
69.616
70.24
70.804
71.309
71.756
72.146
72.479
72.756
72.976
73.141
73.251
73.306
73.306
73.251
73.141
72.976
72.756
72.479
72.146
71.756
71.309
70.804
70.24
69.616
68.932
68.186
67.379
66.509
65.576
64.578
63.515
62.387
61.193
59.933
58.606
57.212
55.751
54.224
52.63
50.97
49.245
47.455
45.602
43.687
41.712
39.677
37.586
35.439
33.24
30.992
28.696
26.356
23.974
21.555
19.102
16.618
14.108
11.574
9.022
6.4549
3.8772
1.2931
-1.2895
-3.8586
-6.4246
-6.5238
-3.9182
-1.3094
1.3131
3.9371
6.5546
9.1614
11.753
14.326
16.875
19.397
21.888
24.345
26.763
29.139
31.47
33.754
35.987
38.166
40.29
42.356
44.362
46.307
48.188
50.006
51.757
53.443
55.061
56.613
58.096
59.511
60.859
62.139
63.351
64.497
65.576
66.589
67.537
68.42
69.24
69.997
70.691
71.325
71.898
72.411
72.865
73.261
73.599
73.88
74.104
74.271
74.383
74.439
74.439
74.383
74.271
74.104
73.88
73.599
73.261
72.865
72.411
71.898
71.325
70.691
69.997
69.24
68.42
67.537
66.589
65.576
64.497
63.351
62.139
60.859
59.511
58.096
56.613
55.061
53.443
51.757
50.006
48.188
46.307
44.362
42.356
40.29
38.166
35.987
33.754
31.47
29.139
26.763
24.345
21.888
19.397
16.875
14.326
11.753
9.1614
6.5546
3.9371
1.3131
-1.3094
-3.9182
-6.5238
-6.6167
-3.9739
-1.3281
1.3318
3.9931
6.6479
9.2918
11.92
14.53
17.115
19.673
22.2
24.691
27.144
29.554
31.918
34.234
36.499
38.709
40.864
42.959
44.994
46.966
48.874
50.717
52.494
54.204
55.845
57.418
58.923
60.358
61.725
63.023
64.253
65.415
66.509
67.537
68.498
69.394
70.225
70.993
71.698
72.34
72.921
73.442
73.902
74.304
74.647
74.931
75.159
75.329
75.442
75.499
75.499
75.442
75.329
75.159
74.931
74.647
74.304
73.902
73.442
72.921
72.34
71.698
70.993
70.225
69.394
68.498
67.537
66.509
65.415
64.253
63.023
61.725
60.358
58.923
57.418
55.845
54.204
52.494
50.717
48.874
46.966
44.994
42.959
40.864
38.709
36.499
34.234
31.918
29.554
27.144
24.691
22.2
19.673
17.115
14.53
11.92
9.2918
6.6479
3.9931
1.3318
-1.3281
-3.9739
-6.6167
-6.7032
-4.0259
-1.3454
1.3492
4.0453
6.7348
9.4133
12.076
14.72
17.339
19.931
22.49
25.014
27.499
29.94
32.336
34.682
36.976
39.216
41.398
43.521
45.582
47.58
49.513
51.381
53.181
54.913
56.576
58.169
59.694
61.148
62.533
63.848
65.093
66.27
67.379
68.42
69.394
70.302
71.144
71.922
72.636
73.286
73.875
74.402
74.869
75.276
75.623
75.912
76.142
76.314
76.429
76.486
76.486
76.429
76.314
76.142
75.912
75.623
75.276
74.869
74.402
73.875
73.286
72.636
71.922
71.144
70.302
69.394
68.42
67.379
66.27
65.093
63.848
62.533
61.148
59.694
58.169
56.576
54.913
53.181
51.381
49.513
47.58
45.582
43.521
41.398
39.216
36.976
34.682
32.336
29.94
27.499
25.014
22.49
19.931
17.339
14.72
12.076
9.4133
6.7348
4.0453
1.3492
-1.3454
-4.0259
-6.7032
-6.7835
-4.0741
-1.3616
1.3653
4.0938
6.8155
9.526
12.221
14.896
17.547
20.169
22.76
25.314
27.828
30.299
32.723
35.097
37.419
39.685
41.894
44.042
46.128
48.15
50.107
51.996
53.818
55.57
57.253
58.866
60.409
61.88
63.282
64.613
65.873
67.064
68.186
69.24
70.225
71.144
71.996
72.783
73.506
74.164
74.76
75.294
75.766
76.178
76.529
76.821
77.054
77.229
77.345
77.403
77.403
77.345
77.229
77.054
76.821
76.529
76.178
75.766
75.294
74.76
74.164
73.506
72.783
71.996
71.144
70.225
69.24
68.186
67.064
65.873
64.613
63.282
61.88
60.409
58.866
57.253
55.57
53.818
51.996
50.107
48.15
46.128
44.042
41.894
39.685
37.419
35.097
32.723
30.299
27.828
25.314
22.76
20.169
17.547
14.896
12.221
9.526
6.8155
4.0938
1.3653
-1.3616
-4.0741
-6.7835
-6.8576
-4.1186
-1.3764
1.3803
4.1385
6.89
9.6301
12.354
15.059
17.738
20.39
23.008
25.59
28.132
30.63
33.081
35.481
37.828
40.119
42.352
44.523
46.632
48.676
50.654
52.564
54.406
56.178
57.879
59.51
61.069
62.557
63.973
65.319
66.593
67.797
68.932
69.997
70.993
71.922
72.783
73.579
74.309
74.975
75.577
76.117
76.594
77.01
77.366
77.661
77.896
78.073
78.19
78.249
78.249
78.19
78.073
77.896
77.661
77.366
77.01
76.594
76.117
75.577
74.975
74.309
73.579
72.783
71.922
70.993
69.997
68.932
67.797
66.593
65.319
63.973
62.557
61.069
59.51
57.879
56.178
54.406
52.564
50.654
48.676
46.632
44.523
42.352
40.119
37.828
35.481
33.081
30.63
28.132
25.59
23.008
20.39
17.738
15.059
12.354
9.6301
6.89
4.1385
1.3803
-1.3764
-4.1186
-6.8576
-6.9256
-4.1595
-1.3901
1.394
4.1796
6.9583
9.7257
12.477
15.208
17.915
20.592
23.237
25.844
28.411
30.934
33.409
35.833
38.203
40.517
42.772
44.965
47.095
49.159
51.157
53.086
54.946
56.735
58.453
60.1
61.675
63.178
64.608
65.967
67.254
68.47
69.616
70.691
71.698
72.636
73.506
74.309
75.047
75.719
76.328
76.872
77.354
77.775
78.134
78.432
78.67
78.848
78.966
79.026
79.026
78.966
78.848
78.67
78.432
78.134
77.775
77.354
76.872
76.328
75.719
75.047
74.309
73.506
72.636
71.698
70.691
69.616
68.47
67.254
65.967
64.608
63.178
61.675
60.1
58.453
56.735
54.946
53.086
51.157
49.159
47.095
44.965
42.772
40.517
38.203
35.833
33.409
30.934
28.411
25.844
23.237
20.592
17.915
15.208
12.477
9.7257
6.9583
4.1796
1.394
-1.3901
-4.1595
-6.9256
-6.9877
-4.1968
-1.4025
1.4064
4.217
7.0207
9.8128
12.589
15.344
18.075
20.776
23.445
26.076
28.666
31.211
33.708
36.154
38.546
40.88
43.155
45.368
47.517
49.6
51.615
53.562
55.438
57.243
58.977
60.639
62.228
63.744
65.187
66.558
67.857
69.084
70.24
71.325
72.34
73.286
74.164
74.975
75.719
76.398
77.011
77.561
78.048
78.472
78.834
79.135
79.375
79.554
79.674
79.734
79.734
79.674
79.554
79.375
79.135
78.834
78.472
78.048
77.561
77.011
76.398
75.719
74.975
74.164
73.286
72.34
71.325
70.24
69.084
67.857
66.558
65.187
63.744
62.228
60.639
58.977
57.243
55.438
53.562
51.615
49.6
47.517
45.368
43.155
40.88
38.546
36.154
33.708
31.211
28.666
26.076
23.445
20.776
18.075
15.344
12.589
9.8128
7.0207
4.217
1.4064
-1.4025
-4.1968
-6.9877
-7.0438
-4.2305
-1.4138
1.4177
4.2509
7.077
9.8916
12.69
15.468
18.22
20.943
23.633
26.285
28.896
31.462
33.979
36.444
38.855
41.209
43.502
45.732
47.898
49.998
52.03
53.992
55.883
57.703
59.451
61.126
62.727
64.256
65.711
67.093
68.402
69.639
70.804
71.898
72.921
73.875
74.76
75.577
76.328
77.011
77.63
78.184
78.675
79.102
79.467
79.77
80.012
80.193
80.314
80.374
80.374
80.314
80.193
80.012
79.77
79.467
79.102
78.675
78.184
77.63
77.011
76.328
75.577
74.76
73.875
72.921
71.898
70.804
69.639
68.402
67.093
65.711
64.256
62.727
61.126
59.451
57.703
55.883
53.992
52.03
49.998
47.898
45.732
43.502
41.209
38.855
36.444
33.979
31.462
28.896
26.285
23.633
20.943
18.22
15.468
12.69
9.8916
7.077
4.2509
1.4177
-1.4138
-4.2305
-7.0438
-7.094
-4.2607
-1.4239
1.4279
4.2812
7.1275
9.9622
12.78
15.578
18.35
21.093
23.802
26.473
29.102
31.686
34.221
36.704
39.133
41.503
43.812
46.059
48.24
50.355
52.401
54.377
56.282
58.115
59.875
61.562
63.175
64.714
66.18
67.571
68.89
70.136
71.309
72.411
73.442
74.402
75.294
76.117
76.872
77.561
78.184
78.742
79.236
79.667
80.034
80.34
80.583
80.766
80.887
80.948
80.948
80.887
80.766
80.583
80.34
80.034
79.667
79.236
78.742
78.184
77.561
76.872
76.117
75.294
74.402
73.442
72.411
71.309
70.136
68.89
67.571
66.18
64.714
63.175
61.562
59.875
58.115
56.282
54.377
52.401
50.355
48.24
46.059
43.812
41.503
39.133
36.704
34.221
31.686
29.102
26.473
23.802
21.093
18.35
15.578
12.78
9.9622
7.1275
4.2812
1.4279
-1.4239
-4.2607
-7.094
-7.1385
-4.2874
-1.4328
1.4368
4.3081
7.1722
10.025
12.861
15.676
18.465
21.225
23.951
26.639
29.284
31.885
34.436
36.935
39.378
41.763
44.087
46.348
48.543
50.671
52.73
54.718
56.635
58.479
60.251
61.948
63.571
65.12
66.595
67.995
69.322
70.576
71.756
72.865
73.902
74.869
75.766
76.594
77.354
78.048
78.675
79.236
79.733
80.166
80.536
80.844
81.089
81.272
81.395
81.456
81.456
81.395
81.272
81.089
80.844
80.536
80.166
79.733
79.236
78.675
78.048
77.354
76.594
75.766
74.869
73.902
72.865
71.756
70.576
69.322
67.995
66.595
65.12
63.571
61.948
60.251
58.479
56.635
54.718
52.73
50.671
48.543
46.348
44.087
41.763
39.378
36.935
34.436
31.885
29.284
26.639
23.951
21.225
18.465
15.676
12.861
10.025
7.1722
4.3081
1.4368
-1.4328
-4.2874
-7.1385
-7.1773
-4.3106
-1.4406
1.4446
4.3315
7.2112
10.079
12.93
15.761
18.565
21.34
24.081
26.783
29.444
32.058
34.623
37.135
39.592
41.99
44.326
46.599
48.806
50.946
53.016
55.015
56.943
58.797
60.578
62.284
63.916
65.474
66.956
68.365
69.699
70.959
72.146
73.261
74.304
75.276
76.178
77.01
77.775
78.472
79.102
79.667
80.166
80.602
80.974
81.283
81.529
81.714
81.837
81.898
81.898
81.837
81.714
81.529
81.283
80.974
80.602
80.166
79.667
79.102
78.472
77.775
77.01
76.178
75.276
74.304
73.261
72.146
70.959
69.699
68.365
66.956
65.474
63.916
62.284
60.578
58.797
56.943
55.015
53.016
50.946
48.806
46.599
44.326
41.99
39.592
37.135
34.623
32.058
29.444
26.783
24.081
21.34
18.565
15.761
12.93
10.079
7.2112
4.3315
1.4446
-1.4406
-4.3106
-7.1773
-7.2104
-4.3305
-1.4472
1.4513
4.3514
7.2444
10.126
12.99
15.833
18.651
21.439
24.192
26.907
29.579
32.206
34.783
37.307
39.774
42.183
44.531
46.814
49.032
51.181
53.261
55.269
57.205
59.068
60.857
62.572
64.211
65.776
67.265
68.68
70.02
71.286
72.479
73.599
74.647
75.623
76.529
77.366
78.134
78.834
79.467
80.034
80.536
80.974
81.347
81.658
81.906
82.091
82.214
82.276
82.276
82.214
82.091
81.906
81.658
81.347
80.974
80.536
80.034
79.467
78.834
78.134
77.366
76.529
75.623
74.647
73.599
72.479
71.286
70.02
68.68
67.265
65.776
64.211
62.572
60.857
59.068
57.205
55.269
53.261
51.181
49.032
46.814
44.531
42.183
39.774
37.307
34.783
32.206
29.579
26.907
24.192
21.439
18.651
15.833
12.99
10.126
7.2444
4.3514
1.4513
-1.4472
-4.3305
-7.2104
-7.2379
-4.347
-1.4528
1.4568
4.368
7.2721
10.164
13.04
15.894
18.722
21.52
24.284
27.009
29.692
32.329
34.915
37.449
39.926
42.344
44.701
46.993
49.219
51.376
53.464
55.48
57.424
59.294
61.09
62.811
64.456
66.027
67.522
68.942
70.287
71.558
72.756
73.88
74.931
75.912
76.821
77.661
78.432
79.135
79.77
80.34
80.844
81.283
81.658
81.969
82.218
82.404
82.528
82.59
82.59
82.528
82.404
82.218
81.969
81.658
81.283
80.844
80.34
79.77
79.135
78.432
77.661
76.821
75.912
74.931
73.88
72.756
71.558
70.287
68.942
67.522
66.027
64.456
62.811
61.09
59.294
57.424
55.48
53.464
51.376
49.219
46.993
44.701
42.344
39.926
37.449
34.915
32.329
29.692
27.009
24.284
21.52
18.722
15.894
13.04
10.164
7.2721
4.368
1.4568
-1.4528
-4.347
-7.2379
-7.2598
-4.3602
-1.4572
1.4612
4.3813
7.2941
10.195
13.079
15.942
18.779
21.586
24.358
27.091
29.782
32.427
35.021
37.562
40.047
42.473
44.836
47.135
49.368
51.532
53.626
55.648
57.598
59.474
61.275
63.001
64.652
66.227
67.727
69.151
70.501
71.775
72.976
74.104
75.159
76.142
77.054
77.896
78.67
79.375
80.012
80.583
81.089
81.529
81.906
82.218
82.468
82.654
82.779
82.841
82.841
82.779
82.654
82.468
82.218
81.906
81.529
81.089
80.583
80.012
79.375
78.67
77.896
77.054
76.142
75.159
74.104
72.976
71.775
70.501
69.151
67.727
66.227
64.652
63.001
61.275
59.474
57.598
55.648
53.626
51.532
49.368
47.135
44.836
42.473
40.047
37.562
35.021
32.427
29.782
27.091
24.358
21.586
18.779
15.942
13.079
10.195
7.2941
4.3813
1.4612
-1.4572
-4.3602
-7.2598
-7.2763
-4.3701
-1.4605
1.4645
4.3912
7.3106
10.218
13.109
15.978
18.822
21.635
24.413
27.153
29.85
32.5
35.1
37.647
40.138
42.569
44.938
47.242
49.48
51.649
53.747
55.774
57.728
59.608
61.413
63.144
64.798
66.377
67.88
69.308
70.66
71.938
73.141
74.271
75.329
76.314
77.229
78.073
78.848
79.554
80.193
80.766
81.272
81.714
82.091
82.404
82.654
82.841
82.966
83.028
83.028
82.966
82.841
82.654
82.404
82.091
81.714
81.272
80.766
80.193
79.554
78.848
78.073
77.229
76.314
75.329
74.271
73.141
71.938
70.66
69.308
67.88
66.377
64.798
63.144
61.413
59.608
57.728
55.774
53.747
51.649
49.48
47.242
44.938
42.569
40.138
37.647
35.1
32.5
29.85
27.153
24.413
21.635
18.822
15.978
13.109
10.218
7.3106
4.3912
1.4645
-1.4605
-4.3701
-7.2763
-7.2872
-4.3767
-1.4627
1.4667
4.3978
7.3216
10.233
13.128
16.002
18.85
21.667
24.45
27.193
29.894
32.549
35.153
37.704
40.198
42.633
45.005
47.313
49.554
51.726
53.828
55.858
57.815
59.698
61.506
63.239
64.896
66.477
67.982
69.412
70.766
72.046
73.251
74.383
75.442
76.429
77.345
78.19
78.966
79.674
80.314
80.887
81.395
81.837
82.214
82.528
82.779
82.966
83.091
83.153
83.153
83.091
82.966
82.779
82.528
82.214
81.837
81.395
80.887
80.314
79.674
78.966
78.19
77.345
76.429
75.442
74.383
73.251
72.046
70.766
69.412
67.982
66.477
64.896
63.239
61.506
59.698
57.815
55.858
53.828
51.726
49.554
47.313
45.005
42.633
40.198
37.704
35.153
32.549
29.894
27.193
24.45
21.667
18.85
16.002
13.128
10.233
7.3216
4.3978
1.4667
-1.4627
-4.3767
-7.2872
-7.2927
-4.3799
-1.4638
1.4678
4.4011
7.3271
10.241
13.138
16.014
18.864
21.683
24.468
27.214
29.917
32.573
35.18
37.732
40.228
42.665
45.039
47.348
49.591
51.765
53.868
55.9
57.858
59.743
61.552
63.286
64.944
66.527
68.033
69.464
70.819
72.1
73.306
74.439
75.499
76.486
77.403
78.249
79.026
79.734
80.374
80.948
81.456
81.898
82.276
82.59
82.841
83.028
83.153
83.215
83.215
83.153
83.028
82.841
82.59
82.276
81.898
81.456
80.948
80.374
79.734
79.026
78.249
77.403
76.486
75.499
74.439
73.306
72.1
70.819
69.464
68.033
66.527
64.944
63.286
61.552
59.743
57.858
55.9
53.868
51.765
49.591
47.348
45.039
42.665
40.228
37.732
35.18
32.573
29.917
27.214
24.468
21.683
18.864
16.014
13.138
10.241
7.3271
4.4011
1.4678
-1.4638
-4.3799
-7.2927
-7.2927
-4.3799
-1.4638
1.4678
4.4011
7.3271
10.241
13.138
16.014
18.864
21.683
24.468
27.214
29.917
32.573
35.18
37.732
40.228
42.665
45.039
47.348
49.591
51.765
53.868
55.9
57.858
59.743
61.552
63.286
64.944
66.527
68.033
69.464
70.819
72.1
73.306
74.439
75.499
76.486
77.403
78.249
79.026
79.734
80.374
80.948
81.456
81.898
82.276
82.59
82.841
83.028
83.153
83.215
83.215
83.153
83.028
82.841
82.59
82.276
81.898
81.456
80.948
80.374
79.734
79.026
78.249
77.403
76.486
75.499
74.439
73.306
72.1
70.819
69.464
68.033
66.527
64.944
63.286
61.552
59.743
57.858
55.9
53.868
51.765
49.591
47.348
45.039
42.665
40.228
37.732
35.18
32.573
29.917
27.214
24.468
21.683
18.864
16.014
13.138
10.241
7.3271
4.4011
1.4678
-1.4638
-4.3799
-7.2927
-7.2872
-4.3767
-1.4627
1.4667
4.3978
7.3216
10.233
13.128
16.002
18.85
21.667
24.45
27.193
29.894
32.549
35.153
37.704
40.198
42.633
45.005
47.313
49.554
51.726
53.828
55.858
57.815
59.698
61.506
63.239
64.896
66.477
67.982
69.412
70.766
72.046
73.251
74.383
75.442
76.429
77.345
78.19
78.966
79.674
80.314
80.887
81.395
81.837
82.214
82.528
82.779
82.966
83.091
83.153
83.153
83.091
82.966
82.779
82.528
82.214
81.837
81.395
80.887
80.314
79.674
78.966
78.19
77.345
76.429
75.442
74.383
73.251
72.046
70.766
69.412
67.982
66.477
64.896
63.239
61.506
59.698
57.815
55.858
53.828
51.726
49.554
47.313
45.005
42.633
40.198
37.704
35.153
32.549
29.894
27.193
24.45
21.667
18.85
16.002
13.128
10.233
7.3216
4.3978
1.4667
-1.4627
-4.3767
-7.2872
-7.2763
-4.3701
-1.4605
1.4645
4.3912
7.3106
10.218
13.109
15.978
18.822
21.635
24.413
27.153
29.85
32.5
35.1
37.647
40.138
42.569
44.938
47.242
49.48
51.649
53.747
55.774
57.728
59.608
61.413
63.144
64.798
66.377
67.88
69.308
70.66
71.938
73.141
74.271
75.329
76.314
77.229
78.073
78.848
79.554
80.193
80.766
81.272
81.714
82.091
82.404
82.654
82.841
82.966
83.028
83.028
82.966
82.841
82.654
82.404
82.091
81.714
81.272
80.766
80.193
79.554
78.848
78.073
77.229
76.314
75.329
74.271
73.141
71.938
70.66
69.308
67.88
66.377
64.798
63.144
61.413
59.608
57.728
55.774
53.747
51.649
49.48
47.242
44.938
42.569
40.138
37.647
35.1
32.5
29.85
27.153
24.413
21.635
18.822
15.978
13.109
10.218
7.3106
4.3912
1.4645
-1.4605
-4.3701
-7.2763
-7.2598
-4.3602
-1.4572
1.4612
4.3813
7.2941
10.195
13.079
15.942
18.779
21.586
24.358
27.091
29.782
32.427
35.021
37.562
40.047
42.473
44.836
47.135
49.368
51.532
53.626
55.648
57.598
59.474
61.275
63.001
64.652
66.227
67.727
69.151
70.501
71.775
72.976
74.104
75.159
76.142
77.054
77.896
78.67
79.375
80.012
80.583
81.089
81.529
81.906
82.218
82.468
82.654
82.779
82.841
82.841
82.779
82.654
82.468
82.218
81.906
81.529
81.089
80.583
80.012
79.375
78.67
77.896
77.054
76.142
75.159
74.104
72.976
71.775
70.501
69.151
67.727
66.227
64.652
63.001
61.275
59.474
57.598
55.648
53.626
51.532
49.368
47.135
44.836
42.473
40.047
37.562
35.021
32.427
29.782
27.091
24.358
21.586
18.779
15.942
13.079
10.195
7.2941
4.3813
1.4612
-1.4572
-4.3602
-7.2598
-7.2379
-4.347
-1.4528
1.4568
4.368
7.2721
10.164
13.04
15.894
18.722
21.52
24.284
27.009
29.692
32.329
34.915
37.449
39.926
42.344
44.701
46.993
49.219
51.376
53.464
55.48
57.424
59.294
61.09
62.811
64.456
66.027
67.522
68.942
70.287
71.558
72.756
73.88
74.931
75.912
76.821
77.661
78.432
79.135
79.77
80.34
80.844
81.283
81.658
81.969
82.218
82.404
82.528
82.59
82.59
82.528
82.404
82.218
81.969
81.658
81.283
80.844
80.34
79.77
79.135
78.432
77.661
76.821
75.912
74.931
73.88
72.756
71.558
70.287
68.942
67.522
66.027
64.456
62.811
61.09
59.294
57.424
55.48
53.464
51.376
49.219
46.993
44.701
42.344
39.926
37.449
34.915
32.329
29.692
27.009
24.284
21.52
18.722
15.894
13.04
10.164
7.2721
4.368
1.4568
-1.4528
-4.347
-7.2379
-7.2104
-4.3305
-1.4472
1.4513
4.3514
7.2444
10.126
12.99
15.833
18.651
21.439
24.192
26.907
29.579
32.206
34.783
37.307
39.774
42.183
44.531
46.814
49.032
51.181
53.261
55.269
57.205
59.068
60.857
62.572
64.211
65.776
67.265
68.68
70.02
71.286
72.479
73.599
74.647
75.623
76.529
77.366
78.134
78.834
79.467
80.034
80.536
80.974
81.347
81.658
81.906
82.091
82.214
82.276
82.276
82.214
82.091
81.906
81.658
81.347
80.974
80.536
80.034
79.467
78.834
78.134
77.366
76.529
75.623
74.647
73.599
72.479
71.286
70.02
68.68
67.265
65.776
64.211
62.572
60.857
59.068
57.205
55.269
53.261
51.181
49.032
46.814
44.531
42.183
39.774
37.307
34.783
32.206
29.579
26.907
24.192
21.439
18.651
15.833
12.99
10.126
7.2444
4.3514
1.4513
-1.4472
-4.3305
-7.2104
-7.1773
-4.3106
-1.4406
1.4446
4.3315
7.2112
10.079
12.93
15.761
18.565
21.34
24.081
26.783
29.444
32.058
34.623
37.135
39.592
41.99
44.326
46.599
48.806
50.946
53.016
55.015
56.943
58.797
60.578
62.284
63.916
65.474
66.956
68.365
69.699
70.959
72.146
73.261
74.304
75.276
76.178
77.01
77.775
78.472
79.102
79.667
80.166
80.602
80.974
81.283
81.529
81.714
81.837
81.898
81.898
81.837
81.714
81.529
81.283
80.974
80.602
80.166
79.667
79.102
78.472
77.775
77.01
76.178
75.276
74.304
73.261
72.146
70.959
69.699
68.365
66.956
65.474
63.916
62.284
60.578
58.797
56.943
55.015
53.016
50.946
48.806
46.599
44.326
41.99
39.592
37.135
34.623
32.058
29.444
26.783
24.081
21.34
18.565
15.761
12.93
10.079
7.2112
4.3315
1.4446
-1.4406
-4.3106
-7.1773
-7.1385
-4.2874
-1.4328
1.4368
4.3081
7.1722
10.025
12.861
15.676
18.465
21.225
23.951
26.639
29.284
31.885
34.436
36.935
39.378
41.763
44.087
46.348
48.543
50.671
52.73
54.718
56.635
58.479
60.251
61.948
63.571
65.12
66.595
67.995
69.322
70.576
71.756
72.865
73.902
74.869
75.766
76.594
77.354
78.048
78.675
79.236
79.733
80.166
80.536
80.844
81.089
81.272
81.395
81.456
81.456
81.395
81.272
81.089
80.844
80.536
80.166
79.733
79.236
78.675
78.048
77.354
76.594
75.766
74.869
73.902
72.865
71.756
70.576
69.322
67.995
66.595
65.12
63.571
61.948
60.251
58.479
56.635
54.718
52.73
50.671
48.543
46.348
44.087
41.763
39.378
36.935
34.436
31.885
29.284
26.639
23.951
21.225
18.465
15.676
12.861
10.025
7.1722
4.3081
1.4368
-1.4328
-4.2874
-7.1385
-7.094
-4.2607
-1.4239
1.4279
4.2812
7.1275
9.9622
12.78
15.578
18.35
21.093
23.802
26.473
29.102
31.686
34.221
36.704
39.133
41.503
43.812
46.059
48.24
50.355
52.401
54.377
56.282
58.115
59.875
61.562
63.175
64.714
66.18
67.571
68.89
70.136
71.309
72.411
73.442
74.402
75.294
76.117
76.872
77.561
78.184
78.742
79.236
79.667
80.034
80.34
80.583
80.766
80.887
80.948
80.948
80.887
80.766
80.583
80.34
80.034
79.667
79.236
78.742
78.184
77.561
76.872
76.117
75.294
74.402
73.442
72.411
71.309
70.136
68.89
67.571
66.18
64.714
63.175
61.562
59.875
58.115
56.282
54.377
52.401
50.355
48.24
46.059
43.812
41.503
39.133
36.704
34.221
31.686
29.102
26.473
23.802
21.093
18.35
15.578
12.78
9.9622
7.1275
4.2812
1.4279
-1.4239
-4.2607
-7.094
-7.0438
-4.2305
-1.4138
1.4177
4.2509
7.077
9.8916
12.69
15.468
18.22
20.943
23.633
26.285
28.896
31.462
33.979
36.444
38.855
41.209
43.502
45.732
47.898
49.998
52.03
53.992
55.883
57.703
59.451
61.126
62.727
64.256
65.711
67.093
68.402
69.639
70.804
71.898
72.921
73.875
74.76
75.577
76.328
77.011
77.63
78.184
78.675
79.102
79.467
79.77
80.012
80.193
80.314
80.374
80.374
80.314
80.193
80.012
79.77
79.467
79.102
78.675
78.184
77.63
77.011
76.328
75.577
74.76
73.875
72.921
71.898
70.804
69.639
68.402
67.093
65.711
64.256
62.727
61.126
59.451
57.703
55.883
53.992
52.03
49.998
47.898
45.732
43.502
41.209
38.855
36.444
33.979
31.462
28.896
26.285
23.633
20.943
18.22
15.468
12.69
9.8916
7.077
4.2509
1.4177
-1.4138
-4.2305
-7.0438
-6.9877
-4.1968
-1.4025
1.4064
4.217
7.0207
9.8128
12.589
15.344
18.075
20.776
23.445
26.076
28.666
31.211
33.708
36.154
38.546
40.88
43.155
45.368
47.517
49.6
51.615
53.562
55.438
57.243
58.977
60.639
62.228
63.744
65.187
66.558
67.857
69.084
70.24
71.325
72.34
73.286
74.164
74.975
75.719
76.398
77.011
77.561
78.048
78.472
78.834
79.135
79.375
79.554
79.674
79.734
79.734
79.674
79.554
79.375
79.135
78.834
78.472
78.048
77.561
77.011
76.398
75.719
74.975
74.164
73.286
72.34
71.325
70.24
69.084
67.857
66.558
65.187
63.744
62.228
60.639
58.977
57.243
55.438
53.562
51.615
49.6
47.517
45.368
43.155
40.88
38.546
36.154
33.708
31.211
28.666
26.076
23.445
20.776
18.075
15.344
12.589
9.8128
7.0207
4.217
1.4064
-1.4025
-4.1968
-6.9877
-6.9256
-4.1595
-1.3901
1.394
4.1796
6.9583
9.7257
12.477
15.208
17.915
20.592
23.237
25.844
28.411
30.934
33.409
35.833
38.203
40.517
42.772
44.965
47.095
49.159
51.157
53.086
54.946
56.735
58.453
60.1
61.675
63.178
64.608
65.967
67.254
68.47
69.616
70.691
71.698
72.636
73.506
74.309
75.047
75.719
76.328
76.872
77.354
77.775
78.134
78.432
78.67
78.848
78.966
79.026
79.026
78.966
78.848
78.67
78.432
78.134
77.775
77.354
76.872
76.328
75.719
75.047
74.309
73.506
72.636
71.698
70.691
69.616
68.47
67.254
65.967
64.608
63.178
61.675
60.1
58.453
56.735
54.946
53.086
51.157
49.159
47.095
44.965
42.772
40.517
38.203
35.833
33.409
30.934
28.411
25.844
23.237
20.592
17.915
15.208
12.477
9.7257
6.9583
4.1796
1.394
-1.3901
-4.1595
-6.9256
-6.8576
-4.1186
-1.3764
1.3803
4.1385
6.89
9.6301
12.354
15.059
17.738
20.39
23.008
25.59
28.132
30.63
33.081
35.481
37.828
40.119
42.352
44.523
46.632
48.676
50.654
52.564
54.406
56.178
57.879
59.51
61.069
62.557
63.973
65.319
66.593
67.797
68.932
69.997
70.993
71.922
72.783
73.579
74.309
74.975
75.577
76.117
76.594
77.01
77.366
77.661
77.896
78.073
78.19
78.249
78.249
78.19
78.073
77.896
77.661
77.366
77.01
76.594
76.117
75.577
74.975
74.309
73.579
72.783
71.922
70.993
69.997
68.932
67.797
66.593
65.319
63.973
62.557
61.069
59.51
57.879
56.178
54.406
52.564
50.654
48.676
46.632
44.523
42.352
40.119
37.828
35.481
33.081
30.63
28.132
25.59
23.008
20.39
17.738
15.059
12.354
9.6301
6.89
4.1385
1.3803
-1.3764
-4.1186
-6.8576
-6.7835
-4.0741
-1.3616
1.3653
4.0938
6.8155
9.526
12.221
14.896
17.547
20.169
22.76
25.314
27.828
30.299
32.723
35.097
37.419
39.685
41.894
44.042
46.128
48.15
50.107
51.996
53.818
55.57
57.253
58.866
60.409
61.88
63.282
64.613
65.873
67.064
68.186
69.24
70.225
71.144
71.996
72.783
73.506
74.164
74.76
75.294
75.766
76.178
76.529
76.821
77.054
77.229
77.345
77.403
77.403
77.345
77.229
77.054
76.821
76.529
76.178
75.766
75.294
74.76
74.164
73.506
72.783
71.996
71.144
70.225
69.24
68.186
67.064
65.873
64.613
63.282
61.88
60.409
58.866
57.253
55.57
53.818
51.996
50.107
48.15
46.128
44.042
41.894
39.685
37.419
35.097
32.723
30.299
27.828
25.314
22.76
20.169
17.547
14.896
12.221
9.526
6.8155
4.0938
1.3653
-1.3616
-4.0741
-6.7835
-6.7032
-4.0259
-1.3454
1.3492
4.0453
6.7348
9.4133
12.076
14.72
17.339
19.931
22.49
25.014
27.499
29.94
32.336
34.682
36.976
39.216
41.398
43.521
45.582
47.58
49.513
51.381
53.181
54.913
56.576
58.169
59.694
61.148
62.533
63.848
65.093
66.27
67.379
68.42
69.394
70.302
71.144
71.922
72.636
73.286
73.875
74.402
74.869
75.276
75.623
75.912
76.142
76.314
76.429
76.486
76.486
76.429
76.314
76.142
75.912
75.623
75.276
74.869
74.402
73.875
73.286
72.636
71.922
71.144
70.302
69.394
68.42
67.379
66.27
65.093
63.848
62.533
61.148
59.694
58.169
56.576
54.913
53.181
51.381
49.513
47.58
45.582
43.521
41.398
39.216
36.976
34.682
32.336
29.94
27.499
25.014
22.49
19.931
17.339
14.72
12.076
9.4133
6.7348
4.0453
1.3492
-1.3454
-4.0259
-6.7032
-6.6167
-3.9739
-1.3281
1.3318
3.9931
6.6479
9.2918
11.92
14.53
17.115
19.673
22.2
24.691
27.144
29.554
31.918
34.234
36.499
38.709
40.864
42.959
44.994
46.966
48.874
50.717
52.494
54.204
55.845
57.418
58.923
60.358
61.725
63.023
64.253
65.415
66.509
67.537
68.498
69.394
70.225
70.993
71.698
72.34
72.921
73.442
73.902
74.304
74.647
74.931
75.159
75.329
75.442
75.499
75.499
75.442
75.329
75.159
74.931
74.647
74.304
73.902
73.442
72.921
72.34
71.698
70.993
70.225
69.394
68.498
67.537
66.509
65.415
64.253
63.023
61.725
60.358
58.923
57.418
55.845
54.204
52.494
50.717
48.874
46.966
44.994
42.959
40.864
38.709
36.499
34.234
31.918
29.554
27.144
24.691
22.2
19.673
17.115
14.53
11.92
9.2918
6.6479
3.9931
1.3318
-1.3281
-3.9739
-6.6167
-6.5238
-3.9182
-1.3094
1.3131
3.9371
6.5546
9.1614
11.753
14.326
16.875
19.397
21.888
24.345
26.763
29.139
31.47
33.754
35.987
38.166
40.29
42.356
44.362
46.307
48.188
50.006
51.757
53.443
55.061
56.613
58.096
59.511
60.859
62.139
63.351
64.497
65.576
66.589
67.537
68.42
69.24
69.997
70.691
71.325
71.898
72.411
72.865
73.261
73.599
73.88
74.104
74.271
74.383
74.439
74.439
74.383
74.271
74.104
73.88
73.599
73.261
72.865
72.411
71.898
71.325
70.691
69.997
69.24
68.42
67.537
66.589
65.576
64.497
63.351
62.139
60.859
59.511
58.096
56.613
55.061
53.443
51.757
50.006
48.188
46.307
44.362
42.356
40.29
38.166
35.987
33.754
31.47
29.139
26.763
24.345
21.888
19.397
16.875
14.326
11.753
9.1614
6.5546
3.9371
1.3131
-1.3094
-3.9182
-6.5238
-6.4246
-3.8586
-1.2895
1.2931
3.8772
6.4549
9.022
11.574
14.108
16.618
19.102
21.555
23.974
26.356
28.696
30.992
33.24
35.439
37.586
39.677
41.712
43.687
45.602
47.455
49.245
50.97
52.63
54.224
55.751
57.212
58.606
59.933
61.193
62.387
63.515
64.578
65.576
66.509
67.379
68.186
68.932
69.616
70.24
70.804
71.309
71.756
72.146
72.479
72.756
72.976
73.141
73.251
73.306
73.306
73.251
73.141
72.976
72.756
72.479
72.146
71.756
71.309
70.804
70.24
69.616
68.932
68.186
67.379
66.509
65.576
64.578
63.515
62.387
61.193
59.933
58.606
57.212
55.751
54.224
52.63
50.97
49.245
47.455
45.602
43.687
41.712
39.677
37.586
35.439
33.24
30.992
28.696
26.356
23.974
21.555
19.102
16.618
14.108
11.574
9.022
6.4549
3.8772
1.2931
-1.2895
-3.8586
-6.4246
-6.3189
-3.7951
-1.2683
1.2718
3.8134
6.3487
8.8736
11.384
13.876
16.345
18.788
21.201
23.58
25.922
28.224
30.482
32.694
34.856
36.967
39.024
41.025
42.969
44.852
46.675
48.435
50.131
51.764
53.332
54.834
56.271
57.642
58.947
60.187
61.361
62.47
63.515
64.497
65.415
66.27
67.064
67.797
68.47
69.084
69.639
70.136
70.576
70.959
71.286
71.558
71.775
71.938
72.046
72.1
72.1
72.046
71.938
71.775
71.558
71.286
70.959
70.576
70.136
69.639
69.084
68.47
67.797
67.064
66.27
65.415
64.497
63.515
62.47
61.361
60.187
58.947
57.642
56.271
54.834
53.332
51.764
50.131
48.435
46.675
44.852
42.969
41.025
39.024
36.967
34.856
32.694
30.482
28.224
25.922
23.58
21.201
18.788
16.345
13.876
11.384
8.8736
6.3487
3.8134
1.2718
-1.2683
-3.7951
-6.3189
-6.2067
-3.7277
-1.2458
1.2493
3.7457
6.236
8.716
11.182
13.629
16.055
18.454
20.824
23.161
25.462
27.722
29.941
32.113
34.237
36.311
38.331
40.297
42.206
44.056
45.846
47.575
49.241
50.845
52.385
53.86
55.271
56.618
57.9
59.118
60.271
61.361
62.387
63.351
64.253
65.093
65.873
66.593
67.254
67.857
68.402
68.89
69.322
69.699
70.02
70.287
70.501
70.66
70.766
70.819
70.819
70.766
70.66
70.501
70.287
70.02
69.699
69.322
68.89
68.402
67.857
67.254
66.593
65.873
65.093
64.253
63.351
62.387
61.361
60.271
59.118
57.9
56.618
55.271
53.86
52.385
50.845
49.241
47.575
45.846
44.056
42.206
40.297
38.331
36.311
34.237
32.113
29.941
27.722
25.462
23.161
20.824
18.454
16.055
13.629
11.182
8.716
6.236
3.7457
1.2493
-1.2458
-3.7277
-6.2067
-6.0879
-3.6564
-1.2219
1.2253
3.674
6.1167
8.5493
10.968
13.369
15.748
18.101
20.426
22.718
24.974
27.192
29.368
31.499
33.582
35.616
37.598
39.526
41.398
43.213
44.968
46.664
48.299
49.872
51.382
52.829
54.214
55.534
56.792
57.986
59.118
60.187
61.193
62.139
63.023
63.848
64.613
65.319
65.967
66.558
67.093
67.571
67.995
68.365
68.68
68.942
69.151
69.308
69.412
69.464
69.464
69.412
69.308
69.151
68.942
68.68
68.365
67.995
67.571
67.093
66.558
65.967
65.319
64.613
63.848
63.023
62.139
61.193
60.187
59.118
57.986
56.792
55.534
54.214
52.829
51.382
49.872
48.299
46.664
44.968
43.213
41.398
39.526
37.598
35.616
33.582
31.499
29.368
27.192
24.974
22.718
20.426
18.101
15.748
13.369
10.968
8.5493
6.1167
3.674
1.2253
-1.2219
-3.6564
-6.0879
-5.9626
-3.5811
-1.1968
1.2001
3.5984
5.9907
8.3732
10.742
13.093
15.423
17.728
20.005
22.25
24.46
26.632
28.763
30.85
32.891
34.883
36.824
38.712
40.545
42.323
44.042
45.703
47.304
48.845
50.324
51.741
53.097
54.391
55.622
56.792
57.9
58.947
59.933
60.859
61.725
62.533
63.282
63.973
64.608
65.187
65.711
66.18
66.595
66.956
67.265
67.522
67.727
67.88
67.982
68.033
68.033
67.982
67.88
67.727
67.522
67.265
66.956
66.595
66.18
65.711
65.187
64.608
63.973
63.282
62.533
61.725
60.859
59.933
58.947
57.9
56.792
55.622
54.391
53.097
51.741
50.324
48.845
47.304
45.703
44.042
42.323
40.545
38.712
36.824
34.883
32.891
30.85
28.763
26.632
24.46
22.25
20.005
17.728
15.423
13.093
10.742
8.3732
5.9907
3.5984
1.2001
-1.1968
-3.5811
-5.9626
-5.8306
-3.5018
-1.1703
1.1735
3.5187
5.8581
8.1878
10.504
12.803
15.082
17.336
19.562
21.758
23.919
26.042
28.126
30.167
32.162
34.11
36.008
37.855
39.648
41.386
43.067
44.691
46.257
47.763
49.21
50.596
51.921
53.186
54.391
55.534
56.618
57.642
58.606
59.511
60.358
61.148
61.88
62.557
63.178
63.744
64.256
64.714
65.12
65.474
65.776
66.027
66.227
66.377
66.477
66.527
66.527
66.477
66.377
66.227
66.027
65.776
65.474
65.12
64.714
64.256
63.744
63.178
62.557
61.88
61.148
60.358
59.511
58.606
57.642
56.618
55.534
54.391
53.186
51.921
50.596
49.21
47.763
46.257
44.691
43.067
41.386
39.648
37.855
36.008
34.11
32.162
30.167
28.126
26.042
23.919
21.758
19.562
17.336
15.082
12.803
10.504
8.1878
5.8581
3.5187
1.1735
-1.1703
-3.5018
-5.8306
-5.6919
-3.4185
-1.1425
1.1456
3.435
5.7188
7.9931
10.254
12.499
14.723
16.924
19.097
21.24
23.35
25.423
27.457
29.449
31.398
33.299
35.152
36.954
38.705
40.401
42.043
43.628
45.157
46.627
48.039
49.392
50.687
51.921
53.097
54.214
55.271
56.271
57.212
58.096
58.923
59.694
60.409
61.069
61.675
62.228
62.727
63.175
63.571
63.916
64.211
64.456
64.652
64.798
64.896
64.944
64.944
64.896
64.798
64.652
64.456
64.211
63.916
63.571
63.175
62.727
62.228
61.675
61.069
60.409
59.694
58.923
58.096
57.212
56.271
55.271
54.214
53.097
51.921
50.687
49.392
48.039
46.627
45.157
43.628
42.043
40.401
38.705
36.954
35.152
33.299
31.398
29.449
27.457
25.423
23.35
21.24
19.097
16.924
14.723
12.499
10.254
7.9931
5.7188
3.435
1.1456
-1.1425
-3.4185
-5.6919
-5.5466
-3.3313
-1.1133
1.1164
3.3473
5.5728
7.7891
9.9926
12.18
14.347
16.492
18.61
20.698
22.754
24.774
26.756
28.698
30.596
32.449
34.255
36.011
37.717
39.37
40.97
42.514
44.004
45.437
46.813
48.131
49.392
50.596
51.741
52.829
53.86
54.834
55.751
56.613
57.418
58.169
58.866
59.51
60.1
60.639
61.126
61.562
61.948
62.284
62.572
62.811
63.001
63.144
63.239
63.286
63.286
63.239
63.144
63.001
62.811
62.572
62.284
61.948
61.562
61.126
60.639
60.1
59.51
58.866
58.169
57.418
56.613
55.751
54.834
53.86
52.829
51.741
50.596
49.392
48.131
46.813
45.437
44.004
42.514
40.97
39.37
37.717
36.011
34.255
32.449
30.596
28.698
26.756
24.774
22.754
20.698
18.61
16.492
14.347
12.18
9.9926
7.7891
5.5728
3.3473
1.1164
-1.1133
-3.3313
-5.5466
-5.3947
-3.24
-1.0828
1.0858
3.2556
5.4201
7.5757
9.7188
11.846
13.954
16.04
18.1
20.131
22.13
24.095
26.023
27.911
29.758
31.56
33.316
35.024
36.683
38.291
39.847
41.35
42.798
44.192
45.53
46.813
48.039
49.21
50.324
51.382
52.385
53.332
54.224
55.061
55.845
56.576
57.253
57.879
58.453
58.977
59.451
59.875
60.251
60.578
60.857
61.09
61.275
61.413
61.506
61.552
61.552
61.506
61.413
61.275
61.09
60.857
60.578
60.251
59.875
59.451
58.977
58.453
57.879
57.253
56.576
55.845
55.061
54.224
53.332
52.385
51.382
50.324
49.21
48.039
46.813
45.53
44.192
42.798
41.35
39.847
38.291
36.683
35.024
33.316
31.56
29.758
27.911
26.023
24.095
22.13
20.131
18.1
16.04
13.954
11.846
9.7188
7.5757
5.4201
3.2556
1.0858
-1.0828
-3.24
-5.3947
-5.2361
-3.1448
-1.051
1.0539
3.1599
5.2608
7.353
9.4332
11.498
13.544
15.568
17.568
19.539
21.48
23.387
25.258
27.091
28.883
30.632
32.337
33.995
35.605
37.166
38.676
40.134
41.54
42.893
44.192
45.437
46.627
47.763
48.845
49.872
50.845
51.764
52.63
53.443
54.204
54.913
55.57
56.178
56.735
57.243
57.703
58.115
58.479
58.797
59.068
59.294
59.474
59.608
59.698
59.743
59.743
59.698
59.608
59.474
59.294
59.068
58.797
58.479
58.115
57.703
57.243
56.735
56.178
55.57
54.913
54.204
53.443
52.63
51.764
50.845
49.872
48.845
47.763
46.627
45.437
44.192
42.893
41.54
40.134
38.676
37.166
35.605
33.995
32.337
30.632
28.883
27.091
25.258
23.387
21.48
19.539
17.568
15.568
13.544
11.498
9.4332
7.353
5.2608
3.1599
1.0539
-1.051
-3.1448
-5.2361
-5.071
-3.0456
-1.0178
1.0207
3.0603
5.0949
7.1211
9.1357
11.135
13.117
15.077
17.014
18.923
20.803
22.65
24.462
26.237
27.972
29.666
31.317
32.923
34.482
35.994
37.456
38.869
40.23
41.54
42.798
44.004
45.157
46.257
47.304
48.299
49.241
50.131
50.97
51.757
52.494
53.181
53.818
54.406
54.946
55.438
55.883
56.282
56.635
56.943
57.205
57.424
57.598
57.728
57.815
57.858
57.858
57.815
57.728
57.598
57.424
57.205
56.943
56.635
56.282
55.883
55.438
54.946
54.406
53.818
53.181
52.494
51.757
50.97
50.131
49.241
48.299
47.304
46.257
45.157
44.004
42.798
41.54
40.23
38.869
37.456
35.994
34.482
32.923
31.317
29.666
27.972
26.237
24.462
22.65
20.803
18.923
17.014
15.077
13.117
11.135
9.1357
7.1211
5.0949
3.0603
1.0207
-1.0178
-3.0456
-5.071
-4.8994
-2.9425
-0.98338
0.98612
2.9567
4.9225
6.8801
8.8265
10.759
12.673
14.567
16.438
18.283
20.098
21.883
23.634
25.349
27.026
28.662
30.257
31.809
33.315
34.776
36.188
37.553
38.869
40.134
41.35
42.514
43.628
44.691
45.703
46.664
47.575
48.435
49.245
50.006
50.717
51.381
51.996
52.564
53.086
53.562
53.992
54.377
54.718
55.015
55.269
55.48
55.648
55.774
55.858
55.9
55.9
55.858
55.774
55.648
55.48
55.269
55.015
54.718
54.377
53.992
53.562
53.086
52.564
51.996
51.381
50.717
50.006
49.245
48.435
47.575
46.664
45.703
44.691
43.628
42.514
41.35
40.134
38.869
37.553
36.188
34.776
33.315
31.809
30.257
28.662
27.026
25.349
23.634
21.883
20.098
18.283
16.438
14.567
12.673
10.759
8.8265
6.8801
4.9225
2.9567
0.98612
-0.98338
-2.9425
-4.8994
-4.7213
-2.8356
-0.94765
0.95029
2.8493
4.7436
6.6301
8.5058
10.368
12.213
14.038
15.841
17.618
19.368
21.088
22.775
24.428
26.044
27.621
29.158
30.653
32.105
33.512
34.873
36.188
37.456
38.676
39.847
40.97
42.043
43.067
44.042
44.968
45.846
46.675
47.455
48.188
48.874
49.513
50.107
50.654
51.157
51.615
52.03
52.401
52.73
53.016
53.261
53.464
53.626
53.747
53.828
53.868
53.868
53.828
53.747
53.626
53.464
53.261
53.016
52.73
52.401
52.03
51.615
51.157
50.654
50.107
49.513
48.874
48.188
47.455
46.675
45.846
44.968
44.042
43.067
42.043
40.97
39.847
38.676
37.456
36.188
34.873
33.512
32.105
30.653
29.158
27.621
26.044
24.428
22.775
21.088
19.368
17.618
15.841
14.038
12.213
10.368
8.5058
6.6301
4.7436
2.8493
0.95029
-0.94765
-2.8356
-4.7213
-4.537
-2.7249
-0.91065
0.91318
2.738
4.5584
6.3713
8.1737
9.9628
11.736
13.49
15.222
16.93
18.612
20.265
21.886
23.474
25.027
26.542
28.019
29.456
30.851
32.203
33.512
34.776
35.994
37.166
38.291
39.37
40.401
41.386
42.323
43.213
44.056
44.852
45.602
46.307
46.966
47.58
48.15
48.676
49.159
49.6
49.998
50.355
50.671
50.946
51.181
51.376
51.532
51.649
51.726
51.765
51.765
51.726
51.649
51.532
51.376
51.181
50.946
50.671
50.355
49.998
49.6
49.159
48.676
48.15
47.58
46.966
46.307
45.602
44.852
44.056
43.213
42.323
41.386
40.401
39.37
38.291
37.166
35.994
34.776
33.512
32.203
30.851
29.456
28.019
26.542
25.027
23.474
21.886
20.265
18.612
16.93
15.222
13.49
11.736
9.9628
8.1737
6.3713
4.5584
2.738
0.91318
-0.91065
-2.7249
-4.537
-4.3465
-2.6105
-0.87241
0.87484
2.6231
4.367
6.1037
7.8305
9.5445
11.243
12.923
14.583
16.219
17.83
19.414
20.967
22.488
23.976
25.428
26.843
28.219
29.556
30.851
32.105
33.315
34.482
35.605
36.683
37.717
38.705
39.648
40.545
41.398
42.206
42.969
43.687
44.362
44.994
45.582
46.128
46.632
47.095
47.517
47.898
48.24
48.543
48.806
49.032
49.219
49.368
49.48
49.554
49.591
49.591
49.554
49.48
49.368
49.219
49.032
48.806
48.543
48.24
47.898
47.517
47.095
46.632
46.128
45.582
44.994
44.362
43.687
42.969
42.206
41.398
40.545
39.648
38.705
37.717
36.683
35.605
34.482
33.315
32.105
30.851
29.556
28.219
26.843
25.428
23.976
22.488
20.967
19.414
17.83
16.219
14.583
12.923
11.243
9.5445
7.8305
6.1037
4.367
2.6231
0.87484
-0.87241
-2.6105
-4.3465
-4.15
-2.4924
-0.83296
0.83528
2.5045
4.1695
5.8277
7.4764
9.1129
10.735
12.339
13.924
15.486
17.024
18.536
20.019
21.471
22.892
24.278
25.629
26.943
28.219
29.456
30.653
31.809
32.923
33.995
35.024
36.011
36.954
37.855
38.712
39.526
40.297
41.025
41.712
42.356
42.959
43.521
44.042
44.523
44.965
45.368
45.732
46.059
46.348
46.599
46.814
46.993
47.135
47.242
47.313
47.348
47.348
47.313
47.242
47.135
46.993
46.814
46.599
46.348
46.059
45.732
45.368
44.965
44.523
44.042
43.521
42.959
42.356
41.712
41.025
40.297
39.526
38.712
37.855
36.954
36.011
35.024
33.995
32.923
31.809
30.653
29.456
28.219
26.943
25.629
24.278
22.892
21.471
20.019
18.536
17.024
15.486
13.924
12.339
10.735
9.1129
7.4764
5.8277
4.1695
2.5045
0.83528
-0.83296
-2.4924
-4.15
-3.9475
-2.3709
-0.79233
0.79454
2.3823
3.9662
5.5435
7.1118
8.6684
10.211
11.737
13.244
14.731
16.194
17.632
19.042
20.424
21.775
23.094
24.379
25.629
26.843
28.019
29.158
30.257
31.317
32.337
33.316
34.255
35.152
36.008
36.824
37.598
38.331
39.024
39.677
40.29
40.864
41.398
41.894
42.352
42.772
43.155
43.502
43.812
44.087
44.326
44.531
44.701
44.836
44.938
45.005
45.039
45.039
45.005
44.938
44.836
44.701
44.531
44.326
44.087
43.812
43.502
43.155
42.772
42.352
41.894
41.398
40.864
40.29
39.677
39.024
38.331
37.598
36.824
36.008
35.152
34.255
33.316
32.337
31.317
30.257
29.158
28.019
26.843
25.629
24.379
23.094
21.775
20.424
19.042
17.632
16.194
14.731
13.244
11.737
10.211
8.6684
7.1118
5.5435
3.9662
2.3823
0.79454
-0.79233
-2.3709
-3.9475
-3.7395
-2.2459
-0.75057
0.75266
2.2567
3.7571
5.2513
6.7369
8.2115
9.6728
11.118
12.546
13.954
15.34
16.702
18.039
19.348
20.627
21.877
23.094
24.278
25.428
26.542
27.621
28.662
29.666
30.632
31.56
32.449
33.299
34.11
34.883
35.616
36.311
36.967
37.586
38.166
38.709
39.216
39.685
40.119
40.517
40.88
41.209
41.503
41.763
41.99
42.183
42.344
42.473
42.569
42.633
42.665
42.665
42.633
42.569
42.473
42.344
42.183
41.99
41.763
41.503
41.209
40.88
40.517
40.119
39.685
39.216
38.709
38.166
37.586
36.967
36.311
35.616
34.883
34.11
33.299
32.449
31.56
30.632
29.666
28.662
27.621
26.542
25.428
24.278
23.094
21.877
20.627
19.348
18.039
16.702
15.34
13.954
12.546
11.118
9.6728
8.2115
6.7369
5.2513
3.7571
2.2567
0.75266
-0.75057
-2.2459
-3.7395
-3.5259
-2.1177
-0.70771
0.70968
2.1279
3.5426
4.9514
6.3522
7.7426
9.1204
10.484
11.83
13.157
14.464
15.749
17.009
18.243
19.449
20.627
21.775
22.892
23.976
25.027
26.044
27.026
27.972
28.883
29.758
30.596
31.398
32.162
32.891
33.582
34.237
34.856
35.439
35.987
36.499
36.976
37.419
37.828
38.203
38.546
38.855
39.133
39.378
39.592
39.774
39.926
40.047
40.138
40.198
40.228
40.228
40.198
40.138
40.047
39.926
39.774
39.592
39.378
39.133
38.855
38.546
38.203
37.828
37.419
36.976
36.499
35.987
35.439
34.856
34.237
33.582
32.891
32.162
31.398
30.596
29.758
28.883
27.972
27.026
26.044
25.027
23.976
22.892
21.775
20.627
19.449
18.243
17.009
15.749
14.464
13.157
11.83
10.484
9.1204
7.7426
6.3522
4.9514
3.5426
2.1279
0.70968
-0.70771
-2.1177
-3.5259
-3.3072
-1.9863
-0.6638
0.66565
1.9959
3.3228
4.6442
5.9581
7.2622
8.5546
9.8331
11.096
12.341
13.567
14.771
15.953
17.111
18.243
19.348
20.424
21.471
22.488
23.474
24.428
25.349
26.237
27.091
27.911
28.698
29.449
30.167
30.85
31.499
32.113
32.694
33.24
33.754
34.234
34.682
35.097
35.481
35.833
36.154
36.444
36.704
36.935
37.135
37.307
37.449
37.562
37.647
37.704
37.732
37.732
37.704
37.647
37.562
37.449
37.307
37.135
36.935
36.704
36.444
36.154
35.833
35.481
35.097
34.682
34.234
33.754
33.24
32.694
32.113
31.499
30.85
30.167
29.449
28.698
27.911
27.091
26.237
25.349
24.428
23.474
22.488
21.471
20.424
19.348
18.243
17.111
15.953
14.771
13.567
12.341
11.096
9.8331
8.5546
7.2622
5.9581
4.6442
3.3228
1.9959
0.66565
-0.6638
-1.9863
-3.3072
-3.0834
-1.8519
-0.6189
0.62062
1.8608
3.098
4.3301
5.555
6.7709
7.9759
9.1679
10.345
11.506
12.649
13.772
14.874
15.953
17.009
18.039
19.042
20.019
20.967
21.886
22.775
23.634
24.462
25.258
26.023
26.756
27.457
28.126
28.763
29.368
29.941
30.482
30.992
31.47
31.918
32.336
32.723
33.081
33.409
33.708
33.979
34.221
34.436
34.623
34.783
34.915
35.021
35.1
35.153
35.18
35.18
35.153
35.1
35.021
34.915
34.783
34.623
34.436
34.221
33.979
33.708
33.409
33.081
32.723
32.336
31.918
31.47
30.992
30.482
29.941
29.368
28.763
28.126
27.457
26.756
26.023
25.258
24.462
23.634
22.775
21.886
20.967
20.019
19.042
18.039
17.009
15.953
14.874
13.772
12.649
11.506
10.345
9.1679
7.9759
6.7709
5.555
4.3301
3.098
1.8608
0.62062
-0.6189
-1.8519
-3.0834
-2.855
-1.7147
-0.57305
0.57464
1.723
2.8685
4.0093
5.1435
6.2693
7.385
8.4887
9.5789
10.654
11.712
12.752
13.772
14.771
15.749
16.702
17.632
18.536
19.414
20.265
21.088
21.883
22.65
23.387
24.095
24.774
25.423
26.042
26.632
27.192
27.722
28.224
28.696
29.139
29.554
29.94
30.299
30.63
30.934
31.211
31.462
31.686
31.885
32.058
32.206
32.329
32.427
32.5
32.549
32.573
32.573
32.549
32.5
32.427
32.329
32.206
32.058
31.885
31.686
31.462
31.211
30.934
30.63
30.299
29.94
29.554
29.139
28.696
28.224
27.722
27.192
26.632
26.042
25.423
24.774
24.095
23.387
22.65
21.883
21.088
20.265
19.414
18.536
17.632
16.702
15.749
14.771
13.772
12.752
11.712
10.654
9.5789
8.4887
7.385
6.2693
5.1435
4.0093
2.8685
1.723
0.57464
-0.57305
-1.7147
-2.855
-2.6222
-1.5749
-0.52632
0.52778
1.5825
2.6346
3.6823
4.7241
5.7581
6.7828
7.7965
8.7977
9.785
10.757
11.712
12.649
13.567
14.464
15.34
16.194
17.024
17.83
18.612
19.368
20.098
20.803
21.48
22.13
22.754
23.35
23.919
24.46
24.974
25.462
25.922
26.356
26.763
27.144
27.499
27.828
28.132
28.411
28.666
28.896
29.102
29.284
29.444
29.579
29.692
29.782
29.85
29.894
29.917
29.917
29.894
29.85
29.782
29.692
29.579
29.444
29.284
29.102
28.896
28.666
28.411
28.132
27.828
27.499
27.144
26.763
26.356
25.922
25.462
24.974
24.46
23.919
23.35
22.754
22.13
21.48
20.803
20.098
19.368
18.612
17.83
17.024
16.194
15.34
14.464
13.567
12.649
11.712
10.757
9.785
8.7977
7.7965
6.7828
5.7581
4.7241
3.6823
2.6346
1.5825
0.52778
-0.52632
-1.5749
-2.6222
-2.3853
-1.4326
-0.47876
0.4801
1.4395
2.3965
3.3496
4.2972
5.2378
6.1699
7.0921
8.0029
8.901
9.785
10.654
11.506
12.341
13.157
13.954
14.731
15.486
16.219
16.93
17.618
18.283
18.923
19.539
20.131
20.698
21.24
21.758
22.25
22.718
23.161
23.58
23.974
24.345
24.691
25.014
25.314
25.59
25.844
26.076
26.285
26.473
26.639
26.783
26.907
27.009
27.091
27.153
27.193
27.214
27.214
27.193
27.153
27.091
27.009
26.907
26.783
26.639
26.473
26.285
26.076
25.844
25.59
25.314
25.014
24.691
24.345
23.974
23.58
23.161
22.718
22.25
21.758
21.24
20.698
20.131
19.539
18.923
18.283
17.618
16.93
16.219
15.486
14.731
13.954
13.157
12.341
11.506
10.654
9.785
8.901
8.0029
7.0921
6.1699
5.2378
4.2972
3.3496
2.3965
1.4395
0.4801
-0.47876
-1.4326
-2.3853
-2.1446
-1.288
-0.43046
0.43166
1.2943
2.1547
3.0117
3.8637
4.7094
5.5474
6.3765
7.1954
8.0029
8.7977
9.5789
10.345
11.096
11.83
12.546
13.244
13.924
14.583
15.222
15.841
16.438
17.014
17.568
18.1
18.61
19.097
19.562
20.005
20.426
20.824
21.201
21.555
21.888
22.2
22.49
22.76
23.008
23.237
23.445
23.633
23.802
23.951
24.081
24.192
24.284
24.358
24.413
24.45
24.468
24.468
24.45
24.413
24.358
24.284
24.192
24.081
23.951
23.802
23.633
23.445
23.237
23.008
22.76
22.49
22.2
21.888
21.555
21.201
20.824
20.426
20.005
19.562
19.097
18.61
18.1
17.568
17.014
16.438
15.841
15.222
14.583
13.924
13.244
12.546
11.83
11.096
10.345
9.5789
8.7977
8.0029
7.1954
6.3765
5.5474
4.7094
3.8637
3.0117
2.1547
1.2943
0.43166
-0.43046
-1.288
-2.1446
-1.9005
-1.1415
-0.38147
0.38253
1.147
1.9095
2.6689
3.424
4.1734
4.9161
5.6508
6.3765
7.0921
7.7965
8.4887
9.1679
9.8331
10.484
11.118
11.737
12.339
12.923
13.49
14.038
14.567
15.077
15.568
16.04
16.492
16.924
17.336
17.728
18.101
18.454
18.788
19.102
19.397
19.673
19.931
20.169
20.39
20.592
20.776
20.943
21.093
21.225
21.34
21.439
21.52
21.586
21.635
21.667
21.683
21.683
21.667
21.635
21.586
21.52
21.439
21.34
21.225
21.093
20.943
20.776
20.592
20.39
20.169
19.931
19.673
19.397
19.102
18.788
18.454
18.101
17.728
17.336
16.924
16.492
16.04
15.568
15.077
14.567
14.038
13.49
12.923
12.339
11.737
11.118
10.484
9.8331
9.1679
8.4887
7.7965
7.0921
6.3765
5.6508
4.9161
4.1734
3.424
2.6689
1.9095
1.147
0.38253
-0.38147
-1.1415
-1.9005
-1.6534
-0.99304
-0.33187
0.33279
0.99783
1.6612
2.3219
2.9788
3.6308
4.2769
4.9161
5.5474
6.1699
6.7828
7.385
7.9759
8.5546
9.1204
9.6728
10.211
10.735
11.243
11.736
12.213
12.673
13.117
13.544
13.954
14.347
14.723
15.082
15.423
15.748
16.055
16.345
16.618
16.875
17.115
17.339
17.547
17.738
17.915
18.075
18.22
18.35
18.465
18.565
18.651
18.722
18.779
18.822
18.85
18.864
18.864
18.85
18.822
18.779
18.722
18.651
18.565
18.465
18.35
18.22
18.075
17.915
17.738
17.547
17.339
17.115
16.875
16.618
16.345
16.055
15.748
15.423
15.082
14.723
14.347
13.954
13.544
13.117
12.673
12.213
11.736
11.243
10.735
10.211
9.6728
9.1204
8.5546
7.9759
7.385
6.7828
6.1699
5.5474
4.9161
4.2769
3.6308
2.9788
2.3219
1.6612
0.99783
0.33279
-0.33187
-0.99304
-1.6534
-1.4036
-0.84302
-0.28173
0.28252
0.84709
1.4103
1.9711
2.5288
3.0823
3.6308
4.1734
4.7094
5.2378
5.7581
6.2693
6.7709
7.2622
7.7426
8.2115
8.6684
9.1129
9.5445
9.9628
10.368
10.759
11.135
11.498
11.846
12.18
12.499
12.803
13.093
13.369
13.629
13.876
14.108
14.326
14.53
14.72
14.896
15.059
15.208
15.344
15.468
15.578
15.676
15.761
15.833
15.894
15.942
15.978
16.002
16.014
16.014
16.002
15.978
15.942
15.894
15.833
15.761
15.676
15.578
15.468
15.344
15.208
15.059
14.896
14.72
14.53
14.326
14.108
13.876
13.629
13.369
13.093
12.803
12.499
12.18
11.846
11.498
11.135
10.759
10.368
9.9628
9.5445
9.1129
8.6684
8.2115
7.7426
7.2622
6.7709
6.2693
5.7581
5.2378
4.7094
4.1734
3.6308
3.0823
2.5288
1.9711
1.4103
0.84709
0.28252
-0.28173
-0.84302
-1.4036
-1.1516
-0.69163
-0.23114
0.23178
0.69497
1.157
1.6172
2.0746
2.5288
2.9788
3.424
3.8637
4.2972
4.7241
5.1435
5.555
5.9581
6.3522
6.7369
7.1118
7.4764
7.8305
8.1737
8.5058
8.8265
9.1357
9.4332
9.7188
9.9926
10.254
10.504
10.742
10.968
11.182
11.384
11.574
11.753
11.92
12.076
12.221
12.354
12.477
12.589
12.69
12.78
12.861
12.93
12.99
13.04
13.079
13.109
13.128
13.138
13.138
13.128
13.109
13.079
13.04
12.99
12.93
12.861
12.78
12.69
12.589
12.477
12.354
12.221
12.076
11.92
11.753
11.574
11.384
11.182
10.968
10.742
10.504
10.254
9.9926
9.7188
9.4332
9.1357
8.8265
8.5058
8.1737
7.8305
7.4764
7.1118
6.7369
6.3522
5.9581
5.555
5.1435
4.7241
4.2972
3.8637
3.424
2.9788
2.5288
2.0746
1.6172
1.157
0.69497
0.23178
-0.23114
-0.69163
-1.1516
-0.89764
-0.53912
-0.18017
0.18067
0.54172
0.90187
1.2605
1.6172
1.9711
2.3219
2.6689
3.0117
3.3496
3.6823
4.0093
4.3301
4.6442
4.9514
5.2513
5.5435
5.8277
6.1037
6.3713
6.6301
6.8801
7.1211
7.353
7.5757
7.7891
7.9931
8.1878
8.3732
8.5493
8.716
8.8736
9.022
9.1614
9.2918
9.4133
9.526
9.6301
9.7257
9.8128
9.8916
9.9622
10.025
10.079
10.126
10.164
10.195
10.218
10.233
10.241
10.241
10.233
10.218
10.195
10.164
10.126
10.079
10.025
9.9622
9.8916
9.8128
9.7257
9.6301
9.526
9.4133
9.2918
9.1614
9.022
8.8736
8.716
8.5493
8.3732
8.1878
7.9931
7.7891
7.5757
7.353
7.1211
6.8801
6.6301
6.3713
6.1037
5.8277
5.5435
5.2513
4.9514
4.6442
4.3301
4.0093
3.6823
3.3496
3.0117
2.6689
2.3219
1.9711
1.6172
1.2605
0.90187
0.54172
0.18067
-0.18017
-0.53912
-0.89764
-0.64223
-0.38572
-0.1289
0.12926
0.38758
0.64525
0.90187
1.157
1.4103
1.6612
1.9095
2.1547
2.3965
2.6346
2.8685
3.098
3.3228
3.5426
3.7571
3.9662
4.1695
4.367
4.5584
4.7436
4.9225
5.0949
5.2608
5.4201
5.5728
5.7188
5.8581
5.9907
6.1167
6.236
6.3487
6.4549
6.5546
6.6479
6.7348
6.8155
6.89
6.9583
7.0207
7.077
7.1275
7.1722
7.2112
7.2444
7.2721
7.2941
7.3106
7.3216
7.3271
7.3271
7.3216
7.3106
7.2941
7.2721
7.2444
7.2112
7.1722
7.1275
7.077
7.0207
6.9583
6.89
6.8155
6.7348
6.6479
6.5546
6.4549
6.3487
6.236
6.1167
5.9907
5.8581
5.7188
5.5728
5.4201
5.2608
5.0949
4.9225
4.7436
4.5584
4.367
4.1695
3.9662
3.7571
3.5426
3.3228
3.098
2.8685
2.6346
2.3965
2.1547
1.9095
1.6612
1.4103
1.157
0.90187
0.64525
0.38758
0.12926
-0.1289
-0.38572
-0.64223
-0.38576
-0.23169
-0.077428
0.077644
0.2328
0.38758
0.54172
0.69497
0.84709
0.99783
1.147
1.2943
1.4395
1.5825
1.723
1.8608
1.9959
2.1279
2.2567
2.3823
2.5045
2.6231
2.738
2.8493
2.9567
3.0603
3.1599
3.2556
3.3473
3.435
3.5187
3.5984
3.674
3.7457
3.8134
3.8772
3.9371
3.9931
4.0453
4.0938
4.1385
4.1796
4.217
4.2509
4.2812
4.3081
4.3315
4.3514
4.368
4.3813
4.3912
4.3978
4.4011
4.4011
4.3978
4.3912
4.3813
4.368
4.3514
4.3315
4.3081
4.2812
4.2509
4.217
4.1796
4.1385
4.0938
4.0453
3.9931
3.9371
3.8772
3.8134
3.7457
3.674
3.5984
3.5187
3.435
3.3473
3.2556
3.1599
3.0603
2.9567
2.8493
2.738
2.6231
2.5045
2.3823
2.2567
2.1279
1.9959
1.8608
1.723
1.5825
1.4395
1.2943
1.147
0.99783
0.84709
0.69497
0.54172
0.38758
0.2328
0.077644
-0.077428
-0.23169
-0.38576
-0.12866
-0.077271
-0.025823
0.025895
0.077644
0.12926
0.18067
0.23178
0.28252
0.33279
0.38253
0.43166
0.4801
0.52778
0.57464
0.62062
0.66565
0.70968
0.75266
0.79454
0.83528
0.87484
0.91318
0.95029
0.98612
1.0207
1.0539
1.0858
1.1164
1.1456
1.1735
1.2001
1.2253
1.2493
1.2718
1.2931
1.3131
1.3318
1.3492
1.3653
1.3803
1.394
1.4064
1.4177
1.4279
1.4368
1.4446
1.4513
1.4568
1.4612
1.4645
1.4667
1.4678
1.4678
1.4667
1.4645
1.4612
1.4568
1.4513
1.4446
1.4368
1.4279
1.4177
1.4064
1.394
1.3803
1.3653
1.3492
1.3318
1.3131
1.2931
1.2718
1.2493
1.2253
1.2001
1.1735
1.1456
1.1164
1.0858
1.0539
1.0207
0.98612
0.95029
0.91318
0.87484
0.83528
0.79454
0.75266
0.70968
0.66565
0.62062
0.57464
0.52778
0.4801
0.43166
0.38253
0.33279
0.28252
0.23178
0.18067
0.12926
0.077644
0.025895
-0.025823
-0.077271
-0.12866
0.1283
0.077055
0.025752
-0.025823
-0.077428
-0.1289
-0.18017
-0.23114
-0.28173
-0.33187
-0.38147
-0.43046
-0.47876
-0.52632
-0.57305
-0.6189
-0.6638
-0.70771
-0.75057
-0.79233
-0.83296
-0.87241
-0.91065
-0.94765
-0.98338
-1.0178
-1.051
-1.0828
-1.1133
-1.1425
-1.1703
-1.1968
-1.2219
-1.2458
-1.2683
-1.2895
-1.3094
-1.3281
-1.3454
-1.3616
-1.3764
-1.3901
-1.4025
-1.4138
-1.4239
-1.4328
-1.4406
-1.4472
-1.4528
-1.4572
-1.4605
-1.4627
-1.4638
-1.4638
-1.4627
-1.4605
-1.4572
-1.4528
-1.4472
-1.4406
-1.4328
-1.4239
-1.4138
-1.4025
-1.3901
-1.3764
-1.3616
-1.3454
-1.3281
-1.3094
-1.2895
-1.2683
-1.2458
-1.2219
-1.1968
-1.1703
-1.1425
-1.1133
-1.0828
-1.051
-1.0178
-0.98338
-0.94765
-0.91065
-0.87241
-0.83296
-0.79233
-0.75057
-0.70771
-0.6638
-0.6189
-0.57305
-0.52632
-0.47876
-0.43046
-0.38147
-0.33187
-0.28173
-0.23114
-0.18017
-0.1289
-0.077428
-0.025823
0.025752
0.077055
0.1283
0.38505
0.23107
0.077055
-0.077271
-0.23169
-0.38572
-0.53912
-0.69163
-0.84302
-0.99304
-1.1415
-1.288
-1.4326
-1.5749
-1.7147
-1.8519
-1.9863
-2.1177
-2.2459
-2.3709
-2.4924
-2.6105
-2.7249
-2.8356
-2.9425
-3.0456
-3.1448
-3.24
-3.3313
-3.4185
-3.5018
-3.5811
-3.6564
-3.7277
-3.7951
-3.8586
-3.9182
-3.9739
-4.0259
-4.0741
-4.1186
-4.1595
-4.1968
-4.2305
-4.2607
-4.2874
-4.3106
-4.3305
-4.347
-4.3602
-4.3701
-4.3767
-4.3799
-4.3799
-4.3767
-4.3701
-4.3602
-4.347
-4.3305
-4.3106
-4.2874
-4.2607
-4.2305
-4.1968
-4.1595
-4.1186
-4.0741
-4.0259
-3.9739
-3.9182
-3.8586
-3.7951
-3.7277
-3.6564
-3.5811
-3.5018
-3.4185
-3.3313
-3.24
-3.1448
-3.0456
-2.9425
-2.8356
-2.7249
-2.6105
-2.4924
-2.3709
-2.2459
-2.1177
-1.9863
-1.8519
-1.7147
-1.5749
-1.4326
-1.288
-1.1415
-0.99304
-0.84302
-0.69163
-0.53912
-0.38572
-0.23169
-0.077271
0.077055
0.23107
0.38505
0.64172
0.38505
0.1283
-0.12866
-0.38576
-0.64223
-0.89764
-1.1516
-1.4036
-1.6534
-1.9005
-2.1446
-2.3853
-2.6222
-2.855
-3.0834
-3.3072
-3.5259
-3.7395
-3.9475
-4.15
-4.3465
-4.537
-4.7213
-4.8994
-5.071
-5.2361
-5.3947
-5.5466
-5.6919
-5.8306
-5.9626
-6.0879
-6.2067
-6.3189
-6.4246
-6.5238
-6.6167
-6.7032
-6.7835
-6.8576
-6.9256
-6.9877
-7.0438
-7.094
-7.1385
-7.1773
-7.2104
-7.2379
-7.2598
-7.2763
-7.2872
-7.2927
-7.2927
-7.2872
-7.2763
-7.2598
-7.2379
-7.2104
-7.1773
-7.1385
-7.094
-7.0438
-6.9877
-6.9256
-6.8576
-6.7835
-6.7032
-6.6167
-6.5238
-6.4246
-6.3189
-6.2067
-6.0879
-5.9626
-5.8306
-5.6919
-5.5466
-5.3947
-5.2361
-5.071
-4.8994
-4.7213
-4.537
-4.3465
-4.15
-3.9475
-3.7395
-3.5259
-3.3072
-3.0834
-2.855
-2.6222
-2.3853
-2.1446
-1.9005
-1.6534
-1.4036
-1.1516
-0.89764
-0.64223
-0.38576
-0.12866
0.1283
0.38505
0.64172
