0.60116
0.36069
0.12018
-0.12051
-0.36136
-0.60164
-0.84099
-1.079
-1.3154
-1.5498
-1.7818
-2.0111
-2.2374
-2.4604
-2.6797
-2.8951
-3.1064
-3.3132
-3.5153
-3.7125
-3.9047
-4.0915
-4.2729
-4.4487
-4.6188
-4.7831
-4.9415
-5.0938
-5.2401
-5.3802
-5.5142
-5.6421
-5.7637
-5.8792
-5.9885
-6.0917
-6.1887
-6.2797
-6.3647
-6.4437
-6.5167
-6.5839
-6.6452
-6.7008
-6.7506
-6.7948
-6.8333
-6.8663
-6.8937
-6.9156
-6.9319
-6.9428
-6.9483
-6.9483
-6.9428
-6.9319
-6.9156
-6.8937
-6.8663
-6.8333
-6.7948
-6.7506
-6.7008
-6.6452
-6.5839
-6.5167
-6.4437
-6.3647
-6.2797
-6.1887
-6.0917
-5.9885
-5.8792
-5.7637
-5.6421
-5.5142
-5.3802
-5.2401
-5.0938
-4.9415
-4.7831
-4.6188
-4.4487
-4.2729
-4.0915
-3.9047
-3.7125
-3.5153
-3.3132
-3.1064
-2.8951
-2.6797
-2.4604
-2.2374
-2.0111
-1.7818
-1.5498
-1.3154
-1.079
-0.84099
-0.60164
-0.36136
-0.12051
0.12018
0.36069
0.60116
0.36069
0.21644
0.072174
-0.072376
-0.21701
-0.36132
-0.50506
-0.64802
-0.78999
-0.93075
-1.0701
-1.2078
-1.3437
-1.4776
-1.6093
-1.7387
-1.8656
-1.9898
-2.1111
-2.2296
-2.345
-2.4572
-2.5661
-2.6717
-2.7739
-2.8725
-2.9676
-3.0591
-3.147
-3.2311
-3.3116
-3.3884
-3.4614
-3.5308
-3.5964
-3.6584
-3.7167
-3.7713
-3.8224
-3.8698
-3.9137
-3.954
-3.9909
-4.0242
-4.0542
-4.0807
-4.1038
-4.1236
-4.1401
-4.1532
-4.163
-4.1696
-4.1729
-4.1729
-4.1696
-4.163
-4.1532
-4.1401
-4.1236
-4.1038
-4.0807
-4.0542
-4.0242
-3.9909
-3.954
-3.9137
-3.8698
-3.8224
-3.7713
-3.7167
-3.6584
-3.5964
-3.5308
-3.4614
-3.3884
-3.3116
-3.2311
-3.147
-3.0591
-2.9676
-2.8725
-2.7739
-2.6717
-2.5661
-2.4572
-2.345
-2.2296
-2.1111
-1.9898
-1.8656
-1.7387
-1.6093
-1.4776
-1.3437
-1.2078
-1.0701
-0.93075
-0.78999
-0.64802
-0.50506
-0.36132
-0.21701
-0.072376
0.072174
0.21644
0.36069
0.12018
0.072174
0.024119
-0.024187
-0.072523
-0.12075
-0.16878
-0.21656
-0.264
-0.31104
-0.35761
-0.40363
-0.44905
-0.49379
-0.53781
-0.58105
-0.62344
-0.66494
-0.70551
-0.74509
-0.78365
-0.82115
-0.85756
-0.89285
-0.92699
-0.95996
-0.99174
-1.0223
-1.0517
-1.0798
-1.1067
-1.1323
-1.1568
-1.1799
-1.2019
-1.2226
-1.2421
-1.2603
-1.2774
-1.2932
-1.3079
-1.3214
-1.3337
-1.3448
-1.3548
-1.3637
-1.3714
-1.378
-1.3835
-1.3879
-1.3912
-1.3934
-1.3945
-1.3945
-1.3934
-1.3912
-1.3879
-1.3835
-1.378
-1.3714
-1.3637
-1.3548
-1.3448
-1.3337
-1.3214
-1.3079
-1.2932
-1.2774
-1.2603
-1.2421
-1.2226
-1.2019
-1.1799
-1.1568
-1.1323
-1.1067
-1.0798
-1.0517
-1.0223
-0.99174
-0.95996
-0.92699
-0.89285
-0.85756
-0.82115
-0.78365
-0.74509
-0.70551
-0.66494
-0.62344
-0.58105
-0.53781
-0.49379
-0.44905
-0.40363
-0.35761
-0.31104
-0.264
-0.21656
-0.16878
-0.12075
-0.072523
-0.024187
0.024119
0.072174
0.12018
-0.12051
-0.072376
-0.024187
0.024254
0.072725
0.12108
0.16925
0.21716
0.26474
0.31191
0.3586
0.40475
0.4503
0.49517
0.53931
0.58267
0.62518
0.6668
0.70747
0.74717
0.78583
0.82344
0.85995
0.89534
0.92957
0.96263
0.9945
1.0252
1.0546
1.0828
1.1098
1.1355
1.16
1.1832
1.2052
1.226
1.2455
1.2638
1.2809
1.2968
1.3115
1.3251
1.3374
1.3486
1.3586
1.3675
1.3753
1.3819
1.3874
1.3918
1.3951
1.3973
1.3984
1.3984
1.3973
1.3951
1.3918
1.3874
1.3819
1.3753
1.3675
1.3586
1.3486
1.3374
1.3251
1.3115
1.2968
1.2809
1.2638
1.2455
1.226
1.2052
1.1832
1.16
1.1355
1.1098
1.0828
1.0546
1.0252
0.9945
0.96263
0.92957
0.89534
0.85995
0.82344
0.78583
0.74717
0.70747
0.6668
0.62518
0.58267
0.53931
0.49517
0.4503
0.40475
0.3586
0.31191
0.26474
0.21716
0.16925
0.12108
0.072725
0.024254
-0.024187
-0.072376
-0.12051
-0.36136
-0.21701
-0.072523
0.072725
0.21806
0.36306
0.5075
0.65115
0.7938
0.93524
1.0752
1.2136
1.3502
1.4847
1.6171
1.7471
1.8746
1.9994
2.1213
2.2403
2.3563
2.469
2.5785
2.6846
2.7873
2.8864
2.982
3.0739
3.1622
3.2467
3.3276
3.4047
3.4782
3.5478
3.6138
3.6761
3.7346
3.7896
3.8408
3.8885
3.9326
3.9731
4.0101
4.0437
4.0737
4.1004
4.1236
4.1435
4.16
4.1733
4.1831
4.1897
4.193
4.193
4.1897
4.1831
4.1733
4.16
4.1435
4.1236
4.1004
4.0737
4.0437
4.0101
3.9731
3.9326
3.8885
3.8408
3.7896
3.7346
3.6761
3.6138
3.5478
3.4782
3.4047
3.3276
3.2467
3.1622
3.0739
2.982
2.8864
2.7873
2.6846
2.5785
2.469
2.3563
2.2403
2.1213
1.9994
1.8746
1.7471
1.6171
1.4847
1.3502
1.2136
1.0752
0.93524
0.7938
0.65115
0.5075
0.36306
0.21806
0.072725
-0.072523
-0.21701
-0.36136
-0.60164
-0.36132
-0.12075
0.12108
0.36306
0.60447
0.84495
1.0841
1.3216
1.5571
1.7902
2.0206
2.248
2.472
2.6924
2.9088
3.121
3.3288
3.5319
3.73
3.9231
4.1108
4.2931
4.4697
4.6406
4.8057
4.9648
5.1178
5.2648
5.4056
5.5403
5.6687
5.7909
5.9069
6.0168
6.1204
6.218
6.3094
6.3948
6.4741
6.5475
6.615
6.6766
6.7325
6.7825
6.8269
6.8656
6.8987
6.9262
6.9482
6.9647
6.9756
6.9811
6.9811
6.9756
6.9647
6.9482
6.9262
6.8987
6.8656
6.8269
6.7825
6.7325
6.6766
6.615
6.5475
6.4741
6.3948
6.3094
6.218
6.1204
6.0168
5.9069
5.7909
5.6687
5.5403
5.4056
5.2648
5.1178
4.9648
4.8057
4.6406
4.4697
4.2931
4.1108
3.9231
3.73
3.5319
3.3288
3.121
2.9088
2.6924
2.472
2.248
2.0206
1.7902
1.5571
1.3216
1.0841
0.84495
0.60447
0.36306
0.12108
-0.12075
-0.36132
-0.60164
-0.84099
-0.50506
-0.16878
0.16925
0.5075
0.84495
1.1811
1.5154
1.8474
2.1766
2.5024
2.8245
3.1423
3.4554
3.7635
4.066
4.3627
4.6531
4.937
5.214
5.4838
5.7462
6.001
6.2479
6.4868
6.7175
6.9399
7.1539
7.3593
7.5561
7.7443
7.9239
8.0947
8.2569
8.4104
8.5553
8.6917
8.8195
8.9388
9.0497
9.1523
9.2467
9.3328
9.4108
9.4808
9.5429
9.597
9.6433
9.6817
9.7124
9.7355
9.7508
9.7584
9.7584
9.7508
9.7355
9.7124
9.6817
9.6433
9.597
9.5429
9.4808
9.4108
9.3328
9.2467
9.1523
9.0497
8.9388
8.8195
8.6917
8.5553
8.4104
8.2569
8.0947
7.9239
7.7443
7.5561
7.3593
7.1539
6.9399
6.7175
6.4868
6.2479
6.001
5.7462
5.4838
5.214
4.937
4.6531
4.3627
4.066
3.7635
3.4554
3.1423
2.8245
2.5024
2.1766
1.8474
1.5154
1.1811
0.84495
0.5075
0.16925
-0.16878
-0.50506
-0.84099
-1.079
-0.64802
-0.21656
0.21716
0.65115
1.0841
1.5154
1.9444
2.3704
2.7927
3.2108
3.624
4.0318
4.4336
4.8288
5.217
5.5976
5.9702
6.3344
6.6898
7.0361
7.3728
7.6997
8.0165
8.323
8.619
8.9044
9.1789
9.4425
9.695
9.9365
10.167
10.386
10.594
10.791
10.977
11.152
11.316
11.469
11.611
11.743
11.864
11.975
12.075
12.165
12.244
12.314
12.373
12.422
12.462
12.491
12.511
12.521
12.521
12.511
12.491
12.462
12.422
12.373
12.314
12.244
12.165
12.075
11.975
11.864
11.743
11.611
11.469
11.316
11.152
10.977
10.791
10.594
10.386
10.167
9.9365
9.695
9.4425
9.1789
8.9044
8.619
8.323
8.0165
7.6997
7.3728
7.0361
6.6898
6.3344
5.9702
5.5976
5.217
4.8288
4.4336
4.0318
3.624
3.2108
2.7927
2.3704
1.9444
1.5154
1.0841
0.65115
0.21716
-0.21656
-0.64802
-1.079
-1.3154
-0.78999
-0.264
0.26474
0.7938
1.3216
1.8474
2.3704
2.8896
3.4045
3.9142
4.4179
4.915
5.4048
5.8867
6.3599
6.8239
7.2782
7.7222
8.1554
8.5775
8.988
9.3865
9.7727
10.146
10.507
10.855
11.19
11.511
11.819
12.113
12.394
12.661
12.915
13.155
13.382
13.595
13.795
13.982
14.155
14.316
14.463
14.598
14.72
14.829
14.926
15.011
15.084
15.144
15.192
15.228
15.252
15.264
15.264
15.252
15.228
15.192
15.144
15.084
15.011
14.926
14.829
14.72
14.598
14.463
14.316
14.155
13.982
13.795
13.595
13.382
13.155
12.915
12.661
12.394
12.113
11.819
11.511
11.19
10.855
10.507
10.146
9.7727
9.3865
8.988
8.5775
8.1554
7.7222
7.2782
6.8239
6.3599
5.8867
5.4048
4.915
4.4179
3.9142
3.4045
2.8896
2.3704
1.8474
1.3216
0.7938
0.26474
-0.264
-0.78999
-1.3154
-1.5498
-0.93075
-0.31104
0.31191
0.93524
1.5571
2.1766
2.7927
3.4045
4.0111
4.6116
5.2051
5.7908
6.3678
6.9355
7.493
8.0397
8.5749
9.0981
9.6085
10.106
10.589
11.059
11.514
11.954
12.379
12.789
13.183
13.562
13.925
14.272
14.602
14.917
15.216
15.499
15.766
16.017
16.253
16.473
16.677
16.866
17.04
17.199
17.343
17.472
17.586
17.686
17.771
17.842
17.899
17.941
17.969
17.983
17.983
17.969
17.941
17.899
17.842
17.771
17.686
17.586
17.472
17.343
17.199
17.04
16.866
16.677
16.473
16.253
16.017
15.766
15.499
15.216
14.917
14.602
14.272
13.925
13.562
13.183
12.789
12.379
11.954
11.514
11.059
10.589
10.106
9.6085
9.0981
8.5749
8.0397
7.493
6.9355
6.3678
5.7908
5.2051
4.6116
4.0111
3.4045
2.7927
2.1766
1.5571
0.93524
0.31191
-0.31104
-0.93075
-1.5498
-1.7818
-1.0701
-0.35761
0.3586
1.0752
1.7902
2.5024
3.2108
3.9142
4.6116
5.302
5.9843
6.6577
7.3212
7.9738
8.6148
9.2433
9.8587
10.46
11.047
11.619
12.175
12.715
13.238
13.744
14.233
14.704
15.157
15.592
16.009
16.408
16.789
17.151
17.494
17.819
18.127
18.415
18.686
18.939
19.174
19.391
19.591
19.774
19.939
20.087
20.219
20.333
20.432
20.513
20.578
20.627
20.659
20.676
20.676
20.659
20.627
20.578
20.513
20.432
20.333
20.219
20.087
19.939
19.774
19.591
19.391
19.174
18.939
18.686
18.415
18.127
17.819
17.494
17.151
16.789
16.408
16.009
15.592
15.157
14.704
14.233
13.744
13.238
12.715
12.175
11.619
11.047
10.46
9.8587
9.2433
8.6148
7.9738
7.3212
6.6577
5.9843
5.302
4.6116
3.9142
3.2108
2.5024
1.7902
1.0752
0.3586
-0.35761
-1.0701
-1.7818
-2.0111
-1.2078
-0.40363
0.40475
1.2136
2.0206
2.8245
3.624
4.4179
5.2051
5.9843
6.7545
7.5145
8.2634
9
9.7235
10.433
11.127
11.806
12.469
13.114
13.742
14.351
14.941
15.513
16.064
16.596
17.108
17.599
18.07
18.52
18.949
19.358
19.746
20.113
20.459
20.785
21.091
21.376
21.642
21.887
22.113
22.319
22.505
22.673
22.821
22.95
23.061
23.153
23.227
23.282
23.318
23.337
23.337
23.318
23.282
23.227
23.153
23.061
22.95
22.821
22.673
22.505
22.319
22.113
21.887
21.642
21.376
21.091
20.785
20.459
20.113
19.746
19.358
18.949
18.52
18.07
17.599
17.108
16.596
16.064
15.513
14.941
14.351
13.742
13.114
12.469
11.806
11.127
10.433
9.7235
9
8.2634
7.5145
6.7545
5.9843
5.2051
4.4179
3.624
2.8245
2.0206
1.2136
0.40475
-0.40363
-1.2078
-2.0111
-2.2374
-1.3437
-0.44905
0.4503
1.3502
2.248
3.1423
4.0318
4.915
5.7908
6.6577
7.5145
8.3601
9.1932
10.013
10.818
11.607
12.38
13.135
13.872
14.59
15.288
15.966
16.623
17.258
17.872
18.464
19.033
19.579
20.103
20.604
21.082
21.536
21.968
22.376
22.762
23.124
23.464
23.782
24.077
24.35
24.601
24.83
25.038
25.224
25.389
25.533
25.656
25.758
25.84
25.901
25.942
25.962
25.962
25.942
25.901
25.84
25.758
25.656
25.533
25.389
25.224
25.038
24.83
24.601
24.35
24.077
23.782
23.464
23.124
22.762
22.376
21.968
21.536
21.082
20.604
20.103
19.579
19.033
18.464
17.872
17.258
16.623
15.966
15.288
14.59
13.872
13.135
12.38
11.607
10.818
10.013
9.1932
8.3601
7.5145
6.6577
5.7908
4.915
4.0318
3.1423
2.248
1.3502
0.4503
-0.44905
-1.3437
-2.2374
-2.4604
-1.4776
-0.49379
0.49517
1.4847
2.472
3.4554
4.4336
5.4048
6.3678
7.3212
8.2634
9.1932
10.109
11.011
11.896
12.764
13.613
14.444
15.254
16.044
16.811
17.557
18.279
18.978
19.653
20.304
20.93
21.531
22.107
22.657
23.182
23.682
24.157
24.606
25.03
25.429
25.803
26.152
26.476
26.776
27.052
27.304
27.533
27.738
27.919
28.077
28.213
28.325
28.415
28.483
28.527
28.55
28.55
28.527
28.483
28.415
28.325
28.213
28.077
27.919
27.738
27.533
27.304
27.052
26.776
26.476
26.152
25.803
25.429
25.03
24.606
24.157
23.682
23.182
22.657
22.107
21.531
20.93
20.304
19.653
18.978
18.279
17.557
16.811
16.044
15.254
14.444
13.613
12.764
11.896
11.011
10.109
9.1932
8.2634
7.3212
6.3678
5.4048
4.4336
3.4554
2.472
1.4847
0.49517
-0.49379
-1.4776
-2.4604
-2.6797
-1.6093
-0.53781
0.53931
1.6171
2.6924
3.7635
4.8288
5.8867
6.9355
7.9738
9
10.013
11.011
11.992
12.956
13.901
14.827
15.731
16.614
17.474
18.31
19.122
19.909
20.67
21.405
22.114
22.795
23.45
24.077
24.677
25.249
25.793
26.31
26.799
27.261
27.696
28.103
28.483
28.837
29.163
29.464
29.739
29.987
30.21
30.408
30.58
30.728
30.85
30.948
31.022
31.071
31.095
31.095
31.071
31.022
30.948
30.85
30.728
30.58
30.408
30.21
29.987
29.739
29.464
29.163
28.837
28.483
28.103
27.696
27.261
26.799
26.31
25.793
25.249
24.677
24.077
23.45
22.795
22.114
21.405
20.67
19.909
19.122
18.31
17.474
16.614
15.731
14.827
13.901
12.956
11.992
11.011
10.013
9
7.9738
6.9355
5.8867
4.8288
3.7635
2.6924
1.6171
0.53931
-0.53781
-1.6093
-2.6797
-2.8951
-1.7387
-0.58105
0.58267
1.7471
2.9088
4.066
5.217
6.3599
7.493
8.6148
9.7235
10.818
11.896
12.956
13.998
15.019
16.019
16.996
17.949
18.878
19.782
20.659
21.509
22.332
23.126
23.891
24.628
25.335
26.013
26.661
27.279
27.867
28.425
28.954
29.453
29.922
30.362
30.773
31.155
31.508
31.833
32.129
32.398
32.639
32.852
33.039
33.198
33.331
33.436
33.516
33.568
33.595
33.595
33.568
33.516
33.436
33.331
33.198
33.039
32.852
32.639
32.398
32.129
31.833
31.508
31.155
30.773
30.362
29.922
29.453
28.954
28.425
27.867
27.279
26.661
26.013
25.335
24.628
23.891
23.126
22.332
21.509
20.659
19.782
18.878
17.949
16.996
16.019
15.019
13.998
12.956
11.896
10.818
9.7235
8.6148
7.493
6.3599
5.217
4.066
2.9088
1.7471
0.58267
-0.58105
-1.7387
-2.8951
-3.1064
-1.8656
-0.62344
0.62518
1.8746
3.121
4.3627
5.5976
6.8239
8.0397
9.2433
10.433
11.607
12.764
13.901
15.019
16.115
17.187
18.236
19.259
20.256
21.225
22.166
23.078
23.961
24.813
25.635
26.425
27.184
27.911
28.606
29.269
29.9
30.499
31.066
31.602
32.105
32.577
33.018
33.428
33.807
34.155
34.474
34.762
35.02
35.25
35.449
35.62
35.762
35.876
35.961
36.018
36.046
36.046
36.018
35.961
35.876
35.762
35.62
35.449
35.25
35.02
34.762
34.474
34.155
33.807
33.428
33.018
32.577
32.105
31.602
31.066
30.499
29.9
29.269
28.606
27.911
27.184
26.425
25.635
24.813
23.961
23.078
22.166
21.225
20.256
19.259
18.236
17.187
16.115
15.019
13.901
12.764
11.607
10.433
9.2433
8.0397
6.8239
5.5976
4.3627
3.121
1.8746
0.62518
-0.62344
-1.8656
-3.1064
-3.3132
-1.9898
-0.66494
0.6668
1.9994
3.3288
4.6531
5.9702
7.2782
8.5749
9.8587
11.127
12.38
13.613
14.827
16.019
17.187
18.332
19.45
20.541
21.604
22.638
23.642
24.615
25.556
26.465
27.341
28.184
28.993
29.769
30.51
31.218
31.891
32.53
33.135
33.705
34.243
34.746
35.216
35.653
36.057
36.429
36.769
37.076
37.352
37.596
37.809
37.992
38.143
38.264
38.355
38.415
38.446
38.446
38.415
38.355
38.264
38.143
37.992
37.809
37.596
37.352
37.076
36.769
36.429
36.057
35.653
35.216
34.746
34.243
33.705
33.135
32.53
31.891
31.218
30.51
29.769
28.993
28.184
27.341
26.465
25.556
24.615
23.642
22.638
21.604
20.541
19.45
18.332
17.187
16.019
14.827
13.613
12.38
11.127
9.8587
8.5749
7.2782
5.9702
4.6531
3.3288
1.9994
0.6668
-0.66494
-1.9898
-3.3132
-3.5153
-2.1111
-0.70551
0.70747
2.1213
3.5319
4.937
6.3344
7.7222
9.0981
10.46
11.806
13.135
14.444
15.731
16.996
18.236
19.45
20.637
21.794
22.922
24.019
25.084
26.116
27.115
28.079
29.009
29.903
30.762
31.585
32.372
33.122
33.836
34.514
35.156
35.762
36.332
36.866
37.365
37.828
38.257
38.652
39.012
39.338
39.631
39.89
40.116
40.31
40.47
40.599
40.695
40.759
40.791
40.791
40.759
40.695
40.599
40.47
40.31
40.116
39.89
39.631
39.338
39.012
38.652
38.257
37.828
37.365
36.866
36.332
35.762
35.156
34.514
33.836
33.122
32.372
31.585
30.762
29.903
29.009
28.079
27.115
26.116
25.084
24.019
22.922
21.794
20.637
19.45
18.236
16.996
15.731
14.444
13.135
11.806
10.46
9.0981
7.7222
6.3344
4.937
3.5319
2.1213
0.70747
-0.70551
-2.1111
-3.5153
-3.7125
-2.2296
-0.74509
0.74717
2.2403
3.73
5.214
6.6898
8.1554
9.6085
11.047
12.469
13.872
15.254
16.614
17.949
19.259
20.541
21.794
23.017
24.208
25.367
26.492
27.582
28.636
29.655
30.637
31.581
32.488
33.357
34.188
34.98
35.735
36.451
37.129
37.768
38.37
38.934
39.461
39.951
40.404
40.82
41.201
41.545
41.854
42.128
42.367
42.571
42.741
42.877
42.978
43.046
43.08
43.08
43.046
42.978
42.877
42.741
42.571
42.367
42.128
41.854
41.545
41.201
40.82
40.404
39.951
39.461
38.934
38.37
37.768
37.129
36.451
35.735
34.98
34.188
33.357
32.488
31.581
30.637
29.655
28.636
27.582
26.492
25.367
24.208
23.017
21.794
20.541
19.259
17.949
16.614
15.254
13.872
12.469
11.047
9.6085
8.1554
6.6898
5.214
3.73
2.2403
0.74717
-0.74509
-2.2296
-3.7125
-3.9047
-2.345
-0.78365
0.78583
2.3563
3.9231
5.4838
7.0361
8.5775
10.106
11.619
13.114
14.59
16.044
17.474
18.878
20.256
21.604
22.922
24.208
25.461
26.68
27.863
29.009
30.118
31.19
32.222
33.216
34.169
35.083
35.957
36.791
37.584
38.337
39.05
39.723
40.356
40.949
41.503
42.019
42.495
42.933
43.333
43.695
44.02
44.308
44.56
44.775
44.953
45.096
45.203
45.274
45.309
45.309
45.274
45.203
45.096
44.953
44.775
44.56
44.308
44.02
43.695
43.333
42.933
42.495
42.019
41.503
40.949
40.356
39.723
39.05
38.337
37.584
36.791
35.957
35.083
34.169
33.216
32.222
31.19
30.118
29.009
27.863
26.68
25.461
24.208
22.922
21.604
20.256
18.878
17.474
16.044
14.59
13.114
11.619
10.106
8.5775
7.0361
5.4838
3.9231
2.3563
0.78583
-0.78365
-2.345
-3.9047
-4.0915
-2.4572
-0.82115
0.82344
2.469
4.1108
5.7462
7.3728
8.988
10.589
12.175
13.742
15.288
16.811
18.31
19.782
21.225
22.638
24.019
25.367
26.68
27.956
29.196
30.397
31.56
32.682
33.764
34.805
35.805
36.762
37.678
38.552
39.383
40.172
40.919
41.624
42.287
42.909
43.49
44.029
44.529
44.988
45.407
45.787
46.127
46.429
46.692
46.917
47.105
47.254
47.366
47.441
47.478
47.478
47.441
47.366
47.254
47.105
46.917
46.692
46.429
46.127
45.787
45.407
44.988
44.529
44.029
43.49
42.909
42.287
41.624
40.919
40.172
39.383
38.552
37.678
36.762
35.805
34.805
33.764
32.682
31.56
30.397
29.196
27.956
26.68
25.367
24.019
22.638
21.225
19.782
18.31
16.811
15.288
13.742
12.175
10.589
8.988
7.3728
5.7462
4.1108
2.469
0.82344
-0.82115
-2.4572
-4.0915
-4.2729
-2.5661
-0.85756
0.85995
2.5785
4.2931
6.001
7.6997
9.3865
11.059
12.715
14.351
15.966
17.557
19.122
20.659
22.166
23.642
25.084
26.492
27.863
29.196
30.491
31.745
32.959
34.131
35.261
36.349
37.392
38.392
39.349
40.261
41.129
41.953
42.733
43.47
44.162
44.812
45.418
45.982
46.503
46.983
47.42
47.817
48.173
48.488
48.763
48.998
49.193
49.349
49.466
49.544
49.583
49.583
49.544
49.466
49.349
49.193
48.998
48.763
48.488
48.173
47.817
47.42
46.983
46.503
45.982
45.418
44.812
44.162
43.47
42.733
41.953
41.129
40.261
39.349
38.392
37.392
36.349
35.261
34.131
32.959
31.745
30.491
29.196
27.863
26.492
25.084
23.642
22.166
20.659
19.122
17.557
15.966
14.351
12.715
11.059
9.3865
7.6997
6.001
4.2931
2.5785
0.85995
-0.85756
-2.5661
-4.2729
-4.4487
-2.6717
-0.89285
0.89534
2.6846
4.4697
6.2479
8.0165
9.7727
11.514
13.238
14.941
16.623
18.279
19.909
21.509
23.078
24.615
26.116
27.582
29.009
30.397
31.745
33.052
34.315
35.536
36.712
37.844
38.931
39.972
40.968
41.918
42.822
43.68
44.492
45.259
45.98
46.656
47.287
47.874
48.417
48.916
49.372
49.785
50.155
50.483
50.769
51.014
51.218
51.38
51.502
51.583
51.624
51.624
51.583
51.502
51.38
51.218
51.014
50.769
50.483
50.155
49.785
49.372
48.916
48.417
47.874
47.287
46.656
45.98
45.259
44.492
43.68
42.822
41.918
40.968
39.972
38.931
37.844
36.712
35.536
34.315
33.052
31.745
30.397
29.009
27.582
26.116
24.615
23.078
21.509
19.909
18.279
16.623
14.941
13.238
11.514
9.7727
8.0165
6.2479
4.4697
2.6846
0.89534
-0.89285
-2.6717
-4.4487
-4.6188
-2.7739
-0.92699
0.92957
2.7873
4.6406
6.4868
8.323
10.146
11.954
13.744
15.513
17.258
18.978
20.67
22.332
23.961
25.556
27.115
28.636
30.118
31.56
32.959
34.315
35.628
36.895
38.116
39.291
40.42
41.501
42.535
43.521
44.459
45.35
46.193
46.989
47.738
48.44
49.095
49.705
50.268
50.786
51.26
51.688
52.073
52.414
52.711
52.965
53.176
53.345
53.471
53.556
53.598
53.598
53.556
53.471
53.345
53.176
52.965
52.711
52.414
52.073
51.688
51.26
50.786
50.268
49.705
49.095
48.44
47.738
46.989
46.193
45.35
44.459
43.521
42.535
41.501
40.42
39.291
38.116
36.895
35.628
34.315
32.959
31.56
30.118
28.636
27.115
25.556
23.961
22.332
20.67
18.978
17.258
15.513
13.744
11.954
10.146
8.323
6.4868
4.6406
2.7873
0.92957
-0.92699
-2.7739
-4.6188
-4.7831
-2.8725
-0.95996
0.96263
2.8864
4.8057
6.7175
8.619
10.507
12.379
14.233
16.064
17.872
19.653
21.405
23.126
24.813
26.465
28.079
29.655
31.19
32.682
34.131
35.536
36.895
38.207
39.472
40.689
41.857
42.977
44.047
45.069
46.04
46.963
47.836
48.661
49.436
50.163
50.842
51.473
52.056
52.593
53.083
53.527
53.925
54.278
54.586
54.849
55.068
55.243
55.373
55.461
55.504
55.504
55.461
55.373
55.243
55.068
54.849
54.586
54.278
53.925
53.527
53.083
52.593
52.056
51.473
50.842
50.163
49.436
48.661
47.836
46.963
46.04
45.069
44.047
42.977
41.857
40.689
39.472
38.207
36.895
35.536
34.131
32.682
31.19
29.655
28.079
26.465
24.813
23.126
21.405
19.653
17.872
16.064
14.233
12.379
10.507
8.619
6.7175
4.8057
2.8864
0.96263
-0.95996
-2.8725
-4.7831
-4.9415
-2.9676
-0.99174
0.9945
2.982
4.9648
6.9399
8.9044
10.855
12.789
14.704
16.596
18.464
20.304
22.114
23.891
25.635
27.341
29.009
30.637
32.222
33.764
35.261
36.712
38.116
39.472
40.779
42.036
43.243
44.4
45.506
46.561
47.565
48.518
49.42
50.272
51.073
51.824
52.525
53.177
53.78
54.334
54.84
55.299
55.71
56.075
56.393
56.665
56.891
57.072
57.207
57.297
57.342
57.342
57.297
57.207
57.072
56.891
56.665
56.393
56.075
55.71
55.299
54.84
54.334
53.78
53.177
52.525
51.824
51.073
50.272
49.42
48.518
47.565
46.561
45.506
44.4
43.243
42.036
40.779
39.472
38.116
36.712
35.261
33.764
32.222
30.637
29.009
27.341
25.635
23.891
22.114
20.304
18.464
16.596
14.704
12.789
10.855
8.9044
6.9399
4.9648
2.982
0.9945
-0.99174
-2.9676
-4.9415
-5.0938
-3.0591
-1.0223
1.0252
3.0739
5.1178
7.1539
9.1789
11.19
13.183
15.157
17.108
19.033
20.93
22.795
24.628
26.425
28.184
29.903
31.581
33.216
34.805
36.349
37.844
39.291
40.689
42.036
43.332
44.576
45.769
46.909
47.996
49.031
50.014
50.944
51.822
52.647
53.422
54.144
54.816
55.438
56.009
56.531
57.004
57.428
57.804
58.132
58.412
58.645
58.831
58.971
59.063
59.11
59.11
59.063
58.971
58.831
58.645
58.412
58.132
57.804
57.428
57.004
56.531
56.009
55.438
54.816
54.144
53.422
52.647
51.822
50.944
50.014
49.031
47.996
46.909
45.769
44.576
43.332
42.036
40.689
39.291
37.844
36.349
34.805
33.216
31.581
29.903
28.184
26.425
24.628
22.795
20.93
19.033
17.108
15.157
13.183
11.19
9.1789
7.1539
5.1178
3.0739
1.0252
-1.0223
-3.0591
-5.0938
-5.2401
-3.147
-1.0517
1.0546
3.1622
5.2648
7.3593
9.4425
11.511
13.562
15.592
17.599
19.579
21.531
23.45
25.335
27.184
28.993
30.762
32.488
34.169
35.805
37.392
38.931
40.42
41.857
43.243
44.576
45.856
47.083
48.256
49.375
50.439
51.45
52.407
53.31
54.159
54.956
55.699
56.391
57.03
57.618
58.155
58.641
59.077
59.464
59.801
60.09
60.329
60.521
60.664
60.76
60.807
60.807
60.76
60.664
60.521
60.329
60.09
59.801
59.464
59.077
58.641
58.155
57.618
57.03
56.391
55.699
54.956
54.159
53.31
52.407
51.45
50.439
49.375
48.256
47.083
45.856
44.576
43.243
41.857
40.42
38.931
37.392
35.805
34.169
32.488
30.762
28.993
27.184
25.335
23.45
21.531
19.579
17.599
15.592
13.562
11.511
9.4425
7.3593
5.2648
3.1622
1.0546
-1.0517
-3.147
-5.2401
-5.3802
-3.2311
-1.0798
1.0828
3.2467
5.4056
7.5561
9.695
11.819
13.925
16.009
18.07
20.103
22.107
24.077
26.013
27.911
29.769
31.585
33.357
35.083
36.762
38.392
39.972
41.501
42.977
44.4
45.769
47.083
48.342
49.547
50.695
51.789
52.826
53.809
54.736
55.608
56.426
57.189
57.899
58.556
59.159
59.711
60.21
60.658
61.055
61.401
61.697
61.943
62.14
62.287
62.385
62.434
62.434
62.385
62.287
62.14
61.943
61.697
61.401
61.055
60.658
60.21
59.711
59.159
58.556
57.899
57.189
56.426
55.608
54.736
53.809
52.826
51.789
50.695
49.547
48.342
47.083
45.769
44.4
42.977
41.501
39.972
38.392
36.762
35.083
33.357
31.585
29.769
27.911
26.013
24.077
22.107
20.103
18.07
16.009
13.925
11.819
9.695
7.5561
5.4056
3.2467
1.0828
-1.0798
-3.2311
-5.3802
-5.5142
-3.3116
-1.1067
1.1098
3.3276
5.5403
7.7443
9.9365
12.113
14.272
16.408
18.52
20.604
22.657
24.677
26.661
28.606
30.51
32.372
34.188
35.957
37.678
39.349
40.968
42.535
44.047
45.506
46.909
48.256
49.547
50.781
51.958
53.079
54.142
55.149
56.099
56.993
57.831
58.614
59.341
60.014
60.633
61.198
61.71
62.169
62.576
62.931
63.234
63.486
63.688
63.839
63.939
63.989
63.989
63.939
63.839
63.688
63.486
63.234
62.931
62.576
62.169
61.71
61.198
60.633
60.014
59.341
58.614
57.831
56.993
56.099
55.149
54.142
53.079
51.958
50.781
49.547
48.256
46.909
45.506
44.047
42.535
40.968
39.349
37.678
35.957
34.188
32.372
30.51
28.606
26.661
24.677
22.657
20.604
18.52
16.408
14.272
12.113
9.9365
7.7443
5.5403
3.3276
1.1098
-1.1067
-3.3116
-5.5142
-5.6421
-3.3884
-1.1323
1.1355
3.4047
5.6687
7.9239
10.167
12.394
14.602
16.789
18.949
21.082
23.182
25.249
27.279
29.269
31.218
33.122
34.98
36.791
38.552
40.261
41.918
43.521
45.069
46.561
47.996
49.375
50.695
51.958
53.163
54.309
55.397
56.428
57.4
58.315
59.172
59.973
60.717
61.406
62.039
62.617
63.141
63.61
64.026
64.39
64.7
64.958
65.164
65.319
65.422
65.473
65.473
65.422
65.319
65.164
64.958
64.7
64.39
64.026
63.61
63.141
62.617
62.039
61.406
60.717
59.973
59.172
58.315
57.4
56.428
55.397
54.309
53.163
51.958
50.695
49.375
47.996
46.561
45.069
43.521
41.918
40.261
38.552
36.791
34.98
33.122
31.218
29.269
27.279
25.249
23.182
21.082
18.949
16.789
14.602
12.394
10.167
7.9239
5.6687
3.4047
1.1355
-1.1323
-3.3884
-5.6421
-5.7637
-3.4614
-1.1568
1.16
3.4782
5.7909
8.0947
10.386
12.661
14.917
17.151
19.358
21.536
23.682
25.793
27.867
29.9
31.891
33.836
35.735
37.584
39.383
41.129
42.822
44.459
46.04
47.565
49.031
50.439
51.789
53.079
54.309
55.48
56.592
57.644
58.638
59.572
60.448
61.266
62.027
62.73
63.377
63.967
64.502
64.982
65.407
65.778
66.095
66.359
66.57
66.728
66.833
66.885
66.885
66.833
66.728
66.57
66.359
66.095
65.778
65.407
64.982
64.502
63.967
63.377
62.73
62.027
61.266
60.448
59.572
58.638
57.644
56.592
55.48
54.309
53.079
51.789
50.439
49.031
47.565
46.04
44.459
42.822
41.129
39.383
37.584
35.735
33.836
31.891
29.9
27.867
25.793
23.682
21.536
19.358
17.151
14.917
12.661
10.386
8.0947
5.7909
3.4782
1.16
-1.1568
-3.4614
-5.7637
-5.8792
-3.5308
-1.1799
1.1832
3.5478
5.9069
8.2569
10.594
12.915
15.216
17.494
19.746
21.968
24.157
26.31
28.425
30.499
32.53
34.514
36.451
38.337
40.172
41.953
43.68
45.35
46.963
48.518
50.014
51.45
52.826
54.142
55.397
56.592
57.726
58.8
59.813
60.766
61.66
62.494
63.27
63.987
64.647
65.249
65.795
66.284
66.718
67.096
67.42
67.689
67.904
68.065
68.172
68.225
68.225
68.172
68.065
67.904
67.689
67.42
67.096
66.718
66.284
65.795
65.249
64.647
63.987
63.27
62.494
61.66
60.766
59.813
58.8
57.726
56.592
55.397
54.142
52.826
51.45
50.014
48.518
46.963
45.35
43.68
41.953
40.172
38.337
36.451
34.514
32.53
30.499
28.425
26.31
24.157
21.968
19.746
17.494
15.216
12.915
10.594
8.2569
5.9069
3.5478
1.1832
-1.1799
-3.5308
-5.8792
-5.9885
-3.5964
-1.2019
1.2052
3.6138
6.0168
8.4104
10.791
13.155
15.499
17.819
20.113
22.376
24.606
26.799
28.954
31.066
33.135
35.156
37.129
39.05
40.919
42.733
44.492
46.193
47.836
49.42
50.944
52.407
53.809
55.149
56.428
57.644
58.8
59.893
60.925
61.896
62.806
63.656
64.446
65.177
65.849
66.463
67.018
67.517
67.959
68.344
68.674
68.948
69.167
69.331
69.44
69.494
69.494
69.44
69.331
69.167
68.948
68.674
68.344
67.959
67.517
67.018
66.463
65.849
65.177
64.446
63.656
62.806
61.896
60.925
59.893
58.8
57.644
56.428
55.149
53.809
52.407
50.944
49.42
47.836
46.193
44.492
42.733
40.919
39.05
37.129
35.156
33.135
31.066
28.954
26.799
24.606
22.376
20.113
17.819
15.499
13.155
10.791
8.4104
6.0168
3.6138
1.2052
-1.2019
-3.5964
-5.9885
-6.0917
-3.6584
-1.2226
1.226
3.6761
6.1204
8.5553
10.977
13.382
15.766
18.127
20.459
22.762
25.03
27.261
29.453
31.602
33.705
35.762
37.768
39.723
41.624
43.47
45.259
46.989
48.661
50.272
51.822
53.31
54.736
56.099
57.4
58.638
59.813
60.925
61.975
62.963
63.889
64.753
65.557
66.3
66.984
67.608
68.173
68.68
69.13
69.522
69.857
70.136
70.359
70.525
70.636
70.692
70.692
70.636
70.525
70.359
70.136
69.857
69.522
69.13
68.68
68.173
67.608
66.984
66.3
65.557
64.753
63.889
62.963
61.975
60.925
59.813
58.638
57.4
56.099
54.736
53.31
51.822
50.272
48.661
46.989
45.259
43.47
41.624
39.723
37.768
35.762
33.705
31.602
29.453
27.261
25.03
22.762
20.459
18.127
15.766
13.382
10.977
8.5553
6.1204
3.6761
1.226
-1.2226
-3.6584
-6.0917
-6.1887
-3.7167
-1.2421
1.2455
3.7346
6.218
8.6917
11.152
13.595
16.017
18.415
20.785
23.124
25.429
27.696
29.922
32.105
34.243
36.332
38.37
40.356
42.287
44.162
45.98
47.738
49.436
51.073
52.647
54.159
55.608
56.993
58.315
59.572
60.766
61.896
62.963
63.966
64.907
65.785
66.602
67.357
68.051
68.685
69.26
69.775
70.232
70.63
70.971
71.254
71.48
71.649
71.762
71.819
71.819
71.762
71.649
71.48
71.254
70.971
70.63
70.232
69.775
69.26
68.685
68.051
67.357
66.602
65.785
64.907
63.966
62.963
61.896
60.766
59.572
58.315
56.993
55.608
54.159
52.647
51.073
49.436
47.738
45.98
44.162
42.287
40.356
38.37
36.332
34.243
32.105
29.922
27.696
25.429
23.124
20.785
18.415
16.017
13.595
11.152
8.6917
6.218
3.7346
1.2455
-1.2421
-3.7167
-6.1887
-6.2797
-3.7713
-1.2603
1.2638
3.7896
6.3094
8.8195
11.316
13.795
16.253
18.686
21.091
23.464
25.803
28.103
30.362
32.577
34.746
36.866
38.934
40.949
42.909
44.812
46.656
48.44
50.163
51.824
53.422
54.956
56.426
57.831
59.172
60.448
61.66
62.806
63.889
64.907
65.861
66.753
67.581
68.347
69.052
69.695
70.278
70.801
71.265
71.669
72.014
72.302
72.531
72.703
72.818
72.875
72.875
72.818
72.703
72.531
72.302
72.014
71.669
71.265
70.801
70.278
69.695
69.052
68.347
67.581
66.753
65.861
64.907
63.889
62.806
61.66
60.448
59.172
57.831
56.426
54.956
53.422
51.824
50.163
48.44
46.656
44.812
42.909
40.949
38.934
36.866
34.746
32.577
30.362
28.103
25.803
23.464
21.091
18.686
16.253
13.795
11.316
8.8195
6.3094
3.7896
1.2638
-1.2603
-3.7713
-6.2797
-6.3647
-3.8224
-1.2774
1.2809
3.8408
6.3948
8.9388
11.469
13.982
16.473
18.939
21.376
23.782
26.152
28.483
30.773
33.018
35.216
37.365
39.461
41.503
43.49
45.418
47.287
49.095
50.842
52.525
54.144
55.699
57.189
58.614
59.973
61.266
62.494
63.656
64.753
65.785
66.753
67.656
68.496
69.272
69.986
70.639
71.229
71.759
72.229
72.639
72.989
73.28
73.513
73.687
73.803
73.861
73.861
73.803
73.687
73.513
73.28
72.989
72.639
72.229
71.759
71.229
70.639
69.986
69.272
68.496
67.656
66.753
65.785
64.753
63.656
62.494
61.266
59.973
58.614
57.189
55.699
54.144
52.525
50.842
49.095
47.287
45.418
43.49
41.503
39.461
37.365
35.216
33.018
30.773
28.483
26.152
23.782
21.376
18.939
16.473
13.982
11.469
8.9388
6.3948
3.8408
1.2809
-1.2774
-3.8224
-6.3647
-6.4437
-3.8698
-1.2932
1.2968
3.8885
6.4741
9.0497
11.611
14.155
16.677
19.174
21.642
24.077
26.476
28.837
31.155
33.428
35.653
37.828
39.951
42.019
44.029
45.982
47.874
49.705
51.473
53.177
54.816
56.391
57.899
59.341
60.717
62.027
63.27
64.446
65.557
66.602
67.581
68.496
69.346
70.132
70.855
71.515
72.114
72.65
73.126
73.54
73.895
74.19
74.425
74.602
74.719
74.778
74.778
74.719
74.602
74.425
74.19
73.895
73.54
73.126
72.65
72.114
71.515
70.855
70.132
69.346
68.496
67.581
66.602
65.557
64.446
63.27
62.027
60.717
59.341
57.899
56.391
54.816
53.177
51.473
49.705
47.874
45.982
44.029
42.019
39.951
37.828
35.653
33.428
31.155
28.837
26.476
24.077
21.642
19.174
16.677
14.155
11.611
9.0497
6.4741
3.8885
1.2968
-1.2932
-3.8698
-6.4437
-6.5167
-3.9137
-1.3079
1.3115
3.9326
6.5475
9.1523
11.743
14.316
16.866
19.391
21.887
24.35
26.776
29.163
31.508
33.807
36.057
38.257
40.404
42.495
44.529
46.503
48.417
50.268
52.056
53.78
55.438
57.03
58.556
60.014
61.406
62.73
63.987
65.177
66.3
67.357
68.347
69.272
70.132
70.927
71.659
72.326
72.931
73.474
73.955
74.374
74.733
75.031
75.269
75.448
75.566
75.626
75.626
75.566
75.448
75.269
75.031
74.733
74.374
73.955
73.474
72.931
72.326
71.659
70.927
70.132
69.272
68.347
67.357
66.3
65.177
63.987
62.73
61.406
60.014
58.556
57.03
55.438
53.78
52.056
50.268
48.417
46.503
44.529
42.495
40.404
38.257
36.057
33.807
31.508
29.163
26.776
24.35
21.887
19.391
16.866
14.316
11.743
9.1523
6.5475
3.9326
1.3115
-1.3079
-3.9137
-6.5167
-6.5839
-3.954
-1.3214
1.3251
3.9731
6.615
9.2467
11.864
14.463
17.04
19.591
22.113
24.601
27.052
29.464
31.833
34.155
36.429
38.652
40.82
42.933
44.988
46.983
48.916
50.786
52.593
54.334
56.009
57.618
59.159
60.633
62.039
63.377
64.647
65.849
66.984
68.051
69.052
69.986
70.855
71.659
72.397
73.072
73.683
74.231
74.717
75.141
75.503
75.805
76.045
76.226
76.346
76.406
76.406
76.346
76.226
76.045
75.805
75.503
75.141
74.717
74.231
73.683
73.072
72.397
71.659
70.855
69.986
69.052
68.051
66.984
65.849
64.647
63.377
62.039
60.633
59.159
57.618
56.009
54.334
52.593
50.786
48.916
46.983
44.988
42.933
40.82
38.652
36.429
34.155
31.833
29.464
27.052
24.601
22.113
19.591
17.04
14.463
11.864
9.2467
6.615
3.9731
1.3251
-1.3214
-3.954
-6.5839
-6.6452
-3.9909
-1.3337
1.3374
4.0101
6.6766
9.3328
11.975
14.598
17.199
19.774
22.319
24.83
27.304
29.739
32.129
34.474
36.769
39.012
41.201
43.333
45.407
47.42
49.372
51.26
53.083
54.84
56.531
58.155
59.711
61.198
62.617
63.967
65.249
66.463
67.608
68.685
69.695
70.639
71.515
72.326
73.072
73.753
74.37
74.923
75.413
75.841
76.207
76.511
76.754
76.936
77.057
77.118
77.118
77.057
76.936
76.754
76.511
76.207
75.841
75.413
74.923
74.37
73.753
73.072
72.326
71.515
70.639
69.695
68.685
67.608
66.463
65.249
63.967
62.617
61.198
59.711
58.155
56.531
54.84
53.083
51.26
49.372
47.42
45.407
43.333
41.201
39.012
36.769
34.474
32.129
29.739
27.304
24.83
22.319
19.774
17.199
14.598
11.975
9.3328
6.6766
4.0101
1.3374
-1.3337
-3.9909
-6.6452
-6.7008
-4.0242
-1.3448
1.3486
4.0437
6.7325
9.4108
12.075
14.72
17.343
19.939
22.505
25.038
27.533
29.987
32.398
34.762
37.076
39.338
41.545
43.695
45.787
47.817
49.785
51.688
53.527
55.299
57.004
58.641
60.21
61.71
63.141
64.502
65.795
67.018
68.173
69.26
70.278
71.229
72.114
72.931
73.683
74.37
74.992
75.55
76.044
76.476
76.844
77.151
77.396
77.579
77.702
77.763
77.763
77.702
77.579
77.396
77.151
76.844
76.476
76.044
75.55
74.992
74.37
73.683
72.931
72.114
71.229
70.278
69.26
68.173
67.018
65.795
64.502
63.141
61.71
60.21
58.641
57.004
55.299
53.527
51.688
49.785
47.817
45.787
43.695
41.545
39.338
37.076
34.762
32.398
29.987
27.533
25.038
22.505
19.939
17.343
14.72
12.075
9.4108
6.7325
4.0437
1.3486
-1.3448
-4.0242
-6.7008
-6.7506
-4.0542
-1.3548
1.3586
4.0737
6.7825
9.4808
12.165
14.829
17.472
20.087
22.673
25.224
27.738
30.21
32.639
35.02
37.352
39.631
41.854
44.02
46.127
48.173
50.155
52.073
53.925
55.71
57.428
59.077
60.658
62.169
63.61
64.982
66.284
67.517
68.68
69.775
70.801
71.759
72.65
73.474
74.231
74.923
75.55
76.112
76.61
77.045
77.416
77.725
77.972
78.157
78.28
78.341
78.341
78.28
78.157
77.972
77.725
77.416
77.045
76.61
76.112
75.55
74.923
74.231
73.474
72.65
71.759
70.801
69.775
68.68
67.517
66.284
64.982
63.61
62.169
60.658
59.077
57.428
55.71
53.925
52.073
50.155
48.173
46.127
44.02
41.854
39.631
37.352
35.02
32.639
30.21
27.738
25.224
22.673
20.087
17.472
14.829
12.165
9.4808
6.7825
4.0737
1.3586
-1.3548
-4.0542
-6.7506
-6.7948
-4.0807
-1.3637
1.3675
4.1004
6.8269
9.5429
12.244
14.926
17.586
20.219
22.821
25.389
27.919
30.408
32.852
35.25
37.596
39.89
42.128
44.308
46.429
48.488
50.483
52.414
54.278
56.075
57.804
59.464
61.055
62.576
64.026
65.407
66.718
67.959
69.13
70.232
71.265
72.229
73.126
73.955
74.717
75.413
76.044
76.61
77.111
77.549
77.923
78.234
78.482
78.668
78.792
78.854
78.854
78.792
78.668
78.482
78.234
77.923
77.549
77.111
76.61
76.044
75.413
74.717
73.955
73.126
72.229
71.265
70.232
69.13
67.959
66.718
65.407
64.026
62.576
61.055
59.464
57.804
56.075
54.278
52.414
50.483
48.488
46.429
44.308
42.128
39.89
37.596
35.25
32.852
30.408
27.919
25.389
22.821
20.219
17.586
14.926
12.244
9.5429
6.8269
4.1004
1.3675
-1.3637
-4.0807
-6.7948
-6.8333
-4.1038
-1.3714
1.3753
4.1236
6.8656
9.597
12.314
15.011
17.686
20.333
22.95
25.533
28.077
30.58
33.039
35.449
37.809
40.116
42.367
44.56
46.692
48.763
50.769
52.711
54.586
56.393
58.132
59.801
61.401
62.931
64.39
65.778
67.096
68.344
69.522
70.63
71.669
72.639
73.54
74.374
75.141
75.841
76.476
77.045
77.549
77.989
78.365
78.678
78.927
79.114
79.239
79.301
79.301
79.239
79.114
78.927
78.678
78.365
77.989
77.549
77.045
76.476
75.841
75.141
74.374
73.54
72.639
71.669
70.63
69.522
68.344
67.096
65.778
64.39
62.931
61.401
59.801
58.132
56.393
54.586
52.711
50.769
48.763
46.692
44.56
42.367
40.116
37.809
35.449
33.039
30.58
28.077
25.533
22.95
20.333
17.686
15.011
12.314
9.597
6.8656
4.1236
1.3753
-1.3714
-4.1038
-6.8333
-6.8663
-4.1236
-1.378
1.3819
4.1435
6.8987
9.6433
12.373
15.084
17.771
20.432
23.061
25.656
28.213
30.728
33.198
35.62
37.992
40.31
42.571
44.775
46.917
48.998
51.014
52.965
54.849
56.665
58.412
60.09
61.697
63.234
64.7
66.095
67.42
68.674
69.857
70.971
72.014
72.989
73.895
74.733
75.503
76.207
76.844
77.416
77.923
78.365
78.743
79.057
79.308
79.496
79.621
79.684
79.684
79.621
79.496
79.308
79.057
78.743
78.365
77.923
77.416
76.844
76.207
75.503
74.733
73.895
72.989
72.014
70.971
69.857
68.674
67.42
66.095
64.7
63.234
61.697
60.09
58.412
56.665
54.849
52.965
51.014
48.998
46.917
44.775
42.571
40.31
37.992
35.62
33.198
30.728
28.213
25.656
23.061
20.432
17.771
15.084
12.373
9.6433
6.8987
4.1435
1.3819
-1.378
-4.1236
-6.8663
-6.8937
-4.1401
-1.3835
1.3874
4.16
6.9262
9.6817
12.422
15.144
17.842
20.513
23.153
25.758
28.325
30.85
33.331
35.762
38.143
40.47
42.741
44.953
47.105
49.193
51.218
53.176
55.068
56.891
58.645
60.329
61.943
63.486
64.958
66.359
67.689
68.948
70.136
71.254
72.302
73.28
74.19
75.031
75.805
76.511
77.151
77.725
78.234
78.678
79.057
79.373
79.624
79.813
79.939
80.002
80.002
79.939
79.813
79.624
79.373
79.057
78.678
78.234
77.725
77.151
76.511
75.805
75.031
74.19
73.28
72.302
71.254
70.136
68.948
67.689
66.359
64.958
63.486
61.943
60.329
58.645
56.891
55.068
53.176
51.218
49.193
47.105
44.953
42.741
40.47
38.143
35.762
33.331
30.85
28.325
25.758
23.153
20.513
17.842
15.144
12.422
9.6817
6.9262
4.16
1.3874
-1.3835
-4.1401
-6.8937
-6.9156
-4.1532
-1.3879
1.3918
4.1733
6.9482
9.7124
12.462
15.192
17.899
20.578
23.227
25.84
28.415
30.948
33.436
35.876
38.264
40.599
42.877
45.096
47.254
49.349
51.38
53.345
55.243
57.072
58.831
60.521
62.14
63.688
65.164
66.57
67.904
69.167
70.359
71.48
72.531
73.513
74.425
75.269
76.045
76.754
77.396
77.972
78.482
78.927
79.308
79.624
79.877
80.067
80.193
80.256
80.256
80.193
80.067
79.877
79.624
79.308
78.927
78.482
77.972
77.396
76.754
76.045
75.269
74.425
73.513
72.531
71.48
70.359
69.167
67.904
66.57
65.164
63.688
62.14
60.521
58.831
57.072
55.243
53.345
51.38
49.349
47.254
45.096
42.877
40.599
38.264
35.876
33.436
30.948
28.415
25.84
23.227
20.578
17.899
15.192
12.462
9.7124
6.9482
4.1733
1.3918
-1.3879
-4.1532
-6.9156
-6.9319
-4.163
-1.3912
1.3951
4.1831
6.9647
9.7355
12.491
15.228
17.941
20.627
23.282
25.901
28.483
31.022
33.516
35.961
38.355
40.695
42.978
45.203
47.366
49.466
51.502
53.471
55.373
57.207
58.971
60.664
62.287
63.839
65.319
66.728
68.065
69.331
70.525
71.649
72.703
73.687
74.602
75.448
76.226
76.936
77.579
78.157
78.668
79.114
79.496
79.813
80.067
80.256
80.383
80.446
80.446
80.383
80.256
80.067
79.813
79.496
79.114
78.668
78.157
77.579
76.936
76.226
75.448
74.602
73.687
72.703
71.649
70.525
69.331
68.065
66.728
65.319
63.839
62.287
60.664
58.971
57.207
55.373
53.471
51.502
49.466
47.366
45.203
42.978
40.695
38.355
35.961
33.516
31.022
28.483
25.901
23.282
20.627
17.941
15.228
12.491
9.7355
6.9647
4.1831
1.3951
-1.3912
-4.163
-6.9319
-6.9428
-4.1696
-1.3934
1.3973
4.1897
6.9756
9.7508
12.511
15.252
17.969
20.659
23.318
25.942
28.527
31.071
33.568
36.018
38.415
40.759
43.046
45.274
47.441
49.544
51.583
53.556
55.461
57.297
59.063
60.76
62.385
63.939
65.422
66.833
68.172
69.44
70.636
71.762
72.818
73.803
74.719
75.566
76.346
77.057
77.702
78.28
78.792
79.239
79.621
79.939
80.193
80.383
80.509
80.572
80.572
80.509
80.383
80.193
79.939
79.621
79.239
78.792
78.28
77.702
77.057
76.346
75.566
74.719
73.803
72.818
71.762
70.636
69.44
68.172
66.833
65.422
63.939
62.385
60.76
59.063
57.297
55.461
53.556
51.583
49.544
47.441
45.274
43.046
40.759
38.415
36.018
33.568
31.071
28.527
25.942
23.318
20.659
17.969
15.252
12.511
9.7508
6.9756
4.1897
1.3973
-1.3934
-4.1696
-6.9428
-6.9483
-4.1729
-1.3945
1.3984
4.193
6.9811
9.7584
12.521
15.264
17.983
20.676
23.337
25.962
28.55
31.095
33.595
36.046
38.446
40.791
43.08
45.309
47.478
49.583
51.624
53.598
55.504
57.342
59.11
60.807
62.434
63.989
65.473
66.885
68.225
69.494
70.692
71.819
72.875
73.861
74.778
75.626
76.406
77.118
77.763
78.341
78.854
79.301
79.684
80.002
80.256
80.446
80.572
80.636
80.636
80.572
80.446
80.256
80.002
79.684
79.301
78.854
78.341
77.763
77.118
76.406
75.626
74.778
73.861
72.875
71.819
70.692
69.494
68.225
66.885
65.473
63.989
62.434
60.807
59.11
57.342
55.504
53.598
51.624
49.583
47.478
45.309
43.08
40.791
38.446
36.046
33.595
31.095
28.55
25.962
23.337
20.676
17.983
15.264
12.521
9.7584
6.9811
4.193
1.3984
-1.3945
-4.1729
-6.9483
-6.9483
-4.1729
-1.3945
1.3984
4.193
6.9811
9.7584
12.521
15.264
17.983
20.676
23.337
25.962
28.55
31.095
33.595
36.046
38.446
40.791
43.08
45.309
47.478
49.583
51.624
53.598
55.504
57.342
59.11
60.807
62.434
63.989
65.473
66.885
68.225
69.494
70.692
71.819
72.875
73.861
74.778
75.626
76.406
77.118
77.763
78.341
78.854
79.301
79.684
80.002
80.256
80.446
80.572
80.636
80.636
80.572
80.446
80.256
80.002
79.684
79.301
78.854
78.341
77.763
77.118
76.406
75.626
74.778
73.861
72.875
71.819
70.692
69.494
68.225
66.885
65.473
63.989
62.434
60.807
59.11
57.342
55.504
53.598
51.624
49.583
47.478
45.309
43.08
40.791
38.446
36.046
33.595
31.095
28.55
25.962
23.337
20.676
17.983
15.264
12.521
9.7584
6.9811
4.193
1.3984
-1.3945
-4.1729
-6.9483
-6.9428
-4.1696
-1.3934
1.3973
4.1897
6.9756
9.7508
12.511
15.252
17.969
20.659
23.318
25.942
28.527
31.071
33.568
36.018
38.415
40.759
43.046
45.274
47.441
49.544
51.583
53.556
55.461
57.297
59.063
60.76
62.385
63.939
65.422
66.833
68.172
69.44
70.636
71.762
72.818
73.803
74.719
75.566
76.346
77.057
77.702
78.28
78.792
79.239
79.621
79.939
80.193
80.383
80.509
80.572
80.572
80.509
80.383
80.193
79.939
79.621
79.239
78.792
78.28
77.702
77.057
76.346
75.566
74.719
73.803
72.818
71.762
70.636
69.44
68.172
66.833
65.422
63.939
62.385
60.76
59.063
57.297
55.461
53.556
51.583
49.544
47.441
45.274
43.046
40.759
38.415
36.018
33.568
31.071
28.527
25.942
23.318
20.659
17.969
15.252
12.511
9.7508
6.9756
4.1897
1.3973
-1.3934
-4.1696
-6.9428
-6.9319
-4.163
-1.3912
1.3951
4.1831
6.9647
9.7355
12.491
15.228
17.941
20.627
23.282
25.901
28.483
31.022
33.516
35.961
38.355
40.695
42.978
45.203
47.366
49.466
51.502
53.471
55.373
57.207
58.971
60.664
62.287
63.839
65.319
66.728
68.065
69.331
70.525
71.649
72.703
73.687
74.602
75.448
76.226
76.936
77.579
78.157
78.668
79.114
79.496
79.813
80.067
80.256
80.383
80.446
80.446
80.383
80.256
80.067
79.813
79.496
79.114
78.668
78.157
77.579
76.936
76.226
75.448
74.602
73.687
72.703
71.649
70.525
69.331
68.065
66.728
65.319
63.839
62.287
60.664
58.971
57.207
55.373
53.471
51.502
49.466
47.366
45.203
42.978
40.695
38.355
35.961
33.516
31.022
28.483
25.901
23.282
20.627
17.941
15.228
12.491
9.7355
6.9647
4.1831
1.3951
-1.3912
-4.163
-6.9319
-6.9156
-4.1532
-1.3879
1.3918
4.1733
6.9482
9.7124
12.462
15.192
17.899
20.578
23.227
25.84
28.415
30.948
33.436
35.876
38.264
40.599
42.877
45.096
47.254
49.349
51.38
53.345
55.243
57.072
58.831
60.521
62.14
63.688
65.164
66.57
67.904
69.167
70.359
71.48
72.531
73.513
74.425
75.269
76.045
76.754
77.396
77.972
78.482
78.927
79.308
79.624
79.877
80.067
80.193
80.256
80.256
80.193
80.067
79.877
79.624
79.308
78.927
78.482
77.972
77.396
76.754
76.045
75.269
74.425
73.513
72.531
71.48
70.359
69.167
67.904
66.57
65.164
63.688
62.14
60.521
58.831
57.072
55.243
53.345
51.38
49.349
47.254
45.096
42.877
40.599
38.264
35.876
33.436
30.948
28.415
25.84
23.227
20.578
17.899
15.192
12.462
9.7124
6.9482
4.1733
1.3918
-1.3879
-4.1532
-6.9156
-6.8937
-4.1401
-1.3835
1.3874
4.16
6.9262
9.6817
12.422
15.144
17.842
20.513
23.153
25.758
28.325
30.85
33.331
35.762
38.143
40.47
42.741
44.953
47.105
49.193
51.218
53.176
55.068
56.891
58.645
60.329
61.943
63.486
64.958
66.359
67.689
68.948
70.136
71.254
72.302
73.28
74.19
75.031
75.805
76.511
77.151
77.725
78.234
78.678
79.057
79.373
79.624
79.813
79.939
80.002
80.002
79.939
79.813
79.624
79.373
79.057
78.678
78.234
77.725
77.151
76.511
75.805
75.031
74.19
73.28
72.302
71.254
70.136
68.948
67.689
66.359
64.958
63.486
61.943
60.329
58.645
56.891
55.068
53.176
51.218
49.193
47.105
44.953
42.741
40.47
38.143
35.762
33.331
30.85
28.325
25.758
23.153
20.513
17.842
15.144
12.422
9.6817
6.9262
4.16
1.3874
-1.3835
-4.1401
-6.8937
-6.8663
-4.1236
-1.378
1.3819
4.1435
6.8987
9.6433
12.373
15.084
17.771
20.432
23.061
25.656
28.213
30.728
33.198
35.62
37.992
40.31
42.571
44.775
46.917
48.998
51.014
52.965
54.849
56.665
58.412
60.09
61.697
63.234
64.7
66.095
67.42
68.674
69.857
70.971
72.014
72.989
73.895
74.733
75.503
76.207
76.844
77.416
77.923
78.365
78.743
79.057
79.308
79.496
79.621
79.684
79.684
79.621
79.496
79.308
79.057
78.743
78.365
77.923
77.416
76.844
76.207
75.503
74.733
73.895
72.989
72.014
70.971
69.857
68.674
67.42
66.095
64.7
63.234
61.697
60.09
58.412
56.665
54.849
52.965
51.014
48.998
46.917
44.775
42.571
40.31
37.992
35.62
33.198
30.728
28.213
25.656
23.061
20.432
17.771
15.084
12.373
9.6433
6.8987
4.1435
1.3819
-1.378
-4.1236
-6.8663
-6.8333
-4.1038
-1.3714
1.3753
4.1236
6.8656
9.597
12.314
15.011
17.686
20.333
22.95
25.533
28.077
30.58
33.039
35.449
37.809
40.116
42.367
44.56
46.692
48.763
50.769
52.711
54.586
56.393
58.132
59.801
61.401
62.931
64.39
65.778
67.096
68.344
69.522
70.63
71.669
72.639
73.54
74.374
75.141
75.841
76.476
77.045
77.549
77.989
78.365
78.678
78.927
79.114
79.239
79.301
79.301
79.239
79.114
78.927
78.678
78.365
77.989
77.549
77.045
76.476
75.841
75.141
74.374
73.54
72.639
71.669
70.63
69.522
68.344
67.096
65.778
64.39
62.931
61.401
59.801
58.132
56.393
54.586
52.711
50.769
48.763
46.692
44.56
42.367
40.116
37.809
35.449
33.039
30.58
28.077
25.533
22.95
20.333
17.686
15.011
12.314
9.597
6.8656
4.1236
1.3753
-1.3714
-4.1038
-6.8333
-6.7948
-4.0807
-1.3637
1.3675
4.1004
6.8269
9.5429
12.244
14.926
17.586
20.219
22.821
25.389
27.919
30.408
32.852
35.25
37.596
39.89
42.128
44.308
46.429
48.488
50.483
52.414
54.278
56.075
57.804
59.464
61.055
62.576
64.026
65.407
66.718
67.959
69.13
70.232
71.265
72.229
73.126
73.955
74.717
75.413
76.044
76.61
77.111
77.549
77.923
78.234
78.482
78.668
78.792
78.854
78.854
78.792
78.668
78.482
78.234
77.923
77.549
77.111
76.61
76.044
75.413
74.717
73.955
73.126
72.229
71.265
70.232
69.13
67.959
66.718
65.407
64.026
62.576
61.055
59.464
57.804
56.075
54.278
52.414
50.483
48.488
46.429
44.308
42.128
39.89
37.596
35.25
32.852
30.408
27.919
25.389
22.821
20.219
17.586
14.926
12.244
9.5429
6.8269
4.1004
1.3675
-1.3637
-4.0807
-6.7948
-6.7506
-4.0542
-1.3548
1.3586
4.0737
6.7825
9.4808
12.165
14.829
17.472
20.087
22.673
25.224
27.738
30.21
32.639
35.02
37.352
39.631
41.854
44.02
46.127
48.173
50.155
52.073
53.925
55.71
57.428
59.077
60.658
62.169
63.61
64.982
66.284
67.517
68.68
69.775
70.801
71.759
72.65
73.474
74.231
74.923
75.55
76.112
76.61
77.045
77.416
77.725
77.972
78.157
78.28
78.341
78.341
78.28
78.157
77.972
77.725
77.416
77.045
76.61
76.112
75.55
74.923
74.231
73.474
72.65
71.759
70.801
69.775
68.68
67.517
66.284
64.982
63.61
62.169
60.658
59.077
57.428
55.71
53.925
52.073
50.155
48.173
46.127
44.02
41.854
39.631
37.352
35.02
32.639
30.21
27.738
25.224
22.673
20.087
17.472
14.829
12.165
9.4808
6.7825
4.0737
1.3586
-1.3548
-4.0542
-6.7506
-6.7008
-4.0242
-1.3448
1.3486
4.0437
6.7325
9.4108
12.075
14.72
17.343
19.939
22.505
25.038
27.533
29.987
32.398
34.762
37.076
39.338
41.545
43.695
45.787
47.817
49.785
51.688
53.527
55.299
57.004
58.641
60.21
61.71
63.141
64.502
65.795
67.018
68.173
69.26
70.278
71.229
72.114
72.931
73.683
74.37
74.992
75.55
76.044
76.476
76.844
77.151
77.396
77.579
77.702
77.763
77.763
77.702
77.579
77.396
77.151
76.844
76.476
76.044
75.55
74.992
74.37
73.683
72.931
72.114
71.229
70.278
69.26
68.173
67.018
65.795
64.502
63.141
61.71
60.21
58.641
57.004
55.299
53.527
51.688
49.785
47.817
45.787
43.695
41.545
39.338
37.076
34.762
32.398
29.987
27.533
25.038
22.505
19.939
17.343
14.72
12.075
9.4108
6.7325
4.0437
1.3486
-1.3448
-4.0242
-6.7008
-6.6452
-3.9909
-1.3337
1.3374
4.0101
6.6766
9.3328
11.975
14.598
17.199
19.774
22.319
24.83
27.304
29.739
32.129
34.474
36.769
39.012
41.201
43.333
45.407
47.42
49.372
51.26
53.083
54.84
56.531
58.155
59.711
61.198
62.617
63.967
65.249
66.463
67.608
68.685
69.695
70.639
71.515
72.326
73.072
73.753
74.37
74.923
75.413
75.841
76.207
76.511
76.754
76.936
77.057
77.118
77.118
77.057
76.936
76.754
76.511
76.207
75.841
75.413
74.923
74.37
73.753
73.072
72.326
71.515
70.639
69.695
68.685
67.608
66.463
65.249
63.967
62.617
61.198
59.711
58.155
56.531
54.84
53.083
51.26
49.372
47.42
45.407
43.333
41.201
39.012
36.769
34.474
32.129
29.739
27.304
24.83
22.319
19.774
17.199
14.598
11.975
9.3328
6.6766
4.0101
1.3374
-1.3337
-3.9909
-6.6452
-6.5839
-3.954
-1.3214
1.3251
3.9731
6.615
9.2467
11.864
14.463
17.04
19.591
22.113
24.601
27.052
29.464
31.833
34.155
36.429
38.652
40.82
42.933
44.988
46.983
48.916
50.786
52.593
54.334
56.009
57.618
59.159
60.633
62.039
63.377
64.647
65.849
66.984
68.051
69.052
69.986
70.855
71.659
72.397
73.072
73.683
74.231
74.717
75.141
75.503
75.805
76.045
76.226
76.346
76.406
76.406
76.346
76.226
76.045
75.805
75.503
75.141
74.717
74.231
73.683
73.072
72.397
71.659
70.855
69.986
69.052
68.051
66.984
65.849
64.647
63.377
62.039
60.633
59.159
57.618
56.009
54.334
52.593
50.786
48.916
46.983
44.988
42.933
40.82
38.652
36.429
34.155
31.833
29.464
27.052
24.601
22.113
19.591
17.04
14.463
11.864
9.2467
6.615
3.9731
1.3251
-1.3214
-3.954
-6.5839
-6.5167
-3.9137
-1.3079
1.3115
3.9326
6.5475
9.1523
11.743
14.316
16.866
19.391
21.887
24.35
26.776
29.163
31.508
33.807
36.057
38.257
40.404
42.495
44.529
46.503
48.417
50.268
52.056
53.78
55.438
57.03
58.556
60.014
61.406
62.73
63.987
65.177
66.3
67.357
68.347
69.272
70.132
70.927
71.659
72.326
72.931
73.474
73.955
74.374
74.733
75.031
75.269
75.448
75.566
75.626
75.626
75.566
75.448
75.269
75.031
74.733
74.374
73.955
73.474
72.931
72.326
71.659
70.927
70.132
69.272
68.347
67.357
66.3
65.177
63.987
62.73
61.406
60.014
58.556
57.03
55.438
53.78
52.056
50.268
48.417
46.503
44.529
42.495
40.404
38.257
36.057
33.807
31.508
29.163
26.776
24.35
21.887
19.391
16.866
14.316
11.743
9.1523
6.5475
3.9326
1.3115
-1.3079
-3.9137
-6.5167
-6.4437
-3.8698
-1.2932
1.2968
3.8885
6.4741
9.0497
11.611
14.155
16.677
19.174
21.642
24.077
26.476
28.837
31.155
33.428
35.653
37.828
39.951
42.019
44.029
45.982
47.874
49.705
51.473
53.177
54.816
56.391
57.899
59.341
60.717
62.027
63.27
64.446
65.557
66.602
67.581
68.496
69.346
70.132
70.855
71.515
72.114
72.65
73.126
73.54
73.895
74.19
74.425
74.602
74.719
74.778
74.778
74.719
74.602
74.425
74.19
73.895
73.54
73.126
72.65
72.114
71.515
70.855
70.132
69.346
68.496
67.581
66.602
65.557
64.446
63.27
62.027
60.717
59.341
57.899
56.391
54.816
53.177
51.473
49.705
47.874
45.982
44.029
42.019
39.951
37.828
35.653
33.428
31.155
28.837
26.476
24.077
21.642
19.174
16.677
14.155
11.611
9.0497
6.4741
3.8885
1.2968
-1.2932
-3.8698
-6.4437
-6.3647
-3.8224
-1.2774
1.2809
3.8408
6.3948
8.9388
11.469
13.982
16.473
18.939
21.376
23.782
26.152
28.483
30.773
33.018
35.216
37.365
39.461
41.503
43.49
45.418
47.287
49.095
50.842
52.525
54.144
55.699
57.189
58.614
59.973
61.266
62.494
63.656
64.753
65.785
66.753
67.656
68.496
69.272
69.986
70.639
71.229
71.759
72.229
72.639
72.989
73.28
73.513
73.687
73.803
73.861
73.861
73.803
73.687
73.513
73.28
72.989
72.639
72.229
71.759
71.229
70.639
69.986
69.272
68.496
67.656
66.753
65.785
64.753
63.656
62.494
61.266
59.973
58.614
57.189
55.699
54.144
52.525
50.842
49.095
47.287
45.418
43.49
41.503
39.461
37.365
35.216
33.018
30.773
28.483
26.152
23.782
21.376
18.939
16.473
13.982
11.469
8.9388
6.3948
3.8408
1.2809
-1.2774
-3.8224
-6.3647
-6.2797
-3.7713
-1.2603
1.2638
3.7896
6.3094
8.8195
11.316
13.795
16.253
18.686
21.091
23.464
25.803
28.103
30.362
32.577
34.746
36.866
38.934
40.949
42.909
44.812
46.656
48.44
50.163
51.824
53.422
54.956
56.426
57.831
59.172
60.448
61.66
62.806
63.889
64.907
65.861
66.753
67.581
68.347
69.052
69.695
70.278
70.801
71.265
71.669
72.014
72.302
72.531
72.703
72.818
72.875
72.875
72.818
72.703
72.531
72.302
72.014
71.669
71.265
70.801
70.278
69.695
69.052
68.347
67.581
66.753
65.861
64.907
63.889
62.806
61.66
60.448
59.172
57.831
56.426
54.956
53.422
51.824
50.163
48.44
46.656
44.812
42.909
40.949
38.934
36.866
34.746
32.577
30.362
28.103
25.803
23.464
21.091
18.686
16.253
13.795
11.316
8.8195
6.3094
3.7896
1.2638
-1.2603
-3.7713
-6.2797
-6.1887
-3.7167
-1.2421
1.2455
3.7346
6.218
8.6917
11.152
13.595
16.017
18.415
20.785
23.124
25.429
27.696
29.922
32.105
34.243
36.332
38.37
40.356
42.287
44.162
45.98
47.738
49.436
51.073
52.647
54.159
55.608
56.993
58.315
59.572
60.766
61.896
62.963
63.966
64.907
65.785
66.602
67.357
68.051
68.685
69.26
69.775
70.232
70.63
70.971
71.254
71.48
71.649
71.762
71.819
71.819
71.762
71.649
71.48
71.254
70.971
70.63
70.232
69.775
69.26
68.685
68.051
67.357
66.602
65.785
64.907
63.966
62.963
61.896
60.766
59.572
58.315
56.993
55.608
54.159
52.647
51.073
49.436
47.738
45.98
44.162
42.287
40.356
38.37
36.332
34.243
32.105
29.922
27.696
25.429
23.124
20.785
18.415
16.017
13.595
11.152
8.6917
6.218
3.7346
1.2455
-1.2421
-3.7167
-6.1887
-6.0917
-3.6584
-1.2226
1.226
3.6761
6.1204
8.5553
10.977
13.382
15.766
18.127
20.459
22.762
25.03
27.261
29.453
31.602
33.705
35.762
37.768
39.723
41.624
43.47
45.259
46.989
48.661
50.272
51.822
53.31
54.736
56.099
57.4
58.638
59.813
60.925
61.975
62.963
63.889
64.753
65.557
66.3
66.984
67.608
68.173
68.68
69.13
69.522
69.857
70.136
70.359
70.525
70.636
70.692
70.692
70.636
70.525
70.359
70.136
69.857
69.522
69.13
68.68
68.173
67.608
66.984
66.3
65.557
64.753
63.889
62.963
61.975
60.925
59.813
58.638
57.4
56.099
54.736
53.31
51.822
50.272
48.661
46.989
45.259
43.47
41.624
39.723
37.768
35.762
33.705
31.602
29.453
27.261
25.03
22.762
20.459
18.127
15.766
13.382
10.977
8.5553
6.1204
3.6761
1.226
-1.2226
-3.6584
-6.0917
-5.9885
-3.5964
-1.2019
1.2052
3.6138
6.0168
8.4104
10.791
13.155
15.499
17.819
20.113
22.376
24.606
26.799
28.954
31.066
33.135
35.156
37.129
39.05
40.919
42.733
44.492
46.193
47.836
49.42
50.944
52.407
53.809
55.149
56.428
57.644
58.8
59.893
60.925
61.896
62.806
63.656
64.446
65.177
65.849
66.463
67.018
67.517
67.959
68.344
68.674
68.948
69.167
69.331
69.44
69.494
69.494
69.44
69.331
69.167
68.948
68.674
68.344
67.959
67.517
67.018
66.463
65.849
65.177
64.446
63.656
62.806
61.896
60.925
59.893
58.8
57.644
56.428
55.149
53.809
52.407
50.944
49.42
47.836
46.193
44.492
42.733
40.919
39.05
37.129
35.156
33.135
31.066
28.954
26.799
24.606
22.376
20.113
17.819
15.499
13.155
10.791
8.4104
6.0168
3.6138
1.2052
-1.2019
-3.5964
-5.9885
-5.8792
-3.5308
-1.1799
1.1832
3.5478
5.9069
8.2569
10.594
12.915
15.216
17.494
19.746
21.968
24.157
26.31
28.425
30.499
32.53
34.514
36.451
38.337
40.172
41.953
43.68
45.35
46.963
48.518
50.014
51.45
52.826
54.142
55.397
56.592
57.726
58.8
59.813
60.766
61.66
62.494
63.27
63.987
64.647
65.249
65.795
66.284
66.718
67.096
67.42
67.689
67.904
68.065
68.172
68.225
68.225
68.172
68.065
67.904
67.689
67.42
67.096
66.718
66.284
65.795
65.249
64.647
63.987
63.27
62.494
61.66
60.766
59.813
58.8
57.726
56.592
55.397
54.142
52.826
51.45
50.014
48.518
46.963
45.35
43.68
41.953
40.172
38.337
36.451
34.514
32.53
30.499
28.425
26.31
24.157
21.968
19.746
17.494
15.216
12.915
10.594
8.2569
5.9069
3.5478
1.1832
-1.1799
-3.5308
-5.8792
-5.7637
-3.4614
-1.1568
1.16
3.4782
5.7909
8.0947
10.386
12.661
14.917
17.151
19.358
21.536
23.682
25.793
27.867
29.9
31.891
33.836
35.735
37.584
39.383
41.129
42.822
44.459
46.04
47.565
49.031
50.439
51.789
53.079
54.309
55.48
56.592
57.644
58.638
59.572
60.448
61.266
62.027
62.73
63.377
63.967
64.502
64.982
65.407
65.778
66.095
66.359
66.57
66.728
66.833
66.885
66.885
66.833
66.728
66.57
66.359
66.095
65.778
65.407
64.982
64.502
63.967
63.377
62.73
62.027
61.266
60.448
59.572
58.638
57.644
56.592
55.48
54.309
53.079
51.789
50.439
49.031
47.565
46.04
44.459
42.822
41.129
39.383
37.584
35.735
33.836
31.891
29.9
27.867
25.793
23.682
21.536
19.358
17.151
14.917
12.661
10.386
8.0947
5.7909
3.4782
1.16
-1.1568
-3.4614
-5.7637
-5.6421
-3.3884
-1.1323
1.1355
3.4047
5.6687
7.9239
10.167
12.394
14.602
16.789
18.949
21.082
23.182
25.249
27.279
29.269
31.218
33.122
34.98
36.791
38.552
40.261
41.918
43.521
45.069
46.561
47.996
49.375
50.695
51.958
53.163
54.309
55.397
56.428
57.4
58.315
59.172
59.973
60.717
61.406
62.039
62.617
63.141
63.61
64.026
64.39
64.7
64.958
65.164
65.319
65.422
65.473
65.473
65.422
65.319
65.164
64.958
64.7
64.39
64.026
63.61
63.141
62.617
62.039
61.406
60.717
59.973
59.172
58.315
57.4
56.428
55.397
54.309
53.163
51.958
50.695
49.375
47.996
46.561
45.069
43.521
41.918
40.261
38.552
36.791
34.98
33.122
31.218
29.269
27.279
25.249
23.182
21.082
18.949
16.789
14.602
12.394
10.167
7.9239
5.6687
3.4047
1.1355
-1.1323
-3.3884
-5.6421
-5.5142
-3.3116
-1.1067
1.1098
3.3276
5.5403
7.7443
9.9365
12.113
14.272
16.408
18.52
20.604
22.657
24.677
26.661
28.606
30.51
32.372
34.188
35.957
37.678
39.349
40.968
42.535
44.047
45.506
46.909
48.256
49.547
50.781
51.958
53.079
54.142
55.149
56.099
56.993
57.831
58.614
59.341
60.014
60.633
61.198
61.71
62.169
62.576
62.931
63.234
63.486
63.688
63.839
63.939
63.989
63.989
63.939
63.839
63.688
63.486
63.234
62.931
62.576
62.169
61.71
61.198
60.633
60.014
59.341
58.614
57.831
56.993
56.099
55.149
54.142
53.079
51.958
50.781
49.547
48.256
46.909
45.506
44.047
42.535
40.968
39.349
37.678
35.957
34.188
32.372
30.51
28.606
26.661
24.677
22.657
20.604
18.52
16.408
14.272
12.113
9.9365
7.7443
5.5403
3.3276
1.1098
-1.1067
-3.3116
-5.5142
-5.3802
-3.2311
-1.0798
1.0828
3.2467
5.4056
7.5561
9.695
11.819
13.925
16.009
18.07
20.103
22.107
24.077
26.013
27.911
29.769
31.585
33.357
35.083
36.762
38.392
39.972
41.501
42.977
44.4
45.769
47.083
48.342
49.547
50.695
51.789
52.826
53.809
54.736
55.608
56.426
57.189
57.899
58.556
59.159
59.711
60.21
60.658
61.055
61.401
61.697
61.943
62.14
62.287
62.385
62.434
62.434
62.385
62.287
62.14
61.943
61.697
61.401
61.055
60.658
60.21
59.711
59.159
58.556
57.899
57.189
56.426
55.608
54.736
53.809
52.826
51.789
50.695
49.547
48.342
47.083
45.769
44.4
42.977
41.501
39.972
38.392
36.762
35.083
33.357
31.585
29.769
27.911
26.013
24.077
22.107
20.103
18.07
16.009
13.925
11.819
9.695
7.5561
5.4056
3.2467
1.0828
-1.0798
-3.2311
-5.3802
-5.2401
-3.147
-1.0517
1.0546
3.1622
5.2648
7.3593
9.4425
11.511
13.562
15.592
17.599
19.579
21.531
23.45
25.335
27.184
28.993
30.762
32.488
34.169
35.805
37.392
38.931
40.42
41.857
43.243
44.576
45.856
47.083
48.256
49.375
50.439
51.45
52.407
53.31
54.159
54.956
55.699
56.391
57.03
57.618
58.155
58.641
59.077
59.464
59.801
60.09
60.329
60.521
60.664
60.76
60.807
60.807
60.76
60.664
60.521
60.329
60.09
59.801
59.464
59.077
58.641
58.155
57.618
57.03
56.391
55.699
54.956
54.159
53.31
52.407
51.45
50.439
49.375
48.256
47.083
45.856
44.576
43.243
41.857
40.42
38.931
37.392
35.805
34.169
32.488
30.762
28.993
27.184
25.335
23.45
21.531
19.579
17.599
15.592
13.562
11.511
9.4425
7.3593
5.2648
3.1622
1.0546
-1.0517
-3.147
-5.2401
-5.0938
-3.0591
-1.0223
1.0252
3.0739
5.1178
7.1539
9.1789
11.19
13.183
15.157
17.108
19.033
20.93
22.795
24.628
26.425
28.184
29.903
31.581
33.216
34.805
36.349
37.844
39.291
40.689
42.036
43.332
44.576
45.769
46.909
47.996
49.031
50.014
50.944
51.822
52.647
53.422
54.144
54.816
55.438
56.009
56.531
57.004
57.428
57.804
58.132
58.412
58.645
58.831
58.971
59.063
59.11
59.11
59.063
58.971
58.831
58.645
58.412
58.132
57.804
57.428
57.004
56.531
56.009
55.438
54.816
54.144
53.422
52.647
51.822
50.944
50.014
49.031
47.996
46.909
45.769
44.576
43.332
42.036
40.689
39.291
37.844
36.349
34.805
33.216
31.581
29.903
28.184
26.425
24.628
22.795
20.93
19.033
17.108
15.157
13.183
11.19
9.1789
7.1539
5.1178
3.0739
1.0252
-1.0223
-3.0591
-5.0938
-4.9415
-2.9676
-0.99174
0.9945
2.982
4.9648
6.9399
8.9044
10.855
12.789
14.704
16.596
18.464
20.304
22.114
23.891
25.635
27.341
29.009
30.637
32.222
33.764
35.261
36.712
38.116
39.472
40.779
42.036
43.243
44.4
45.506
46.561
47.565
48.518
49.42
50.272
51.073
51.824
52.525
53.177
53.78
54.334
54.84
55.299
55.71
56.075
56.393
56.665
56.891
57.072
57.207
57.297
57.342
57.342
57.297
57.207
57.072
56.891
56.665
56.393
56.075
55.71
55.299
54.84
54.334
53.78
53.177
52.525
51.824
51.073
50.272
49.42
48.518
47.565
46.561
45.506
44.4
43.243
42.036
40.779
39.472
38.116
36.712
35.261
33.764
32.222
30.637
29.009
27.341
25.635
23.891
22.114
20.304
18.464
16.596
14.704
12.789
10.855
8.9044
6.9399
4.9648
2.982
0.9945
-0.99174
-2.9676
-4.9415
-4.7831
-2.8725
-0.95996
0.96263
2.8864
4.8057
6.7175
8.619
10.507
12.379
14.233
16.064
17.872
19.653
21.405
23.126
24.813
26.465
28.079
29.655
31.19
32.682
34.131
35.536
36.895
38.207
39.472
40.689
41.857
42.977
44.047
45.069
46.04
46.963
47.836
48.661
49.436
50.163
50.842
51.473
52.056
52.593
53.083
53.527
53.925
54.278
54.586
54.849
55.068
55.243
55.373
55.461
55.504
55.504
55.461
55.373
55.243
55.068
54.849
54.586
54.278
53.925
53.527
53.083
52.593
52.056
51.473
50.842
50.163
49.436
48.661
47.836
46.963
46.04
45.069
44.047
42.977
41.857
40.689
39.472
38.207
36.895
35.536
34.131
32.682
31.19
29.655
28.079
26.465
24.813
23.126
21.405
19.653
17.872
16.064
14.233
12.379
10.507
8.619
6.7175
4.8057
2.8864
0.96263
-0.95996
-2.8725
-4.7831
-4.6188
-2.7739
-0.92699
0.92957
2.7873
4.6406
6.4868
8.323
10.146
11.954
13.744
15.513
17.258
18.978
20.67
22.332
23.961
25.556
27.115
28.636
30.118
31.56
32.959
34.315
35.628
36.895
38.116
39.291
40.42
41.501
42.535
43.521
44.459
45.35
46.193
46.989
47.738
48.44
49.095
49.705
50.268
50.786
51.26
51.688
52.073
52.414
52.711
52.965
53.176
53.345
53.471
53.556
53.598
53.598
53.556
53.471
53.345
53.176
52.965
52.711
52.414
52.073
51.688
51.26
50.786
50.268
49.705
49.095
48.44
47.738
46.989
46.193
45.35
44.459
43.521
42.535
41.501
40.42
39.291
38.116
36.895
35.628
34.315
32.959
31.56
30.118
28.636
27.115
25.556
23.961
22.332
20.67
18.978
17.258
15.513
13.744
11.954
10.146
8.323
6.4868
4.6406
2.7873
0.92957
-0.92699
-2.7739
-4.6188
-4.4487
-2.6717
-0.89285
0.89534
2.6846
4.4697
6.2479
8.0165
9.7727
11.514
13.238
14.941
16.623
18.279
19.909
21.509
23.078
24.615
26.116
27.582
29.009
30.397
31.745
33.052
34.315
35.536
36.712
37.844
38.931
39.972
40.968
41.918
42.822
43.68
44.492
45.259
45.98
46.656
47.287
47.874
48.417
48.916
49.372
49.785
50.155
50.483
50.769
51.014
51.218
51.38
51.502
51.583
51.624
51.624
51.583
51.502
51.38
51.218
51.014
50.769
50.483
50.155
49.785
49.372
48.916
48.417
47.874
47.287
46.656
45.98
45.259
44.492
43.68
42.822
41.918
40.968
39.972
38.931
37.844
36.712
35.536
34.315
33.052
31.745
30.397
29.009
27.582
26.116
24.615
23.078
21.509
19.909
18.279
16.623
14.941
13.238
11.514
9.7727
8.0165
6.2479
4.4697
2.6846
0.89534
-0.89285
-2.6717
-4.4487
-4.2729
-2.5661
-0.85756
0.85995
2.5785
4.2931
6.001
7.6997
9.3865
11.059
12.715
14.351
15.966
17.557
19.122
20.659
22.166
23.642
25.084
26.492
27.863
29.196
30.491
31.745
32.959
34.131
35.261
36.349
37.392
38.392
39.349
40.261
41.129
41.953
42.733
43.47
44.162
44.812
45.418
45.982
46.503
46.983
47.42
47.817
48.173
48.488
48.763
48.998
49.193
49.349
49.466
49.544
49.583
49.583
49.544
49.466
49.349
49.193
48.998
48.763
48.488
48.173
47.817
47.42
46.983
46.503
45.982
45.418
44.812
44.162
43.47
42.733
41.953
41.129
40.261
39.349
38.392
37.392
36.349
35.261
34.131
32.959
31.745
30.491
29.196
27.863
26.492
25.084
23.642
22.166
20.659
19.122
17.557
15.966
14.351
12.715
11.059
9.3865
7.6997
6.001
4.2931
2.5785
0.85995
-0.85756
-2.5661
-4.2729
-4.0915
-2.4572
-0.82115
0.82344
2.469
4.1108
5.7462
7.3728
8.988
10.589
12.175
13.742
15.288
16.811
18.31
19.782
21.225
22.638
24.019
25.367
26.68
27.956
29.196
30.397
31.56
32.682
33.764
34.805
35.805
36.762
37.678
38.552
39.383
40.172
40.919
41.624
42.287
42.909
43.49
44.029
44.529
44.988
45.407
45.787
46.127
46.429
46.692
46.917
47.105
47.254
47.366
47.441
47.478
47.478
47.441
47.366
47.254
47.105
46.917
46.692
46.429
46.127
45.787
45.407
44.988
44.529
44.029
43.49
42.909
42.287
41.624
40.919
40.172
39.383
38.552
37.678
36.762
35.805
34.805
33.764
32.682
31.56
30.397
29.196
27.956
26.68
25.367
24.019
22.638
21.225
19.782
18.31
16.811
15.288
13.742
12.175
10.589
8.988
7.3728
5.7462
4.1108
2.469
0.82344
-0.82115
-2.4572
-4.0915
-3.9047
-2.345
-0.78365
0.78583
2.3563
3.9231
5.4838
7.0361
8.5775
10.106
11.619
13.114
14.59
16.044
17.474
18.878
20.256
21.604
22.922
24.208
25.461
26.68
27.863
29.009
30.118
31.19
32.222
33.216
34.169
35.083
35.957
36.791
37.584
38.337
39.05
39.723
40.356
40.949
41.503
42.019
42.495
42.933
43.333
43.695
44.02
44.308
44.56
44.775
44.953
45.096
45.203
45.274
45.309
45.309
45.274
45.203
45.096
44.953
44.775
44.56
44.308
44.02
43.695
43.333
42.933
42.495
42.019
41.503
40.949
40.356
39.723
39.05
38.337
37.584
36.791
35.957
35.083
34.169
33.216
32.222
31.19
30.118
29.009
27.863
26.68
25.461
24.208
22.922
21.604
20.256
18.878
17.474
16.044
14.59
13.114
11.619
10.106
8.5775
7.0361
5.4838
3.9231
2.3563
0.78583
-0.78365
-2.345
-3.9047
-3.7125
-2.2296
-0.74509
0.74717
2.2403
3.73
5.214
6.6898
8.1554
9.6085
11.047
12.469
13.872
15.254
16.614
17.949
19.259
20.541
21.794
23.017
24.208
25.367
26.492
27.582
28.636
29.655
30.637
31.581
32.488
33.357
34.188
34.98
35.735
36.451
37.129
37.768
38.37
38.934
39.461
39.951
40.404
40.82
41.201
41.545
41.854
42.128
42.367
42.571
42.741
42.877
42.978
43.046
43.08
43.08
43.046
42.978
42.877
42.741
42.571
42.367
42.128
41.854
41.545
41.201
40.82
40.404
39.951
39.461
38.934
38.37
37.768
37.129
36.451
35.735
34.98
34.188
33.357
32.488
31.581
30.637
29.655
28.636
27.582
26.492
25.367
24.208
23.017
21.794
20.541
19.259
17.949
16.614
15.254
13.872
12.469
11.047
9.6085
8.1554
6.6898
5.214
3.73
2.2403
0.74717
-0.74509
-2.2296
-3.7125
-3.5153
-2.1111
-0.70551
0.70747
2.1213
3.5319
4.937
6.3344
7.7222
9.0981
10.46
11.806
13.135
14.444
15.731
16.996
18.236
19.45
20.637
21.794
22.922
24.019
25.084
26.116
27.115
28.079
29.009
29.903
30.762
31.585
32.372
33.122
33.836
34.514
35.156
35.762
36.332
36.866
37.365
37.828
38.257
38.652
39.012
39.338
39.631
39.89
40.116
40.31
40.47
40.599
40.695
40.759
40.791
40.791
40.759
40.695
40.599
40.47
40.31
40.116
39.89
39.631
39.338
39.012
38.652
38.257
37.828
37.365
36.866
36.332
35.762
35.156
34.514
33.836
33.122
32.372
31.585
30.762
29.903
29.009
28.079
27.115
26.116
25.084
24.019
22.922
21.794
20.637
19.45
18.236
16.996
15.731
14.444
13.135
11.806
10.46
9.0981
7.7222
6.3344
4.937
3.5319
2.1213
0.70747
-0.70551
-2.1111
-3.5153
-3.3132
-1.9898
-0.66494
0.6668
1.9994
3.3288
4.6531
5.9702
7.2782
8.5749
9.8587
11.127
12.38
13.613
14.827
16.019
17.187
18.332
19.45
20.541
21.604
22.638
23.642
24.615
25.556
26.465
27.341
28.184
28.993
29.769
30.51
31.218
31.891
32.53
33.135
33.705
34.243
34.746
35.216
35.653
36.057
36.429
36.769
37.076
37.352
37.596
37.809
37.992
38.143
38.264
38.355
38.415
38.446
38.446
38.415
38.355
38.264
38.143
37.992
37.809
37.596
37.352
37.076
36.769
36.429
36.057
35.653
35.216
34.746
34.243
33.705
33.135
32.53
31.891
31.218
30.51
29.769
28.993
28.184
27.341
26.465
25.556
24.615
23.642
22.638
21.604
20.541
19.45
18.332
17.187
16.019
14.827
13.613
12.38
11.127
9.8587
8.5749
7.2782
5.9702
4.6531
3.3288
1.9994
0.6668
-0.66494
-1.9898
-3.3132
-3.1064
-1.8656
-0.62344
0.62518
1.8746
3.121
4.3627
5.5976
6.8239
8.0397
9.2433
10.433
11.607
12.764
13.901
15.019
16.115
17.187
18.236
19.259
20.256
21.225
22.166
23.078
23.961
24.813
25.635
26.425
27.184
27.911
28.606
29.269
29.9
30.499
31.066
31.602
32.105
32.577
33.018
33.428
33.807
34.155
34.474
34.762
35.02
35.25
35.449
35.62
35.762
35.876
35.961
36.018
36.046
36.046
36.018
35.961
35.876
35.762
35.62
35.449
35.25
35.02
34.762
34.474
34.155
33.807
33.428
33.018
32.577
32.105
31.602
31.066
30.499
29.9
29.269
28.606
27.911
27.184
26.425
25.635
24.813
23.961
23.078
22.166
21.225
20.256
19.259
18.236
17.187
16.115
15.019
13.901
12.764
11.607
10.433
9.2433
8.0397
6.8239
5.5976
4.3627
3.121
1.8746
0.62518
-0.62344
-1.8656
-3.1064
-2.8951
-1.7387
-0.58105
0.58267
1.7471
2.9088
4.066
5.217
6.3599
7.493
8.6148
9.7235
10.818
11.896
12.956
13.998
15.019
16.019
16.996
17.949
18.878
19.782
20.659
21.509
22.332
23.126
23.891
24.628
25.335
26.013
26.661
27.279
27.867
28.425
28.954
29.453
29.922
30.362
30.773
31.155
31.508
31.833
32.129
32.398
32.639
32.852
33.039
33.198
33.331
33.436
33.516
33.568
33.595
33.595
33.568
33.516
33.436
33.331
33.198
33.039
32.852
32.639
32.398
32.129
31.833
31.508
31.155
30.773
30.362
29.922
29.453
28.954
28.425
27.867
27.279
26.661
26.013
25.335
24.628
23.891
23.126
22.332
21.509
20.659
19.782
18.878
17.949
16.996
16.019
15.019
13.998
12.956
11.896
10.818
9.7235
8.6148
7.493
6.3599
5.217
4.066
2.9088
1.7471
0.58267
-0.58105
-1.7387
-2.8951
-2.6797
-1.6093
-0.53781
0.53931
1.6171
2.6924
3.7635
4.8288
5.8867
6.9355
7.9738
9
10.013
11.011
11.992
12.956
13.901
14.827
15.731
16.614
17.474
18.31
19.122
19.909
20.67
21.405
22.114
22.795
23.45
24.077
24.677
25.249
25.793
26.31
26.799
27.261
27.696
28.103
28.483
28.837
29.163
29.464
29.739
29.987
30.21
30.408
30.58
30.728
30.85
30.948
31.022
31.071
31.095
31.095
31.071
31.022
30.948
30.85
30.728
30.58
30.408
30.21
29.987
29.739
29.464
29.163
28.837
28.483
28.103
27.696
27.261
26.799
26.31
25.793
25.249
24.677
24.077
23.45
22.795
22.114
21.405
20.67
19.909
19.122
18.31
17.474
16.614
15.731
14.827
13.901
12.956
11.992
11.011
10.013
9
7.9738
6.9355
5.8867
4.8288
3.7635
2.6924
1.6171
0.53931
-0.53781
-1.6093
-2.6797
-2.4604
-1.4776
-0.49379
0.49517
1.4847
2.472
3.4554
4.4336
5.4048
6.3678
7.3212
8.2634
9.1932
10.109
11.011
11.896
12.764
13.613
14.444
15.254
16.044
16.811
17.557
18.279
18.978
19.653
20.304
20.93
21.531
22.107
22.657
23.182
23.682
24.157
24.606
25.03
25.429
25.803
26.152
26.476
26.776
27.052
27.304
27.533
27.738
27.919
28.077
28.213
28.325
28.415
28.483
28.527
28.55
28.55
28.527
28.483
28.415
28.325
28.213
28.077
27.919
27.738
27.533
27.304
27.052
26.776
26.476
26.152
25.803
25.429
25.03
24.606
24.157
23.682
23.182
22.657
22.107
21.531
20.93
20.304
19.653
18.978
18.279
17.557
16.811
16.044
15.254
14.444
13.613
12.764
11.896
11.011
10.109
9.1932
8.2634
7.3212
6.3678
5.4048
4.4336
3.4554
2.472
1.4847
0.49517
-0.49379
-1.4776
-2.4604
-2.2374
-1.3437
-0.44905
0.4503
1.3502
2.248
3.1423
4.0318
4.915
5.7908
6.6577
7.5145
8.3601
9.1932
10.013
10.818
11.607
12.38
13.135
13.872
14.59
15.288
15.966
16.623
17.258
17.872
18.464
19.033
19.579
20.103
20.604
21.082
21.536
21.968
22.376
22.762
23.124
23.464
23.782
24.077
24.35
24.601
24.83
25.038
25.224
25.389
25.533
25.656
25.758
25.84
25.901
25.942
25.962
25.962
25.942
25.901
25.84
25.758
25.656
25.533
25.389
25.224
25.038
24.83
24.601
24.35
24.077
23.782
23.464
23.124
22.762
22.376
21.968
21.536
21.082
20.604
20.103
19.579
19.033
18.464
17.872
17.258
16.623
15.966
15.288
14.59
13.872
13.135
12.38
11.607
10.818
10.013
9.1932
8.3601
7.5145
6.6577
5.7908
4.915
4.0318
3.1423
2.248
1.3502
0.4503
-0.44905
-1.3437
-2.2374
-2.0111
-1.2078
-0.40363
0.40475
1.2136
2.0206
2.8245
3.624
4.4179
5.2051
5.9843
6.7545
7.5145
8.2634
9
9.7235
10.433
11.127
11.806
12.469
13.114
13.742
14.351
14.941
15.513
16.064
16.596
17.108
17.599
18.07
18.52
18.949
19.358
19.746
20.113
20.459
20.785
21.091
21.376
21.642
21.887
22.113
22.319
22.505
22.673
22.821
22.95
23.061
23.153
23.227
23.282
23.318
23.337
23.337
23.318
23.282
23.227
23.153
23.061
22.95
22.821
22.673
22.505
22.319
22.113
21.887
21.642
21.376
21.091
20.785
20.459
20.113
19.746
19.358
18.949
18.52
18.07
17.599
17.108
16.596
16.064
15.513
14.941
14.351
13.742
13.114
12.469
11.806
11.127
10.433
9.7235
9
8.2634
7.5145
6.7545
5.9843
5.2051
4.4179
3.624
2.8245
2.0206
1.2136
0.40475
-0.40363
-1.2078
-2.0111
-1.7818
-1.0701
-0.35761
0.3586
1.0752
1.7902
2.5024
3.2108
3.9142
4.6116
5.302
5.9843
6.6577
7.3212
7.9738
8.6148
9.2433
9.8587
10.46
11.047
11.619
12.175
12.715
13.238
13.744
14.233
14.704
15.157
15.592
16.009
16.408
16.789
17.151
17.494
17.819
18.127
18.415
18.686
18.939
19.174
19.391
19.591
19.774
19.939
20.087
20.219
20.333
20.432
20.513
20.578
20.627
20.659
20.676
20.676
20.659
20.627
20.578
20.513
20.432
20.333
20.219
20.087
19.939
19.774
19.591
19.391
19.174
18.939
18.686
18.415
18.127
17.819
17.494
17.151
16.789
16.408
16.009
15.592
15.157
14.704
14.233
13.744
13.238
12.715
12.175
11.619
11.047
10.46
9.8587
9.2433
8.6148
7.9738
7.3212
6.6577
5.9843
5.302
4.6116
3.9142
3.2108
2.5024
1.7902
1.0752
0.3586
-0.35761
-1.0701
-1.7818
-1.5498
-0.93075
-0.31104
0.31191
0.93524
1.5571
2.1766
2.7927
3.4045
4.0111
4.6116
5.2051
5.7908
6.3678
6.9355
7.493
8.0397
8.5749
9.0981
9.6085
10.106
10.589
11.059
11.514
11.954
12.379
12.789
13.183
13.562
13.925
14.272
14.602
14.917
15.216
15.499
15.766
16.017
16.253
16.473
16.677
16.866
17.04
17.199
17.343
17.472
17.586
17.686
17.771
17.842
17.899
17.941
17.969
17.983
17.983
17.969
17.941
17.899
17.842
17.771
17.686
17.586
17.472
17.343
17.199
17.04
16.866
16.677
16.473
16.253
16.017
15.766
15.499
15.216
14.917
14.602
14.272
13.925
13.562
13.183
12.789
12.379
11.954
11.514
11.059
10.589
10.106
9.6085
9.0981
8.5749
8.0397
7.493
6.9355
6.3678
5.7908
5.2051
4.6116
4.0111
3.4045
2.7927
2.1766
1.5571
0.93524
0.31191
-0.31104
-0.93075
-1.5498
-1.3154
-0.78999
-0.264
0.26474
0.7938
1.3216
1.8474
2.3704
2.8896
3.4045
3.9142
4.4179
4.915
5.4048
5.8867
6.3599
6.8239
7.2782
7.7222
8.1554
8.5775
8.988
9.3865
9.7727
10.146
10.507
10.855
11.19
11.511
11.819
12.113
12.394
12.661
12.915
13.155
13.382
13.595
13.795
13.982
14.155
14.316
14.463
14.598
14.72
14.829
14.926
15.011
15.084
15.144
15.192
15.228
15.252
15.264
15.264
15.252
15.228
15.192
15.144
15.084
15.011
14.926
14.829
14.72
14.598
14.463
14.316
14.155
13.982
13.795
13.595
13.382
13.155
12.915
12.661
12.394
12.113
11.819
11.511
11.19
10.855
10.507
10.146
9.7727
9.3865
8.988
8.5775
8.1554
7.7222
7.2782
6.8239
6.3599
5.8867
5.4048
4.915
4.4179
3.9142
3.4045
2.8896
2.3704
1.8474
1.3216
0.7938
0.26474
-0.264
-0.78999
-1.3154
-1.079
-0.64802
-0.21656
0.21716
0.65115
1.0841
1.5154
1.9444
2.3704
2.7927
3.2108
3.624
4.0318
4.4336
4.8288
5.217
5.5976
5.9702
6.3344
6.6898
7.0361
7.3728
7.6997
8.0165
8.323
8.619
8.9044
9.1789
9.4425
9.695
9.9365
10.167
10.386
10.594
10.791
10.977
11.152
11.316
11.469
11.611
11.743
11.864
11.975
12.075
12.165
12.244
12.314
12.373
12.422
12.462
12.491
12.511
12.521
12.521
12.511
12.491
12.462
12.422
12.373
12.314
12.244
12.165
12.075
11.975
11.864
11.743
11.611
11.469
11.316
11.152
10.977
10.791
10.594
10.386
10.167
9.9365
9.695
9.4425
9.1789
8.9044
8.619
8.323
8.0165
7.6997
7.3728
7.0361
6.6898
6.3344
5.9702
5.5976
5.217
4.8288
4.4336
4.0318
3.624
3.2108
2.7927
2.3704
1.9444
1.5154
1.0841
0.65115
0.21716
-0.21656
-0.64802
-1.079
-0.84099
-0.50506
-0.16878
0.16925
0.5075
0.84495
1.1811
1.5154
1.8474
2.1766
2.5024
2.8245
3.1423
3.4554
3.7635
4.066
4.3627
4.6531
4.937
5.214
5.4838
5.7462
6.001
6.2479
6.4868
6.7175
6.9399
7.1539
7.3593
7.5561
7.7443
7.9239
8.0947
8.2569
8.4104
8.5553
8.6917
8.8195
8.9388
9.0497
9.1523
9.2467
9.3328
9.4108
9.4808
9.5429
9.597
9.6433
9.6817
9.7124
9.7355
9.7508
9.7584
9.7584
9.7508
9.7355
9.7124
9.6817
9.6433
9.597
9.5429
9.4808
9.4108
9.3328
9.2467
9.1523
9.0497
8.9388
8.8195
8.6917
8.5553
8.4104
8.2569
8.0947
7.9239
7.7443
7.5561
7.3593
7.1539
6.9399
6.7175
6.4868
6.2479
6.001
5.7462
5.4838
5.214
4.937
4.6531
4.3627
4.066
3.7635
3.4554
3.1423
2.8245
2.5024
2.1766
1.8474
1.5154
1.1811
0.84495
0.5075
0.16925
-0.16878
-0.50506
-0.84099
-0.60164
-0.36132
-0.12075
0.12108
0.36306
0.60447
0.84495
1.0841
1.3216
1.5571
1.7902
2.0206
2.248
2.472
2.6924
2.9088
3.121
3.3288
3.5319
3.73
3.9231
4.1108
4.2931
4.4697
4.6406
4.8057
4.9648
5.1178
5.2648
5.4056
5.5403
5.6687
5.7909
5.9069
6.0168
6.1204
6.218
6.3094
6.3948
6.4741
6.5475
6.615
6.6766
6.7325
6.7825
6.8269
6.8656
6.8987
6.9262
6.9482
6.9647
6.9756
6.9811
6.9811
6.9756
6.9647
6.9482
6.9262
6.8987
6.8656
6.8269
6.7825
6.7325
6.6766
6.615
6.5475
6.4741
6.3948
6.3094
6.218
6.1204
6.0168
5.9069
5.7909
5.6687
5.5403
5.4056
5.2648
5.1178
4.9648
4.8057
4.6406
4.4697
4.2931
4.1108
3.9231
3.73
3.5319
3.3288
3.121
2.9088
2.6924
2.472
2.248
2.0206
1.7902
1.5571
1.3216
1.0841
0.84495
0.60447
0.36306
0.12108
-0.12075
-0.36132
-0.60164
-0.36136
-0.21701
-0.072523
0.072725
0.21806
0.36306
0.5075
0.65115
0.7938
0.93524
1.0752
1.2136
1.3502
1.4847
1.6171
1.7471
1.8746
1.9994
2.1213
2.2403
2.3563
2.469
2.5785
2.6846
2.7873
2.8864
2.982
3.0739
3.1622
3.2467
3.3276
3.4047
3.4782
3.5478
3.6138
3.6761
3.7346
3.7896
3.8408
3.8885
3.9326
3.9731
4.0101
4.0437
4.0737
4.1004
4.1236
4.1435
4.16
4.1733
4.1831
4.1897
4.193
4.193
4.1897
4.1831
4.1733
4.16
4.1435
4.1236
4.1004
4.0737
4.0437
4.0101
3.9731
3.9326
3.8885
3.8408
3.7896
3.7346
3.6761
3.6138
3.5478
3.4782
3.4047
3.3276
3.2467
3.1622
3.0739
2.982
2.8864
2.7873
2.6846
2.5785
2.469
2.3563
2.2403
2.1213
1.9994
1.8746
1.7471
1.6171
1.4847
1.3502
1.2136
1.0752
0.93524
0.7938
0.65115
0.5075
0.36306
0.21806
0.072725
-0.072523
-0.21701
-0.36136
-0.12051
-0.072376
-0.024187
0.024254
0.072725
0.12108
0.16925
0.21716
0.26474
0.31191
0.3586
0.40475
0.4503
0.49517
0.53931
0.58267
0.62518
0.6668
0.70747
0.74717
0.78583
0.82344
0.85995
0.89534
0.92957
0.96263
0.9945
1.0252
1.0546
1.0828
1.1098
1.1355
1.16
1.1832
1.2052
1.226
1.2455
1.2638
1.2809
1.2968
1.3115
1.3251
1.3374
1.3486
1.3586
1.3675
1.3753
1.3819
1.3874
1.3918
1.3951
1.3973
1.3984
1.3984
1.3973
1.3951
1.3918
1.3874
1.3819
1.3753
1.3675
1.3586
1.3486
1.3374
1.3251
1.3115
1.2968
1.2809
1.2638
1.2455
1.226
1.2052
1.1832
1.16
1.1355
1.1098
1.0828
1.0546
1.0252
0.9945
0.96263
0.92957
0.89534
0.85995
0.82344
0.78583
0.74717
0.70747
0.6668
0.62518
0.58267
0.53931
0.49517
0.4503
0.40475
0.3586
0.31191
0.26474
0.21716
0.16925
0.12108
0.072725
0.024254
-0.024187
-0.072376
-0.12051
0.12018
0.072174
0.024119
-0.024187
-0.072523
-0.12075
-0.16878
-0.21656
-0.264
-0.31104
-0.35761
-0.40363
-0.44905
-0.49379
-0.53781
-0.58105
-0.62344
-0.66494
-0.70551
-0.74509
-0.78365
-0.82115
-0.85756
-0.89285
-0.92699
-0.95996
-0.99174
-1.0223
-1.0517
-1.0798
-1.1067
-1.1323
-1.1568
-1.1799
-1.2019
-1.2226
-1.2421
-1.2603
-1.2774
-1.2932
-1.3079
-1.3214
-1.3337
-1.3448
-1.3548
-1.3637
-1.3714
-1.378
-1.3835
-1.3879
-1.3912
-1.3934
-1.3945
-1.3945
-1.3934
-1.3912
-1.3879
-1.3835
-1.378
-1.3714
-1.3637
-1.3548
-1.3448
-1.3337
-1.3214
-1.3079
-1.2932
-1.2774
-1.2603
-1.2421
-1.2226
-1.2019
-1.1799
-1.1568
-1.1323
-1.1067
-1.0798
-1.0517
-1.0223
-0.99174
-0.95996
-0.92699
-0.89285
-0.85756
-0.82115
-0.78365
-0.74509
-0.70551
-0.66494
-0.62344
-0.58105
-0.53781
-0.49379
-0.44905
-0.40363
-0.35761
-0.31104
-0.264
-0.21656
-0.16878
-0.12075
-0.072523
-0.024187
0.024119
0.072174
0.12018
0.36069
0.21644
0.072174
-0.072376
-0.21701
-0.36132
-0.50506
-0.64802
-0.78999
-0.93075
-1.0701
-1.2078
-1.3437
-1.4776
-1.6093
-1.7387
-1.8656
-1.9898
-2.1111
-2.2296
-2.345
-2.4572
-2.5661
-2.6717
-2.7739
-2.8725
-2.9676
-3.0591
-3.147
-3.2311
-3.3116
-3.3884
-3.4614
-3.5308
-3.5964
-3.6584
-3.7167
-3.7713
-3.8224
-3.8698
-3.9137
-3.954
-3.9909
-4.0242
-4.0542
-4.0807
-4.1038
-4.1236
-4.1401
-4.1532
-4.163
-4.1696
-4.1729
-4.1729
-4.1696
-4.163
-4.1532
-4.1401
-4.1236
-4.1038
-4.0807
-4.0542
-4.0242
-3.9909
-3.954
-3.9137
-3.8698
-3.8224
-3.7713
-3.7167
-3.6584
-3.5964
-3.5308
-3.4614
-3.3884
-3.3116
-3.2311
-3.147
-3.0591
-2.9676
-2.8725
-2.7739
-2.6717
-2.5661
-2.4572
-2.345
-2.2296
-2.1111
-1.9898
-1.8656
-1.7387
-1.6093
-1.4776
-1.3437
-1.2078
-1.0701
-0.93075
-0.78999
-0.64802
-0.50506
-0.36132
-0.21701
-0.072376
0.072174
0.21644
0.36069
0.60116
0.36069
0.12018
-0.12051
-0.36136
-0.60164
-0.84099
-1.079
-1.3154
-1.5498
-1.7818
-2.0111
-2.2374
-2.4604
-2.6797
-2.8951
-3.1064
-3.3132
-3.5153
-3.7125
-3.9047
-4.0915
-4.2729
-4.4487
-4.6188
-4.7831
-4.9415
-5.0938
-5.2401
-5.3802
-5.5142
-5.6421
-5.7637
-5.8792
-5.9885
-6.0917
-6.1887
-6.2797
-6.3647
-6.4437
-6.5167
-6.5839
-6.6452
-6.7008
-6.7506
-6.7948
-6.8333
-6.8663
-6.8937
-6.9156
-6.9319
-6.9428
-6.9483
-6.9483
-6.9428
-6.9319
-6.9156
-6.8937
-6.8663
-6.8333
-6.7948
-6.7506
-6.7008
-6.6452
-6.5839
-6.5167
-6.4437
-6.3647
-6.2797
-6.1887
-6.0917
-5.9885
-5.8792
-5.7637
-5.6421
-5.5142
-5.3802
-5.2401
-5.0938
-4.9415
-4.7831
-4.6188
-4.4487
-4.2729
-4.0915
-3.9047
-3.7125
-3.5153
-3.3132
-3.1064
-2.8951
-2.6797
-2.4604
-2.2374
-2.0111
-1.7818
-1.5498
-1.3154
-1.079
-0.84099
-0.60164
-0.36136
-0.12051
0.12018
0.36069
0.60116
