0.43124
0.25868
0.08618
-0.086421
-0.25916
-0.43159
-0.60349
-0.77467
-0.94491
-1.114
-1.2818
-1.4481
-1.6126
-1.7752
-1.9357
-2.094
-2.2498
-2.403
-2.5535
-2.701
-2.8454
-2.9867
-3.1246
-3.259
-3.3898
-3.5169
-3.6402
-3.7596
-3.8749
-3.9862
-4.0933
-4.1962
-4.2947
-4.3888
-4.4785
-4.5637
-4.6444
-4.7205
-4.792
-4.8589
-4.921
-4.9785
-5.0313
-5.0793
-5.1225
-5.161
-5.1947
-5.2236
-5.2476
-5.2669
-5.2814
-5.291
-5.2958
-5.2958
-5.291
-5.2814
-5.2669
-5.2476
-5.2236
-5.1947
-5.161
-5.1225
-5.0793
-5.0313
-4.9785
-4.921
-4.8589
-4.792
-4.7205
-4.6444
-4.5637
-4.4785
-4.3888
-4.2947
-4.1962
-4.0933
-3.9862
-3.8749
-3.7596
-3.6402
-3.5169
-3.3898
-3.259
-3.1246
-2.9867
-2.8454
-2.701
-2.5535
-2.403
-2.2498
-2.094
-1.9357
-1.7752
-1.6126
-1.4481
-1.2818
-1.114
-0.94491
-0.77467
-0.60349
-0.43159
-0.25916
-0.086421
0.08618
0.25868
0.43124
0.25868
0.15519
0.051744
-0.051889
-0.15561
-0.25913
-0.36235
-0.46513
-0.56735
-0.66888
-0.76962
-0.86944
-0.96823
-1.0659
-1.1623
-1.2573
-1.3508
-1.4428
-1.5332
-1.6217
-1.7085
-1.7933
-1.8761
-1.9568
-2.0353
-2.1116
-2.1857
-2.2573
-2.3266
-2.3934
-2.4577
-2.5195
-2.5786
-2.6351
-2.689
-2.7402
-2.7886
-2.8343
-2.8772
-2.9174
-2.9547
-2.9892
-3.0209
-3.0497
-3.0757
-3.0988
-3.119
-3.1363
-3.1508
-3.1624
-3.1711
-3.1768
-3.1797
-3.1797
-3.1768
-3.1711
-3.1624
-3.1508
-3.1363
-3.119
-3.0988
-3.0757
-3.0497
-3.0209
-2.9892
-2.9547
-2.9174
-2.8772
-2.8343
-2.7886
-2.7402
-2.689
-2.6351
-2.5786
-2.5195
-2.4577
-2.3934
-2.3266
-2.2573
-2.1857
-2.1116
-2.0353
-1.9568
-1.8761
-1.7933
-1.7085
-1.6217
-1.5332
-1.4428
-1.3508
-1.2573
-1.1623
-1.0659
-0.96823
-0.86944
-0.76962
-0.66888
-0.56735
-0.46513
-0.36235
-0.25913
-0.15561
-0.051889
0.051744
0.15519
0.25868
0.08618
0.051744
0.01729
-0.017339
-0.051995
-0.086589
-0.12108
-0.15542
-0.18958
-0.22351
-0.25717
-0.29052
-0.32353
-0.35616
-0.38837
-0.42012
-0.45138
-0.48212
-0.5123
-0.5419
-0.57088
-0.59921
-0.62688
-0.65385
-0.68009
-0.70559
-0.73033
-0.75428
-0.77743
-0.79975
-0.82124
-0.84187
-0.86164
-0.88053
-0.89853
-0.91562
-0.93181
-0.94708
-0.96142
-0.97484
-0.98731
-0.99884
-1.0094
-1.0191
-1.0277
-1.0354
-1.0422
-1.048
-1.0528
-1.0567
-1.0596
-1.0615
-1.0625
-1.0625
-1.0615
-1.0596
-1.0567
-1.0528
-1.048
-1.0422
-1.0354
-1.0277
-1.0191
-1.0094
-0.99884
-0.98731
-0.97484
-0.96142
-0.94708
-0.93181
-0.91562
-0.89853
-0.88053
-0.86164
-0.84187
-0.82124
-0.79975
-0.77743
-0.75428
-0.73033
-0.70559
-0.68009
-0.65385
-0.62688
-0.59921
-0.57088
-0.5419
-0.5123
-0.48212
-0.45138
-0.42012
-0.38837
-0.35616
-0.32353
-0.29052
-0.25717
-0.22351
-0.18958
-0.15542
-0.12108
-0.086589
-0.051995
-0.017339
0.01729
0.051744
0.08618
-0.086421
-0.051889
-0.017339
0.017387
0.05214
0.08683
0.12142
0.15585
0.19011
0.22413
0.25788
0.29133
0.32443
0.35715
0.38945
0.42129
0.45264
0.48346
0.51373
0.54341
0.57247
0.60088
0.62863
0.65567
0.68199
0.70756
0.73237
0.75638
0.7796
0.80198
0.82353
0.84422
0.86404
0.88298
0.90103
0.91818
0.93441
0.94972
0.9641
0.97755
0.99006
1.0016
1.0122
1.0219
1.0306
1.0383
1.0451
1.0509
1.0558
1.0596
1.0626
1.0645
1.0655
1.0655
1.0645
1.0626
1.0596
1.0558
1.0509
1.0451
1.0383
1.0306
1.0219
1.0122
1.0016
0.99006
0.97755
0.9641
0.94972
0.93441
0.91818
0.90103
0.88298
0.86404
0.84422
0.82353
0.80198
0.7796
0.75638
0.73237
0.70756
0.68199
0.65567
0.62863
0.60088
0.57247
0.54341
0.51373
0.48346
0.45264
0.42129
0.38945
0.35715
0.32443
0.29133
0.25788
0.22413
0.19011
0.15585
0.12142
0.08683
0.05214
0.017387
-0.017339
-0.051889
-0.086421
-0.25916
-0.15561
-0.051995
0.05214
0.15636
0.26039
0.3641
0.46737
0.57009
0.67212
0.77334
0.87364
0.97291
1.071
1.1679
1.2634
1.3574
1.4498
1.5406
1.6296
1.7167
1.8019
1.8851
1.9662
2.0451
2.1218
2.1962
2.2682
2.3378
2.405
2.4696
2.5316
2.5911
2.6479
2.702
2.7534
2.8021
2.848
2.8911
2.9315
2.969
3.0037
3.0355
3.0644
3.0905
3.1137
3.1341
3.1515
3.166
3.1777
3.1864
3.1922
3.1951
3.1951
3.1922
3.1864
3.1777
3.166
3.1515
3.1341
3.1137
3.0905
3.0644
3.0355
3.0037
2.969
2.9315
2.8911
2.848
2.8021
2.7534
2.702
2.6479
2.5911
2.5316
2.4696
2.405
2.3378
2.2682
2.1962
2.1218
2.0451
1.9662
1.8851
1.8019
1.7167
1.6296
1.5406
1.4498
1.3574
1.2634
1.1679
1.071
0.97291
0.87364
0.77334
0.67212
0.57009
0.46737
0.3641
0.26039
0.15636
0.05214
-0.051995
-0.15561
-0.25916
-0.43159
-0.25913
-0.086589
0.08683
0.26039
0.43363
0.60634
0.77833
0.94938
1.1193
1.2879
1.4549
1.6202
1.7836
1.9449
2.1039
2.2605
2.4144
2.5655
2.7138
2.8589
3.0008
3.1393
3.2744
3.4058
3.5335
3.6574
3.7774
3.8933
4.0051
4.1127
4.216
4.315
4.4096
4.4997
4.5853
4.6664
4.7429
4.8147
4.8819
4.9443
5.0021
5.0551
5.1033
5.1467
5.1854
5.2192
5.2483
5.2725
5.2918
5.3064
5.3161
5.3209
5.3209
5.3161
5.3064
5.2918
5.2725
5.2483
5.2192
5.1854
5.1467
5.1033
5.0551
5.0021
4.9443
4.8819
4.8147
4.7429
4.6664
4.5853
4.4997
4.4096
4.315
4.216
4.1127
4.0051
3.8933
3.7774
3.6574
3.5335
3.4058
3.2744
3.1393
3.0008
2.8589
2.7138
2.5655
2.4144
2.2605
2.1039
1.9449
1.7836
1.6202
1.4549
1.2879
1.1193
0.94938
0.77833
0.60634
0.43363
0.26039
0.08683
-0.086589
-0.25913
-0.43159
-0.60349
-0.36235
-0.12108
0.12142
0.3641
0.60634
0.84786
1.0883
1.3275
1.5651
1.8008
2.0344
2.2656
2.494
2.7196
2.9419
3.1608
3.3761
3.5874
3.7947
3.9976
4.196
4.3898
4.5786
4.7624
4.941
5.1142
5.2819
5.444
5.6003
5.7508
5.8953
6.0337
6.166
6.292
6.4117
6.5251
6.632
6.7324
6.8264
6.9137
6.9944
7.0685
7.136
7.1967
7.2508
7.2981
7.3387
7.3725
7.3996
7.4199
7.4335
7.4403
7.4403
7.4335
7.4199
7.3996
7.3725
7.3387
7.2981
7.2508
7.1967
7.136
7.0685
6.9944
6.9137
6.8264
6.7324
6.632
6.5251
6.4117
6.292
6.166
6.0337
5.8953
5.7508
5.6003
5.444
5.2819
5.1142
4.941
4.7624
4.5786
4.3898
4.196
3.9976
3.7947
3.5874
3.3761
3.1608
2.9419
2.7196
2.494
2.2656
2.0344
1.8008
1.5651
1.3275
1.0883
0.84786
0.60634
0.3641
0.12142
-0.12108
-0.36235
-0.60349
-0.77467
-0.46513
-0.15542
0.15585
0.46737
0.77833
1.0883
1.3971
1.7041
2.0091
2.3116
2.6115
2.9082
3.2014
3.4909
3.7764
4.0574
4.3337
4.605
4.871
5.1315
5.3862
5.6349
5.8773
6.1132
6.3425
6.5648
6.7801
6.9882
7.1888
7.382
7.5674
7.7451
7.9149
8.0767
8.2304
8.3759
8.5131
8.6421
8.7626
8.8747
8.9784
9.0735
9.1601
9.2381
9.3075
9.3682
9.4203
9.4637
9.4985
9.5246
9.542
9.5507
9.5507
9.542
9.5246
9.4985
9.4637
9.4203
9.3682
9.3075
9.2381
9.1601
9.0735
8.9784
8.8747
8.7626
8.6421
8.5131
8.3759
8.2304
8.0767
7.9149
7.7451
7.5674
7.382
7.1888
6.9882
6.7801
6.5648
6.3425
6.1132
5.8773
5.6349
5.3862
5.1315
4.871
4.605
4.3337
4.0574
3.7764
3.4909
3.2014
2.9082
2.6115
2.3116
2.0091
1.7041
1.3971
1.0883
0.77833
0.46737
0.15585
-0.15542
-0.46513
-0.77467
-0.94491
-0.56735
-0.18958
0.19011
0.57009
0.94938
1.3275
1.7041
2.0786
2.4506
2.8197
3.1854
3.5473
3.905
4.2581
4.6063
4.949
5.2861
5.617
5.9415
6.2593
6.5699
6.8733
7.1689
7.4567
7.7363
8.0075
8.2701
8.5239
8.7687
9.0043
9.2305
9.4473
9.6543
9.8517
10.039
10.217
10.384
10.541
10.688
10.825
10.952
11.068
11.173
11.268
11.353
11.427
11.491
11.544
11.586
11.618
11.639
11.65
11.65
11.639
11.618
11.586
11.544
11.491
11.427
11.353
11.268
11.173
11.068
10.952
10.825
10.688
10.541
10.384
10.217
10.039
9.8517
9.6543
9.4473
9.2305
9.0043
8.7687
8.5239
8.2701
8.0075
7.7363
7.4567
7.1689
6.8733
6.5699
6.2593
5.9415
5.617
5.2861
4.949
4.6063
4.2581
3.905
3.5473
3.1854
2.8197
2.4506
2.0786
1.7041
1.3275
0.94938
0.57009
0.19011
-0.18958
-0.56735
-0.94491
-1.114
-0.66888
-0.22351
0.22413
0.67212
1.1193
1.5651
2.0091
2.4506
2.8892
3.3243
3.7555
4.1821
4.6039
5.0202
5.4307
5.8348
6.2321
6.6223
7.0049
7.3795
7.7458
8.1034
8.452
8.7913
9.1209
9.4407
9.7503
10.049
10.338
10.616
10.883
11.138
11.382
11.615
11.836
12.045
12.242
12.428
12.601
12.763
12.912
13.048
13.173
13.285
13.385
13.472
13.547
13.61
13.66
13.697
13.722
13.735
13.735
13.722
13.697
13.66
13.61
13.547
13.472
13.385
13.285
13.173
13.048
12.912
12.763
12.601
12.428
12.242
12.045
11.836
11.615
11.382
11.138
10.883
10.616
10.338
10.049
9.7503
9.4407
9.1209
8.7913
8.452
8.1034
7.7458
7.3795
7.0049
6.6223
6.2321
5.8348
5.4307
5.0202
4.6039
4.1821
3.7555
3.3243
2.8892
2.4506
2.0091
1.5651
1.1193
0.67212
0.22413
-0.22351
-0.66888
-1.114
-1.2818
-0.76962
-0.25717
0.25788
0.77334
1.2879
1.8008
2.3116
2.8197
3.3243
3.8249
4.321
4.812
5.2973
5.7763
6.2486
6.7135
7.1707
7.6196
8.0598
8.4909
8.9123
9.3238
9.7249
10.115
10.495
10.862
11.219
11.563
11.895
12.215
12.521
12.815
13.096
13.364
13.618
13.859
14.086
14.3
14.499
14.685
14.856
15.014
15.157
15.286
15.401
15.501
15.587
15.659
15.717
15.76
15.789
15.803
15.803
15.789
15.76
15.717
15.659
15.587
15.501
15.401
15.286
15.157
15.014
14.856
14.685
14.499
14.3
14.086
13.859
13.618
13.364
13.096
12.815
12.521
12.215
11.895
11.563
11.219
10.862
10.495
10.115
9.7249
9.3238
8.9123
8.4909
8.0598
7.6196
7.1707
6.7135
6.2486
5.7763
5.2973
4.812
4.321
3.8249
3.3243
2.8197
2.3116
1.8008
1.2879
0.77334
0.25788
-0.25717
-0.76962
-1.2818
-1.4481
-0.86944
-0.29052
0.29133
0.87364
1.4549
2.0344
2.6115
3.1854
3.7555
4.321
4.8815
5.4361
5.9843
6.5255
7.059
7.5843
8.1008
8.6079
9.1052
9.5922
10.068
10.533
10.986
11.427
11.856
12.271
12.674
13.063
13.438
13.799
14.146
14.478
14.795
15.097
15.385
15.657
15.913
16.154
16.38
16.589
16.783
16.961
17.123
17.268
17.398
17.512
17.609
17.69
17.755
17.804
17.836
17.853
17.853
17.836
17.804
17.755
17.69
17.609
17.512
17.398
17.268
17.123
16.961
16.783
16.589
16.38
16.154
15.913
15.657
15.385
15.097
14.795
14.478
14.146
13.799
13.438
13.063
12.674
12.271
11.856
11.427
10.986
10.533
10.068
9.5922
9.1052
8.6079
8.1008
7.5843
7.059
6.5255
5.9843
5.4361
4.8815
4.321
3.7555
3.1854
2.6115
2.0344
1.4549
0.87364
0.29133
-0.29052
-0.86944
-1.4481
-1.6126
-0.96823
-0.32353
0.32443
0.97291
1.6202
2.2656
2.9082
3.5473
4.1821
4.812
5.4361
6.0538
6.6643
7.2669
7.861
8.446
9.0212
9.586
10.14
10.682
11.212
11.73
12.234
12.726
13.203
13.666
14.114
14.547
14.965
15.367
15.753
16.123
16.476
16.813
17.133
17.436
17.721
17.99
18.241
18.474
18.69
18.888
19.068
19.23
19.375
19.501
19.61
19.7
19.773
19.827
19.863
19.881
19.881
19.863
19.827
19.773
19.7
19.61
19.501
19.375
19.23
19.068
18.888
18.69
18.474
18.241
17.99
17.721
17.436
17.133
16.813
16.476
16.123
15.753
15.367
14.965
14.547
14.114
13.666
13.203
12.726
12.234
11.73
11.212
10.682
10.14
9.586
9.0212
8.446
7.861
7.2669
6.6643
6.0538
5.4361
4.812
4.1821
3.5473
2.9082
2.2656
1.6202
0.97291
0.32443
-0.32353
-0.96823
-1.6126
-1.7752
-1.0659
-0.35616
0.35715
1.071
1.7836
2.494
3.2014
3.905
4.6039
5.2973
5.9843
6.6643
7.3363
7.9998
8.6538
9.2977
9.9309
10.553
11.162
11.759
12.343
12.913
13.468
14.009
14.534
15.044
15.537
16.014
16.474
16.916
17.341
17.749
18.138
18.508
18.861
19.194
19.508
19.804
20.08
20.337
20.575
20.793
20.991
21.17
21.329
21.468
21.587
21.687
21.767
21.826
21.866
21.886
21.886
21.866
21.826
21.767
21.687
21.587
21.468
21.329
21.17
20.991
20.793
20.575
20.337
20.08
19.804
19.508
19.194
18.861
18.508
18.138
17.749
17.341
16.916
16.474
16.014
15.537
15.044
14.534
14.009
13.468
12.913
12.343
11.759
11.162
10.553
9.9309
9.2977
8.6538
7.9998
7.3363
6.6643
5.9843
5.2973
4.6039
3.905
3.2014
2.494
1.7836
1.071
0.35715
-0.35616
-1.0659
-1.7752
-1.9357
-1.1623
-0.38837
0.38945
1.1679
1.9449
2.7196
3.4909
4.2581
5.0202
5.7763
6.5255
7.2669
7.9998
8.7232
9.4364
10.139
10.829
11.507
12.172
12.823
13.459
14.08
14.686
15.276
15.849
16.404
16.942
17.462
17.963
18.446
18.91
19.354
19.778
20.182
20.566
20.93
21.273
21.595
21.896
22.176
22.435
22.673
22.889
23.084
23.257
23.409
23.539
23.648
23.735
23.8
23.844
23.865
23.865
23.844
23.8
23.735
23.648
23.539
23.409
23.257
23.084
22.889
22.673
22.435
22.176
21.896
21.595
21.273
20.93
20.566
20.182
19.778
19.354
18.91
18.446
17.963
17.462
16.942
16.404
15.849
15.276
14.686
14.08
13.459
12.823
12.172
11.507
10.829
10.139
9.4364
8.7232
7.9998
7.2669
6.5255
5.7763
5.0202
4.2581
3.4909
2.7196
1.9449
1.1679
0.38945
-0.38837
-1.1623
-1.9357
-2.094
-1.2573
-0.42012
0.42129
1.2634
2.1039
2.9419
3.7764
4.6063
5.4307
6.2486
7.059
7.861
8.6538
9.4364
10.208
10.967
11.714
12.448
13.167
13.871
14.559
15.232
15.887
16.525
17.144
17.745
18.327
18.89
19.432
19.954
20.456
20.936
21.395
21.832
22.248
22.641
23.012
23.36
23.686
23.989
24.269
24.527
24.761
24.971
25.159
25.323
25.464
25.581
25.675
25.746
25.793
25.816
25.816
25.793
25.746
25.675
25.581
25.464
25.323
25.159
24.971
24.761
24.527
24.269
23.989
23.686
23.36
23.012
22.641
22.248
21.832
21.395
20.936
20.456
19.954
19.432
18.89
18.327
17.745
17.144
16.525
15.887
15.232
14.559
13.871
13.167
12.448
11.714
10.967
10.208
9.4364
8.6538
7.861
7.059
6.2486
5.4307
4.6063
3.7764
2.9419
2.1039
1.2634
0.42129
-0.42012
-1.2573
-2.094
-2.2498
-1.3508
-0.45138
0.45264
1.3574
2.2605
3.1608
4.0574
4.949
5.8348
6.7135
7.5843
8.446
9.2977
10.139
10.967
11.784
12.586
13.374
14.147
14.903
15.643
16.365
17.069
17.754
18.42
19.066
19.691
20.295
20.878
21.439
21.978
22.494
22.987
23.457
23.903
24.326
24.724
25.099
25.449
25.774
26.075
26.352
26.603
26.83
27.031
27.208
27.359
27.485
27.586
27.662
27.712
27.738
27.738
27.712
27.662
27.586
27.485
27.359
27.208
27.031
26.83
26.603
26.352
26.075
25.774
25.449
25.099
24.724
24.326
23.903
23.457
22.987
22.494
21.978
21.439
20.878
20.295
19.691
19.066
18.42
17.754
17.069
16.365
15.643
14.903
14.147
13.374
12.586
11.784
10.967
10.139
9.2977
8.446
7.5843
6.7135
5.8348
4.949
4.0574
3.1608
2.2605
1.3574
0.45264
-0.45138
-1.3508
-2.2498
-2.403
-1.4428
-0.48212
0.48346
1.4498
2.4144
3.3761
4.3337
5.2861
6.2321
7.1707
8.1008
9.0212
9.9309
10.829
11.714
12.586
13.443
14.285
15.11
15.918
16.708
17.48
18.232
18.963
19.674
20.364
21.032
21.677
22.3
22.899
23.474
24.026
24.552
25.054
25.531
25.982
26.408
26.808
27.182
27.53
27.851
28.146
28.415
28.657
28.872
29.06
29.222
29.357
29.465
29.546
29.599
29.626
29.626
29.599
29.546
29.465
29.357
29.222
29.06
28.872
28.657
28.415
28.146
27.851
27.53
27.182
26.808
26.408
25.982
25.531
25.054
24.552
24.026
23.474
22.899
22.3
21.677
21.032
20.364
19.674
18.963
18.232
17.48
16.708
15.918
15.11
14.285
13.443
12.586
11.714
10.829
9.9309
9.0212
8.1008
7.1707
6.2321
5.2861
4.3337
3.3761
2.4144
1.4498
0.48346
-0.48212
-1.4428
-2.403
-2.5535
-1.5332
-0.5123
0.51373
1.5406
2.5655
3.5874
4.605
5.617
6.6223
7.6196
8.6079
9.586
10.553
11.507
12.448
13.374
14.285
15.179
16.056
16.915
17.754
18.574
19.373
20.151
20.906
21.639
22.349
23.035
23.696
24.333
24.944
25.53
26.089
26.623
27.129
27.609
28.061
28.486
28.884
29.253
29.595
29.908
30.194
30.451
30.679
30.88
31.051
31.195
31.309
31.395
31.453
31.481
31.481
31.453
31.395
31.309
31.195
31.051
30.88
30.679
30.451
30.194
29.908
29.595
29.253
28.884
28.486
28.061
27.609
27.129
26.623
26.089
25.53
24.944
24.333
23.696
23.035
22.349
21.639
20.906
20.151
19.373
18.574
17.754
16.915
16.056
15.179
14.285
13.374
12.448
11.507
10.553
9.586
8.6079
7.6196
6.6223
5.617
4.605
3.5874
2.5655
1.5406
0.51373
-0.5123
-1.5332
-2.5535
-2.701
-1.6217
-0.5419
0.54341
1.6296
2.7138
3.7947
4.871
5.9415
7.0049
8.0598
9.1052
10.14
11.162
12.172
13.167
14.147
15.11
16.056
16.984
17.892
18.78
19.647
20.492
21.315
22.114
22.889
23.64
24.365
25.065
25.738
26.385
27.005
27.597
28.161
28.697
29.204
29.682
30.132
30.552
30.943
31.305
31.636
31.938
32.21
32.452
32.664
32.845
32.997
33.118
33.209
33.27
33.3
33.3
33.27
33.209
33.118
32.997
32.845
32.664
32.452
32.21
31.938
31.636
31.305
30.943
30.552
30.132
29.682
29.204
28.697
28.161
27.597
27.005
26.385
25.738
25.065
24.365
23.64
22.889
22.114
21.315
20.492
19.647
18.78
17.892
16.984
16.056
15.11
14.147
13.167
12.172
11.162
10.14
9.1052
8.0598
7.0049
5.9415
4.871
3.7947
2.7138
1.6296
0.54341
-0.5419
-1.6217
-2.701
-2.8454
-1.7085
-0.57088
0.57247
1.7167
2.8589
3.9976
5.1315
6.2593
7.3795
8.4909
9.5922
10.682
11.759
12.823
13.871
14.903
15.918
16.915
17.892
18.849
19.784
20.698
21.588
22.455
23.297
24.113
24.904
25.668
26.405
27.115
27.796
28.449
29.072
29.667
30.231
30.766
31.27
31.743
32.186
32.598
32.979
33.328
33.646
33.933
34.187
34.411
34.602
34.762
34.889
34.985
35.049
35.081
35.081
35.049
34.985
34.889
34.762
34.602
34.411
34.187
33.933
33.646
33.328
32.979
32.598
32.186
31.743
31.27
30.766
30.231
29.667
29.072
28.449
27.796
27.115
26.405
25.668
24.904
24.113
23.297
22.455
21.588
20.698
19.784
18.849
17.892
16.915
15.918
14.903
13.871
12.823
11.759
10.682
9.5922
8.4909
7.3795
6.2593
5.1315
3.9976
2.8589
1.7167
0.57247
-0.57088
-1.7085
-2.8454
-2.9867
-1.7933
-0.59921
0.60088
1.8019
3.0008
4.196
5.3862
6.5699
7.7458
8.9123
10.068
11.212
12.343
13.459
14.559
15.643
16.708
17.754
18.78
19.784
20.766
21.725
22.66
23.569
24.453
25.31
26.14
26.942
27.716
28.461
29.176
29.861
30.516
31.139
31.732
32.293
32.822
33.319
33.784
34.216
34.616
34.982
35.316
35.617
35.884
36.119
36.32
36.487
36.621
36.722
36.789
36.822
36.822
36.789
36.722
36.621
36.487
36.32
36.119
35.884
35.617
35.316
34.982
34.616
34.216
33.784
33.319
32.822
32.293
31.732
31.139
30.516
29.861
29.176
28.461
27.716
26.942
26.14
25.31
24.453
23.569
22.66
21.725
20.766
19.784
18.78
17.754
16.708
15.643
14.559
13.459
12.343
11.212
10.068
8.9123
7.7458
6.5699
5.3862
4.196
3.0008
1.8019
0.60088
-0.59921
-1.7933
-2.9867
-3.1246
-1.8761
-0.62688
0.62863
1.8851
3.1393
4.3898
5.6349
6.8733
8.1034
9.3238
10.533
11.73
12.913
14.08
15.232
16.365
17.48
18.574
19.647
20.698
21.725
22.728
23.706
24.657
25.582
26.479
27.347
28.186
28.996
29.775
30.523
31.24
31.924
32.577
33.197
33.784
34.337
34.857
35.344
35.796
36.214
36.598
36.947
37.261
37.541
37.786
37.996
38.172
38.312
38.417
38.487
38.522
38.522
38.487
38.417
38.312
38.172
37.996
37.786
37.541
37.261
36.947
36.598
36.214
35.796
35.344
34.857
34.337
33.784
33.197
32.577
31.924
31.24
30.523
29.775
28.996
28.186
27.347
26.479
25.582
24.657
23.706
22.728
21.725
20.698
19.647
18.574
17.48
16.365
15.232
14.08
12.913
11.73
10.533
9.3238
8.1034
6.8733
5.6349
4.3898
3.1393
1.8851
0.62863
-0.62688
-1.8761
-3.1246
-3.259
-1.9568
-0.65385
0.65567
1.9662
3.2744
4.5786
5.8773
7.1689
8.452
9.7249
10.986
12.234
13.468
14.686
15.887
17.069
18.232
19.373
20.492
21.588
22.66
23.706
24.726
25.718
26.682
27.618
28.524
29.399
30.243
31.056
31.836
32.583
33.298
33.978
34.625
35.237
35.814
36.357
36.864
37.336
37.772
38.172
38.536
38.864
39.156
39.412
39.631
39.814
39.96
40.07
40.143
40.179
40.179
40.143
40.07
39.96
39.814
39.631
39.412
39.156
38.864
38.536
38.172
37.772
37.336
36.864
36.357
35.814
35.237
34.625
33.978
33.298
32.583
31.836
31.056
30.243
29.399
28.524
27.618
26.682
25.718
24.726
23.706
22.66
21.588
20.492
19.373
18.232
17.069
15.887
14.686
13.468
12.234
10.986
9.7249
8.452
7.1689
5.8773
4.5786
3.2744
1.9662
0.65567
-0.65385
-1.9568
-3.259
-3.3898
-2.0353
-0.68009
0.68199
2.0451
3.4058
4.7624
6.1132
7.4567
8.7913
10.115
11.427
12.726
14.009
15.276
16.525
17.754
18.963
20.151
21.315
22.455
23.569
24.657
25.718
26.75
27.754
28.727
29.669
30.579
31.457
32.302
33.114
33.891
34.634
35.342
36.015
36.652
37.252
37.816
38.344
38.834
39.288
39.704
40.083
40.424
40.728
40.994
41.222
41.412
41.564
41.678
41.754
41.792
41.792
41.754
41.678
41.564
41.412
41.222
40.994
40.728
40.424
40.083
39.704
39.288
38.834
38.344
37.816
37.252
36.652
36.015
35.342
34.634
33.891
33.114
32.302
31.457
30.579
29.669
28.727
27.754
26.75
25.718
24.657
23.569
22.455
21.315
20.151
18.963
17.754
16.525
15.276
14.009
12.726
11.427
10.115
8.7913
7.4567
6.1132
4.7624
3.4058
2.0451
0.68199
-0.68009
-2.0353
-3.3898
-3.5169
-2.1116
-0.70559
0.70756
2.1218
3.5335
4.941
6.3425
7.7363
9.1209
10.495
11.856
13.203
14.534
15.849
17.144
18.42
19.674
20.906
22.114
23.297
24.453
25.582
26.682
27.754
28.794
29.804
30.781
31.726
32.637
33.514
34.356
35.162
35.933
36.668
37.365
38.026
38.649
39.234
39.782
40.291
40.761
41.193
41.586
41.94
42.255
42.531
42.768
42.965
43.123
43.241
43.32
43.359
43.359
43.32
43.241
43.123
42.965
42.768
42.531
42.255
41.94
41.586
41.193
40.761
40.291
39.782
39.234
38.649
38.026
37.365
36.668
35.933
35.162
34.356
33.514
32.637
31.726
30.781
29.804
28.794
27.754
26.682
25.582
24.453
23.297
22.114
20.906
19.674
18.42
17.144
15.849
14.534
13.203
11.856
10.495
9.1209
7.7363
6.3425
4.941
3.5335
2.1218
0.70756
-0.70559
-2.1116
-3.5169
-3.6402
-2.1857
-0.73033
0.73237
2.1962
3.6574
5.1142
6.5648
8.0075
9.4407
10.862
12.271
13.666
15.044
16.404
17.745
19.066
20.364
21.639
22.889
24.113
25.31
26.479
27.618
28.727
29.804
30.849
31.86
32.838
33.781
34.688
35.56
36.395
37.193
37.953
38.675
39.359
40.004
40.61
41.176
41.703
42.19
42.637
43.044
43.411
43.737
44.022
44.267
44.471
44.634
44.757
44.839
44.88
44.88
44.839
44.757
44.634
44.471
44.267
44.022
43.737
43.411
43.044
42.637
42.19
41.703
41.176
40.61
40.004
39.359
38.675
37.953
37.193
36.395
35.56
34.688
33.781
32.838
31.86
30.849
29.804
28.727
27.618
26.479
25.31
24.113
22.889
21.639
20.364
19.066
17.745
16.404
15.044
13.666
12.271
10.862
9.4407
8.0075
6.5648
5.1142
3.6574
2.1962
0.73237
-0.73033
-2.1857
-3.6402
-3.7596
-2.2573
-0.75428
0.75638
2.2682
3.7774
5.2819
6.7801
8.2701
9.7503
11.219
12.674
14.114
15.537
16.942
18.327
19.691
21.032
22.349
23.64
24.904
26.14
27.347
28.524
29.669
30.781
31.86
32.905
33.915
34.889
35.826
36.726
37.589
38.413
39.198
39.944
40.65
41.316
41.942
42.527
43.071
43.574
44.036
44.456
44.834
45.171
45.466
45.719
45.93
46.098
46.225
46.309
46.351
46.351
46.309
46.225
46.098
45.93
45.719
45.466
45.171
44.834
44.456
44.036
43.574
43.071
42.527
41.942
41.316
40.65
39.944
39.198
38.413
37.589
36.726
35.826
34.889
33.915
32.905
31.86
30.781
29.669
28.524
27.347
26.14
24.904
23.64
22.349
21.032
19.691
18.327
16.942
15.537
14.114
12.674
11.219
9.7503
8.2701
6.7801
5.2819
3.7774
2.2682
0.75638
-0.75428
-2.2573
-3.7596
-3.8749
-2.3266
-0.77743
0.7796
2.3378
3.8933
5.444
6.9882
8.5239
10.049
11.563
13.063
14.547
16.014
17.462
18.89
20.295
21.677
23.035
24.365
25.668
26.942
28.186
29.399
30.579
31.726
32.838
33.915
34.956
35.959
36.925
37.853
38.742
39.591
40.401
41.169
41.897
42.584
43.229
43.832
44.393
44.911
45.387
45.82
46.21
46.557
46.861
47.122
47.339
47.513
47.643
47.73
47.774
47.774
47.73
47.643
47.513
47.339
47.122
46.861
46.557
46.21
45.82
45.387
44.911
44.393
43.832
43.229
42.584
41.897
41.169
40.401
39.591
38.742
37.853
36.925
35.959
34.956
33.915
32.838
31.726
30.579
29.399
28.186
26.942
25.668
24.365
23.035
21.677
20.295
18.89
17.462
16.014
14.547
13.063
11.563
10.049
8.5239
6.9882
5.444
3.8933
2.3378
0.7796
-0.77743
-2.3266
-3.8749
-3.9862
-2.3934
-0.79975
0.80198
2.405
4.0051
5.6003
7.1888
8.7687
10.338
11.895
13.438
14.965
16.474
17.963
19.432
20.878
22.3
23.696
25.065
26.405
27.716
28.996
30.243
31.457
32.637
33.781
34.889
35.959
36.992
37.986
38.94
39.855
40.728
41.561
42.352
43.1
43.807
44.47
45.09
45.667
46.201
46.69
47.136
47.537
47.894
48.207
48.475
48.698
48.877
49.011
49.101
49.146
49.146
49.101
49.011
48.877
48.698
48.475
48.207
47.894
47.537
47.136
46.69
46.201
45.667
45.09
44.47
43.807
43.1
42.352
41.561
40.728
39.855
38.94
37.986
36.992
35.959
34.889
33.781
32.637
31.457
30.243
28.996
27.716
26.405
25.065
23.696
22.3
20.878
19.432
17.963
16.474
14.965
13.438
11.895
10.338
8.7687
7.1888
5.6003
4.0051
2.405
0.80198
-0.79975
-2.3934
-3.9862
-4.0933
-2.4577
-0.82124
0.82353
2.4696
4.1127
5.7508
7.382
9.0043
10.616
12.215
13.799
15.367
16.916
18.446
19.954
21.439
22.899
24.333
25.738
27.115
28.461
29.775
31.056
32.302
33.514
34.688
35.826
36.925
37.986
39.006
39.986
40.925
41.823
42.677
43.489
44.258
44.984
45.665
46.302
46.894
47.442
47.945
48.402
48.814
49.181
49.502
49.777
50.007
50.19
50.328
50.42
50.466
50.466
50.42
50.328
50.19
50.007
49.777
49.502
49.181
48.814
48.402
47.945
47.442
46.894
46.302
45.665
44.984
44.258
43.489
42.677
41.823
40.925
39.986
39.006
37.986
36.925
35.826
34.688
33.514
32.302
31.056
29.775
28.461
27.115
25.738
24.333
22.899
21.439
19.954
18.446
16.916
15.367
13.799
12.215
10.616
9.0043
7.382
5.7508
4.1127
2.4696
0.82353
-0.82124
-2.4577
-4.0933
-4.1962
-2.5195
-0.84187
0.84422
2.5316
4.216
5.8953
7.5674
9.2305
10.883
12.521
14.146
15.753
17.341
18.91
20.456
21.978
23.474
24.944
26.385
27.796
29.176
30.523
31.836
33.114
34.356
35.56
36.726
37.853
38.94
39.986
40.991
41.954
42.873
43.75
44.582
45.37
46.114
46.812
47.465
48.073
48.634
49.149
49.618
50.041
50.417
50.746
51.028
51.263
51.452
51.593
51.687
51.734
51.734
51.687
51.593
51.452
51.263
51.028
50.746
50.417
50.041
49.618
49.149
48.634
48.073
47.465
46.812
46.114
45.37
44.582
43.75
42.873
41.954
40.991
39.986
38.94
37.853
36.726
35.56
34.356
33.114
31.836
30.523
29.176
27.796
26.385
24.944
23.474
21.978
20.456
18.91
17.341
15.753
14.146
12.521
10.883
9.2305
7.5674
5.8953
4.216
2.5316
0.84422
-0.84187
-2.5195
-4.1962
-4.2947
-2.5786
-0.86164
0.86404
2.5911
4.315
6.0337
7.7451
9.4473
11.138
12.815
14.478
16.123
17.749
19.354
20.936
22.494
24.026
25.53
27.005
28.449
29.861
31.24
32.583
33.891
35.162
36.395
37.589
38.742
39.855
40.925
41.954
42.939
43.88
44.777
45.629
46.436
47.197
47.911
48.58
49.201
49.776
50.303
50.783
51.216
51.6
51.937
52.226
52.467
52.66
52.804
52.901
52.949
52.949
52.901
52.804
52.66
52.467
52.226
51.937
51.6
51.216
50.783
50.303
49.776
49.201
48.58
47.911
47.197
46.436
45.629
44.777
43.88
42.939
41.954
40.925
39.855
38.742
37.589
36.395
35.162
33.891
32.583
31.24
29.861
28.449
27.005
25.53
24.026
22.494
20.936
19.354
17.749
16.123
14.478
12.815
11.138
9.4473
7.7451
6.0337
4.315
2.5911
0.86404
-0.86164
-2.5786
-4.2947
-4.3888
-2.6351
-0.88053
0.88298
2.6479
4.4096
6.166
7.9149
9.6543
11.382
13.096
14.795
16.476
18.138
19.778
21.395
22.987
24.552
26.089
27.597
29.072
30.516
31.924
33.298
34.634
35.933
37.193
38.413
39.591
40.728
41.823
42.873
43.88
44.842
45.759
46.629
47.454
48.231
48.962
49.645
50.28
50.867
51.406
51.897
52.339
52.732
53.076
53.371
53.617
53.814
53.962
54.06
54.11
54.11
54.06
53.962
53.814
53.617
53.371
53.076
52.732
52.339
51.897
51.406
50.867
50.28
49.645
48.962
48.231
47.454
46.629
45.759
44.842
43.88
42.873
41.823
40.728
39.591
38.413
37.193
35.933
34.634
33.298
31.924
30.516
29.072
27.597
26.089
24.552
22.987
21.395
19.778
18.138
16.476
14.795
13.096
11.382
9.6543
7.9149
6.166
4.4096
2.6479
0.88298
-0.88053
-2.6351
-4.3888
-4.4785
-2.689
-0.89853
0.90103
2.702
4.4997
6.292
8.0767
9.8517
11.615
13.364
15.097
16.813
18.508
20.182
21.832
23.457
25.054
26.623
28.161
29.667
31.139
32.577
33.978
35.342
36.668
37.953
39.198
40.401
41.561
42.677
43.75
44.777
45.759
46.694
47.582
48.424
49.217
49.963
50.66
51.308
51.907
52.457
52.957
53.408
53.809
54.161
54.462
54.713
54.914
55.065
55.165
55.216
55.216
55.165
55.065
54.914
54.713
54.462
54.161
53.809
53.408
52.957
52.457
51.907
51.308
50.66
49.963
49.217
48.424
47.582
46.694
45.759
44.777
43.75
42.677
41.561
40.401
39.198
37.953
36.668
35.342
33.978
32.577
31.139
29.667
28.161
26.623
25.054
23.457
21.832
20.182
18.508
16.813
15.097
13.364
11.615
9.8517
8.0767
6.292
4.4997
2.702
0.90103
-0.89853
-2.689
-4.4785
-4.5637
-2.7402
-0.91562
0.91818
2.7534
4.5853
6.4117
8.2304
10.039
11.836
13.618
15.385
17.133
18.861
20.566
22.248
23.903
25.531
27.129
28.697
30.231
31.732
33.197
34.625
36.015
37.365
38.675
39.944
41.169
42.352
43.489
44.582
45.629
46.629
47.582
48.488
49.345
50.154
50.913
51.624
52.284
52.895
53.455
53.965
54.425
54.833
55.191
55.498
55.754
55.959
56.113
56.215
56.266
56.266
56.215
56.113
55.959
55.754
55.498
55.191
54.833
54.425
53.965
53.455
52.895
52.284
51.624
50.913
50.154
49.345
48.488
47.582
46.629
45.629
44.582
43.489
42.352
41.169
39.944
38.675
37.365
36.015
34.625
33.197
31.732
30.231
28.697
27.129
25.531
23.903
22.248
20.566
18.861
17.133
15.385
13.618
11.836
10.039
8.2304
6.4117
4.5853
2.7534
0.91818
-0.91562
-2.7402
-4.5637
-4.6444
-2.7886
-0.93181
0.93441
2.8021
4.6664
6.5251
8.3759
10.217
12.045
13.859
15.657
17.436
19.194
20.93
22.641
24.326
25.982
27.609
29.204
30.766
32.293
33.784
35.237
36.652
38.026
39.359
40.65
41.897
43.1
44.258
45.37
46.436
47.454
48.424
49.345
50.217
51.04
51.813
52.536
53.208
53.83
54.4
54.919
55.387
55.803
56.167
56.48
56.74
56.948
57.105
57.209
57.261
57.261
57.209
57.105
56.948
56.74
56.48
56.167
55.803
55.387
54.919
54.4
53.83
53.208
52.536
51.813
51.04
50.217
49.345
48.424
47.454
46.436
45.37
44.258
43.1
41.897
40.65
39.359
38.026
36.652
35.237
33.784
32.293
30.766
29.204
27.609
25.982
24.326
22.641
20.93
19.194
17.436
15.657
13.859
12.045
10.217
8.3759
6.5251
4.6664
2.8021
0.93441
-0.93181
-2.7886
-4.6444
-4.7205
-2.8343
-0.94708
0.94972
2.848
4.7429
6.632
8.5131
10.384
12.242
14.086
15.913
17.721
19.508
21.273
23.012
24.724
26.408
28.061
29.682
31.27
32.822
34.337
35.814
37.252
38.649
40.004
41.316
42.584
43.807
44.984
46.114
47.197
48.231
49.217
50.154
51.04
51.877
52.663
53.397
54.08
54.712
55.292
55.819
56.295
56.717
57.088
57.405
57.67
57.882
58.041
58.147
58.2
58.2
58.147
58.041
57.882
57.67
57.405
57.088
56.717
56.295
55.819
55.292
54.712
54.08
53.397
52.663
51.877
51.04
50.154
49.217
48.231
47.197
46.114
44.984
43.807
42.584
41.316
40.004
38.649
37.252
35.814
34.337
32.822
31.27
29.682
28.061
26.408
24.724
23.012
21.273
19.508
17.721
15.913
14.086
12.242
10.384
8.5131
6.632
4.7429
2.848
0.94972
-0.94708
-2.8343
-4.7205
-4.792
-2.8772
-0.96142
0.9641
2.8911
4.8147
6.7324
8.6421
10.541
12.428
14.3
16.154
17.99
19.804
21.595
23.36
25.099
26.808
28.486
30.132
31.743
33.319
34.857
36.357
37.816
39.234
40.61
41.942
43.229
44.47
45.665
46.812
47.911
48.962
49.963
50.913
51.813
52.663
53.46
54.206
54.9
55.541
56.129
56.665
57.147
57.576
57.952
58.275
58.543
58.758
58.92
59.027
59.081
59.081
59.027
58.92
58.758
58.543
58.275
57.952
57.576
57.147
56.665
56.129
55.541
54.9
54.206
53.46
52.663
51.813
50.913
49.963
48.962
47.911
46.812
45.665
44.47
43.229
41.942
40.61
39.234
37.816
36.357
34.857
33.319
31.743
30.132
28.486
26.808
25.099
23.36
21.595
19.804
17.99
16.154
14.3
12.428
10.541
8.6421
6.7324
4.8147
2.8911
0.9641
-0.96142
-2.8772
-4.792
-4.8589
-2.9174
-0.97484
0.97755
2.9315
4.8819
6.8264
8.7626
10.688
12.601
14.499
16.38
18.241
20.08
21.896
23.686
25.449
27.182
28.884
30.552
32.186
33.784
35.344
36.864
38.344
39.782
41.176
42.527
43.832
45.09
46.302
47.465
48.58
49.645
50.66
51.624
52.536
53.397
54.206
54.962
55.665
56.315
56.912
57.455
57.944
58.38
58.761
59.087
59.36
59.578
59.742
59.851
59.905
59.905
59.851
59.742
59.578
59.36
59.087
58.761
58.38
57.944
57.455
56.912
56.315
55.665
54.962
54.206
53.397
52.536
51.624
50.66
49.645
48.58
47.465
46.302
45.09
43.832
42.527
41.176
39.782
38.344
36.864
35.344
33.784
32.186
30.552
28.884
27.182
25.449
23.686
21.896
20.08
18.241
16.38
14.499
12.601
10.688
8.7626
6.8264
4.8819
2.9315
0.97755
-0.97484
-2.9174
-4.8589
-4.921
-2.9547
-0.98731
0.99006
2.969
4.9443
6.9137
8.8747
10.825
12.763
14.685
16.589
18.474
20.337
22.176
23.989
25.774
27.53
29.253
30.943
32.598
34.216
35.796
37.336
38.834
40.291
41.703
43.071
44.393
45.667
46.894
48.073
49.201
50.28
51.308
52.284
53.208
54.08
54.9
55.665
56.378
57.036
57.64
58.19
58.686
59.127
59.513
59.844
60.119
60.34
60.506
60.617
60.672
60.672
60.617
60.506
60.34
60.119
59.844
59.513
59.127
58.686
58.19
57.64
57.036
56.378
55.665
54.9
54.08
53.208
52.284
51.308
50.28
49.201
48.073
46.894
45.667
44.393
43.071
41.703
40.291
38.834
37.336
35.796
34.216
32.598
30.943
29.253
27.53
25.774
23.989
22.176
20.337
18.474
16.589
14.685
12.763
10.825
8.8747
6.9137
4.9443
2.969
0.99006
-0.98731
-2.9547
-4.921
-4.9785
-2.9892
-0.99884
1.0016
3.0037
5.0021
6.9944
8.9784
10.952
12.912
14.856
16.783
18.69
20.575
22.435
24.269
26.075
27.851
29.595
31.305
32.979
34.616
36.214
37.772
39.288
40.761
42.19
43.574
44.911
46.201
47.442
48.634
49.776
50.867
51.907
52.895
53.83
54.712
55.541
56.315
57.036
57.702
58.314
58.87
59.371
59.817
60.208
60.542
60.822
61.045
61.213
61.324
61.38
61.38
61.324
61.213
61.045
60.822
60.542
60.208
59.817
59.371
58.87
58.314
57.702
57.036
56.315
55.541
54.712
53.83
52.895
51.907
50.867
49.776
48.634
47.442
46.201
44.911
43.574
42.19
40.761
39.288
37.772
36.214
34.616
32.979
31.305
29.595
27.851
26.075
24.269
22.435
20.575
18.69
16.783
14.856
12.912
10.952
8.9784
6.9944
5.0021
3.0037
1.0016
-0.99884
-2.9892
-4.9785
-5.0313
-3.0209
-1.0094
1.0122
3.0355
5.0551
7.0685
9.0735
11.068
13.048
15.014
16.961
18.888
20.793
22.673
24.527
26.352
28.146
29.908
31.636
33.328
34.982
36.598
38.172
39.704
41.193
42.637
44.036
45.387
46.69
47.945
49.149
50.303
51.406
52.457
53.455
54.4
55.292
56.129
56.912
57.64
58.314
58.931
59.494
60
60.451
60.845
61.184
61.466
61.692
61.861
61.974
62.031
62.031
61.974
61.861
61.692
61.466
61.184
60.845
60.451
60
59.494
58.931
58.314
57.64
56.912
56.129
55.292
54.4
53.455
52.457
51.406
50.303
49.149
47.945
46.69
45.387
44.036
42.637
41.193
39.704
38.172
36.598
34.982
33.328
31.636
29.908
28.146
26.352
24.527
22.673
20.793
18.888
16.961
15.014
13.048
11.068
9.0735
7.0685
5.0551
3.0355
1.0122
-1.0094
-3.0209
-5.0313
-5.0793
-3.0497
-1.0191
1.0219
3.0644
5.1033
7.136
9.1601
11.173
13.173
15.157
17.123
19.068
20.991
22.889
24.761
26.603
28.415
30.194
31.938
33.646
35.316
36.947
38.536
40.083
41.586
43.044
44.456
45.82
47.136
48.402
49.618
50.783
51.897
52.957
53.965
54.919
55.819
56.665
57.455
58.19
58.87
59.494
60.061
60.573
61.028
61.426
61.768
62.053
62.28
62.452
62.566
62.623
62.623
62.566
62.452
62.28
62.053
61.768
61.426
61.028
60.573
60.061
59.494
58.87
58.19
57.455
56.665
55.819
54.919
53.965
52.957
51.897
50.783
49.618
48.402
47.136
45.82
44.456
43.044
41.586
40.083
38.536
36.947
35.316
33.646
31.938
30.194
28.415
26.603
24.761
22.889
20.991
19.068
17.123
15.157
13.173
11.173
9.1601
7.136
5.1033
3.0644
1.0219
-1.0191
-3.0497
-5.0793
-5.1225
-3.0757
-1.0277
1.0306
3.0905
5.1467
7.1967
9.2381
11.268
13.285
15.286
17.268
19.23
21.17
23.084
24.971
26.83
28.657
30.451
32.21
33.933
35.617
37.261
38.864
40.424
41.94
43.411
44.834
46.21
47.537
48.814
50.041
51.216
52.339
53.408
54.425
55.387
56.295
57.147
57.944
58.686
59.371
60
60.573
61.089
61.547
61.949
62.294
62.581
62.811
62.983
63.098
63.156
63.156
63.098
62.983
62.811
62.581
62.294
61.949
61.547
61.089
60.573
60
59.371
58.686
57.944
57.147
56.295
55.387
54.425
53.408
52.339
51.216
50.041
48.814
47.537
46.21
44.834
43.411
41.94
40.424
38.864
37.261
35.617
33.933
32.21
30.451
28.657
26.83
24.971
23.084
21.17
19.23
17.268
15.286
13.285
11.268
9.2381
7.1967
5.1467
3.0905
1.0306
-1.0277
-3.0757
-5.1225
-5.161
-3.0988
-1.0354
1.0383
3.1137
5.1854
7.2508
9.3075
11.353
13.385
15.401
17.398
19.375
21.329
23.257
25.159
27.031
28.872
30.679
32.452
34.187
35.884
37.541
39.156
40.728
42.255
43.737
45.171
46.557
47.894
49.181
50.417
51.6
52.732
53.809
54.833
55.803
56.717
57.576
58.38
59.127
59.817
60.451
61.028
61.547
62.01
62.414
62.761
63.051
63.283
63.456
63.572
63.63
63.63
63.572
63.456
63.283
63.051
62.761
62.414
62.01
61.547
61.028
60.451
59.817
59.127
58.38
57.576
56.717
55.803
54.833
53.809
52.732
51.6
50.417
49.181
47.894
46.557
45.171
43.737
42.255
40.728
39.156
37.541
35.884
34.187
32.452
30.679
28.872
27.031
25.159
23.257
21.329
19.375
17.398
15.401
13.385
11.353
9.3075
7.2508
5.1854
3.1137
1.0383
-1.0354
-3.0988
-5.161
-5.1947
-3.119
-1.0422
1.0451
3.1341
5.2192
7.2981
9.3682
11.427
13.472
15.501
17.512
19.501
21.468
23.409
25.323
27.208
29.06
30.88
32.664
34.411
36.119
37.786
39.412
40.994
42.531
44.022
45.466
46.861
48.207
49.502
50.746
51.937
53.076
54.161
55.191
56.167
57.088
57.952
58.761
59.513
60.208
60.845
61.426
61.949
62.414
62.822
63.171
63.462
63.696
63.87
63.987
64.045
64.045
63.987
63.87
63.696
63.462
63.171
62.822
62.414
61.949
61.426
60.845
60.208
59.513
58.761
57.952
57.088
56.167
55.191
54.161
53.076
51.937
50.746
49.502
48.207
46.861
45.466
44.022
42.531
40.994
39.412
37.786
36.119
34.411
32.664
30.88
29.06
27.208
25.323
23.409
21.468
19.501
17.512
15.501
13.472
11.427
9.3682
7.2981
5.2192
3.1341
1.0451
-1.0422
-3.119
-5.1947
-5.2236
-3.1363
-1.048
1.0509
3.1515
5.2483
7.3387
9.4203
11.491
13.547
15.587
17.609
19.61
21.587
23.539
25.464
27.359
29.222
31.051
32.845
34.602
36.32
37.996
39.631
41.222
42.768
44.267
45.719
47.122
48.475
49.777
51.028
52.226
53.371
54.462
55.498
56.48
57.405
58.275
59.087
59.844
60.542
61.184
61.768
62.294
62.761
63.171
63.522
63.815
64.05
64.226
64.343
64.402
64.402
64.343
64.226
64.05
63.815
63.522
63.171
62.761
62.294
61.768
61.184
60.542
59.844
59.087
58.275
57.405
56.48
55.498
54.462
53.371
52.226
51.028
49.777
48.475
47.122
45.719
44.267
42.768
41.222
39.631
37.996
36.32
34.602
32.845
31.051
29.222
27.359
25.464
23.539
21.587
19.61
17.609
15.587
13.547
11.491
9.4203
7.3387
5.2483
3.1515
1.0509
-1.048
-3.1363
-5.2236
-5.2476
-3.1508
-1.0528
1.0558
3.166
5.2725
7.3725
9.4637
11.544
13.61
15.659
17.69
19.7
21.687
23.648
25.581
27.485
29.357
31.195
32.997
34.762
36.487
38.172
39.814
41.412
42.965
44.471
45.93
47.339
48.698
50.007
51.263
52.467
53.617
54.713
55.754
56.74
57.67
58.543
59.36
60.119
60.822
61.466
62.053
62.581
63.051
63.462
63.815
64.11
64.345
64.522
64.64
64.699
64.699
64.64
64.522
64.345
64.11
63.815
63.462
63.051
62.581
62.053
61.466
60.822
60.119
59.36
58.543
57.67
56.74
55.754
54.713
53.617
52.467
51.263
50.007
48.698
47.339
45.93
44.471
42.965
41.412
39.814
38.172
36.487
34.762
32.997
31.195
29.357
27.485
25.581
23.648
21.687
19.7
17.69
15.659
13.61
11.544
9.4637
7.3725
5.2725
3.166
1.0558
-1.0528
-3.1508
-5.2476
-5.2669
-3.1624
-1.0567
1.0596
3.1777
5.2918
7.3996
9.4985
11.586
13.66
15.717
17.755
19.773
21.767
23.735
25.675
27.586
29.465
31.309
33.118
34.889
36.621
38.312
39.96
41.564
43.123
44.634
46.098
47.513
48.877
50.19
51.452
52.66
53.814
54.914
55.959
56.948
57.882
58.758
59.578
60.34
61.045
61.692
62.28
62.811
63.283
63.696
64.05
64.345
64.582
64.759
64.877
64.936
64.936
64.877
64.759
64.582
64.345
64.05
63.696
63.283
62.811
62.28
61.692
61.045
60.34
59.578
58.758
57.882
56.948
55.959
54.914
53.814
52.66
51.452
50.19
48.877
47.513
46.098
44.634
43.123
41.564
39.96
38.312
36.621
34.889
33.118
31.309
29.465
27.586
25.675
23.735
21.767
19.773
17.755
15.717
13.66
11.586
9.4985
7.3996
5.2918
3.1777
1.0596
-1.0567
-3.1624
-5.2669
-5.2814
-3.1711
-1.0596
1.0626
3.1864
5.3064
7.4199
9.5246
11.618
13.697
15.76
17.804
19.827
21.826
23.8
25.746
27.662
29.546
31.395
33.209
34.985
36.722
38.417
40.07
41.678
43.241
44.757
46.225
47.643
49.011
50.328
51.593
52.804
53.962
55.065
56.113
57.105
58.041
58.92
59.742
60.506
61.213
61.861
62.452
62.983
63.456
63.87
64.226
64.522
64.759
64.937
65.055
65.115
65.115
65.055
64.937
64.759
64.522
64.226
63.87
63.456
62.983
62.452
61.861
61.213
60.506
59.742
58.92
58.041
57.105
56.113
55.065
53.962
52.804
51.593
50.328
49.011
47.643
46.225
44.757
43.241
41.678
40.07
38.417
36.722
34.985
33.209
31.395
29.546
27.662
25.746
23.8
21.826
19.827
17.804
15.76
13.697
11.618
9.5246
7.4199
5.3064
3.1864
1.0626
-1.0596
-3.1711
-5.2814
-5.291
-3.1768
-1.0615
1.0645
3.1922
5.3161
7.4335
9.542
11.639
13.722
15.789
17.836
19.863
21.866
23.844
25.793
27.712
29.599
31.453
33.27
35.049
36.789
38.487
40.143
41.754
43.32
44.839
46.309
47.73
49.101
50.42
51.687
52.901
54.06
55.165
56.215
57.209
58.147
59.027
59.851
60.617
61.324
61.974
62.566
63.098
63.572
63.987
64.343
64.64
64.877
65.055
65.174
65.234
65.234
65.174
65.055
64.877
64.64
64.343
63.987
63.572
63.098
62.566
61.974
61.324
60.617
59.851
59.027
58.147
57.209
56.215
55.165
54.06
52.901
51.687
50.42
49.101
47.73
46.309
44.839
43.32
41.754
40.143
38.487
36.789
35.049
33.27
31.453
29.599
27.712
25.793
23.844
21.866
19.863
17.836
15.789
13.722
11.639
9.542
7.4335
5.3161
3.1922
1.0645
-1.0615
-3.1768
-5.291
-5.2958
-3.1797
-1.0625
1.0655
3.1951
5.3209
7.4403
9.5507
11.65
13.735
15.803
17.853
19.881
21.886
23.865
25.816
27.738
29.626
31.481
33.3
35.081
36.822
38.522
40.179
41.792
43.359
44.88
46.351
47.774
49.146
50.466
51.734
52.949
54.11
55.216
56.266
57.261
58.2
59.081
59.905
60.672
61.38
62.031
62.623
63.156
63.63
64.045
64.402
64.699
64.936
65.115
65.234
65.293
65.293
65.234
65.115
64.936
64.699
64.402
64.045
63.63
63.156
62.623
62.031
61.38
60.672
59.905
59.081
58.2
57.261
56.266
55.216
54.11
52.949
51.734
50.466
49.146
47.774
46.351
44.88
43.359
41.792
40.179
38.522
36.822
35.081
33.3
31.481
29.626
27.738
25.816
23.865
21.886
19.881
17.853
15.803
13.735
11.65
9.5507
7.4403
5.3209
3.1951
1.0655
-1.0625
-3.1797
-5.2958
-5.2958
-3.1797
-1.0625
1.0655
3.1951
5.3209
7.4403
9.5507
11.65
13.735
15.803
17.853
19.881
21.886
23.865
25.816
27.738
29.626
31.481
33.3
35.081
36.822
38.522
40.179
41.792
43.359
44.88
46.351
47.774
49.146
50.466
51.734
52.949
54.11
55.216
56.266
57.261
58.2
59.081
59.905
60.672
61.38
62.031
62.623
63.156
63.63
64.045
64.402
64.699
64.936
65.115
65.234
65.293
65.293
65.234
65.115
64.936
64.699
64.402
64.045
63.63
63.156
62.623
62.031
61.38
60.672
59.905
59.081
58.2
57.261
56.266
55.216
54.11
52.949
51.734
50.466
49.146
47.774
46.351
44.88
43.359
41.792
40.179
38.522
36.822
35.081
33.3
31.481
29.626
27.738
25.816
23.865
21.886
19.881
17.853
15.803
13.735
11.65
9.5507
7.4403
5.3209
3.1951
1.0655
-1.0625
-3.1797
-5.2958
-5.291
-3.1768
-1.0615
1.0645
3.1922
5.3161
7.4335
9.542
11.639
13.722
15.789
17.836
19.863
21.866
23.844
25.793
27.712
29.599
31.453
33.27
35.049
36.789
38.487
40.143
41.754
43.32
44.839
46.309
47.73
49.101
50.42
51.687
52.901
54.06
55.165
56.215
57.209
58.147
59.027
59.851
60.617
61.324
61.974
62.566
63.098
63.572
63.987
64.343
64.64
64.877
65.055
65.174
65.234
65.234
65.174
65.055
64.877
64.64
64.343
63.987
63.572
63.098
62.566
61.974
61.324
60.617
59.851
59.027
58.147
57.209
56.215
55.165
54.06
52.901
51.687
50.42
49.101
47.73
46.309
44.839
43.32
41.754
40.143
38.487
36.789
35.049
33.27
31.453
29.599
27.712
25.793
23.844
21.866
19.863
17.836
15.789
13.722
11.639
9.542
7.4335
5.3161
3.1922
1.0645
-1.0615
-3.1768
-5.291
-5.2814
-3.1711
-1.0596
1.0626
3.1864
5.3064
7.4199
9.5246
11.618
13.697
15.76
17.804
19.827
21.826
23.8
25.746
27.662
29.546
31.395
33.209
34.985
36.722
38.417
40.07
41.678
43.241
44.757
46.225
47.643
49.011
50.328
51.593
52.804
53.962
55.065
56.113
57.105
58.041
58.92
59.742
60.506
61.213
61.861
62.452
62.983
63.456
63.87
64.226
64.522
64.759
64.937
65.055
65.115
65.115
65.055
64.937
64.759
64.522
64.226
63.87
63.456
62.983
62.452
61.861
61.213
60.506
59.742
58.92
58.041
57.105
56.113
55.065
53.962
52.804
51.593
50.328
49.011
47.643
46.225
44.757
43.241
41.678
40.07
38.417
36.722
34.985
33.209
31.395
29.546
27.662
25.746
23.8
21.826
19.827
17.804
15.76
13.697
11.618
9.5246
7.4199
5.3064
3.1864
1.0626
-1.0596
-3.1711
-5.2814
-5.2669
-3.1624
-1.0567
1.0596
3.1777
5.2918
7.3996
9.4985
11.586
13.66
15.717
17.755
19.773
21.767
23.735
25.675
27.586
29.465
31.309
33.118
34.889
36.621
38.312
39.96
41.564
43.123
44.634
46.098
47.513
48.877
50.19
51.452
52.66
53.814
54.914
55.959
56.948
57.882
58.758
59.578
60.34
61.045
61.692
62.28
62.811
63.283
63.696
64.05
64.345
64.582
64.759
64.877
64.936
64.936
64.877
64.759
64.582
64.345
64.05
63.696
63.283
62.811
62.28
61.692
61.045
60.34
59.578
58.758
57.882
56.948
55.959
54.914
53.814
52.66
51.452
50.19
48.877
47.513
46.098
44.634
43.123
41.564
39.96
38.312
36.621
34.889
33.118
31.309
29.465
27.586
25.675
23.735
21.767
19.773
17.755
15.717
13.66
11.586
9.4985
7.3996
5.2918
3.1777
1.0596
-1.0567
-3.1624
-5.2669
-5.2476
-3.1508
-1.0528
1.0558
3.166
5.2725
7.3725
9.4637
11.544
13.61
15.659
17.69
19.7
21.687
23.648
25.581
27.485
29.357
31.195
32.997
34.762
36.487
38.172
39.814
41.412
42.965
44.471
45.93
47.339
48.698
50.007
51.263
52.467
53.617
54.713
55.754
56.74
57.67
58.543
59.36
60.119
60.822
61.466
62.053
62.581
63.051
63.462
63.815
64.11
64.345
64.522
64.64
64.699
64.699
64.64
64.522
64.345
64.11
63.815
63.462
63.051
62.581
62.053
61.466
60.822
60.119
59.36
58.543
57.67
56.74
55.754
54.713
53.617
52.467
51.263
50.007
48.698
47.339
45.93
44.471
42.965
41.412
39.814
38.172
36.487
34.762
32.997
31.195
29.357
27.485
25.581
23.648
21.687
19.7
17.69
15.659
13.61
11.544
9.4637
7.3725
5.2725
3.166
1.0558
-1.0528
-3.1508
-5.2476
-5.2236
-3.1363
-1.048
1.0509
3.1515
5.2483
7.3387
9.4203
11.491
13.547
15.587
17.609
19.61
21.587
23.539
25.464
27.359
29.222
31.051
32.845
34.602
36.32
37.996
39.631
41.222
42.768
44.267
45.719
47.122
48.475
49.777
51.028
52.226
53.371
54.462
55.498
56.48
57.405
58.275
59.087
59.844
60.542
61.184
61.768
62.294
62.761
63.171
63.522
63.815
64.05
64.226
64.343
64.402
64.402
64.343
64.226
64.05
63.815
63.522
63.171
62.761
62.294
61.768
61.184
60.542
59.844
59.087
58.275
57.405
56.48
55.498
54.462
53.371
52.226
51.028
49.777
48.475
47.122
45.719
44.267
42.768
41.222
39.631
37.996
36.32
34.602
32.845
31.051
29.222
27.359
25.464
23.539
21.587
19.61
17.609
15.587
13.547
11.491
9.4203
7.3387
5.2483
3.1515
1.0509
-1.048
-3.1363
-5.2236
-5.1947
-3.119
-1.0422
1.0451
3.1341
5.2192
7.2981
9.3682
11.427
13.472
15.501
17.512
19.501
21.468
23.409
25.323
27.208
29.06
30.88
32.664
34.411
36.119
37.786
39.412
40.994
42.531
44.022
45.466
46.861
48.207
49.502
50.746
51.937
53.076
54.161
55.191
56.167
57.088
57.952
58.761
59.513
60.208
60.845
61.426
61.949
62.414
62.822
63.171
63.462
63.696
63.87
63.987
64.045
64.045
63.987
63.87
63.696
63.462
63.171
62.822
62.414
61.949
61.426
60.845
60.208
59.513
58.761
57.952
57.088
56.167
55.191
54.161
53.076
51.937
50.746
49.502
48.207
46.861
45.466
44.022
42.531
40.994
39.412
37.786
36.119
34.411
32.664
30.88
29.06
27.208
25.323
23.409
21.468
19.501
17.512
15.501
13.472
11.427
9.3682
7.2981
5.2192
3.1341
1.0451
-1.0422
-3.119
-5.1947
-5.161
-3.0988
-1.0354
1.0383
3.1137
5.1854
7.2508
9.3075
11.353
13.385
15.401
17.398
19.375
21.329
23.257
25.159
27.031
28.872
30.679
32.452
34.187
35.884
37.541
39.156
40.728
42.255
43.737
45.171
46.557
47.894
49.181
50.417
51.6
52.732
53.809
54.833
55.803
56.717
57.576
58.38
59.127
59.817
60.451
61.028
61.547
62.01
62.414
62.761
63.051
63.283
63.456
63.572
63.63
63.63
63.572
63.456
63.283
63.051
62.761
62.414
62.01
61.547
61.028
60.451
59.817
59.127
58.38
57.576
56.717
55.803
54.833
53.809
52.732
51.6
50.417
49.181
47.894
46.557
45.171
43.737
42.255
40.728
39.156
37.541
35.884
34.187
32.452
30.679
28.872
27.031
25.159
23.257
21.329
19.375
17.398
15.401
13.385
11.353
9.3075
7.2508
5.1854
3.1137
1.0383
-1.0354
-3.0988
-5.161
-5.1225
-3.0757
-1.0277
1.0306
3.0905
5.1467
7.1967
9.2381
11.268
13.285
15.286
17.268
19.23
21.17
23.084
24.971
26.83
28.657
30.451
32.21
33.933
35.617
37.261
38.864
40.424
41.94
43.411
44.834
46.21
47.537
48.814
50.041
51.216
52.339
53.408
54.425
55.387
56.295
57.147
57.944
58.686
59.371
60
60.573
61.089
61.547
61.949
62.294
62.581
62.811
62.983
63.098
63.156
63.156
63.098
62.983
62.811
62.581
62.294
61.949
61.547
61.089
60.573
60
59.371
58.686
57.944
57.147
56.295
55.387
54.425
53.408
52.339
51.216
50.041
48.814
47.537
46.21
44.834
43.411
41.94
40.424
38.864
37.261
35.617
33.933
32.21
30.451
28.657
26.83
24.971
23.084
21.17
19.23
17.268
15.286
13.285
11.268
9.2381
7.1967
5.1467
3.0905
1.0306
-1.0277
-3.0757
-5.1225
-5.0793
-3.0497
-1.0191
1.0219
3.0644
5.1033
7.136
9.1601
11.173
13.173
15.157
17.123
19.068
20.991
22.889
24.761
26.603
28.415
30.194
31.938
33.646
35.316
36.947
38.536
40.083
41.586
43.044
44.456
45.82
47.136
48.402
49.618
50.783
51.897
52.957
53.965
54.919
55.819
56.665
57.455
58.19
58.87
59.494
60.061
60.573
61.028
61.426
61.768
62.053
62.28
62.452
62.566
62.623
62.623
62.566
62.452
62.28
62.053
61.768
61.426
61.028
60.573
60.061
59.494
58.87
58.19
57.455
56.665
55.819
54.919
53.965
52.957
51.897
50.783
49.618
48.402
47.136
45.82
44.456
43.044
41.586
40.083
38.536
36.947
35.316
33.646
31.938
30.194
28.415
26.603
24.761
22.889
20.991
19.068
17.123
15.157
13.173
11.173
9.1601
7.136
5.1033
3.0644
1.0219
-1.0191
-3.0497
-5.0793
-5.0313
-3.0209
-1.0094
1.0122
3.0355
5.0551
7.0685
9.0735
11.068
13.048
15.014
16.961
18.888
20.793
22.673
24.527
26.352
28.146
29.908
31.636
33.328
34.982
36.598
38.172
39.704
41.193
42.637
44.036
45.387
46.69
47.945
49.149
50.303
51.406
52.457
53.455
54.4
55.292
56.129
56.912
57.64
58.314
58.931
59.494
60
60.451
60.845
61.184
61.466
61.692
61.861
61.974
62.031
62.031
61.974
61.861
61.692
61.466
61.184
60.845
60.451
60
59.494
58.931
58.314
57.64
56.912
56.129
55.292
54.4
53.455
52.457
51.406
50.303
49.149
47.945
46.69
45.387
44.036
42.637
41.193
39.704
38.172
36.598
34.982
33.328
31.636
29.908
28.146
26.352
24.527
22.673
20.793
18.888
16.961
15.014
13.048
11.068
9.0735
7.0685
5.0551
3.0355
1.0122
-1.0094
-3.0209
-5.0313
-4.9785
-2.9892
-0.99884
1.0016
3.0037
5.0021
6.9944
8.9784
10.952
12.912
14.856
16.783
18.69
20.575
22.435
24.269
26.075
27.851
29.595
31.305
32.979
34.616
36.214
37.772
39.288
40.761
42.19
43.574
44.911
46.201
47.442
48.634
49.776
50.867
51.907
52.895
53.83
54.712
55.541
56.315
57.036
57.702
58.314
58.87
59.371
59.817
60.208
60.542
60.822
61.045
61.213
61.324
61.38
61.38
61.324
61.213
61.045
60.822
60.542
60.208
59.817
59.371
58.87
58.314
57.702
57.036
56.315
55.541
54.712
53.83
52.895
51.907
50.867
49.776
48.634
47.442
46.201
44.911
43.574
42.19
40.761
39.288
37.772
36.214
34.616
32.979
31.305
29.595
27.851
26.075
24.269
22.435
20.575
18.69
16.783
14.856
12.912
10.952
8.9784
6.9944
5.0021
3.0037
1.0016
-0.99884
-2.9892
-4.9785
-4.921
-2.9547
-0.98731
0.99006
2.969
4.9443
6.9137
8.8747
10.825
12.763
14.685
16.589
18.474
20.337
22.176
23.989
25.774
27.53
29.253
30.943
32.598
34.216
35.796
37.336
38.834
40.291
41.703
43.071
44.393
45.667
46.894
48.073
49.201
50.28
51.308
52.284
53.208
54.08
54.9
55.665
56.378
57.036
57.64
58.19
58.686
59.127
59.513
59.844
60.119
60.34
60.506
60.617
60.672
60.672
60.617
60.506
60.34
60.119
59.844
59.513
59.127
58.686
58.19
57.64
57.036
56.378
55.665
54.9
54.08
53.208
52.284
51.308
50.28
49.201
48.073
46.894
45.667
44.393
43.071
41.703
40.291
38.834
37.336
35.796
34.216
32.598
30.943
29.253
27.53
25.774
23.989
22.176
20.337
18.474
16.589
14.685
12.763
10.825
8.8747
6.9137
4.9443
2.969
0.99006
-0.98731
-2.9547
-4.921
-4.8589
-2.9174
-0.97484
0.97755
2.9315
4.8819
6.8264
8.7626
10.688
12.601
14.499
16.38
18.241
20.08
21.896
23.686
25.449
27.182
28.884
30.552
32.186
33.784
35.344
36.864
38.344
39.782
41.176
42.527
43.832
45.09
46.302
47.465
48.58
49.645
50.66
51.624
52.536
53.397
54.206
54.962
55.665
56.315
56.912
57.455
57.944
58.38
58.761
59.087
59.36
59.578
59.742
59.851
59.905
59.905
59.851
59.742
59.578
59.36
59.087
58.761
58.38
57.944
57.455
56.912
56.315
55.665
54.962
54.206
53.397
52.536
51.624
50.66
49.645
48.58
47.465
46.302
45.09
43.832
42.527
41.176
39.782
38.344
36.864
35.344
33.784
32.186
30.552
28.884
27.182
25.449
23.686
21.896
20.08
18.241
16.38
14.499
12.601
10.688
8.7626
6.8264
4.8819
2.9315
0.97755
-0.97484
-2.9174
-4.8589
-4.792
-2.8772
-0.96142
0.9641
2.8911
4.8147
6.7324
8.6421
10.541
12.428
14.3
16.154
17.99
19.804
21.595
23.36
25.099
26.808
28.486
30.132
31.743
33.319
34.857
36.357
37.816
39.234
40.61
41.942
43.229
44.47
45.665
46.812
47.911
48.962
49.963
50.913
51.813
52.663
53.46
54.206
54.9
55.541
56.129
56.665
57.147
57.576
57.952
58.275
58.543
58.758
58.92
59.027
59.081
59.081
59.027
58.92
58.758
58.543
58.275
57.952
57.576
57.147
56.665
56.129
55.541
54.9
54.206
53.46
52.663
51.813
50.913
49.963
48.962
47.911
46.812
45.665
44.47
43.229
41.942
40.61
39.234
37.816
36.357
34.857
33.319
31.743
30.132
28.486
26.808
25.099
23.36
21.595
19.804
17.99
16.154
14.3
12.428
10.541
8.6421
6.7324
4.8147
2.8911
0.9641
-0.96142
-2.8772
-4.792
-4.7205
-2.8343
-0.94708
0.94972
2.848
4.7429
6.632
8.5131
10.384
12.242
14.086
15.913
17.721
19.508
21.273
23.012
24.724
26.408
28.061
29.682
31.27
32.822
34.337
35.814
37.252
38.649
40.004
41.316
42.584
43.807
44.984
46.114
47.197
48.231
49.217
50.154
51.04
51.877
52.663
53.397
54.08
54.712
55.292
55.819
56.295
56.717
57.088
57.405
57.67
57.882
58.041
58.147
58.2
58.2
58.147
58.041
57.882
57.67
57.405
57.088
56.717
56.295
55.819
55.292
54.712
54.08
53.397
52.663
51.877
51.04
50.154
49.217
48.231
47.197
46.114
44.984
43.807
42.584
41.316
40.004
38.649
37.252
35.814
34.337
32.822
31.27
29.682
28.061
26.408
24.724
23.012
21.273
19.508
17.721
15.913
14.086
12.242
10.384
8.5131
6.632
4.7429
2.848
0.94972
-0.94708
-2.8343
-4.7205
-4.6444
-2.7886
-0.93181
0.93441
2.8021
4.6664
6.5251
8.3759
10.217
12.045
13.859
15.657
17.436
19.194
20.93
22.641
24.326
25.982
27.609
29.204
30.766
32.293
33.784
35.237
36.652
38.026
39.359
40.65
41.897
43.1
44.258
45.37
46.436
47.454
48.424
49.345
50.217
51.04
51.813
52.536
53.208
53.83
54.4
54.919
55.387
55.803
56.167
56.48
56.74
56.948
57.105
57.209
57.261
57.261
57.209
57.105
56.948
56.74
56.48
56.167
55.803
55.387
54.919
54.4
53.83
53.208
52.536
51.813
51.04
50.217
49.345
48.424
47.454
46.436
45.37
44.258
43.1
41.897
40.65
39.359
38.026
36.652
35.237
33.784
32.293
30.766
29.204
27.609
25.982
24.326
22.641
20.93
19.194
17.436
15.657
13.859
12.045
10.217
8.3759
6.5251
4.6664
2.8021
0.93441
-0.93181
-2.7886
-4.6444
-4.5637
-2.7402
-0.91562
0.91818
2.7534
4.5853
6.4117
8.2304
10.039
11.836
13.618
15.385
17.133
18.861
20.566
22.248
23.903
25.531
27.129
28.697
30.231
31.732
33.197
34.625
36.015
37.365
38.675
39.944
41.169
42.352
43.489
44.582
45.629
46.629
47.582
48.488
49.345
50.154
50.913
51.624
52.284
52.895
53.455
53.965
54.425
54.833
55.191
55.498
55.754
55.959
56.113
56.215
56.266
56.266
56.215
56.113
55.959
55.754
55.498
55.191
54.833
54.425
53.965
53.455
52.895
52.284
51.624
50.913
50.154
49.345
48.488
47.582
46.629
45.629
44.582
43.489
42.352
41.169
39.944
38.675
37.365
36.015
34.625
33.197
31.732
30.231
28.697
27.129
25.531
23.903
22.248
20.566
18.861
17.133
15.385
13.618
11.836
10.039
8.2304
6.4117
4.5853
2.7534
0.91818
-0.91562
-2.7402
-4.5637
-4.4785
-2.689
-0.89853
0.90103
2.702
4.4997
6.292
8.0767
9.8517
11.615
13.364
15.097
16.813
18.508
20.182
21.832
23.457
25.054
26.623
28.161
29.667
31.139
32.577
33.978
35.342
36.668
37.953
39.198
40.401
41.561
42.677
43.75
44.777
45.759
46.694
47.582
48.424
49.217
49.963
50.66
51.308
51.907
52.457
52.957
53.408
53.809
54.161
54.462
54.713
54.914
55.065
55.165
55.216
55.216
55.165
55.065
54.914
54.713
54.462
54.161
53.809
53.408
52.957
52.457
51.907
51.308
50.66
49.963
49.217
48.424
47.582
46.694
45.759
44.777
43.75
42.677
41.561
40.401
39.198
37.953
36.668
35.342
33.978
32.577
31.139
29.667
28.161
26.623
25.054
23.457
21.832
20.182
18.508
16.813
15.097
13.364
11.615
9.8517
8.0767
6.292
4.4997
2.702
0.90103
-0.89853
-2.689
-4.4785
-4.3888
-2.6351
-0.88053
0.88298
2.6479
4.4096
6.166
7.9149
9.6543
11.382
13.096
14.795
16.476
18.138
19.778
21.395
22.987
24.552
26.089
27.597
29.072
30.516
31.924
33.298
34.634
35.933
37.193
38.413
39.591
40.728
41.823
42.873
43.88
44.842
45.759
46.629
47.454
48.231
48.962
49.645
50.28
50.867
51.406
51.897
52.339
52.732
53.076
53.371
53.617
53.814
53.962
54.06
54.11
54.11
54.06
53.962
53.814
53.617
53.371
53.076
52.732
52.339
51.897
51.406
50.867
50.28
49.645
48.962
48.231
47.454
46.629
45.759
44.842
43.88
42.873
41.823
40.728
39.591
38.413
37.193
35.933
34.634
33.298
31.924
30.516
29.072
27.597
26.089
24.552
22.987
21.395
19.778
18.138
16.476
14.795
13.096
11.382
9.6543
7.9149
6.166
4.4096
2.6479
0.88298
-0.88053
-2.6351
-4.3888
-4.2947
-2.5786
-0.86164
0.86404
2.5911
4.315
6.0337
7.7451
9.4473
11.138
12.815
14.478
16.123
17.749
19.354
20.936
22.494
24.026
25.53
27.005
28.449
29.861
31.24
32.583
33.891
35.162
36.395
37.589
38.742
39.855
40.925
41.954
42.939
43.88
44.777
45.629
46.436
47.197
47.911
48.58
49.201
49.776
50.303
50.783
51.216
51.6
51.937
52.226
52.467
52.66
52.804
52.901
52.949
52.949
52.901
52.804
52.66
52.467
52.226
51.937
51.6
51.216
50.783
50.303
49.776
49.201
48.58
47.911
47.197
46.436
45.629
44.777
43.88
42.939
41.954
40.925
39.855
38.742
37.589
36.395
35.162
33.891
32.583
31.24
29.861
28.449
27.005
25.53
24.026
22.494
20.936
19.354
17.749
16.123
14.478
12.815
11.138
9.4473
7.7451
6.0337
4.315
2.5911
0.86404
-0.86164
-2.5786
-4.2947
-4.1962
-2.5195
-0.84187
0.84422
2.5316
4.216
5.8953
7.5674
9.2305
10.883
12.521
14.146
15.753
17.341
18.91
20.456
21.978
23.474
24.944
26.385
27.796
29.176
30.523
31.836
33.114
34.356
35.56
36.726
37.853
38.94
39.986
40.991
41.954
42.873
43.75
44.582
45.37
46.114
46.812
47.465
48.073
48.634
49.149
49.618
50.041
50.417
50.746
51.028
51.263
51.452
51.593
51.687
51.734
51.734
51.687
51.593
51.452
51.263
51.028
50.746
50.417
50.041
49.618
49.149
48.634
48.073
47.465
46.812
46.114
45.37
44.582
43.75
42.873
41.954
40.991
39.986
38.94
37.853
36.726
35.56
34.356
33.114
31.836
30.523
29.176
27.796
26.385
24.944
23.474
21.978
20.456
18.91
17.341
15.753
14.146
12.521
10.883
9.2305
7.5674
5.8953
4.216
2.5316
0.84422
-0.84187
-2.5195
-4.1962
-4.0933
-2.4577
-0.82124
0.82353
2.4696
4.1127
5.7508
7.382
9.0043
10.616
12.215
13.799
15.367
16.916
18.446
19.954
21.439
22.899
24.333
25.738
27.115
28.461
29.775
31.056
32.302
33.514
34.688
35.826
36.925
37.986
39.006
39.986
40.925
41.823
42.677
43.489
44.258
44.984
45.665
46.302
46.894
47.442
47.945
48.402
48.814
49.181
49.502
49.777
50.007
50.19
50.328
50.42
50.466
50.466
50.42
50.328
50.19
50.007
49.777
49.502
49.181
48.814
48.402
47.945
47.442
46.894
46.302
45.665
44.984
44.258
43.489
42.677
41.823
40.925
39.986
39.006
37.986
36.925
35.826
34.688
33.514
32.302
31.056
29.775
28.461
27.115
25.738
24.333
22.899
21.439
19.954
18.446
16.916
15.367
13.799
12.215
10.616
9.0043
7.382
5.7508
4.1127
2.4696
0.82353
-0.82124
-2.4577
-4.0933
-3.9862
-2.3934
-0.79975
0.80198
2.405
4.0051
5.6003
7.1888
8.7687
10.338
11.895
13.438
14.965
16.474
17.963
19.432
20.878
22.3
23.696
25.065
26.405
27.716
28.996
30.243
31.457
32.637
33.781
34.889
35.959
36.992
37.986
38.94
39.855
40.728
41.561
42.352
43.1
43.807
44.47
45.09
45.667
46.201
46.69
47.136
47.537
47.894
48.207
48.475
48.698
48.877
49.011
49.101
49.146
49.146
49.101
49.011
48.877
48.698
48.475
48.207
47.894
47.537
47.136
46.69
46.201
45.667
45.09
44.47
43.807
43.1
42.352
41.561
40.728
39.855
38.94
37.986
36.992
35.959
34.889
33.781
32.637
31.457
30.243
28.996
27.716
26.405
25.065
23.696
22.3
20.878
19.432
17.963
16.474
14.965
13.438
11.895
10.338
8.7687
7.1888
5.6003
4.0051
2.405
0.80198
-0.79975
-2.3934
-3.9862
-3.8749
-2.3266
-0.77743
0.7796
2.3378
3.8933
5.444
6.9882
8.5239
10.049
11.563
13.063
14.547
16.014
17.462
18.89
20.295
21.677
23.035
24.365
25.668
26.942
28.186
29.399
30.579
31.726
32.838
33.915
34.956
35.959
36.925
37.853
38.742
39.591
40.401
41.169
41.897
42.584
43.229
43.832
44.393
44.911
45.387
45.82
46.21
46.557
46.861
47.122
47.339
47.513
47.643
47.73
47.774
47.774
47.73
47.643
47.513
47.339
47.122
46.861
46.557
46.21
45.82
45.387
44.911
44.393
43.832
43.229
42.584
41.897
41.169
40.401
39.591
38.742
37.853
36.925
35.959
34.956
33.915
32.838
31.726
30.579
29.399
28.186
26.942
25.668
24.365
23.035
21.677
20.295
18.89
17.462
16.014
14.547
13.063
11.563
10.049
8.5239
6.9882
5.444
3.8933
2.3378
0.7796
-0.77743
-2.3266
-3.8749
-3.7596
-2.2573
-0.75428
0.75638
2.2682
3.7774
5.2819
6.7801
8.2701
9.7503
11.219
12.674
14.114
15.537
16.942
18.327
19.691
21.032
22.349
23.64
24.904
26.14
27.347
28.524
29.669
30.781
31.86
32.905
33.915
34.889
35.826
36.726
37.589
38.413
39.198
39.944
40.65
41.316
41.942
42.527
43.071
43.574
44.036
44.456
44.834
45.171
45.466
45.719
45.93
46.098
46.225
46.309
46.351
46.351
46.309
46.225
46.098
45.93
45.719
45.466
45.171
44.834
44.456
44.036
43.574
43.071
42.527
41.942
41.316
40.65
39.944
39.198
38.413
37.589
36.726
35.826
34.889
33.915
32.905
31.86
30.781
29.669
28.524
27.347
26.14
24.904
23.64
22.349
21.032
19.691
18.327
16.942
15.537
14.114
12.674
11.219
9.7503
8.2701
6.7801
5.2819
3.7774
2.2682
0.75638
-0.75428
-2.2573
-3.7596
-3.6402
-2.1857
-0.73033
0.73237
2.1962
3.6574
5.1142
6.5648
8.0075
9.4407
10.862
12.271
13.666
15.044
16.404
17.745
19.066
20.364
21.639
22.889
24.113
25.31
26.479
27.618
28.727
29.804
30.849
31.86
32.838
33.781
34.688
35.56
36.395
37.193
37.953
38.675
39.359
40.004
40.61
41.176
41.703
42.19
42.637
43.044
43.411
43.737
44.022
44.267
44.471
44.634
44.757
44.839
44.88
44.88
44.839
44.757
44.634
44.471
44.267
44.022
43.737
43.411
43.044
42.637
42.19
41.703
41.176
40.61
40.004
39.359
38.675
37.953
37.193
36.395
35.56
34.688
33.781
32.838
31.86
30.849
29.804
28.727
27.618
26.479
25.31
24.113
22.889
21.639
20.364
19.066
17.745
16.404
15.044
13.666
12.271
10.862
9.4407
8.0075
6.5648
5.1142
3.6574
2.1962
0.73237
-0.73033
-2.1857
-3.6402
-3.5169
-2.1116
-0.70559
0.70756
2.1218
3.5335
4.941
6.3425
7.7363
9.1209
10.495
11.856
13.203
14.534
15.849
17.144
18.42
19.674
20.906
22.114
23.297
24.453
25.582
26.682
27.754
28.794
29.804
30.781
31.726
32.637
33.514
34.356
35.162
35.933
36.668
37.365
38.026
38.649
39.234
39.782
40.291
40.761
41.193
41.586
41.94
42.255
42.531
42.768
42.965
43.123
43.241
43.32
43.359
43.359
43.32
43.241
43.123
42.965
42.768
42.531
42.255
41.94
41.586
41.193
40.761
40.291
39.782
39.234
38.649
38.026
37.365
36.668
35.933
35.162
34.356
33.514
32.637
31.726
30.781
29.804
28.794
27.754
26.682
25.582
24.453
23.297
22.114
20.906
19.674
18.42
17.144
15.849
14.534
13.203
11.856
10.495
9.1209
7.7363
6.3425
4.941
3.5335
2.1218
0.70756
-0.70559
-2.1116
-3.5169
-3.3898
-2.0353
-0.68009
0.68199
2.0451
3.4058
4.7624
6.1132
7.4567
8.7913
10.115
11.427
12.726
14.009
15.276
16.525
17.754
18.963
20.151
21.315
22.455
23.569
24.657
25.718
26.75
27.754
28.727
29.669
30.579
31.457
32.302
33.114
33.891
34.634
35.342
36.015
36.652
37.252
37.816
38.344
38.834
39.288
39.704
40.083
40.424
40.728
40.994
41.222
41.412
41.564
41.678
41.754
41.792
41.792
41.754
41.678
41.564
41.412
41.222
40.994
40.728
40.424
40.083
39.704
39.288
38.834
38.344
37.816
37.252
36.652
36.015
35.342
34.634
33.891
33.114
32.302
31.457
30.579
29.669
28.727
27.754
26.75
25.718
24.657
23.569
22.455
21.315
20.151
18.963
17.754
16.525
15.276
14.009
12.726
11.427
10.115
8.7913
7.4567
6.1132
4.7624
3.4058
2.0451
0.68199
-0.68009
-2.0353
-3.3898
-3.259
-1.9568
-0.65385
0.65567
1.9662
3.2744
4.5786
5.8773
7.1689
8.452
9.7249
10.986
12.234
13.468
14.686
15.887
17.069
18.232
19.373
20.492
21.588
22.66
23.706
24.726
25.718
26.682
27.618
28.524
29.399
30.243
31.056
31.836
32.583
33.298
33.978
34.625
35.237
35.814
36.357
36.864
37.336
37.772
38.172
38.536
38.864
39.156
39.412
39.631
39.814
39.96
40.07
40.143
40.179
40.179
40.143
40.07
39.96
39.814
39.631
39.412
39.156
38.864
38.536
38.172
37.772
37.336
36.864
36.357
35.814
35.237
34.625
33.978
33.298
32.583
31.836
31.056
30.243
29.399
28.524
27.618
26.682
25.718
24.726
23.706
22.66
21.588
20.492
19.373
18.232
17.069
15.887
14.686
13.468
12.234
10.986
9.7249
8.452
7.1689
5.8773
4.5786
3.2744
1.9662
0.65567
-0.65385
-1.9568
-3.259
-3.1246
-1.8761
-0.62688
0.62863
1.8851
3.1393
4.3898
5.6349
6.8733
8.1034
9.3238
10.533
11.73
12.913
14.08
15.232
16.365
17.48
18.574
19.647
20.698
21.725
22.728
23.706
24.657
25.582
26.479
27.347
28.186
28.996
29.775
30.523
31.24
31.924
32.577
33.197
33.784
34.337
34.857
35.344
35.796
36.214
36.598
36.947
37.261
37.541
37.786
37.996
38.172
38.312
38.417
38.487
38.522
38.522
38.487
38.417
38.312
38.172
37.996
37.786
37.541
37.261
36.947
36.598
36.214
35.796
35.344
34.857
34.337
33.784
33.197
32.577
31.924
31.24
30.523
29.775
28.996
28.186
27.347
26.479
25.582
24.657
23.706
22.728
21.725
20.698
19.647
18.574
17.48
16.365
15.232
14.08
12.913
11.73
10.533
9.3238
8.1034
6.8733
5.6349
4.3898
3.1393
1.8851
0.62863
-0.62688
-1.8761
-3.1246
-2.9867
-1.7933
-0.59921
0.60088
1.8019
3.0008
4.196
5.3862
6.5699
7.7458
8.9123
10.068
11.212
12.343
13.459
14.559
15.643
16.708
17.754
18.78
19.784
20.766
21.725
22.66
23.569
24.453
25.31
26.14
26.942
27.716
28.461
29.176
29.861
30.516
31.139
31.732
32.293
32.822
33.319
33.784
34.216
34.616
34.982
35.316
35.617
35.884
36.119
36.32
36.487
36.621
36.722
36.789
36.822
36.822
36.789
36.722
36.621
36.487
36.32
36.119
35.884
35.617
35.316
34.982
34.616
34.216
33.784
33.319
32.822
32.293
31.732
31.139
30.516
29.861
29.176
28.461
27.716
26.942
26.14
25.31
24.453
23.569
22.66
21.725
20.766
19.784
18.78
17.754
16.708
15.643
14.559
13.459
12.343
11.212
10.068
8.9123
7.7458
6.5699
5.3862
4.196
3.0008
1.8019
0.60088
-0.59921
-1.7933
-2.9867
-2.8454
-1.7085
-0.57088
0.57247
1.7167
2.8589
3.9976
5.1315
6.2593
7.3795
8.4909
9.5922
10.682
11.759
12.823
13.871
14.903
15.918
16.915
17.892
18.849
19.784
20.698
21.588
22.455
23.297
24.113
24.904
25.668
26.405
27.115
27.796
28.449
29.072
29.667
30.231
30.766
31.27
31.743
32.186
32.598
32.979
33.328
33.646
33.933
34.187
34.411
34.602
34.762
34.889
34.985
35.049
35.081
35.081
35.049
34.985
34.889
34.762
34.602
34.411
34.187
33.933
33.646
33.328
32.979
32.598
32.186
31.743
31.27
30.766
30.231
29.667
29.072
28.449
27.796
27.115
26.405
25.668
24.904
24.113
23.297
22.455
21.588
20.698
19.784
18.849
17.892
16.915
15.918
14.903
13.871
12.823
11.759
10.682
9.5922
8.4909
7.3795
6.2593
5.1315
3.9976
2.8589
1.7167
0.57247
-0.57088
-1.7085
-2.8454
-2.701
-1.6217
-0.5419
0.54341
1.6296
2.7138
3.7947
4.871
5.9415
7.0049
8.0598
9.1052
10.14
11.162
12.172
13.167
14.147
15.11
16.056
16.984
17.892
18.78
19.647
20.492
21.315
22.114
22.889
23.64
24.365
25.065
25.738
26.385
27.005
27.597
28.161
28.697
29.204
29.682
30.132
30.552
30.943
31.305
31.636
31.938
32.21
32.452
32.664
32.845
32.997
33.118
33.209
33.27
33.3
33.3
33.27
33.209
33.118
32.997
32.845
32.664
32.452
32.21
31.938
31.636
31.305
30.943
30.552
30.132
29.682
29.204
28.697
28.161
27.597
27.005
26.385
25.738
25.065
24.365
23.64
22.889
22.114
21.315
20.492
19.647
18.78
17.892
16.984
16.056
15.11
14.147
13.167
12.172
11.162
10.14
9.1052
8.0598
7.0049
5.9415
4.871
3.7947
2.7138
1.6296
0.54341
-0.5419
-1.6217
-2.701
-2.5535
-1.5332
-0.5123
0.51373
1.5406
2.5655
3.5874
4.605
5.617
6.6223
7.6196
8.6079
9.586
10.553
11.507
12.448
13.374
14.285
15.179
16.056
16.915
17.754
18.574
19.373
20.151
20.906
21.639
22.349
23.035
23.696
24.333
24.944
25.53
26.089
26.623
27.129
27.609
28.061
28.486
28.884
29.253
29.595
29.908
30.194
30.451
30.679
30.88
31.051
31.195
31.309
31.395
31.453
31.481
31.481
31.453
31.395
31.309
31.195
31.051
30.88
30.679
30.451
30.194
29.908
29.595
29.253
28.884
28.486
28.061
27.609
27.129
26.623
26.089
25.53
24.944
24.333
23.696
23.035
22.349
21.639
20.906
20.151
19.373
18.574
17.754
16.915
16.056
15.179
14.285
13.374
12.448
11.507
10.553
9.586
8.6079
7.6196
6.6223
5.617
4.605
3.5874
2.5655
1.5406
0.51373
-0.5123
-1.5332
-2.5535
-2.403
-1.4428
-0.48212
0.48346
1.4498
2.4144
3.3761
4.3337
5.2861
6.2321
7.1707
8.1008
9.0212
9.9309
10.829
11.714
12.586
13.443
14.285
15.11
15.918
16.708
17.48
18.232
18.963
19.674
20.364
21.032
21.677
22.3
22.899
23.474
24.026
24.552
25.054
25.531
25.982
26.408
26.808
27.182
27.53
27.851
28.146
28.415
28.657
28.872
29.06
29.222
29.357
29.465
29.546
29.599
29.626
29.626
29.599
29.546
29.465
29.357
29.222
29.06
28.872
28.657
28.415
28.146
27.851
27.53
27.182
26.808
26.408
25.982
25.531
25.054
24.552
24.026
23.474
22.899
22.3
21.677
21.032
20.364
19.674
18.963
18.232
17.48
16.708
15.918
15.11
14.285
13.443
12.586
11.714
10.829
9.9309
9.0212
8.1008
7.1707
6.2321
5.2861
4.3337
3.3761
2.4144
1.4498
0.48346
-0.48212
-1.4428
-2.403
-2.2498
-1.3508
-0.45138
0.45264
1.3574
2.2605
3.1608
4.0574
4.949
5.8348
6.7135
7.5843
8.446
9.2977
10.139
10.967
11.784
12.586
13.374
14.147
14.903
15.643
16.365
17.069
17.754
18.42
19.066
19.691
20.295
20.878
21.439
21.978
22.494
22.987
23.457
23.903
24.326
24.724
25.099
25.449
25.774
26.075
26.352
26.603
26.83
27.031
27.208
27.359
27.485
27.586
27.662
27.712
27.738
27.738
27.712
27.662
27.586
27.485
27.359
27.208
27.031
26.83
26.603
26.352
26.075
25.774
25.449
25.099
24.724
24.326
23.903
23.457
22.987
22.494
21.978
21.439
20.878
20.295
19.691
19.066
18.42
17.754
17.069
16.365
15.643
14.903
14.147
13.374
12.586
11.784
10.967
10.139
9.2977
8.446
7.5843
6.7135
5.8348
4.949
4.0574
3.1608
2.2605
1.3574
0.45264
-0.45138
-1.3508
-2.2498
-2.094
-1.2573
-0.42012
0.42129
1.2634
2.1039
2.9419
3.7764
4.6063
5.4307
6.2486
7.059
7.861
8.6538
9.4364
10.208
10.967
11.714
12.448
13.167
13.871
14.559
15.232
15.887
16.525
17.144
17.745
18.327
18.89
19.432
19.954
20.456
20.936
21.395
21.832
22.248
22.641
23.012
23.36
23.686
23.989
24.269
24.527
24.761
24.971
25.159
25.323
25.464
25.581
25.675
25.746
25.793
25.816
25.816
25.793
25.746
25.675
25.581
25.464
25.323
25.159
24.971
24.761
24.527
24.269
23.989
23.686
23.36
23.012
22.641
22.248
21.832
21.395
20.936
20.456
19.954
19.432
18.89
18.327
17.745
17.144
16.525
15.887
15.232
14.559
13.871
13.167
12.448
11.714
10.967
10.208
9.4364
8.6538
7.861
7.059
6.2486
5.4307
4.6063
3.7764
2.9419
2.1039
1.2634
0.42129
-0.42012
-1.2573
-2.094
-1.9357
-1.1623
-0.38837
0.38945
1.1679
1.9449
2.7196
3.4909
4.2581
5.0202
5.7763
6.5255
7.2669
7.9998
8.7232
9.4364
10.139
10.829
11.507
12.172
12.823
13.459
14.08
14.686
15.276
15.849
16.404
16.942
17.462
17.963
18.446
18.91
19.354
19.778
20.182
20.566
20.93
21.273
21.595
21.896
22.176
22.435
22.673
22.889
23.084
23.257
23.409
23.539
23.648
23.735
23.8
23.844
23.865
23.865
23.844
23.8
23.735
23.648
23.539
23.409
23.257
23.084
22.889
22.673
22.435
22.176
21.896
21.595
21.273
20.93
20.566
20.182
19.778
19.354
18.91
18.446
17.963
17.462
16.942
16.404
15.849
15.276
14.686
14.08
13.459
12.823
12.172
11.507
10.829
10.139
9.4364
8.7232
7.9998
7.2669
6.5255
5.7763
5.0202
4.2581
3.4909
2.7196
1.9449
1.1679
0.38945
-0.38837
-1.1623
-1.9357
-1.7752
-1.0659
-0.35616
0.35715
1.071
1.7836
2.494
3.2014
3.905
4.6039
5.2973
5.9843
6.6643
7.3363
7.9998
8.6538
9.2977
9.9309
10.553
11.162
11.759
12.343
12.913
13.468
14.009
14.534
15.044
15.537
16.014
16.474
16.916
17.341
17.749
18.138
18.508
18.861
19.194
19.508
19.804
20.08
20.337
20.575
20.793
20.991
21.17
21.329
21.468
21.587
21.687
21.767
21.826
21.866
21.886
21.886
21.866
21.826
21.767
21.687
21.587
21.468
21.329
21.17
20.991
20.793
20.575
20.337
20.08
19.804
19.508
19.194
18.861
18.508
18.138
17.749
17.341
16.916
16.474
16.014
15.537
15.044
14.534
14.009
13.468
12.913
12.343
11.759
11.162
10.553
9.9309
9.2977
8.6538
7.9998
7.3363
6.6643
5.9843
5.2973
4.6039
3.905
3.2014
2.494
1.7836
1.071
0.35715
-0.35616
-1.0659
-1.7752
-1.6126
-0.96823
-0.32353
0.32443
0.97291
1.6202
2.2656
2.9082
3.5473
4.1821
4.812
5.4361
6.0538
6.6643
7.2669
7.861
8.446
9.0212
9.586
10.14
10.682
11.212
11.73
12.234
12.726
13.203
13.666
14.114
14.547
14.965
15.367
15.753
16.123
16.476
16.813
17.133
17.436
17.721
17.99
18.241
18.474
18.69
18.888
19.068
19.23
19.375
19.501
19.61
19.7
19.773
19.827
19.863
19.881
19.881
19.863
19.827
19.773
19.7
19.61
19.501
19.375
19.23
19.068
18.888
18.69
18.474
18.241
17.99
17.721
17.436
17.133
16.813
16.476
16.123
15.753
15.367
14.965
14.547
14.114
13.666
13.203
12.726
12.234
11.73
11.212
10.682
10.14
9.586
9.0212
8.446
7.861
7.2669
6.6643
6.0538
5.4361
4.812
4.1821
3.5473
2.9082
2.2656
1.6202
0.97291
0.32443
-0.32353
-0.96823
-1.6126
-1.4481
-0.86944
-0.29052
0.29133
0.87364
1.4549
2.0344
2.6115
3.1854
3.7555
4.321
4.8815
5.4361
5.9843
6.5255
7.059
7.5843
8.1008
8.6079
9.1052
9.5922
10.068
10.533
10.986
11.427
11.856
12.271
12.674
13.063
13.438
13.799
14.146
14.478
14.795
15.097
15.385
15.657
15.913
16.154
16.38
16.589
16.783
16.961
17.123
17.268
17.398
17.512
17.609
17.69
17.755
17.804
17.836
17.853
17.853
17.836
17.804
17.755
17.69
17.609
17.512
17.398
17.268
17.123
16.961
16.783
16.589
16.38
16.154
15.913
15.657
15.385
15.097
14.795
14.478
14.146
13.799
13.438
13.063
12.674
12.271
11.856
11.427
10.986
10.533
10.068
9.5922
9.1052
8.6079
8.1008
7.5843
7.059
6.5255
5.9843
5.4361
4.8815
4.321
3.7555
3.1854
2.6115
2.0344
1.4549
0.87364
0.29133
-0.29052
-0.86944
-1.4481
-1.2818
-0.76962
-0.25717
0.25788
0.77334
1.2879
1.8008
2.3116
2.8197
3.3243
3.8249
4.321
4.812
5.2973
5.7763
6.2486
6.7135
7.1707
7.6196
8.0598
8.4909
8.9123
9.3238
9.7249
10.115
10.495
10.862
11.219
11.563
11.895
12.215
12.521
12.815
13.096
13.364
13.618
13.859
14.086
14.3
14.499
14.685
14.856
15.014
15.157
15.286
15.401
15.501
15.587
15.659
15.717
15.76
15.789
15.803
15.803
15.789
15.76
15.717
15.659
15.587
15.501
15.401
15.286
15.157
15.014
14.856
14.685
14.499
14.3
14.086
13.859
13.618
13.364
13.096
12.815
12.521
12.215
11.895
11.563
11.219
10.862
10.495
10.115
9.7249
9.3238
8.9123
8.4909
8.0598
7.6196
7.1707
6.7135
6.2486
5.7763
5.2973
4.812
4.321
3.8249
3.3243
2.8197
2.3116
1.8008
1.2879
0.77334
0.25788
-0.25717
-0.76962
-1.2818
-1.114
-0.66888
-0.22351
0.22413
0.67212
1.1193
1.5651
2.0091
2.4506
2.8892
3.3243
3.7555
4.1821
4.6039
5.0202
5.4307
5.8348
6.2321
6.6223
7.0049
7.3795
7.7458
8.1034
8.452
8.7913
9.1209
9.4407
9.7503
10.049
10.338
10.616
10.883
11.138
11.382
11.615
11.836
12.045
12.242
12.428
12.601
12.763
12.912
13.048
13.173
13.285
13.385
13.472
13.547
13.61
13.66
13.697
13.722
13.735
13.735
13.722
13.697
13.66
13.61
13.547
13.472
13.385
13.285
13.173
13.048
12.912
12.763
12.601
12.428
12.242
12.045
11.836
11.615
11.382
11.138
10.883
10.616
10.338
10.049
9.7503
9.4407
9.1209
8.7913
8.452
8.1034
7.7458
7.3795
7.0049
6.6223
6.2321
5.8348
5.4307
5.0202
4.6039
4.1821
3.7555
3.3243
2.8892
2.4506
2.0091
1.5651
1.1193
0.67212
0.22413
-0.22351
-0.66888
-1.114
-0.94491
-0.56735
-0.18958
0.19011
0.57009
0.94938
1.3275
1.7041
2.0786
2.4506
2.8197
3.1854
3.5473
3.905
4.2581
4.6063
4.949
5.2861
5.617
5.9415
6.2593
6.5699
6.8733
7.1689
7.4567
7.7363
8.0075
8.2701
8.5239
8.7687
9.0043
9.2305
9.4473
9.6543
9.8517
10.039
10.217
10.384
10.541
10.688
10.825
10.952
11.068
11.173
11.268
11.353
11.427
11.491
11.544
11.586
11.618
11.639
11.65
11.65
11.639
11.618
11.586
11.544
11.491
11.427
11.353
11.268
11.173
11.068
10.952
10.825
10.688
10.541
10.384
10.217
10.039
9.8517
9.6543
9.4473
9.2305
9.0043
8.7687
8.5239
8.2701
8.0075
7.7363
7.4567
7.1689
6.8733
6.5699
6.2593
5.9415
5.617
5.2861
4.949
4.6063
4.2581
3.905
3.5473
3.1854
2.8197
2.4506
2.0786
1.7041
1.3275
0.94938
0.57009
0.19011
-0.18958
-0.56735
-0.94491
-0.77467
-0.46513
-0.15542
0.15585
0.46737
0.77833
1.0883
1.3971
1.7041
2.0091
2.3116
2.6115
2.9082
3.2014
3.4909
3.7764
4.0574
4.3337
4.605
4.871
5.1315
5.3862
5.6349
5.8773
6.1132
6.3425
6.5648
6.7801
6.9882
7.1888
7.382
7.5674
7.7451
7.9149
8.0767
8.2304
8.3759
8.5131
8.6421
8.7626
8.8747
8.9784
9.0735
9.1601
9.2381
9.3075
9.3682
9.4203
9.4637
9.4985
9.5246
9.542
9.5507
9.5507
9.542
9.5246
9.4985
9.4637
9.4203
9.3682
9.3075
9.2381
9.1601
9.0735
8.9784
8.8747
8.7626
8.6421
8.5131
8.3759
8.2304
8.0767
7.9149
7.7451
7.5674
7.382
7.1888
6.9882
6.7801
6.5648
6.3425
6.1132
5.8773
5.6349
5.3862
5.1315
4.871
4.605
4.3337
4.0574
3.7764
3.4909
3.2014
2.9082
2.6115
2.3116
2.0091
1.7041
1.3971
1.0883
0.77833
0.46737
0.15585
-0.15542
-0.46513
-0.77467
-0.60349
-0.36235
-0.12108
0.12142
0.3641
0.60634
0.84786
1.0883
1.3275
1.5651
1.8008
2.0344
2.2656
2.494
2.7196
2.9419
3.1608
3.3761
3.5874
3.7947
3.9976
4.196
4.3898
4.5786
4.7624
4.941
5.1142
5.2819
5.444
5.6003
5.7508
5.8953
6.0337
6.166
6.292
6.4117
6.5251
6.632
6.7324
6.8264
6.9137
6.9944
7.0685
7.136
7.1967
7.2508
7.2981
7.3387
7.3725
7.3996
7.4199
7.4335
7.4403
7.4403
7.4335
7.4199
7.3996
7.3725
7.3387
7.2981
7.2508
7.1967
7.136
7.0685
6.9944
6.9137
6.8264
6.7324
6.632
6.5251
6.4117
6.292
6.166
6.0337
5.8953
5.7508
5.6003
5.444
5.2819
5.1142
4.941
4.7624
4.5786
4.3898
4.196
3.9976
3.7947
3.5874
3.3761
3.1608
2.9419
2.7196
2.494
2.2656
2.0344
1.8008
1.5651
1.3275
1.0883
0.84786
0.60634
0.3641
0.12142
-0.12108
-0.36235
-0.60349
-0.43159
-0.25913
-0.086589
0.08683
0.26039
0.43363
0.60634
0.77833
0.94938
1.1193
1.2879
1.4549
1.6202
1.7836
1.9449
2.1039
2.2605
2.4144
2.5655
2.7138
2.8589
3.0008
3.1393
3.2744
3.4058
3.5335
3.6574
3.7774
3.8933
4.0051
4.1127
4.216
4.315
4.4096
4.4997
4.5853
4.6664
4.7429
4.8147
4.8819
4.9443
5.0021
5.0551
5.1033
5.1467
5.1854
5.2192
5.2483
5.2725
5.2918
5.3064
5.3161
5.3209
5.3209
5.3161
5.3064
5.2918
5.2725
5.2483
5.2192
5.1854
5.1467
5.1033
5.0551
5.0021
4.9443
4.8819
4.8147
4.7429
4.6664
4.5853
4.4997
4.4096
4.315
4.216
4.1127
4.0051
3.8933
3.7774
3.6574
3.5335
3.4058
3.2744
3.1393
3.0008
2.8589
2.7138
2.5655
2.4144
2.2605
2.1039
1.9449
1.7836
1.6202
1.4549
1.2879
1.1193
0.94938
0.77833
0.60634
0.43363
0.26039
0.08683
-0.086589
-0.25913
-0.43159
-0.25916
-0.15561
-0.051995
0.05214
0.15636
0.26039
0.3641
0.46737
0.57009
0.67212
0.77334
0.87364
0.97291
1.071
1.1679
1.2634
1.3574
1.4498
1.5406
1.6296
1.7167
1.8019
1.8851
1.9662
2.0451
2.1218
2.1962
2.2682
2.3378
2.405
2.4696
2.5316
2.5911
2.6479
2.702
2.7534
2.8021
2.848
2.8911
2.9315
2.969
3.0037
3.0355
3.0644
3.0905
3.1137
3.1341
3.1515
3.166
3.1777
3.1864
3.1922
3.1951
3.1951
3.1922
3.1864
3.1777
3.166
3.1515
3.1341
3.1137
3.0905
3.0644
3.0355
3.0037
2.969
2.9315
2.8911
2.848
2.8021
2.7534
2.702
2.6479
2.5911
2.5316
2.4696
2.405
2.3378
2.2682
2.1962
2.1218
2.0451
1.9662
1.8851
1.8019
1.7167
1.6296
1.5406
1.4498
1.3574
1.2634
1.1679
1.071
0.97291
0.87364
0.77334
0.67212
0.57009
0.46737
0.3641
0.26039
0.15636
0.05214
-0.051995
-0.15561
-0.25916
-0.086421
-0.051889
-0.017339
0.017387
0.05214
0.08683
0.12142
0.15585
0.19011
0.22413
0.25788
0.29133
0.32443
0.35715
0.38945
0.42129
0.45264
0.48346
0.51373
0.54341
0.57247
0.60088
0.62863
0.65567
0.68199
0.70756
0.73237
0.75638
0.7796
0.80198
0.82353
0.84422
0.86404
0.88298
0.90103
0.91818
0.93441
0.94972
0.9641
0.97755
0.99006
1.0016
1.0122
1.0219
1.0306
1.0383
1.0451
1.0509
1.0558
1.0596
1.0626
1.0645
1.0655
1.0655
1.0645
1.0626
1.0596
1.0558
1.0509
1.0451
1.0383
1.0306
1.0219
1.0122
1.0016
0.99006
0.97755
0.9641
0.94972
0.93441
0.91818
0.90103
0.88298
0.86404
0.84422
0.82353
0.80198
0.7796
0.75638
0.73237
0.70756
0.68199
0.65567
0.62863
0.60088
0.57247
0.54341
0.51373
0.48346
0.45264
0.42129
0.38945
0.35715
0.32443
0.29133
0.25788
0.22413
0.19011
0.15585
0.12142
0.08683
0.05214
0.017387
-0.017339
-0.051889
-0.086421
0.08618
0.051744
0.01729
-0.017339
-0.051995
-0.086589
-0.12108
-0.15542
-0.18958
-0.22351
-0.25717
-0.29052
-0.32353
-0.35616
-0.38837
-0.42012
-0.45138
-0.48212
-0.5123
-0.5419
-0.57088
-0.59921
-0.62688
-0.65385
-0.68009
-0.70559
-0.73033
-0.75428
-0.77743
-0.79975
-0.82124
-0.84187
-0.86164
-0.88053
-0.89853
-0.91562
-0.93181
-0.94708
-0.96142
-0.97484
-0.98731
-0.99884
-1.0094
-1.0191
-1.0277
-1.0354
-1.0422
-1.048
-1.0528
-1.0567
-1.0596
-1.0615
-1.0625
-1.0625
-1.0615
-1.0596
-1.0567
-1.0528
-1.048
-1.0422
-1.0354
-1.0277
-1.0191
-1.0094
-0.99884
-0.98731
-0.97484
-0.96142
-0.94708
-0.93181
-0.91562
-0.89853
-0.88053
-0.86164
-0.84187
-0.82124
-0.79975
-0.77743
-0.75428
-0.73033
-0.70559
-0.68009
-0.65385
-0.62688
-0.59921
-0.57088
-0.5419
-0.5123
-0.48212
-0.45138
-0.42012
-0.38837
-0.35616
-0.32353
-0.29052
-0.25717
-0.22351
-0.18958
-0.15542
-0.12108
-0.086589
-0.051995
-0.017339
0.01729
0.051744
0.08618
0.25868
0.15519
0.051744
-0.051889
-0.15561
-0.25913
-0.36235
-0.46513
-0.56735
-0.66888
-0.76962
-0.86944
-0.96823
-1.0659
-1.1623
-1.2573
-1.3508
-1.4428
-1.5332
-1.6217
-1.7085
-1.7933
-1.8761
-1.9568
-2.0353
-2.1116
-2.1857
-2.2573
-2.3266
-2.3934
-2.4577
-2.5195
-2.5786
-2.6351
-2.689
-2.7402
-2.7886
-2.8343
-2.8772
-2.9174
-2.9547
-2.9892
-3.0209
-3.0497
-3.0757
-3.0988
-3.119
-3.1363
-3.1508
-3.1624
-3.1711
-3.1768
-3.1797
-3.1797
-3.1768
-3.1711
-3.1624
-3.1508
-3.1363
-3.119
-3.0988
-3.0757
-3.0497
-3.0209
-2.9892
-2.9547
-2.9174
-2.8772
-2.8343
-2.7886
-2.7402
-2.689
-2.6351
-2.5786
-2.5195
-2.4577
-2.3934
-2.3266
-2.2573
-2.1857
-2.1116
-2.0353
-1.9568
-1.8761
-1.7933
-1.7085
-1.6217
-1.5332
-1.4428
-1.3508
-1.2573
-1.1623
-1.0659
-0.96823
-0.86944
-0.76962
-0.66888
-0.56735
-0.46513
-0.36235
-0.25913
-0.15561
-0.051889
0.051744
0.15519
0.25868
0.43124
0.25868
0.08618
-0.086421
-0.25916
-0.43159
-0.60349
-0.77467
-0.94491
-1.114
-1.2818
-1.4481
-1.6126
-1.7752
-1.9357
-2.094
-2.2498
-2.403
-2.5535
-2.701
-2.8454
-2.9867
-3.1246
-3.259
-3.3898
-3.5169
-3.6402
-3.7596
-3.8749
-3.9862
-4.0933
-4.1962
-4.2947
-4.3888
-4.4785
-4.5637
-4.6444
-4.7205
-4.792
-4.8589
-4.921
-4.9785
-5.0313
-5.0793
-5.1225
-5.161
-5.1947
-5.2236
-5.2476
-5.2669
-5.2814
-5.291
-5.2958
-5.2958
-5.291
-5.2814
-5.2669
-5.2476
-5.2236
-5.1947
-5.161
-5.1225
-5.0793
-5.0313
-4.9785
-4.921
-4.8589
-4.792
-4.7205
-4.6444
-4.5637
-4.4785
-4.3888
-4.2947
-4.1962
-4.0933
-3.9862
-3.8749
-3.7596
-3.6402
-3.5169
-3.3898
-3.259
-3.1246
-2.9867
-2.8454
-2.701
-2.5535
-2.403
-2.2498
-2.094
-1.9357
-1.7752
-1.6126
-1.4481
-1.2818
-1.114
-0.94491
-0.77467
-0.60349
-0.43159
-0.25916
-0.086421
0.08618
0.25868
0.43124
