0.50395
0.30232
0.10072
-0.101
-0.30288
-0.50435
-0.70514
-0.90499
-1.1036
-1.3008
-1.4963
-1.6898
-1.881
-2.0699
-2.256
-2.4393
-2.6194
-2.7962
-2.9696
-3.1392
-3.305
-3.4668
-3.6244
-3.7777
-3.9266
-4.0709
-4.2106
-4.3455
-4.4755
-4.6007
-4.7208
-4.8359
-4.9459
-5.0507
-5.1504
-5.2449
-5.3341
-5.4181
-5.4968
-5.5702
-5.6384
-5.7013
-5.7589
-5.8112
-5.8583
-5.9002
-5.9368
-5.9681
-5.9942
-6.0151
-6.0307
-6.0412
-6.0464
-6.0464
-6.0412
-6.0307
-6.0151
-5.9942
-5.9681
-5.9368
-5.9002
-5.8583
-5.8112
-5.7589
-5.7013
-5.6384
-5.5702
-5.4968
-5.4181
-5.3341
-5.2449
-5.1504
-5.0507
-4.9459
-4.8359
-4.7208
-4.6007
-4.4755
-4.3455
-4.2106
-4.0709
-3.9266
-3.7777
-3.6244
-3.4668
-3.305
-3.1392
-2.9696
-2.7962
-2.6194
-2.4393
-2.256
-2.0699
-1.881
-1.6898
-1.4963
-1.3008
-1.1036
-0.90499
-0.70514
-0.50435
-0.30288
-0.101
0.10072
0.30232
0.50395
0.30232
0.18139
0.060481
-0.060651
-0.18187
-0.30285
-0.42342
-0.54342
-0.6627
-0.7811
-0.89847
-1.0147
-1.1295
-1.2429
-1.3547
-1.4647
-1.5729
-1.6791
-1.7832
-1.885
-1.9846
-2.0817
-2.1764
-2.2684
-2.3578
-2.4445
-2.5283
-2.6093
-2.6874
-2.7626
-2.8347
-2.9038
-2.9699
-3.0328
-3.0927
-3.1494
-3.203
-3.2534
-3.3007
-3.3448
-3.3857
-3.4235
-3.4581
-3.4895
-3.5178
-3.5429
-3.5649
-3.5837
-3.5994
-3.6119
-3.6213
-3.6276
-3.6307
-3.6307
-3.6276
-3.6213
-3.6119
-3.5994
-3.5837
-3.5649
-3.5429
-3.5178
-3.4895
-3.4581
-3.4235
-3.3857
-3.3448
-3.3007
-3.2534
-3.203
-3.1494
-3.0927
-3.0328
-2.9699
-2.9038
-2.8347
-2.7626
-2.6874
-2.6093
-2.5283
-2.4445
-2.3578
-2.2684
-2.1764
-2.0817
-1.9846
-1.885
-1.7832
-1.6791
-1.5729
-1.4647
-1.3547
-1.2429
-1.1295
-1.0147
-0.89847
-0.7811
-0.6627
-0.54342
-0.42342
-0.30285
-0.18187
-0.060651
0.060481
0.18139
0.30232
0.10072
0.060481
0.020211
-0.020267
-0.060774
-0.1012
-0.14149
-0.18159
-0.22145
-0.26102
-0.30023
-0.33906
-0.37744
-0.41533
-0.45268
-0.48945
-0.5256
-0.56108
-0.59586
-0.6299
-0.66317
-0.69563
-0.72726
-0.75802
-0.78789
-0.81685
-0.84487
-0.87194
-0.89804
-0.92315
-0.94726
-0.97035
-0.99242
-1.0135
-1.0335
-1.0524
-1.0703
-1.0872
-1.103
-1.1177
-1.1314
-1.144
-1.1556
-1.1661
-1.1755
-1.1839
-1.1912
-1.1975
-1.2028
-1.207
-1.2101
-1.2122
-1.2132
-1.2132
-1.2122
-1.2101
-1.207
-1.2028
-1.1975
-1.1912
-1.1839
-1.1755
-1.1661
-1.1556
-1.144
-1.1314
-1.1177
-1.103
-1.0872
-1.0703
-1.0524
-1.0335
-1.0135
-0.99242
-0.97035
-0.94726
-0.92315
-0.89804
-0.87194
-0.84487
-0.81685
-0.78789
-0.75802
-0.72726
-0.69563
-0.66317
-0.6299
-0.59586
-0.56108
-0.5256
-0.48945
-0.45268
-0.41533
-0.37744
-0.33906
-0.30023
-0.26102
-0.22145
-0.18159
-0.14149
-0.1012
-0.060774
-0.020267
0.020211
0.060481
0.10072
-0.101
-0.060651
-0.020267
0.020324
0.060944
0.10148
0.14188
0.1821
0.22207
0.26174
0.30107
0.34
0.37849
0.41649
0.45394
0.49081
0.52706
0.56264
0.59752
0.63166
0.66502
0.69757
0.72928
0.76013
0.79009
0.81913
0.84723
0.87437
0.90054
0.92572
0.9499
0.97306
0.99519
1.0163
1.0363
1.0553
1.0733
1.0902
1.106
1.1208
1.1345
1.1472
1.1588
1.1693
1.1788
1.1872
1.1946
1.2009
1.2061
1.2103
1.2135
1.2156
1.2166
1.2166
1.2156
1.2135
1.2103
1.2061
1.2009
1.1946
1.1872
1.1788
1.1693
1.1588
1.1472
1.1345
1.1208
1.106
1.0902
1.0733
1.0553
1.0363
1.0163
0.99519
0.97306
0.9499
0.92572
0.90054
0.87437
0.84723
0.81913
0.79009
0.76013
0.72928
0.69757
0.66502
0.63166
0.59752
0.56264
0.52706
0.49081
0.45394
0.41649
0.37849
0.34
0.30107
0.26174
0.22207
0.1821
0.14188
0.10148
0.060944
0.020324
-0.020267
-0.060651
-0.101
-0.30288
-0.18187
-0.060774
0.060944
0.18275
0.30431
0.42546
0.54605
0.6659
0.78488
0.90281
1.0196
1.135
1.2489
1.3612
1.4718
1.5805
1.6872
1.7918
1.8941
1.9942
2.0918
2.1869
2.2794
2.3692
2.4563
2.5406
2.6219
2.7004
2.7759
2.8484
2.9179
2.9842
3.0475
3.1076
3.1646
3.2185
3.2691
3.3166
3.3609
3.4021
3.44
3.4748
3.5064
3.5348
3.56
3.5821
3.601
3.6168
3.6294
3.6388
3.6451
3.6482
3.6482
3.6451
3.6388
3.6294
3.6168
3.601
3.5821
3.56
3.5348
3.5064
3.4748
3.44
3.4021
3.3609
3.3166
3.2691
3.2185
3.1646
3.1076
3.0475
2.9842
2.9179
2.8484
2.7759
2.7004
2.6219
2.5406
2.4563
2.3692
2.2794
2.1869
2.0918
1.9942
1.8941
1.7918
1.6872
1.5805
1.4718
1.3612
1.2489
1.135
1.0196
0.90281
0.78488
0.6659
0.54605
0.42546
0.30431
0.18275
0.060944
-0.060774
-0.18187
-0.30288
-0.50435
-0.30285
-0.1012
0.10148
0.30431
0.50673
0.70847
0.90926
1.1088
1.307
1.5033
1.6977
1.8899
2.0796
2.2667
2.4508
2.6318
2.8095
2.9836
3.1541
3.3206
3.4832
3.6415
3.7956
3.9451
4.0901
4.2305
4.366
4.4967
4.6224
4.7431
4.8588
4.9693
5.0746
5.1747
5.2697
5.3593
5.4437
5.5228
5.5965
5.665
5.7282
5.7861
5.8387
5.886
5.9281
5.9648
5.9963
6.0226
6.0435
6.0593
6.0697
6.075
6.075
6.0697
6.0593
6.0435
6.0226
5.9963
5.9648
5.9281
5.886
5.8387
5.7861
5.7282
5.665
5.5965
5.5228
5.4437
5.3593
5.2697
5.1747
5.0746
4.9693
4.8588
4.7431
4.6224
4.4967
4.366
4.2305
4.0901
3.9451
3.7956
3.6415
3.4832
3.3206
3.1541
2.9836
2.8095
2.6318
2.4508
2.2667
2.0796
1.8899
1.6977
1.5033
1.307
1.1088
0.90926
0.70847
0.50673
0.30431
0.10148
-0.1012
-0.30285
-0.50435
-0.70514
-0.42342
-0.14149
0.14188
0.42546
0.70847
0.99053
1.2713
1.5503
1.8273
2.1019
2.3737
2.6423
2.9076
3.1691
3.4265
3.6796
3.928
4.1714
4.4098
4.6427
4.8699
5.0913
5.3067
5.5158
5.7185
5.9147
6.1042
6.2869
6.4627
6.6315
6.7931
6.9477
7.0949
7.2349
7.3676
7.493
7.6109
7.7215
7.8247
7.9204
8.0088
8.0897
8.1633
8.2294
8.2882
8.3396
8.3836
8.4203
8.4496
8.4716
8.4863
8.4936
8.4936
8.4863
8.4716
8.4496
8.4203
8.3836
8.3396
8.2882
8.2294
8.1633
8.0897
8.0088
7.9204
7.8247
7.7215
7.6109
7.493
7.3676
7.2349
7.0949
6.9477
6.7931
6.6315
6.4627
6.2869
6.1042
5.9147
5.7185
5.5158
5.3067
5.0913
4.8699
4.6427
4.4098
4.1714
3.928
3.6796
3.4265
3.1691
2.9076
2.6423
2.3737
2.1019
1.8273
1.5503
1.2713
0.99053
0.70847
0.42546
0.14188
-0.14149
-0.42342
-0.70514
-0.90499
-0.54342
-0.18159
0.1821
0.54605
0.90926
1.2713
1.6316
1.9897
2.3452
2.6976
3.0464
3.3912
3.7317
4.0673
4.3976
4.7224
5.0412
5.3537
5.6596
5.9585
6.2501
6.5343
6.8107
7.0791
7.3393
7.5911
7.8343
8.0688
8.2944
8.511
8.7185
8.9168
9.1058
9.2855
9.4558
9.6166
9.768
9.9099
10.042
10.165
10.279
10.383
10.477
10.562
10.637
10.703
10.76
10.807
10.844
10.873
10.891
10.901
10.901
10.891
10.873
10.844
10.807
10.76
10.703
10.637
10.562
10.477
10.383
10.279
10.165
10.042
9.9099
9.768
9.6166
9.4558
9.2855
9.1058
8.9168
8.7185
8.511
8.2944
8.0688
7.8343
7.5911
7.3393
7.0791
6.8107
6.5343
6.2501
5.9585
5.6596
5.3537
5.0412
4.7224
4.3976
4.0673
3.7317
3.3912
3.0464
2.6976
2.3452
1.9897
1.6316
1.2713
0.90926
0.54605
0.1821
-0.18159
-0.54342
-0.90499
-1.1036
-0.6627
-0.22145
0.22207
0.6659
1.1088
1.5503
1.9897
2.4264
2.8599
3.2897
3.7151
4.1356
4.5508
4.96
5.3629
5.759
6.1478
6.5289
6.9018
7.2664
7.6221
7.9686
8.3056
8.6329
8.9503
9.2573
9.5539
9.8398
10.115
10.379
10.632
10.874
11.105
11.324
11.531
11.727
11.912
12.085
12.247
12.397
12.535
12.661
12.777
12.88
12.972
13.053
13.121
13.179
13.225
13.259
13.282
13.294
13.294
13.282
13.259
13.225
13.179
13.121
13.053
12.972
12.88
12.777
12.661
12.535
12.397
12.247
12.085
11.912
11.727
11.531
11.324
11.105
10.874
10.632
10.379
10.115
9.8398
9.5539
9.2573
8.9503
8.6329
8.3056
7.9686
7.6221
7.2664
6.9018
6.5289
6.1478
5.759
5.3629
4.96
4.5508
4.1356
3.7151
3.2897
2.8599
2.4264
1.9897
1.5503
1.1088
0.6659
0.22207
-0.22145
-0.6627
-1.1036
-1.3008
-0.7811
-0.26102
0.26174
0.78488
1.307
1.8273
2.3452
2.8599
3.3709
3.8774
4.3788
4.8745
5.3638
5.8462
6.3211
6.7879
7.2462
7.6953
8.135
8.5646
8.9838
9.3923
9.7896
10.175
10.549
10.911
11.261
11.598
11.922
12.233
12.532
12.817
13.088
13.347
13.592
13.823
14.04
14.244
14.435
14.611
14.774
14.924
15.059
15.181
15.29
15.385
15.466
15.533
15.588
15.628
15.655
15.669
15.669
15.655
15.628
15.588
15.533
15.466
15.385
15.29
15.181
15.059
14.924
14.774
14.611
14.435
14.244
14.04
13.823
13.592
13.347
13.088
12.817
12.532
12.233
11.922
11.598
11.261
10.911
10.549
10.175
9.7896
9.3923
8.9838
8.5646
8.135
7.6953
7.2462
6.7879
6.3211
5.8462
5.3638
4.8745
4.3788
3.8774
3.3709
2.8599
2.3452
1.8273
1.307
0.78488
0.26174
-0.26102
-0.7811
-1.3008
-1.4963
-0.89847
-0.30023
0.30107
0.90281
1.5033
2.1019
2.6976
3.2897
3.8774
4.46
5.0368
5.6069
6.1698
6.7246
7.2709
7.8078
8.3349
8.8516
9.3573
9.8515
10.334
10.804
11.261
11.704
12.134
12.551
12.953
13.341
13.714
14.072
14.415
14.743
15.055
15.352
15.634
15.9
16.15
16.385
16.604
16.807
16.994
17.166
17.322
17.462
17.587
17.696
17.79
17.867
17.93
17.976
18.007
18.023
18.023
18.007
17.976
17.93
17.867
17.79
17.696
17.587
17.462
17.322
17.166
16.994
16.807
16.604
16.385
16.15
15.9
15.634
15.352
15.055
14.743
14.415
14.072
13.714
13.341
12.953
12.551
12.134
11.704
11.261
10.804
10.334
9.8515
9.3573
8.8516
8.3349
7.8078
7.2709
6.7246
6.1698
5.6069
5.0368
4.46
3.8774
3.2897
2.6976
2.1019
1.5033
0.90281
0.30107
-0.30023
-0.89847
-1.4963
-1.6898
-1.0147
-0.33906
0.34
1.0196
1.6977
2.3737
3.0464
3.7151
4.3788
5.0368
5.6881
6.332
6.9676
7.5942
8.2111
8.8175
9.4128
9.9963
10.567
11.125
11.67
12.201
12.717
13.218
13.704
14.174
14.628
15.066
15.487
15.891
16.279
16.649
17.002
17.337
17.655
17.956
18.238
18.503
18.751
18.98
19.192
19.386
19.562
19.721
19.861
19.985
20.09
20.178
20.248
20.301
20.336
20.354
20.354
20.336
20.301
20.248
20.178
20.09
19.985
19.861
19.721
19.562
19.386
19.192
18.98
18.751
18.503
18.238
17.956
17.655
17.337
17.002
16.649
16.279
15.891
15.487
15.066
14.628
14.174
13.704
13.218
12.717
12.201
11.67
11.125
10.567
9.9963
9.4128
8.8175
8.2111
7.5942
6.9676
6.332
5.6881
5.0368
4.3788
3.7151
3.0464
2.3737
1.6977
1.0196
0.34
-0.33906
-1.0147
-1.6898
-1.881
-1.1295
-0.37744
0.37849
1.135
1.8899
2.6423
3.3912
4.1356
4.8745
5.6069
6.332
7.0487
7.7563
8.4539
9.1406
9.8156
10.478
11.128
11.764
12.385
12.991
13.582
14.156
14.714
15.255
15.778
16.284
16.771
17.24
17.69
18.121
18.534
18.927
19.3
19.654
19.988
20.303
20.598
20.873
21.129
21.364
21.58
21.776
21.953
22.11
22.247
22.364
22.462
22.54
22.599
22.638
22.658
22.658
22.638
22.599
22.54
22.462
22.364
22.247
22.11
21.953
21.776
21.58
21.364
21.129
20.873
20.598
20.303
19.988
19.654
19.3
18.927
18.534
18.121
17.69
17.24
16.771
16.284
15.778
15.255
14.714
14.156
13.582
12.991
12.385
11.764
11.128
10.478
9.8156
9.1406
8.4539
7.7563
7.0487
6.332
5.6069
4.8745
4.1356
3.3912
2.6423
1.8899
1.135
0.37849
-0.37744
-1.1295
-1.881
-2.0699
-1.2429
-0.41533
0.41649
1.2489
2.0796
2.9076
3.7317
4.5508
5.3638
6.1698
6.9676
7.7563
8.5349
9.3025
10.058
10.801
11.53
12.245
12.944
13.628
14.295
14.945
15.577
16.191
16.786
17.362
17.918
18.455
18.971
19.466
19.941
20.394
20.827
21.237
21.627
21.995
22.341
22.666
22.969
23.25
23.509
23.747
23.963
24.157
24.329
24.48
24.609
24.717
24.803
24.868
24.911
24.932
24.932
24.911
24.868
24.803
24.717
24.609
24.48
24.329
24.157
23.963
23.747
23.509
23.25
22.969
22.666
22.341
21.995
21.627
21.237
20.827
20.394
19.941
19.466
18.971
18.455
17.918
17.362
16.786
16.191
15.577
14.945
14.295
13.628
12.944
12.245
11.53
10.801
10.058
9.3025
8.5349
7.7563
6.9676
6.1698
5.3638
4.5508
3.7317
2.9076
2.0796
1.2489
0.41649
-0.41533
-1.2429
-2.0699
-2.256
-1.3547
-0.45268
0.45394
1.3612
2.2667
3.1691
4.0673
4.96
5.8462
6.7246
7.5942
8.4539
9.3025
10.139
10.963
11.772
12.567
13.346
14.109
14.854
15.581
16.289
16.978
17.647
18.296
18.924
19.53
20.114
20.677
21.217
21.734
22.228
22.7
23.147
23.572
23.973
24.35
24.704
25.034
25.341
25.623
25.882
26.118
26.329
26.517
26.682
26.823
26.94
27.034
27.104
27.151
27.174
27.174
27.151
27.104
27.034
26.94
26.823
26.682
26.517
26.329
26.118
25.882
25.623
25.341
25.034
24.704
24.35
23.973
23.572
23.147
22.7
22.228
21.734
21.217
20.677
20.114
19.53
18.924
18.296
17.647
16.978
16.289
15.581
14.854
14.109
13.346
12.567
11.772
10.963
10.139
9.3025
8.4539
7.5942
6.7246
5.8462
4.96
4.0673
3.1691
2.2667
1.3612
0.45394
-0.45268
-1.3547
-2.256
-2.4393
-1.4647
-0.48945
0.49081
1.4718
2.4508
3.4265
4.3976
5.3629
6.3211
7.2709
8.2111
9.1406
10.058
10.963
11.853
12.729
13.588
14.43
15.255
16.06
16.846
17.612
18.357
19.081
19.782
20.461
21.116
21.748
22.356
22.94
23.499
24.034
24.543
25.028
25.487
25.92
26.328
26.711
27.068
27.399
27.705
27.985
28.239
28.468
28.671
28.849
29.001
29.128
29.23
29.306
29.356
29.382
29.382
29.356
29.306
29.23
29.128
29.001
28.849
28.671
28.468
28.239
27.985
27.705
27.399
27.068
26.711
26.328
25.92
25.487
25.028
24.543
24.034
23.499
22.94
22.356
21.748
21.116
20.461
19.782
19.081
18.357
17.612
16.846
16.06
15.255
14.43
13.588
12.729
11.853
10.963
10.058
9.1406
8.2111
7.2709
6.3211
5.3629
4.3976
3.4265
2.4508
1.4718
0.49081
-0.48945
-1.4647
-2.4393
-2.6194
-1.5729
-0.5256
0.52706
1.5805
2.6318
3.6796
4.7224
5.759
6.7879
7.8078
8.8175
9.8156
10.801
11.772
12.729
13.669
14.591
15.496
16.381
17.246
18.091
18.913
19.713
20.49
21.243
21.972
22.676
23.354
24.007
24.634
25.235
25.809
26.356
26.876
27.369
27.835
28.273
28.684
29.067
29.423
29.751
30.051
30.325
30.57
30.789
30.98
31.143
31.279
31.388
31.47
31.524
31.552
31.552
31.524
31.47
31.388
31.279
31.143
30.98
30.789
30.57
30.325
30.051
29.751
29.423
29.067
28.684
28.273
27.835
27.369
26.876
26.356
25.809
25.235
24.634
24.007
23.354
22.676
21.972
21.243
20.49
19.713
18.913
18.091
17.246
16.381
15.496
14.591
13.669
12.729
11.772
10.801
9.8156
8.8175
7.8078
6.7879
5.759
4.7224
3.6796
2.6318
1.5805
0.52706
-0.5256
-1.5729
-2.6194
-2.7962
-1.6791
-0.56108
0.56264
1.6872
2.8095
3.928
5.0412
6.1478
7.2462
8.3349
9.4128
10.478
11.53
12.567
13.588
14.591
15.576
16.542
17.487
18.411
19.312
20.19
21.044
21.873
22.677
23.455
24.207
24.931
25.628
26.297
26.939
27.551
28.135
28.69
29.217
29.714
30.182
30.62
31.029
31.409
31.759
32.08
32.372
32.634
32.867
33.071
33.246
33.391
33.507
33.595
33.653
33.682
33.682
33.653
33.595
33.507
33.391
33.246
33.071
32.867
32.634
32.372
32.08
31.759
31.409
31.029
30.62
30.182
29.714
29.217
28.69
28.135
27.551
26.939
26.297
25.628
24.931
24.207
23.455
22.677
21.873
21.044
20.19
19.312
18.411
17.487
16.542
15.576
14.591
13.588
12.567
11.53
10.478
9.4128
8.3349
7.2462
6.1478
5.0412
3.928
2.8095
1.6872
0.56264
-0.56108
-1.6791
-2.7962
-2.9696
-1.7832
-0.59586
0.59752
1.7918
2.9836
4.1714
5.3537
6.5289
7.6953
8.8516
9.9963
11.128
12.245
13.346
14.43
15.496
16.542
17.567
18.571
19.552
20.509
21.441
22.348
23.229
24.083
24.909
25.707
26.476
27.217
27.928
28.608
29.259
29.879
30.469
31.028
31.556
32.052
32.518
32.953
33.356
33.728
34.069
34.379
34.657
34.905
35.121
35.307
35.461
35.585
35.677
35.739
35.77
35.77
35.739
35.677
35.585
35.461
35.307
35.121
34.905
34.657
34.379
34.069
33.728
33.356
32.953
32.518
32.052
31.556
31.028
30.469
29.879
29.259
28.608
27.928
27.217
26.476
25.707
24.909
24.083
23.229
22.348
21.441
20.509
19.552
18.571
17.567
16.542
15.496
14.43
13.346
12.245
11.128
9.9963
8.8516
7.6953
6.5289
5.3537
4.1714
2.9836
1.7918
0.59752
-0.59586
-1.7832
-2.9696
-3.1392
-1.885
-0.6299
0.63166
1.8941
3.1541
4.4098
5.6596
6.9018
8.135
9.3573
10.567
11.764
12.944
14.109
15.255
16.381
17.487
18.571
19.632
20.669
21.681
22.666
23.625
24.556
25.459
26.332
27.176
27.989
28.772
29.523
30.243
30.931
31.586
32.21
32.8
33.358
33.884
34.376
34.835
35.262
35.655
36.015
36.343
36.637
36.899
37.128
37.324
37.487
37.618
37.715
37.781
37.813
37.813
37.781
37.715
37.618
37.487
37.324
37.128
36.899
36.637
36.343
36.015
35.655
35.262
34.835
34.376
33.884
33.358
32.8
32.21
31.586
30.931
30.243
29.523
28.772
27.989
27.176
26.332
25.459
24.556
23.625
22.666
21.681
20.669
19.632
18.571
17.487
16.381
15.255
14.109
12.944
11.764
10.567
9.3573
8.135
6.9018
5.6596
4.4098
3.1541
1.8941
0.63166
-0.6299
-1.885
-3.1392
-3.305
-1.9846
-0.66317
0.66502
1.9942
3.3206
4.6427
5.9585
7.2664
8.5646
9.8515
11.125
12.385
13.628
14.854
16.06
17.246
18.411
19.552
20.669
21.76
22.826
23.863
24.873
25.853
26.803
27.723
28.611
29.467
30.291
31.082
31.84
32.564
33.255
33.911
34.533
35.12
35.673
36.191
36.675
37.124
37.538
37.917
38.262
38.572
38.848
39.089
39.295
39.467
39.604
39.707
39.776
39.81
39.81
39.776
39.707
39.604
39.467
39.295
39.089
38.848
38.572
38.262
37.917
37.538
37.124
36.675
36.191
35.673
35.12
34.533
33.911
33.255
32.564
31.84
31.082
30.291
29.467
28.611
27.723
26.803
25.853
24.873
23.863
22.826
21.76
20.669
19.552
18.411
17.246
16.06
14.854
13.628
12.385
11.125
9.8515
8.5646
7.2664
5.9585
4.6427
3.3206
1.9942
0.66502
-0.66317
-1.9846
-3.305
-3.4668
-2.0817
-0.69563
0.69757
2.0918
3.4832
4.8699
6.2501
7.6221
8.9838
10.334
11.67
12.991
14.295
15.581
16.846
18.091
19.312
20.509
21.681
22.826
23.943
25.031
26.09
27.118
28.115
29.08
30.012
30.91
31.774
32.604
33.399
34.158
34.882
35.571
36.223
36.839
37.419
37.963
38.47
38.941
39.376
39.774
40.135
40.46
40.749
41.002
41.218
41.399
41.543
41.651
41.723
41.759
41.759
41.723
41.651
41.543
41.399
41.218
41.002
40.749
40.46
40.135
39.774
39.376
38.941
38.47
37.963
37.419
36.839
36.223
35.571
34.882
34.158
33.399
32.604
31.774
30.91
30.012
29.08
28.115
27.118
26.09
25.031
23.943
22.826
21.681
20.509
19.312
18.091
16.846
15.581
14.295
12.991
11.67
10.334
8.9838
7.6221
6.2501
4.8699
3.4832
2.0918
0.69757
-0.69563
-2.0817
-3.4668
-3.6244
-2.1764
-0.72726
0.72928
2.1869
3.6415
5.0913
6.5343
7.9686
9.3923
10.804
12.201
13.582
14.945
16.289
17.612
18.913
20.19
21.441
22.666
23.863
25.031
26.17
27.276
28.351
29.393
30.402
31.376
32.315
33.219
34.086
34.917
35.711
36.468
37.188
37.87
38.514
39.121
39.689
40.219
40.712
41.166
41.582
41.96
42.3
42.602
42.866
43.093
43.281
43.432
43.545
43.62
43.658
43.658
43.62
43.545
43.432
43.281
43.093
42.866
42.602
42.3
41.96
41.582
41.166
40.712
40.219
39.689
39.121
38.514
37.87
37.188
36.468
35.711
34.917
34.086
33.219
32.315
31.376
30.402
29.393
28.351
27.276
26.17
25.031
23.863
22.666
21.441
20.19
18.913
17.612
16.289
14.945
13.582
12.201
10.804
9.3923
7.9686
6.5343
5.0913
3.6415
2.1869
0.72928
-0.72726
-2.1764
-3.6244
-3.7777
-2.2684
-0.75802
0.76013
2.2794
3.7956
5.3067
6.8107
8.3056
9.7896
11.261
12.717
14.156
15.577
16.978
18.357
19.713
21.044
22.348
23.625
24.873
26.09
27.276
28.43
29.551
30.637
31.688
32.703
33.682
34.624
35.528
36.394
37.222
38.011
38.761
39.472
40.144
40.776
41.368
41.921
42.434
42.907
43.341
43.735
44.089
44.404
44.679
44.915
45.112
45.269
45.387
45.465
45.505
45.505
45.465
45.387
45.269
45.112
44.915
44.679
44.404
44.089
43.735
43.341
42.907
42.434
41.921
41.368
40.776
40.144
39.472
38.761
38.011
37.222
36.394
35.528
34.624
33.682
32.703
31.688
30.637
29.551
28.43
27.276
26.09
24.873
23.625
22.348
21.044
19.713
18.357
16.978
15.577
14.156
12.717
11.261
9.7896
8.3056
6.8107
5.3067
3.7956
2.2794
0.76013
-0.75802
-2.2684
-3.7777
-3.9266
-2.3578
-0.78789
0.79009
2.3692
3.9451
5.5158
7.0791
8.6329
10.175
11.704
13.218
14.714
16.191
17.647
19.081
20.49
21.873
23.229
24.556
25.853
27.118
28.351
29.551
30.715
31.844
32.937
33.992
35.009
35.988
36.928
37.828
38.689
39.509
40.289
41.028
41.726
42.382
42.998
43.573
44.106
44.598
45.049
45.458
45.827
46.154
46.44
46.685
46.89
47.053
47.175
47.257
47.298
47.298
47.257
47.175
47.053
46.89
46.685
46.44
46.154
45.827
45.458
45.049
44.598
44.106
43.573
42.998
42.382
41.726
41.028
40.289
39.509
38.689
37.828
36.928
35.988
35.009
33.992
32.937
31.844
30.715
29.551
28.351
27.118
25.853
24.556
23.229
21.873
20.49
19.081
17.647
16.191
14.714
13.218
11.704
10.175
8.6329
7.0791
5.5158
3.9451
2.3692
0.79009
-0.78789
-2.3578
-3.9266
-4.0709
-2.4445
-0.81685
0.81913
2.4563
4.0901
5.7185
7.3393
8.9503
10.549
12.134
13.704
15.255
16.786
18.296
19.782
21.243
22.677
24.083
25.459
26.803
28.115
29.393
30.637
31.844
33.015
34.147
35.241
36.296
37.311
38.285
39.219
40.111
40.961
41.77
42.536
43.259
43.94
44.579
45.174
45.727
46.237
46.705
47.129
47.511
47.851
48.147
48.401
48.613
48.783
48.909
48.994
49.036
49.036
48.994
48.909
48.783
48.613
48.401
48.147
47.851
47.511
47.129
46.705
46.237
45.727
45.174
44.579
43.94
43.259
42.536
41.77
40.961
40.111
39.219
38.285
37.311
36.296
35.241
34.147
33.015
31.844
30.637
29.393
28.115
26.803
25.459
24.083
22.677
21.243
19.782
18.296
16.786
15.255
13.704
12.134
10.549
8.9503
7.3393
5.7185
4.0901
2.4563
0.81913
-0.81685
-2.4445
-4.0709
-4.2106
-2.5283
-0.84487
0.84723
2.5406
4.2305
5.9147
7.5911
9.2573
10.911
12.551
14.174
15.778
17.362
18.924
20.461
21.972
23.455
24.909
26.332
27.723
29.08
30.402
31.688
32.937
34.147
35.319
36.45
37.541
38.591
39.599
40.564
41.487
42.367
43.203
43.995
44.743
45.448
46.108
46.724
47.296
47.824
48.307
48.746
49.141
49.492
49.799
50.062
50.281
50.456
50.588
50.675
50.719
50.719
50.675
50.588
50.456
50.281
50.062
49.799
49.492
49.141
48.746
48.307
47.824
47.296
46.724
46.108
45.448
44.743
43.995
43.203
42.367
41.487
40.564
39.599
38.591
37.541
36.45
35.319
34.147
32.937
31.688
30.402
29.08
27.723
26.332
24.909
23.455
21.972
20.461
18.924
17.362
15.778
14.174
12.551
10.911
9.2573
7.5911
5.9147
4.2305
2.5406
0.84723
-0.84487
-2.5283
-4.2106
-4.3455
-2.6093
-0.87194
0.87437
2.6219
4.366
6.1042
7.8343
9.5539
11.261
12.953
14.628
16.284
17.918
19.53
21.116
22.676
24.207
25.707
27.176
28.611
30.012
31.376
32.703
33.992
35.241
36.45
37.618
38.744
39.828
40.868
41.864
42.816
43.724
44.587
45.405
46.177
46.904
47.585
48.221
48.811
49.356
49.855
50.308
50.716
51.078
51.395
51.666
51.892
52.073
52.208
52.299
52.344
52.344
52.299
52.208
52.073
51.892
51.666
51.395
51.078
50.716
50.308
49.855
49.356
48.811
48.221
47.585
46.904
46.177
45.405
44.587
43.724
42.816
41.864
40.868
39.828
38.744
37.618
36.45
35.241
33.992
32.703
31.376
30.012
28.611
27.176
25.707
24.207
22.676
21.116
19.53
17.918
16.284
14.628
12.953
11.261
9.5539
7.8343
6.1042
4.366
2.6219
0.87437
-0.87194
-2.6093
-4.3455
-4.4755
-2.6874
-0.89804
0.90054
2.7004
4.4967
6.2869
8.0688
9.8398
11.598
13.341
15.066
16.771
18.455
20.114
21.748
23.354
24.931
26.476
27.989
29.467
30.91
32.315
33.682
35.009
36.296
37.541
38.744
39.904
41.02
42.091
43.117
44.098
45.033
45.921
46.764
47.559
48.308
49.01
49.665
50.272
50.833
51.347
51.814
52.234
52.607
52.933
53.213
53.445
53.631
53.771
53.864
53.911
53.911
53.864
53.771
53.631
53.445
53.213
52.933
52.607
52.234
51.814
51.347
50.833
50.272
49.665
49.01
48.308
47.559
46.764
45.921
45.033
44.098
43.117
42.091
41.02
39.904
38.744
37.541
36.296
35.009
33.682
32.315
30.91
29.467
27.989
26.476
24.931
23.354
21.748
20.114
18.455
16.771
15.066
13.341
11.598
9.8398
8.0688
6.2869
4.4967
2.7004
0.90054
-0.89804
-2.6874
-4.4755
-4.6007
-2.7626
-0.92315
0.92572
2.7759
4.6224
6.4627
8.2944
10.115
11.922
13.714
15.487
17.24
18.971
20.677
22.356
24.007
25.628
27.217
28.772
30.291
31.774
33.219
34.624
35.988
37.311
38.591
39.828
41.02
42.167
43.268
44.323
45.331
46.292
47.205
48.071
48.889
49.659
50.38
51.053
51.678
52.255
52.783
53.263
53.694
54.078
54.413
54.7
54.94
55.131
55.275
55.37
55.418
55.418
55.37
55.275
55.131
54.94
54.7
54.413
54.078
53.694
53.263
52.783
52.255
51.678
51.053
50.38
49.659
48.889
48.071
47.205
46.292
45.331
44.323
43.268
42.167
41.02
39.828
38.591
37.311
35.988
34.624
33.219
31.774
30.291
28.772
27.217
25.628
24.007
22.356
20.677
18.971
17.24
15.487
13.714
11.922
10.115
8.2944
6.4627
4.6224
2.7759
0.92572
-0.92315
-2.7626
-4.6007
-4.7208
-2.8347
-0.94726
0.9499
2.8484
4.7431
6.6315
8.511
10.379
12.233
14.072
15.891
17.69
19.466
21.217
22.94
24.634
26.297
27.928
29.523
31.082
32.604
34.086
35.528
36.928
38.285
39.599
40.868
42.091
43.268
44.398
45.48
46.515
47.501
48.438
49.327
50.166
50.956
51.696
52.387
53.028
53.619
54.161
54.654
55.097
55.49
55.834
56.129
56.375
56.571
56.718
56.816
56.865
56.865
56.816
56.718
56.571
56.375
56.129
55.834
55.49
55.097
54.654
54.161
53.619
53.028
52.387
51.696
50.956
50.166
49.327
48.438
47.501
46.515
45.48
44.398
43.268
42.091
40.868
39.599
38.285
36.928
35.528
34.086
32.604
31.082
29.523
27.928
26.297
24.634
22.94
21.217
19.466
17.69
15.891
14.072
12.233
10.379
8.511
6.6315
4.7431
2.8484
0.9499
-0.94726
-2.8347
-4.7208
-4.8359
-2.9038
-0.97035
0.97306
2.9179
4.8588
6.7931
8.7185
10.632
12.532
14.415
16.279
18.121
19.941
21.734
23.499
25.235
26.939
28.608
30.243
31.84
33.399
34.917
36.394
37.828
39.219
40.564
41.864
43.117
44.323
45.48
46.589
47.649
48.659
49.619
50.529
51.389
52.198
52.956
53.664
54.321
54.927
55.482
55.986
56.44
56.843
57.196
57.498
57.749
57.95
58.101
58.202
58.252
58.252
58.202
58.101
57.95
57.749
57.498
57.196
56.843
56.44
55.986
55.482
54.927
54.321
53.664
52.956
52.198
51.389
50.529
49.619
48.659
47.649
46.589
45.48
44.323
43.117
41.864
40.564
39.219
37.828
36.394
34.917
33.399
31.84
30.243
28.608
26.939
25.235
23.499
21.734
19.941
18.121
16.279
14.415
12.532
10.632
8.7185
6.7931
4.8588
2.9179
0.97306
-0.97035
-2.9038
-4.8359
-4.9459
-2.9699
-0.99242
0.99519
2.9842
4.9693
6.9477
8.9168
10.874
12.817
14.743
16.649
18.534
20.394
22.228
24.034
25.809
27.551
29.259
30.931
32.564
34.158
35.711
37.222
38.689
40.111
41.487
42.816
44.098
45.331
46.515
47.649
48.733
49.766
50.748
51.679
52.558
53.385
54.161
54.885
55.556
56.176
56.744
57.26
57.724
58.136
58.497
58.805
59.063
59.268
59.423
59.525
59.577
59.577
59.525
59.423
59.268
59.063
58.805
58.497
58.136
57.724
57.26
56.744
56.176
55.556
54.885
54.161
53.385
52.558
51.679
50.748
49.766
48.733
47.649
46.515
45.331
44.098
42.816
41.487
40.111
38.689
37.222
35.711
34.158
32.564
30.931
29.259
27.551
25.809
24.034
22.228
20.394
18.534
16.649
14.743
12.817
10.874
8.9168
6.9477
4.9693
2.9842
0.99519
-0.99242
-2.9699
-4.9459
-5.0507
-3.0328
-1.0135
1.0163
3.0475
5.0746
7.0949
9.1058
11.105
13.088
15.055
17.002
18.927
20.827
22.7
24.543
26.356
28.135
29.879
31.586
33.255
34.882
36.468
38.011
39.509
40.961
42.367
43.724
45.033
46.292
47.501
48.659
49.766
50.821
51.824
52.774
53.672
54.517
55.309
56.048
56.734
57.367
57.947
58.474
58.948
59.369
59.737
60.052
60.315
60.525
60.682
60.787
60.84
60.84
60.787
60.682
60.525
60.315
60.052
59.737
59.369
58.948
58.474
57.947
57.367
56.734
56.048
55.309
54.517
53.672
52.774
51.824
50.821
49.766
48.659
47.501
46.292
45.033
43.724
42.367
40.961
39.509
38.011
36.468
34.882
33.255
31.586
29.879
28.135
26.356
24.543
22.7
20.827
18.927
17.002
15.055
13.088
11.105
9.1058
7.0949
5.0746
3.0475
1.0163
-1.0135
-3.0328
-5.0507
-5.1504
-3.0927
-1.0335
1.0363
3.1076
5.1747
7.2349
9.2855
11.324
13.347
15.352
17.337
19.3
21.237
23.147
25.028
26.876
28.69
30.469
32.21
33.911
35.571
37.188
38.761
40.289
41.77
43.203
44.587
45.921
47.205
48.438
49.619
50.748
51.824
52.846
53.816
54.731
55.593
56.401
57.154
57.854
58.499
59.09
59.628
60.111
60.54
60.916
61.237
61.505
61.719
61.88
61.987
62.041
62.041
61.987
61.88
61.719
61.505
61.237
60.916
60.54
60.111
59.628
59.09
58.499
57.854
57.154
56.401
55.593
54.731
53.816
52.846
51.824
50.748
49.619
48.438
47.205
45.921
44.587
43.203
41.77
40.289
38.761
37.188
35.571
33.911
32.21
30.469
28.69
26.876
25.028
23.147
21.237
19.3
17.337
15.352
13.347
11.324
9.2855
7.2349
5.1747
3.1076
1.0363
-1.0335
-3.0927
-5.1504
-5.2449
-3.1494
-1.0524
1.0553
3.1646
5.2697
7.3676
9.4558
11.531
13.592
15.634
17.655
19.654
21.627
23.572
25.487
27.369
29.217
31.028
32.8
34.533
36.223
37.87
39.472
41.028
42.536
43.995
45.405
46.764
48.071
49.327
50.529
51.679
52.774
53.816
54.803
55.735
56.612
57.435
58.202
58.915
59.572
60.174
60.721
61.213
61.651
62.033
62.36
62.633
62.851
63.015
63.124
63.179
63.179
63.124
63.015
62.851
62.633
62.36
62.033
61.651
61.213
60.721
60.174
59.572
58.915
58.202
57.435
56.612
55.735
54.803
53.816
52.774
51.679
50.529
49.327
48.071
46.764
45.405
43.995
42.536
41.028
39.472
37.87
36.223
34.533
32.8
31.028
29.217
27.369
25.487
23.572
21.627
19.654
17.655
15.634
13.592
11.531
9.4558
7.3676
5.2697
3.1646
1.0553
-1.0524
-3.1494
-5.2449
-5.3341
-3.203
-1.0703
1.0733
3.2185
5.3593
7.493
9.6166
11.727
13.823
15.9
17.956
19.988
21.995
23.973
25.92
27.835
29.714
31.556
33.358
35.12
36.839
38.514
40.144
41.726
43.259
44.743
46.177
47.559
48.889
50.166
51.389
52.558
53.672
54.731
55.735
56.683
57.576
58.412
59.193
59.917
60.586
61.198
61.754
62.255
62.699
63.088
63.421
63.699
63.921
64.087
64.198
64.253
64.253
64.198
64.087
63.921
63.699
63.421
63.088
62.699
62.255
61.754
61.198
60.586
59.917
59.193
58.412
57.576
56.683
55.735
54.731
53.672
52.558
51.389
50.166
48.889
47.559
46.177
44.743
43.259
41.726
40.144
38.514
36.839
35.12
33.358
31.556
29.714
27.835
25.92
23.973
21.995
19.988
17.956
15.9
13.823
11.727
9.6166
7.493
5.3593
3.2185
1.0733
-1.0703
-3.203
-5.3341
-5.4181
-3.2534
-1.0872
1.0902
3.2691
5.4437
7.6109
9.768
11.912
14.04
16.15
18.238
20.303
22.341
24.35
26.328
28.273
30.182
32.052
33.884
35.673
37.419
39.121
40.776
42.382
43.94
45.448
46.904
48.308
49.659
50.956
52.198
53.385
54.517
55.593
56.612
57.576
58.482
59.332
60.125
60.86
61.539
62.161
62.727
63.235
63.687
64.082
64.42
64.702
64.927
65.096
65.209
65.265
65.265
65.209
65.096
64.927
64.702
64.42
64.082
63.687
63.235
62.727
62.161
61.539
60.86
60.125
59.332
58.482
57.576
56.612
55.593
54.517
53.385
52.198
50.956
49.659
48.308
46.904
45.448
43.94
42.382
40.776
39.121
37.419
35.673
33.884
32.052
30.182
28.273
26.328
24.35
22.341
20.303
18.238
16.15
14.04
11.912
9.768
7.6109
5.4437
3.2691
1.0902
-1.0872
-3.2534
-5.4181
-5.4968
-3.3007
-1.103
1.106
3.3166
5.5228
7.7215
9.9099
12.085
14.244
16.385
18.503
20.598
22.666
24.704
26.711
28.684
30.62
32.518
34.376
36.191
37.963
39.689
41.368
42.998
44.579
46.108
47.585
49.01
50.38
51.696
52.956
54.161
55.309
56.401
57.435
58.412
59.332
60.194
60.998
61.745
62.434
63.065
63.638
64.154
64.612
65.013
65.356
65.642
65.87
66.042
66.156
66.213
66.213
66.156
66.042
65.87
65.642
65.356
65.013
64.612
64.154
63.638
63.065
62.434
61.745
60.998
60.194
59.332
58.412
57.435
56.401
55.309
54.161
52.956
51.696
50.38
49.01
47.585
46.108
44.579
42.998
41.368
39.689
37.963
36.191
34.376
32.518
30.62
28.684
26.711
24.704
22.666
20.598
18.503
16.385
14.244
12.085
9.9099
7.7215
5.5228
3.3166
1.106
-1.103
-3.3007
-5.4968
-5.5702
-3.3448
-1.1177
1.1208
3.3609
5.5965
7.8247
10.042
12.247
14.435
16.604
18.751
20.873
22.969
25.034
27.068
29.067
31.029
32.953
34.835
36.675
38.47
40.219
41.921
43.573
45.174
46.724
48.221
49.665
51.053
52.387
53.664
54.885
56.048
57.154
58.202
59.193
60.125
60.998
61.813
62.57
63.268
63.907
64.488
65.011
65.475
65.881
66.229
66.519
66.751
66.924
67.04
67.098
67.098
67.04
66.924
66.751
66.519
66.229
65.881
65.475
65.011
64.488
63.907
63.268
62.57
61.813
60.998
60.125
59.193
58.202
57.154
56.048
54.885
53.664
52.387
51.053
49.665
48.221
46.724
45.174
43.573
41.921
40.219
38.47
36.675
34.835
32.953
31.029
29.067
27.068
25.034
22.969
20.873
18.751
16.604
14.435
12.247
10.042
7.8247
5.5965
3.3609
1.1208
-1.1177
-3.3448
-5.5702
-5.6384
-3.3857
-1.1314
1.1345
3.4021
5.665
7.9204
10.165
12.397
14.611
16.807
18.98
21.129
23.25
25.341
27.399
29.423
31.409
33.356
35.262
37.124
38.941
40.712
42.434
44.106
45.727
47.296
48.811
50.272
51.678
53.028
54.321
55.556
56.734
57.854
58.915
59.917
60.86
61.745
62.57
63.336
64.042
64.69
65.278
65.807
66.277
66.688
67.04
67.333
67.568
67.744
67.861
67.919
67.919
67.861
67.744
67.568
67.333
67.04
66.688
66.277
65.807
65.278
64.69
64.042
63.336
62.57
61.745
60.86
59.917
58.915
57.854
56.734
55.556
54.321
53.028
51.678
50.272
48.811
47.296
45.727
44.106
42.434
40.712
38.941
37.124
35.262
33.356
31.409
29.423
27.399
25.341
23.25
21.129
18.98
16.807
14.611
12.397
10.165
7.9204
5.665
3.4021
1.1345
-1.1314
-3.3857
-5.6384
-5.7013
-3.4235
-1.144
1.1472
3.44
5.7282
8.0088
10.279
12.535
14.774
16.994
19.192
21.364
23.509
25.623
27.705
29.751
31.759
33.728
35.655
37.538
39.376
41.166
42.907
44.598
46.237
47.824
49.356
50.833
52.255
53.619
54.927
56.176
57.367
58.499
59.572
60.586
61.539
62.434
63.268
64.042
64.757
65.411
66.006
66.541
67.016
67.432
67.788
68.084
68.321
68.499
68.618
68.677
68.677
68.618
68.499
68.321
68.084
67.788
67.432
67.016
66.541
66.006
65.411
64.757
64.042
63.268
62.434
61.539
60.586
59.572
58.499
57.367
56.176
54.927
53.619
52.255
50.833
49.356
47.824
46.237
44.598
42.907
41.166
39.376
37.538
35.655
33.728
31.759
29.751
27.705
25.623
23.509
21.364
19.192
16.994
14.774
12.535
10.279
8.0088
5.7282
3.44
1.1472
-1.144
-3.4235
-5.7013
-5.7589
-3.4581
-1.1556
1.1588
3.4748
5.7861
8.0897
10.383
12.661
14.924
17.166
19.386
21.58
23.747
25.882
27.985
30.051
32.08
34.069
36.015
37.917
39.774
41.582
43.341
45.049
46.705
48.307
49.855
51.347
52.783
54.161
55.482
56.744
57.947
59.09
60.174
61.198
62.161
63.065
63.907
64.69
65.411
66.072
66.673
67.213
67.694
68.113
68.473
68.773
69.012
69.192
69.311
69.371
69.371
69.311
69.192
69.012
68.773
68.473
68.113
67.694
67.213
66.673
66.072
65.411
64.69
63.907
63.065
62.161
61.198
60.174
59.09
57.947
56.744
55.482
54.161
52.783
51.347
49.855
48.307
46.705
45.049
43.341
41.582
39.774
37.917
36.015
34.069
32.08
30.051
27.985
25.882
23.747
21.58
19.386
17.166
14.924
12.661
10.383
8.0897
5.7861
3.4748
1.1588
-1.1556
-3.4581
-5.7589
-5.8112
-3.4895
-1.1661
1.1693
3.5064
5.8387
8.1633
10.477
12.777
15.059
17.322
19.562
21.776
23.963
26.118
28.239
30.325
32.372
34.379
36.343
38.262
40.135
41.96
43.735
45.458
47.129
48.746
50.308
51.814
53.263
54.654
55.986
57.26
58.474
59.628
60.721
61.754
62.727
63.638
64.488
65.278
66.006
66.673
67.279
67.825
68.309
68.733
69.096
69.398
69.64
69.821
69.942
70.002
70.002
69.942
69.821
69.64
69.398
69.096
68.733
68.309
67.825
67.279
66.673
66.006
65.278
64.488
63.638
62.727
61.754
60.721
59.628
58.474
57.26
55.986
54.654
53.263
51.814
50.308
48.746
47.129
45.458
43.735
41.96
40.135
38.262
36.343
34.379
32.372
30.325
28.239
26.118
23.963
21.776
19.562
17.322
15.059
12.777
10.477
8.1633
5.8387
3.5064
1.1693
-1.1661
-3.4895
-5.8112
-5.8583
-3.5178
-1.1755
1.1788
3.5348
5.886
8.2294
10.562
12.88
15.181
17.462
19.721
21.953
24.157
26.329
28.468
30.57
32.634
34.657
36.637
38.572
40.46
42.3
44.089
45.827
47.511
49.141
50.716
52.234
53.694
55.097
56.44
57.724
58.948
60.111
61.213
62.255
63.235
64.154
65.011
65.807
66.541
67.213
67.825
68.374
68.863
69.29
69.656
69.96
70.204
70.387
70.508
70.569
70.569
70.508
70.387
70.204
69.96
69.656
69.29
68.863
68.374
67.825
67.213
66.541
65.807
65.011
64.154
63.235
62.255
61.213
60.111
58.948
57.724
56.44
55.097
53.694
52.234
50.716
49.141
47.511
45.827
44.089
42.3
40.46
38.572
36.637
34.657
32.634
30.57
28.468
26.329
24.157
21.953
19.721
17.462
15.181
12.88
10.562
8.2294
5.886
3.5348
1.1788
-1.1755
-3.5178
-5.8583
-5.9002
-3.5429
-1.1839
1.1872
3.56
5.9281
8.2882
10.637
12.972
15.29
17.587
19.861
22.11
24.329
26.517
28.671
30.789
32.867
34.905
36.899
38.848
40.749
42.602
44.404
46.154
47.851
49.492
51.078
52.607
54.078
55.49
56.843
58.136
59.369
60.54
61.651
62.699
63.687
64.612
65.475
66.277
67.016
67.694
68.309
68.863
69.354
69.785
70.153
70.46
70.705
70.889
71.012
71.073
71.073
71.012
70.889
70.705
70.46
70.153
69.785
69.354
68.863
68.309
67.694
67.016
66.277
65.475
64.612
63.687
62.699
61.651
60.54
59.369
58.136
56.843
55.49
54.078
52.607
51.078
49.492
47.851
46.154
44.404
42.602
40.749
38.848
36.899
34.905
32.867
30.789
28.671
26.517
24.329
22.11
19.861
17.587
15.29
12.972
10.637
8.2882
5.9281
3.56
1.1872
-1.1839
-3.5429
-5.9002
-5.9368
-3.5649
-1.1912
1.1946
3.5821
5.9648
8.3396
10.703
13.053
15.385
17.696
19.985
22.247
24.48
26.682
28.849
30.98
33.071
35.121
37.128
39.089
41.002
42.866
44.679
46.44
48.147
49.799
51.395
52.933
54.413
55.834
57.196
58.497
59.737
60.916
62.033
63.088
64.082
65.013
65.881
66.688
67.432
68.113
68.733
69.29
69.785
70.217
70.588
70.897
71.144
71.329
71.452
71.514
71.514
71.452
71.329
71.144
70.897
70.588
70.217
69.785
69.29
68.733
68.113
67.432
66.688
65.881
65.013
64.082
63.088
62.033
60.916
59.737
58.497
57.196
55.834
54.413
52.933
51.395
49.799
48.147
46.44
44.679
42.866
41.002
39.089
37.128
35.121
33.071
30.98
28.849
26.682
24.48
22.247
19.985
17.696
15.385
13.053
10.703
8.3396
5.9648
3.5821
1.1946
-1.1912
-3.5649
-5.9368
-5.9681
-3.5837
-1.1975
1.2009
3.601
5.9963
8.3836
10.76
13.121
15.466
17.79
20.09
22.364
24.609
26.823
29.001
31.143
33.246
35.307
37.324
39.295
41.218
43.093
44.915
46.685
48.401
50.062
51.666
53.213
54.7
56.129
57.498
58.805
60.052
61.237
62.36
63.421
64.42
65.356
66.229
67.04
67.788
68.473
69.096
69.656
70.153
70.588
70.961
71.271
71.52
71.706
71.83
71.892
71.892
71.83
71.706
71.52
71.271
70.961
70.588
70.153
69.656
69.096
68.473
67.788
67.04
66.229
65.356
64.42
63.421
62.36
61.237
60.052
58.805
57.498
56.129
54.7
53.213
51.666
50.062
48.401
46.685
44.915
43.093
41.218
39.295
37.324
35.307
33.246
31.143
29.001
26.823
24.609
22.364
20.09
17.79
15.466
13.121
10.76
8.3836
5.9963
3.601
1.2009
-1.1975
-3.5837
-5.9681
-5.9942
-3.5994
-1.2028
1.2061
3.6168
6.0226
8.4203
10.807
13.179
15.533
17.867
20.178
22.462
24.717
26.94
29.128
31.279
33.391
35.461
37.487
39.467
41.399
43.281
45.112
46.89
48.613
50.281
51.892
53.445
54.94
56.375
57.749
59.063
60.315
61.505
62.633
63.699
64.702
65.642
66.519
67.333
68.084
68.773
69.398
69.96
70.46
70.897
71.271
71.583
71.832
72.019
72.144
72.206
72.206
72.144
72.019
71.832
71.583
71.271
70.897
70.46
69.96
69.398
68.773
68.084
67.333
66.519
65.642
64.702
63.699
62.633
61.505
60.315
59.063
57.749
56.375
54.94
53.445
51.892
50.281
48.613
46.89
45.112
43.281
41.399
39.467
37.487
35.461
33.391
31.279
29.128
26.94
24.717
22.462
20.178
17.867
15.533
13.179
10.807
8.4203
6.0226
3.6168
1.2061
-1.2028
-3.5994
-5.9942
-6.0151
-3.6119
-1.207
1.2103
3.6294
6.0435
8.4496
10.844
13.225
15.588
17.93
20.248
22.54
24.803
27.034
29.23
31.388
33.507
35.585
37.618
39.604
41.543
43.432
45.269
47.053
48.783
50.456
52.073
53.631
55.131
56.571
57.95
59.268
60.525
61.719
62.851
63.921
64.927
65.87
66.751
67.568
68.321
69.012
69.64
70.204
70.705
71.144
71.52
71.832
72.083
72.27
72.395
72.458
72.458
72.395
72.27
72.083
71.832
71.52
71.144
70.705
70.204
69.64
69.012
68.321
67.568
66.751
65.87
64.927
63.921
62.851
61.719
60.525
59.268
57.95
56.571
55.131
53.631
52.073
50.456
48.783
47.053
45.269
43.432
41.543
39.604
37.618
35.585
33.507
31.388
29.23
27.034
24.803
22.54
20.248
17.93
15.588
13.225
10.844
8.4496
6.0435
3.6294
1.2103
-1.207
-3.6119
-6.0151
-6.0307
-3.6213
-1.2101
1.2135
3.6388
6.0593
8.4716
10.873
13.259
15.628
17.976
20.301
22.599
24.868
27.104
29.306
31.47
33.595
35.677
37.715
39.707
41.651
43.545
45.387
47.175
48.909
50.588
52.208
53.771
55.275
56.718
58.101
59.423
60.682
61.88
63.015
64.087
65.096
66.042
66.924
67.744
68.499
69.192
69.821
70.387
70.889
71.329
71.706
72.019
72.27
72.458
72.584
72.646
72.646
72.584
72.458
72.27
72.019
71.706
71.329
70.889
70.387
69.821
69.192
68.499
67.744
66.924
66.042
65.096
64.087
63.015
61.88
60.682
59.423
58.101
56.718
55.275
53.771
52.208
50.588
48.909
47.175
45.387
43.545
41.651
39.707
37.715
35.677
33.595
31.47
29.306
27.104
24.868
22.599
20.301
17.976
15.628
13.259
10.873
8.4716
6.0593
3.6388
1.2135
-1.2101
-3.6213
-6.0307
-6.0412
-3.6276
-1.2122
1.2156
3.6451
6.0697
8.4863
10.891
13.282
15.655
18.007
20.336
22.638
24.911
27.151
29.356
31.524
33.653
35.739
37.781
39.776
41.723
43.62
45.465
47.257
48.994
50.675
52.299
53.864
55.37
56.816
58.202
59.525
60.787
61.987
63.124
64.198
65.209
66.156
67.04
67.861
68.618
69.311
69.942
70.508
71.012
71.452
71.83
72.144
72.395
72.584
72.709
72.772
72.772
72.709
72.584
72.395
72.144
71.83
71.452
71.012
70.508
69.942
69.311
68.618
67.861
67.04
66.156
65.209
64.198
63.124
61.987
60.787
59.525
58.202
56.816
55.37
53.864
52.299
50.675
48.994
47.257
45.465
43.62
41.723
39.776
37.781
35.739
33.653
31.524
29.356
27.151
24.911
22.638
20.336
18.007
15.655
13.282
10.891
8.4863
6.0697
3.6451
1.2156
-1.2122
-3.6276
-6.0412
-6.0464
-3.6307
-1.2132
1.2166
3.6482
6.075
8.4936
10.901
13.294
15.669
18.023
20.354
22.658
24.932
27.174
29.382
31.552
33.682
35.77
37.813
39.81
41.759
43.658
45.505
47.298
49.036
50.719
52.344
53.911
55.418
56.865
58.252
59.577
60.84
62.041
63.179
64.253
65.265
66.213
67.098
67.919
68.677
69.371
70.002
70.569
71.073
71.514
71.892
72.206
72.458
72.646
72.772
72.835
72.835
72.772
72.646
72.458
72.206
71.892
71.514
71.073
70.569
70.002
69.371
68.677
67.919
67.098
66.213
65.265
64.253
63.179
62.041
60.84
59.577
58.252
56.865
55.418
53.911
52.344
50.719
49.036
47.298
45.505
43.658
41.759
39.81
37.813
35.77
33.682
31.552
29.382
27.174
24.932
22.658
20.354
18.023
15.669
13.294
10.901
8.4936
6.075
3.6482
1.2166
-1.2132
-3.6307
-6.0464
-6.0464
-3.6307
-1.2132
1.2166
3.6482
6.075
8.4936
10.901
13.294
15.669
18.023
20.354
22.658
24.932
27.174
29.382
31.552
33.682
35.77
37.813
39.81
41.759
43.658
45.505
47.298
49.036
50.719
52.344
53.911
55.418
56.865
58.252
59.577
60.84
62.041
63.179
64.253
65.265
66.213
67.098
67.919
68.677
69.371
70.002
70.569
71.073
71.514
71.892
72.206
72.458
72.646
72.772
72.835
72.835
72.772
72.646
72.458
72.206
71.892
71.514
71.073
70.569
70.002
69.371
68.677
67.919
67.098
66.213
65.265
64.253
63.179
62.041
60.84
59.577
58.252
56.865
55.418
53.911
52.344
50.719
49.036
47.298
45.505
43.658
41.759
39.81
37.813
35.77
33.682
31.552
29.382
27.174
24.932
22.658
20.354
18.023
15.669
13.294
10.901
8.4936
6.075
3.6482
1.2166
-1.2132
-3.6307
-6.0464
-6.0412
-3.6276
-1.2122
1.2156
3.6451
6.0697
8.4863
10.891
13.282
15.655
18.007
20.336
22.638
24.911
27.151
29.356
31.524
33.653
35.739
37.781
39.776
41.723
43.62
45.465
47.257
48.994
50.675
52.299
53.864
55.37
56.816
58.202
59.525
60.787
61.987
63.124
64.198
65.209
66.156
67.04
67.861
68.618
69.311
69.942
70.508
71.012
71.452
71.83
72.144
72.395
72.584
72.709
72.772
72.772
72.709
72.584
72.395
72.144
71.83
71.452
71.012
70.508
69.942
69.311
68.618
67.861
67.04
66.156
65.209
64.198
63.124
61.987
60.787
59.525
58.202
56.816
55.37
53.864
52.299
50.675
48.994
47.257
45.465
43.62
41.723
39.776
37.781
35.739
33.653
31.524
29.356
27.151
24.911
22.638
20.336
18.007
15.655
13.282
10.891
8.4863
6.0697
3.6451
1.2156
-1.2122
-3.6276
-6.0412
-6.0307
-3.6213
-1.2101
1.2135
3.6388
6.0593
8.4716
10.873
13.259
15.628
17.976
20.301
22.599
24.868
27.104
29.306
31.47
33.595
35.677
37.715
39.707
41.651
43.545
45.387
47.175
48.909
50.588
52.208
53.771
55.275
56.718
58.101
59.423
60.682
61.88
63.015
64.087
65.096
66.042
66.924
67.744
68.499
69.192
69.821
70.387
70.889
71.329
71.706
72.019
72.27
72.458
72.584
72.646
72.646
72.584
72.458
72.27
72.019
71.706
71.329
70.889
70.387
69.821
69.192
68.499
67.744
66.924
66.042
65.096
64.087
63.015
61.88
60.682
59.423
58.101
56.718
55.275
53.771
52.208
50.588
48.909
47.175
45.387
43.545
41.651
39.707
37.715
35.677
33.595
31.47
29.306
27.104
24.868
22.599
20.301
17.976
15.628
13.259
10.873
8.4716
6.0593
3.6388
1.2135
-1.2101
-3.6213
-6.0307
-6.0151
-3.6119
-1.207
1.2103
3.6294
6.0435
8.4496
10.844
13.225
15.588
17.93
20.248
22.54
24.803
27.034
29.23
31.388
33.507
35.585
37.618
39.604
41.543
43.432
45.269
47.053
48.783
50.456
52.073
53.631
55.131
56.571
57.95
59.268
60.525
61.719
62.851
63.921
64.927
65.87
66.751
67.568
68.321
69.012
69.64
70.204
70.705
71.144
71.52
71.832
72.083
72.27
72.395
72.458
72.458
72.395
72.27
72.083
71.832
71.52
71.144
70.705
70.204
69.64
69.012
68.321
67.568
66.751
65.87
64.927
63.921
62.851
61.719
60.525
59.268
57.95
56.571
55.131
53.631
52.073
50.456
48.783
47.053
45.269
43.432
41.543
39.604
37.618
35.585
33.507
31.388
29.23
27.034
24.803
22.54
20.248
17.93
15.588
13.225
10.844
8.4496
6.0435
3.6294
1.2103
-1.207
-3.6119
-6.0151
-5.9942
-3.5994
-1.2028
1.2061
3.6168
6.0226
8.4203
10.807
13.179
15.533
17.867
20.178
22.462
24.717
26.94
29.128
31.279
33.391
35.461
37.487
39.467
41.399
43.281
45.112
46.89
48.613
50.281
51.892
53.445
54.94
56.375
57.749
59.063
60.315
61.505
62.633
63.699
64.702
65.642
66.519
67.333
68.084
68.773
69.398
69.96
70.46
70.897
71.271
71.583
71.832
72.019
72.144
72.206
72.206
72.144
72.019
71.832
71.583
71.271
70.897
70.46
69.96
69.398
68.773
68.084
67.333
66.519
65.642
64.702
63.699
62.633
61.505
60.315
59.063
57.749
56.375
54.94
53.445
51.892
50.281
48.613
46.89
45.112
43.281
41.399
39.467
37.487
35.461
33.391
31.279
29.128
26.94
24.717
22.462
20.178
17.867
15.533
13.179
10.807
8.4203
6.0226
3.6168
1.2061
-1.2028
-3.5994
-5.9942
-5.9681
-3.5837
-1.1975
1.2009
3.601
5.9963
8.3836
10.76
13.121
15.466
17.79
20.09
22.364
24.609
26.823
29.001
31.143
33.246
35.307
37.324
39.295
41.218
43.093
44.915
46.685
48.401
50.062
51.666
53.213
54.7
56.129
57.498
58.805
60.052
61.237
62.36
63.421
64.42
65.356
66.229
67.04
67.788
68.473
69.096
69.656
70.153
70.588
70.961
71.271
71.52
71.706
71.83
71.892
71.892
71.83
71.706
71.52
71.271
70.961
70.588
70.153
69.656
69.096
68.473
67.788
67.04
66.229
65.356
64.42
63.421
62.36
61.237
60.052
58.805
57.498
56.129
54.7
53.213
51.666
50.062
48.401
46.685
44.915
43.093
41.218
39.295
37.324
35.307
33.246
31.143
29.001
26.823
24.609
22.364
20.09
17.79
15.466
13.121
10.76
8.3836
5.9963
3.601
1.2009
-1.1975
-3.5837
-5.9681
-5.9368
-3.5649
-1.1912
1.1946
3.5821
5.9648
8.3396
10.703
13.053
15.385
17.696
19.985
22.247
24.48
26.682
28.849
30.98
33.071
35.121
37.128
39.089
41.002
42.866
44.679
46.44
48.147
49.799
51.395
52.933
54.413
55.834
57.196
58.497
59.737
60.916
62.033
63.088
64.082
65.013
65.881
66.688
67.432
68.113
68.733
69.29
69.785
70.217
70.588
70.897
71.144
71.329
71.452
71.514
71.514
71.452
71.329
71.144
70.897
70.588
70.217
69.785
69.29
68.733
68.113
67.432
66.688
65.881
65.013
64.082
63.088
62.033
60.916
59.737
58.497
57.196
55.834
54.413
52.933
51.395
49.799
48.147
46.44
44.679
42.866
41.002
39.089
37.128
35.121
33.071
30.98
28.849
26.682
24.48
22.247
19.985
17.696
15.385
13.053
10.703
8.3396
5.9648
3.5821
1.1946
-1.1912
-3.5649
-5.9368
-5.9002
-3.5429
-1.1839
1.1872
3.56
5.9281
8.2882
10.637
12.972
15.29
17.587
19.861
22.11
24.329
26.517
28.671
30.789
32.867
34.905
36.899
38.848
40.749
42.602
44.404
46.154
47.851
49.492
51.078
52.607
54.078
55.49
56.843
58.136
59.369
60.54
61.651
62.699
63.687
64.612
65.475
66.277
67.016
67.694
68.309
68.863
69.354
69.785
70.153
70.46
70.705
70.889
71.012
71.073
71.073
71.012
70.889
70.705
70.46
70.153
69.785
69.354
68.863
68.309
67.694
67.016
66.277
65.475
64.612
63.687
62.699
61.651
60.54
59.369
58.136
56.843
55.49
54.078
52.607
51.078
49.492
47.851
46.154
44.404
42.602
40.749
38.848
36.899
34.905
32.867
30.789
28.671
26.517
24.329
22.11
19.861
17.587
15.29
12.972
10.637
8.2882
5.9281
3.56
1.1872
-1.1839
-3.5429
-5.9002
-5.8583
-3.5178
-1.1755
1.1788
3.5348
5.886
8.2294
10.562
12.88
15.181
17.462
19.721
21.953
24.157
26.329
28.468
30.57
32.634
34.657
36.637
38.572
40.46
42.3
44.089
45.827
47.511
49.141
50.716
52.234
53.694
55.097
56.44
57.724
58.948
60.111
61.213
62.255
63.235
64.154
65.011
65.807
66.541
67.213
67.825
68.374
68.863
69.29
69.656
69.96
70.204
70.387
70.508
70.569
70.569
70.508
70.387
70.204
69.96
69.656
69.29
68.863
68.374
67.825
67.213
66.541
65.807
65.011
64.154
63.235
62.255
61.213
60.111
58.948
57.724
56.44
55.097
53.694
52.234
50.716
49.141
47.511
45.827
44.089
42.3
40.46
38.572
36.637
34.657
32.634
30.57
28.468
26.329
24.157
21.953
19.721
17.462
15.181
12.88
10.562
8.2294
5.886
3.5348
1.1788
-1.1755
-3.5178
-5.8583
-5.8112
-3.4895
-1.1661
1.1693
3.5064
5.8387
8.1633
10.477
12.777
15.059
17.322
19.562
21.776
23.963
26.118
28.239
30.325
32.372
34.379
36.343
38.262
40.135
41.96
43.735
45.458
47.129
48.746
50.308
51.814
53.263
54.654
55.986
57.26
58.474
59.628
60.721
61.754
62.727
63.638
64.488
65.278
66.006
66.673
67.279
67.825
68.309
68.733
69.096
69.398
69.64
69.821
69.942
70.002
70.002
69.942
69.821
69.64
69.398
69.096
68.733
68.309
67.825
67.279
66.673
66.006
65.278
64.488
63.638
62.727
61.754
60.721
59.628
58.474
57.26
55.986
54.654
53.263
51.814
50.308
48.746
47.129
45.458
43.735
41.96
40.135
38.262
36.343
34.379
32.372
30.325
28.239
26.118
23.963
21.776
19.562
17.322
15.059
12.777
10.477
8.1633
5.8387
3.5064
1.1693
-1.1661
-3.4895
-5.8112
-5.7589
-3.4581
-1.1556
1.1588
3.4748
5.7861
8.0897
10.383
12.661
14.924
17.166
19.386
21.58
23.747
25.882
27.985
30.051
32.08
34.069
36.015
37.917
39.774
41.582
43.341
45.049
46.705
48.307
49.855
51.347
52.783
54.161
55.482
56.744
57.947
59.09
60.174
61.198
62.161
63.065
63.907
64.69
65.411
66.072
66.673
67.213
67.694
68.113
68.473
68.773
69.012
69.192
69.311
69.371
69.371
69.311
69.192
69.012
68.773
68.473
68.113
67.694
67.213
66.673
66.072
65.411
64.69
63.907
63.065
62.161
61.198
60.174
59.09
57.947
56.744
55.482
54.161
52.783
51.347
49.855
48.307
46.705
45.049
43.341
41.582
39.774
37.917
36.015
34.069
32.08
30.051
27.985
25.882
23.747
21.58
19.386
17.166
14.924
12.661
10.383
8.0897
5.7861
3.4748
1.1588
-1.1556
-3.4581
-5.7589
-5.7013
-3.4235
-1.144
1.1472
3.44
5.7282
8.0088
10.279
12.535
14.774
16.994
19.192
21.364
23.509
25.623
27.705
29.751
31.759
33.728
35.655
37.538
39.376
41.166
42.907
44.598
46.237
47.824
49.356
50.833
52.255
53.619
54.927
56.176
57.367
58.499
59.572
60.586
61.539
62.434
63.268
64.042
64.757
65.411
66.006
66.541
67.016
67.432
67.788
68.084
68.321
68.499
68.618
68.677
68.677
68.618
68.499
68.321
68.084
67.788
67.432
67.016
66.541
66.006
65.411
64.757
64.042
63.268
62.434
61.539
60.586
59.572
58.499
57.367
56.176
54.927
53.619
52.255
50.833
49.356
47.824
46.237
44.598
42.907
41.166
39.376
37.538
35.655
33.728
31.759
29.751
27.705
25.623
23.509
21.364
19.192
16.994
14.774
12.535
10.279
8.0088
5.7282
3.44
1.1472
-1.144
-3.4235
-5.7013
-5.6384
-3.3857
-1.1314
1.1345
3.4021
5.665
7.9204
10.165
12.397
14.611
16.807
18.98
21.129
23.25
25.341
27.399
29.423
31.409
33.356
35.262
37.124
38.941
40.712
42.434
44.106
45.727
47.296
48.811
50.272
51.678
53.028
54.321
55.556
56.734
57.854
58.915
59.917
60.86
61.745
62.57
63.336
64.042
64.69
65.278
65.807
66.277
66.688
67.04
67.333
67.568
67.744
67.861
67.919
67.919
67.861
67.744
67.568
67.333
67.04
66.688
66.277
65.807
65.278
64.69
64.042
63.336
62.57
61.745
60.86
59.917
58.915
57.854
56.734
55.556
54.321
53.028
51.678
50.272
48.811
47.296
45.727
44.106
42.434
40.712
38.941
37.124
35.262
33.356
31.409
29.423
27.399
25.341
23.25
21.129
18.98
16.807
14.611
12.397
10.165
7.9204
5.665
3.4021
1.1345
-1.1314
-3.3857
-5.6384
-5.5702
-3.3448
-1.1177
1.1208
3.3609
5.5965
7.8247
10.042
12.247
14.435
16.604
18.751
20.873
22.969
25.034
27.068
29.067
31.029
32.953
34.835
36.675
38.47
40.219
41.921
43.573
45.174
46.724
48.221
49.665
51.053
52.387
53.664
54.885
56.048
57.154
58.202
59.193
60.125
60.998
61.813
62.57
63.268
63.907
64.488
65.011
65.475
65.881
66.229
66.519
66.751
66.924
67.04
67.098
67.098
67.04
66.924
66.751
66.519
66.229
65.881
65.475
65.011
64.488
63.907
63.268
62.57
61.813
60.998
60.125
59.193
58.202
57.154
56.048
54.885
53.664
52.387
51.053
49.665
48.221
46.724
45.174
43.573
41.921
40.219
38.47
36.675
34.835
32.953
31.029
29.067
27.068
25.034
22.969
20.873
18.751
16.604
14.435
12.247
10.042
7.8247
5.5965
3.3609
1.1208
-1.1177
-3.3448
-5.5702
-5.4968
-3.3007
-1.103
1.106
3.3166
5.5228
7.7215
9.9099
12.085
14.244
16.385
18.503
20.598
22.666
24.704
26.711
28.684
30.62
32.518
34.376
36.191
37.963
39.689
41.368
42.998
44.579
46.108
47.585
49.01
50.38
51.696
52.956
54.161
55.309
56.401
57.435
58.412
59.332
60.194
60.998
61.745
62.434
63.065
63.638
64.154
64.612
65.013
65.356
65.642
65.87
66.042
66.156
66.213
66.213
66.156
66.042
65.87
65.642
65.356
65.013
64.612
64.154
63.638
63.065
62.434
61.745
60.998
60.194
59.332
58.412
57.435
56.401
55.309
54.161
52.956
51.696
50.38
49.01
47.585
46.108
44.579
42.998
41.368
39.689
37.963
36.191
34.376
32.518
30.62
28.684
26.711
24.704
22.666
20.598
18.503
16.385
14.244
12.085
9.9099
7.7215
5.5228
3.3166
1.106
-1.103
-3.3007
-5.4968
-5.4181
-3.2534
-1.0872
1.0902
3.2691
5.4437
7.6109
9.768
11.912
14.04
16.15
18.238
20.303
22.341
24.35
26.328
28.273
30.182
32.052
33.884
35.673
37.419
39.121
40.776
42.382
43.94
45.448
46.904
48.308
49.659
50.956
52.198
53.385
54.517
55.593
56.612
57.576
58.482
59.332
60.125
60.86
61.539
62.161
62.727
63.235
63.687
64.082
64.42
64.702
64.927
65.096
65.209
65.265
65.265
65.209
65.096
64.927
64.702
64.42
64.082
63.687
63.235
62.727
62.161
61.539
60.86
60.125
59.332
58.482
57.576
56.612
55.593
54.517
53.385
52.198
50.956
49.659
48.308
46.904
45.448
43.94
42.382
40.776
39.121
37.419
35.673
33.884
32.052
30.182
28.273
26.328
24.35
22.341
20.303
18.238
16.15
14.04
11.912
9.768
7.6109
5.4437
3.2691
1.0902
-1.0872
-3.2534
-5.4181
-5.3341
-3.203
-1.0703
1.0733
3.2185
5.3593
7.493
9.6166
11.727
13.823
15.9
17.956
19.988
21.995
23.973
25.92
27.835
29.714
31.556
33.358
35.12
36.839
38.514
40.144
41.726
43.259
44.743
46.177
47.559
48.889
50.166
51.389
52.558
53.672
54.731
55.735
56.683
57.576
58.412
59.193
59.917
60.586
61.198
61.754
62.255
62.699
63.088
63.421
63.699
63.921
64.087
64.198
64.253
64.253
64.198
64.087
63.921
63.699
63.421
63.088
62.699
62.255
61.754
61.198
60.586
59.917
59.193
58.412
57.576
56.683
55.735
54.731
53.672
52.558
51.389
50.166
48.889
47.559
46.177
44.743
43.259
41.726
40.144
38.514
36.839
35.12
33.358
31.556
29.714
27.835
25.92
23.973
21.995
19.988
17.956
15.9
13.823
11.727
9.6166
7.493
5.3593
3.2185
1.0733
-1.0703
-3.203
-5.3341
-5.2449
-3.1494
-1.0524
1.0553
3.1646
5.2697
7.3676
9.4558
11.531
13.592
15.634
17.655
19.654
21.627
23.572
25.487
27.369
29.217
31.028
32.8
34.533
36.223
37.87
39.472
41.028
42.536
43.995
45.405
46.764
48.071
49.327
50.529
51.679
52.774
53.816
54.803
55.735
56.612
57.435
58.202
58.915
59.572
60.174
60.721
61.213
61.651
62.033
62.36
62.633
62.851
63.015
63.124
63.179
63.179
63.124
63.015
62.851
62.633
62.36
62.033
61.651
61.213
60.721
60.174
59.572
58.915
58.202
57.435
56.612
55.735
54.803
53.816
52.774
51.679
50.529
49.327
48.071
46.764
45.405
43.995
42.536
41.028
39.472
37.87
36.223
34.533
32.8
31.028
29.217
27.369
25.487
23.572
21.627
19.654
17.655
15.634
13.592
11.531
9.4558
7.3676
5.2697
3.1646
1.0553
-1.0524
-3.1494
-5.2449
-5.1504
-3.0927
-1.0335
1.0363
3.1076
5.1747
7.2349
9.2855
11.324
13.347
15.352
17.337
19.3
21.237
23.147
25.028
26.876
28.69
30.469
32.21
33.911
35.571
37.188
38.761
40.289
41.77
43.203
44.587
45.921
47.205
48.438
49.619
50.748
51.824
52.846
53.816
54.731
55.593
56.401
57.154
57.854
58.499
59.09
59.628
60.111
60.54
60.916
61.237
61.505
61.719
61.88
61.987
62.041
62.041
61.987
61.88
61.719
61.505
61.237
60.916
60.54
60.111
59.628
59.09
58.499
57.854
57.154
56.401
55.593
54.731
53.816
52.846
51.824
50.748
49.619
48.438
47.205
45.921
44.587
43.203
41.77
40.289
38.761
37.188
35.571
33.911
32.21
30.469
28.69
26.876
25.028
23.147
21.237
19.3
17.337
15.352
13.347
11.324
9.2855
7.2349
5.1747
3.1076
1.0363
-1.0335
-3.0927
-5.1504
-5.0507
-3.0328
-1.0135
1.0163
3.0475
5.0746
7.0949
9.1058
11.105
13.088
15.055
17.002
18.927
20.827
22.7
24.543
26.356
28.135
29.879
31.586
33.255
34.882
36.468
38.011
39.509
40.961
42.367
43.724
45.033
46.292
47.501
48.659
49.766
50.821
51.824
52.774
53.672
54.517
55.309
56.048
56.734
57.367
57.947
58.474
58.948
59.369
59.737
60.052
60.315
60.525
60.682
60.787
60.84
60.84
60.787
60.682
60.525
60.315
60.052
59.737
59.369
58.948
58.474
57.947
57.367
56.734
56.048
55.309
54.517
53.672
52.774
51.824
50.821
49.766
48.659
47.501
46.292
45.033
43.724
42.367
40.961
39.509
38.011
36.468
34.882
33.255
31.586
29.879
28.135
26.356
24.543
22.7
20.827
18.927
17.002
15.055
13.088
11.105
9.1058
7.0949
5.0746
3.0475
1.0163
-1.0135
-3.0328
-5.0507
-4.9459
-2.9699
-0.99242
0.99519
2.9842
4.9693
6.9477
8.9168
10.874
12.817
14.743
16.649
18.534
20.394
22.228
24.034
25.809
27.551
29.259
30.931
32.564
34.158
35.711
37.222
38.689
40.111
41.487
42.816
44.098
45.331
46.515
47.649
48.733
49.766
50.748
51.679
52.558
53.385
54.161
54.885
55.556
56.176
56.744
57.26
57.724
58.136
58.497
58.805
59.063
59.268
59.423
59.525
59.577
59.577
59.525
59.423
59.268
59.063
58.805
58.497
58.136
57.724
57.26
56.744
56.176
55.556
54.885
54.161
53.385
52.558
51.679
50.748
49.766
48.733
47.649
46.515
45.331
44.098
42.816
41.487
40.111
38.689
37.222
35.711
34.158
32.564
30.931
29.259
27.551
25.809
24.034
22.228
20.394
18.534
16.649
14.743
12.817
10.874
8.9168
6.9477
4.9693
2.9842
0.99519
-0.99242
-2.9699
-4.9459
-4.8359
-2.9038
-0.97035
0.97306
2.9179
4.8588
6.7931
8.7185
10.632
12.532
14.415
16.279
18.121
19.941
21.734
23.499
25.235
26.939
28.608
30.243
31.84
33.399
34.917
36.394
37.828
39.219
40.564
41.864
43.117
44.323
45.48
46.589
47.649
48.659
49.619
50.529
51.389
52.198
52.956
53.664
54.321
54.927
55.482
55.986
56.44
56.843
57.196
57.498
57.749
57.95
58.101
58.202
58.252
58.252
58.202
58.101
57.95
57.749
57.498
57.196
56.843
56.44
55.986
55.482
54.927
54.321
53.664
52.956
52.198
51.389
50.529
49.619
48.659
47.649
46.589
45.48
44.323
43.117
41.864
40.564
39.219
37.828
36.394
34.917
33.399
31.84
30.243
28.608
26.939
25.235
23.499
21.734
19.941
18.121
16.279
14.415
12.532
10.632
8.7185
6.7931
4.8588
2.9179
0.97306
-0.97035
-2.9038
-4.8359
-4.7208
-2.8347
-0.94726
0.9499
2.8484
4.7431
6.6315
8.511
10.379
12.233
14.072
15.891
17.69
19.466
21.217
22.94
24.634
26.297
27.928
29.523
31.082
32.604
34.086
35.528
36.928
38.285
39.599
40.868
42.091
43.268
44.398
45.48
46.515
47.501
48.438
49.327
50.166
50.956
51.696
52.387
53.028
53.619
54.161
54.654
55.097
55.49
55.834
56.129
56.375
56.571
56.718
56.816
56.865
56.865
56.816
56.718
56.571
56.375
56.129
55.834
55.49
55.097
54.654
54.161
53.619
53.028
52.387
51.696
50.956
50.166
49.327
48.438
47.501
46.515
45.48
44.398
43.268
42.091
40.868
39.599
38.285
36.928
35.528
34.086
32.604
31.082
29.523
27.928
26.297
24.634
22.94
21.217
19.466
17.69
15.891
14.072
12.233
10.379
8.511
6.6315
4.7431
2.8484
0.9499
-0.94726
-2.8347
-4.7208
-4.6007
-2.7626
-0.92315
0.92572
2.7759
4.6224
6.4627
8.2944
10.115
11.922
13.714
15.487
17.24
18.971
20.677
22.356
24.007
25.628
27.217
28.772
30.291
31.774
33.219
34.624
35.988
37.311
38.591
39.828
41.02
42.167
43.268
44.323
45.331
46.292
47.205
48.071
48.889
49.659
50.38
51.053
51.678
52.255
52.783
53.263
53.694
54.078
54.413
54.7
54.94
55.131
55.275
55.37
55.418
55.418
55.37
55.275
55.131
54.94
54.7
54.413
54.078
53.694
53.263
52.783
52.255
51.678
51.053
50.38
49.659
48.889
48.071
47.205
46.292
45.331
44.323
43.268
42.167
41.02
39.828
38.591
37.311
35.988
34.624
33.219
31.774
30.291
28.772
27.217
25.628
24.007
22.356
20.677
18.971
17.24
15.487
13.714
11.922
10.115
8.2944
6.4627
4.6224
2.7759
0.92572
-0.92315
-2.7626
-4.6007
-4.4755
-2.6874
-0.89804
0.90054
2.7004
4.4967
6.2869
8.0688
9.8398
11.598
13.341
15.066
16.771
18.455
20.114
21.748
23.354
24.931
26.476
27.989
29.467
30.91
32.315
33.682
35.009
36.296
37.541
38.744
39.904
41.02
42.091
43.117
44.098
45.033
45.921
46.764
47.559
48.308
49.01
49.665
50.272
50.833
51.347
51.814
52.234
52.607
52.933
53.213
53.445
53.631
53.771
53.864
53.911
53.911
53.864
53.771
53.631
53.445
53.213
52.933
52.607
52.234
51.814
51.347
50.833
50.272
49.665
49.01
48.308
47.559
46.764
45.921
45.033
44.098
43.117
42.091
41.02
39.904
38.744
37.541
36.296
35.009
33.682
32.315
30.91
29.467
27.989
26.476
24.931
23.354
21.748
20.114
18.455
16.771
15.066
13.341
11.598
9.8398
8.0688
6.2869
4.4967
2.7004
0.90054
-0.89804
-2.6874
-4.4755
-4.3455
-2.6093
-0.87194
0.87437
2.6219
4.366
6.1042
7.8343
9.5539
11.261
12.953
14.628
16.284
17.918
19.53
21.116
22.676
24.207
25.707
27.176
28.611
30.012
31.376
32.703
33.992
35.241
36.45
37.618
38.744
39.828
40.868
41.864
42.816
43.724
44.587
45.405
46.177
46.904
47.585
48.221
48.811
49.356
49.855
50.308
50.716
51.078
51.395
51.666
51.892
52.073
52.208
52.299
52.344
52.344
52.299
52.208
52.073
51.892
51.666
51.395
51.078
50.716
50.308
49.855
49.356
48.811
48.221
47.585
46.904
46.177
45.405
44.587
43.724
42.816
41.864
40.868
39.828
38.744
37.618
36.45
35.241
33.992
32.703
31.376
30.012
28.611
27.176
25.707
24.207
22.676
21.116
19.53
17.918
16.284
14.628
12.953
11.261
9.5539
7.8343
6.1042
4.366
2.6219
0.87437
-0.87194
-2.6093
-4.3455
-4.2106
-2.5283
-0.84487
0.84723
2.5406
4.2305
5.9147
7.5911
9.2573
10.911
12.551
14.174
15.778
17.362
18.924
20.461
21.972
23.455
24.909
26.332
27.723
29.08
30.402
31.688
32.937
34.147
35.319
36.45
37.541
38.591
39.599
40.564
41.487
42.367
43.203
43.995
44.743
45.448
46.108
46.724
47.296
47.824
48.307
48.746
49.141
49.492
49.799
50.062
50.281
50.456
50.588
50.675
50.719
50.719
50.675
50.588
50.456
50.281
50.062
49.799
49.492
49.141
48.746
48.307
47.824
47.296
46.724
46.108
45.448
44.743
43.995
43.203
42.367
41.487
40.564
39.599
38.591
37.541
36.45
35.319
34.147
32.937
31.688
30.402
29.08
27.723
26.332
24.909
23.455
21.972
20.461
18.924
17.362
15.778
14.174
12.551
10.911
9.2573
7.5911
5.9147
4.2305
2.5406
0.84723
-0.84487
-2.5283
-4.2106
-4.0709
-2.4445
-0.81685
0.81913
2.4563
4.0901
5.7185
7.3393
8.9503
10.549
12.134
13.704
15.255
16.786
18.296
19.782
21.243
22.677
24.083
25.459
26.803
28.115
29.393
30.637
31.844
33.015
34.147
35.241
36.296
37.311
38.285
39.219
40.111
40.961
41.77
42.536
43.259
43.94
44.579
45.174
45.727
46.237
46.705
47.129
47.511
47.851
48.147
48.401
48.613
48.783
48.909
48.994
49.036
49.036
48.994
48.909
48.783
48.613
48.401
48.147
47.851
47.511
47.129
46.705
46.237
45.727
45.174
44.579
43.94
43.259
42.536
41.77
40.961
40.111
39.219
38.285
37.311
36.296
35.241
34.147
33.015
31.844
30.637
29.393
28.115
26.803
25.459
24.083
22.677
21.243
19.782
18.296
16.786
15.255
13.704
12.134
10.549
8.9503
7.3393
5.7185
4.0901
2.4563
0.81913
-0.81685
-2.4445
-4.0709
-3.9266
-2.3578
-0.78789
0.79009
2.3692
3.9451
5.5158
7.0791
8.6329
10.175
11.704
13.218
14.714
16.191
17.647
19.081
20.49
21.873
23.229
24.556
25.853
27.118
28.351
29.551
30.715
31.844
32.937
33.992
35.009
35.988
36.928
37.828
38.689
39.509
40.289
41.028
41.726
42.382
42.998
43.573
44.106
44.598
45.049
45.458
45.827
46.154
46.44
46.685
46.89
47.053
47.175
47.257
47.298
47.298
47.257
47.175
47.053
46.89
46.685
46.44
46.154
45.827
45.458
45.049
44.598
44.106
43.573
42.998
42.382
41.726
41.028
40.289
39.509
38.689
37.828
36.928
35.988
35.009
33.992
32.937
31.844
30.715
29.551
28.351
27.118
25.853
24.556
23.229
21.873
20.49
19.081
17.647
16.191
14.714
13.218
11.704
10.175
8.6329
7.0791
5.5158
3.9451
2.3692
0.79009
-0.78789
-2.3578
-3.9266
-3.7777
-2.2684
-0.75802
0.76013
2.2794
3.7956
5.3067
6.8107
8.3056
9.7896
11.261
12.717
14.156
15.577
16.978
18.357
19.713
21.044
22.348
23.625
24.873
26.09
27.276
28.43
29.551
30.637
31.688
32.703
33.682
34.624
35.528
36.394
37.222
38.011
38.761
39.472
40.144
40.776
41.368
41.921
42.434
42.907
43.341
43.735
44.089
44.404
44.679
44.915
45.112
45.269
45.387
45.465
45.505
45.505
45.465
45.387
45.269
45.112
44.915
44.679
44.404
44.089
43.735
43.341
42.907
42.434
41.921
41.368
40.776
40.144
39.472
38.761
38.011
37.222
36.394
35.528
34.624
33.682
32.703
31.688
30.637
29.551
28.43
27.276
26.09
24.873
23.625
22.348
21.044
19.713
18.357
16.978
15.577
14.156
12.717
11.261
9.7896
8.3056
6.8107
5.3067
3.7956
2.2794
0.76013
-0.75802
-2.2684
-3.7777
-3.6244
-2.1764
-0.72726
0.72928
2.1869
3.6415
5.0913
6.5343
7.9686
9.3923
10.804
12.201
13.582
14.945
16.289
17.612
18.913
20.19
21.441
22.666
23.863
25.031
26.17
27.276
28.351
29.393
30.402
31.376
32.315
33.219
34.086
34.917
35.711
36.468
37.188
37.87
38.514
39.121
39.689
40.219
40.712
41.166
41.582
41.96
42.3
42.602
42.866
43.093
43.281
43.432
43.545
43.62
43.658
43.658
43.62
43.545
43.432
43.281
43.093
42.866
42.602
42.3
41.96
41.582
41.166
40.712
40.219
39.689
39.121
38.514
37.87
37.188
36.468
35.711
34.917
34.086
33.219
32.315
31.376
30.402
29.393
28.351
27.276
26.17
25.031
23.863
22.666
21.441
20.19
18.913
17.612
16.289
14.945
13.582
12.201
10.804
9.3923
7.9686
6.5343
5.0913
3.6415
2.1869
0.72928
-0.72726
-2.1764
-3.6244
-3.4668
-2.0817
-0.69563
0.69757
2.0918
3.4832
4.8699
6.2501
7.6221
8.9838
10.334
11.67
12.991
14.295
15.581
16.846
18.091
19.312
20.509
21.681
22.826
23.943
25.031
26.09
27.118
28.115
29.08
30.012
30.91
31.774
32.604
33.399
34.158
34.882
35.571
36.223
36.839
37.419
37.963
38.47
38.941
39.376
39.774
40.135
40.46
40.749
41.002
41.218
41.399
41.543
41.651
41.723
41.759
41.759
41.723
41.651
41.543
41.399
41.218
41.002
40.749
40.46
40.135
39.774
39.376
38.941
38.47
37.963
37.419
36.839
36.223
35.571
34.882
34.158
33.399
32.604
31.774
30.91
30.012
29.08
28.115
27.118
26.09
25.031
23.943
22.826
21.681
20.509
19.312
18.091
16.846
15.581
14.295
12.991
11.67
10.334
8.9838
7.6221
6.2501
4.8699
3.4832
2.0918
0.69757
-0.69563
-2.0817
-3.4668
-3.305
-1.9846
-0.66317
0.66502
1.9942
3.3206
4.6427
5.9585
7.2664
8.5646
9.8515
11.125
12.385
13.628
14.854
16.06
17.246
18.411
19.552
20.669
21.76
22.826
23.863
24.873
25.853
26.803
27.723
28.611
29.467
30.291
31.082
31.84
32.564
33.255
33.911
34.533
35.12
35.673
36.191
36.675
37.124
37.538
37.917
38.262
38.572
38.848
39.089
39.295
39.467
39.604
39.707
39.776
39.81
39.81
39.776
39.707
39.604
39.467
39.295
39.089
38.848
38.572
38.262
37.917
37.538
37.124
36.675
36.191
35.673
35.12
34.533
33.911
33.255
32.564
31.84
31.082
30.291
29.467
28.611
27.723
26.803
25.853
24.873
23.863
22.826
21.76
20.669
19.552
18.411
17.246
16.06
14.854
13.628
12.385
11.125
9.8515
8.5646
7.2664
5.9585
4.6427
3.3206
1.9942
0.66502
-0.66317
-1.9846
-3.305
-3.1392
-1.885
-0.6299
0.63166
1.8941
3.1541
4.4098
5.6596
6.9018
8.135
9.3573
10.567
11.764
12.944
14.109
15.255
16.381
17.487
18.571
19.632
20.669
21.681
22.666
23.625
24.556
25.459
26.332
27.176
27.989
28.772
29.523
30.243
30.931
31.586
32.21
32.8
33.358
33.884
34.376
34.835
35.262
35.655
36.015
36.343
36.637
36.899
37.128
37.324
37.487
37.618
37.715
37.781
37.813
37.813
37.781
37.715
37.618
37.487
37.324
37.128
36.899
36.637
36.343
36.015
35.655
35.262
34.835
34.376
33.884
33.358
32.8
32.21
31.586
30.931
30.243
29.523
28.772
27.989
27.176
26.332
25.459
24.556
23.625
22.666
21.681
20.669
19.632
18.571
17.487
16.381
15.255
14.109
12.944
11.764
10.567
9.3573
8.135
6.9018
5.6596
4.4098
3.1541
1.8941
0.63166
-0.6299
-1.885
-3.1392
-2.9696
-1.7832
-0.59586
0.59752
1.7918
2.9836
4.1714
5.3537
6.5289
7.6953
8.8516
9.9963
11.128
12.245
13.346
14.43
15.496
16.542
17.567
18.571
19.552
20.509
21.441
22.348
23.229
24.083
24.909
25.707
26.476
27.217
27.928
28.608
29.259
29.879
30.469
31.028
31.556
32.052
32.518
32.953
33.356
33.728
34.069
34.379
34.657
34.905
35.121
35.307
35.461
35.585
35.677
35.739
35.77
35.77
35.739
35.677
35.585
35.461
35.307
35.121
34.905
34.657
34.379
34.069
33.728
33.356
32.953
32.518
32.052
31.556
31.028
30.469
29.879
29.259
28.608
27.928
27.217
26.476
25.707
24.909
24.083
23.229
22.348
21.441
20.509
19.552
18.571
17.567
16.542
15.496
14.43
13.346
12.245
11.128
9.9963
8.8516
7.6953
6.5289
5.3537
4.1714
2.9836
1.7918
0.59752
-0.59586
-1.7832
-2.9696
-2.7962
-1.6791
-0.56108
0.56264
1.6872
2.8095
3.928
5.0412
6.1478
7.2462
8.3349
9.4128
10.478
11.53
12.567
13.588
14.591
15.576
16.542
17.487
18.411
19.312
20.19
21.044
21.873
22.677
23.455
24.207
24.931
25.628
26.297
26.939
27.551
28.135
28.69
29.217
29.714
30.182
30.62
31.029
31.409
31.759
32.08
32.372
32.634
32.867
33.071
33.246
33.391
33.507
33.595
33.653
33.682
33.682
33.653
33.595
33.507
33.391
33.246
33.071
32.867
32.634
32.372
32.08
31.759
31.409
31.029
30.62
30.182
29.714
29.217
28.69
28.135
27.551
26.939
26.297
25.628
24.931
24.207
23.455
22.677
21.873
21.044
20.19
19.312
18.411
17.487
16.542
15.576
14.591
13.588
12.567
11.53
10.478
9.4128
8.3349
7.2462
6.1478
5.0412
3.928
2.8095
1.6872
0.56264
-0.56108
-1.6791
-2.7962
-2.6194
-1.5729
-0.5256
0.52706
1.5805
2.6318
3.6796
4.7224
5.759
6.7879
7.8078
8.8175
9.8156
10.801
11.772
12.729
13.669
14.591
15.496
16.381
17.246
18.091
18.913
19.713
20.49
21.243
21.972
22.676
23.354
24.007
24.634
25.235
25.809
26.356
26.876
27.369
27.835
28.273
28.684
29.067
29.423
29.751
30.051
30.325
30.57
30.789
30.98
31.143
31.279
31.388
31.47
31.524
31.552
31.552
31.524
31.47
31.388
31.279
31.143
30.98
30.789
30.57
30.325
30.051
29.751
29.423
29.067
28.684
28.273
27.835
27.369
26.876
26.356
25.809
25.235
24.634
24.007
23.354
22.676
21.972
21.243
20.49
19.713
18.913
18.091
17.246
16.381
15.496
14.591
13.669
12.729
11.772
10.801
9.8156
8.8175
7.8078
6.7879
5.759
4.7224
3.6796
2.6318
1.5805
0.52706
-0.5256
-1.5729
-2.6194
-2.4393
-1.4647
-0.48945
0.49081
1.4718
2.4508
3.4265
4.3976
5.3629
6.3211
7.2709
8.2111
9.1406
10.058
10.963
11.853
12.729
13.588
14.43
15.255
16.06
16.846
17.612
18.357
19.081
19.782
20.461
21.116
21.748
22.356
22.94
23.499
24.034
24.543
25.028
25.487
25.92
26.328
26.711
27.068
27.399
27.705
27.985
28.239
28.468
28.671
28.849
29.001
29.128
29.23
29.306
29.356
29.382
29.382
29.356
29.306
29.23
29.128
29.001
28.849
28.671
28.468
28.239
27.985
27.705
27.399
27.068
26.711
26.328
25.92
25.487
25.028
24.543
24.034
23.499
22.94
22.356
21.748
21.116
20.461
19.782
19.081
18.357
17.612
16.846
16.06
15.255
14.43
13.588
12.729
11.853
10.963
10.058
9.1406
8.2111
7.2709
6.3211
5.3629
4.3976
3.4265
2.4508
1.4718
0.49081
-0.48945
-1.4647
-2.4393
-2.256
-1.3547
-0.45268
0.45394
1.3612
2.2667
3.1691
4.0673
4.96
5.8462
6.7246
7.5942
8.4539
9.3025
10.139
10.963
11.772
12.567
13.346
14.109
14.854
15.581
16.289
16.978
17.647
18.296
18.924
19.53
20.114
20.677
21.217
21.734
22.228
22.7
23.147
23.572
23.973
24.35
24.704
25.034
25.341
25.623
25.882
26.118
26.329
26.517
26.682
26.823
26.94
27.034
27.104
27.151
27.174
27.174
27.151
27.104
27.034
26.94
26.823
26.682
26.517
26.329
26.118
25.882
25.623
25.341
25.034
24.704
24.35
23.973
23.572
23.147
22.7
22.228
21.734
21.217
20.677
20.114
19.53
18.924
18.296
17.647
16.978
16.289
15.581
14.854
14.109
13.346
12.567
11.772
10.963
10.139
9.3025
8.4539
7.5942
6.7246
5.8462
4.96
4.0673
3.1691
2.2667
1.3612
0.45394
-0.45268
-1.3547
-2.256
-2.0699
-1.2429
-0.41533
0.41649
1.2489
2.0796
2.9076
3.7317
4.5508
5.3638
6.1698
6.9676
7.7563
8.5349
9.3025
10.058
10.801
11.53
12.245
12.944
13.628
14.295
14.945
15.577
16.191
16.786
17.362
17.918
18.455
18.971
19.466
19.941
20.394
20.827
21.237
21.627
21.995
22.341
22.666
22.969
23.25
23.509
23.747
23.963
24.157
24.329
24.48
24.609
24.717
24.803
24.868
24.911
24.932
24.932
24.911
24.868
24.803
24.717
24.609
24.48
24.329
24.157
23.963
23.747
23.509
23.25
22.969
22.666
22.341
21.995
21.627
21.237
20.827
20.394
19.941
19.466
18.971
18.455
17.918
17.362
16.786
16.191
15.577
14.945
14.295
13.628
12.944
12.245
11.53
10.801
10.058
9.3025
8.5349
7.7563
6.9676
6.1698
5.3638
4.5508
3.7317
2.9076
2.0796
1.2489
0.41649
-0.41533
-1.2429
-2.0699
-1.881
-1.1295
-0.37744
0.37849
1.135
1.8899
2.6423
3.3912
4.1356
4.8745
5.6069
6.332
7.0487
7.7563
8.4539
9.1406
9.8156
10.478
11.128
11.764
12.385
12.991
13.582
14.156
14.714
15.255
15.778
16.284
16.771
17.24
17.69
18.121
18.534
18.927
19.3
19.654
19.988
20.303
20.598
20.873
21.129
21.364
21.58
21.776
21.953
22.11
22.247
22.364
22.462
22.54
22.599
22.638
22.658
22.658
22.638
22.599
22.54
22.462
22.364
22.247
22.11
21.953
21.776
21.58
21.364
21.129
20.873
20.598
20.303
19.988
19.654
19.3
18.927
18.534
18.121
17.69
17.24
16.771
16.284
15.778
15.255
14.714
14.156
13.582
12.991
12.385
11.764
11.128
10.478
9.8156
9.1406
8.4539
7.7563
7.0487
6.332
5.6069
4.8745
4.1356
3.3912
2.6423
1.8899
1.135
0.37849
-0.37744
-1.1295
-1.881
-1.6898
-1.0147
-0.33906
0.34
1.0196
1.6977
2.3737
3.0464
3.7151
4.3788
5.0368
5.6881
6.332
6.9676
7.5942
8.2111
8.8175
9.4128
9.9963
10.567
11.125
11.67
12.201
12.717
13.218
13.704
14.174
14.628
15.066
15.487
15.891
16.279
16.649
17.002
17.337
17.655
17.956
18.238
18.503
18.751
18.98
19.192
19.386
19.562
19.721
19.861
19.985
20.09
20.178
20.248
20.301
20.336
20.354
20.354
20.336
20.301
20.248
20.178
20.09
19.985
19.861
19.721
19.562
19.386
19.192
18.98
18.751
18.503
18.238
17.956
17.655
17.337
17.002
16.649
16.279
15.891
15.487
15.066
14.628
14.174
13.704
13.218
12.717
12.201
11.67
11.125
10.567
9.9963
9.4128
8.8175
8.2111
7.5942
6.9676
6.332
5.6881
5.0368
4.3788
3.7151
3.0464
2.3737
1.6977
1.0196
0.34
-0.33906
-1.0147
-1.6898
-1.4963
-0.89847
-0.30023
0.30107
0.90281
1.5033
2.1019
2.6976
3.2897
3.8774
4.46
5.0368
5.6069
6.1698
6.7246
7.2709
7.8078
8.3349
8.8516
9.3573
9.8515
10.334
10.804
11.261
11.704
12.134
12.551
12.953
13.341
13.714
14.072
14.415
14.743
15.055
15.352
15.634
15.9
16.15
16.385
16.604
16.807
16.994
17.166
17.322
17.462
17.587
17.696
17.79
17.867
17.93
17.976
18.007
18.023
18.023
18.007
17.976
17.93
17.867
17.79
17.696
17.587
17.462
17.322
17.166
16.994
16.807
16.604
16.385
16.15
15.9
15.634
15.352
15.055
14.743
14.415
14.072
13.714
13.341
12.953
12.551
12.134
11.704
11.261
10.804
10.334
9.8515
9.3573
8.8516
8.3349
7.8078
7.2709
6.7246
6.1698
5.6069
5.0368
4.46
3.8774
3.2897
2.6976
2.1019
1.5033
0.90281
0.30107
-0.30023
-0.89847
-1.4963
-1.3008
-0.7811
-0.26102
0.26174
0.78488
1.307
1.8273
2.3452
2.8599
3.3709
3.8774
4.3788
4.8745
5.3638
5.8462
6.3211
6.7879
7.2462
7.6953
8.135
8.5646
8.9838
9.3923
9.7896
10.175
10.549
10.911
11.261
11.598
11.922
12.233
12.532
12.817
13.088
13.347
13.592
13.823
14.04
14.244
14.435
14.611
14.774
14.924
15.059
15.181
15.29
15.385
15.466
15.533
15.588
15.628
15.655
15.669
15.669
15.655
15.628
15.588
15.533
15.466
15.385
15.29
15.181
15.059
14.924
14.774
14.611
14.435
14.244
14.04
13.823
13.592
13.347
13.088
12.817
12.532
12.233
11.922
11.598
11.261
10.911
10.549
10.175
9.7896
9.3923
8.9838
8.5646
8.135
7.6953
7.2462
6.7879
6.3211
5.8462
5.3638
4.8745
4.3788
3.8774
3.3709
2.8599
2.3452
1.8273
1.307
0.78488
0.26174
-0.26102
-0.7811
-1.3008
-1.1036
-0.6627
-0.22145
0.22207
0.6659
1.1088
1.5503
1.9897
2.4264
2.8599
3.2897
3.7151
4.1356
4.5508
4.96
5.3629
5.759
6.1478
6.5289
6.9018
7.2664
7.6221
7.9686
8.3056
8.6329
8.9503
9.2573
9.5539
9.8398
10.115
10.379
10.632
10.874
11.105
11.324
11.531
11.727
11.912
12.085
12.247
12.397
12.535
12.661
12.777
12.88
12.972
13.053
13.121
13.179
13.225
13.259
13.282
13.294
13.294
13.282
13.259
13.225
13.179
13.121
13.053
12.972
12.88
12.777
12.661
12.535
12.397
12.247
12.085
11.912
11.727
11.531
11.324
11.105
10.874
10.632
10.379
10.115
9.8398
9.5539
9.2573
8.9503
8.6329
8.3056
7.9686
7.6221
7.2664
6.9018
6.5289
6.1478
5.759
5.3629
4.96
4.5508
4.1356
3.7151
3.2897
2.8599
2.4264
1.9897
1.5503
1.1088
0.6659
0.22207
-0.22145
-0.6627
-1.1036
-0.90499
-0.54342
-0.18159
0.1821
0.54605
0.90926
1.2713
1.6316
1.9897
2.3452
2.6976
3.0464
3.3912
3.7317
4.0673
4.3976
4.7224
5.0412
5.3537
5.6596
5.9585
6.2501
6.5343
6.8107
7.0791
7.3393
7.5911
7.8343
8.0688
8.2944
8.511
8.7185
8.9168
9.1058
9.2855
9.4558
9.6166
9.768
9.9099
10.042
10.165
10.279
10.383
10.477
10.562
10.637
10.703
10.76
10.807
10.844
10.873
10.891
10.901
10.901
10.891
10.873
10.844
10.807
10.76
10.703
10.637
10.562
10.477
10.383
10.279
10.165
10.042
9.9099
9.768
9.6166
9.4558
9.2855
9.1058
8.9168
8.7185
8.511
8.2944
8.0688
7.8343
7.5911
7.3393
7.0791
6.8107
6.5343
6.2501
5.9585
5.6596
5.3537
5.0412
4.7224
4.3976
4.0673
3.7317
3.3912
3.0464
2.6976
2.3452
1.9897
1.6316
1.2713
0.90926
0.54605
0.1821
-0.18159
-0.54342
-0.90499
-0.70514
-0.42342
-0.14149
0.14188
0.42546
0.70847
0.99053
1.2713
1.5503
1.8273
2.1019
2.3737
2.6423
2.9076
3.1691
3.4265
3.6796
3.928
4.1714
4.4098
4.6427
4.8699
5.0913
5.3067
5.5158
5.7185
5.9147
6.1042
6.2869
6.4627
6.6315
6.7931
6.9477
7.0949
7.2349
7.3676
7.493
7.6109
7.7215
7.8247
7.9204
8.0088
8.0897
8.1633
8.2294
8.2882
8.3396
8.3836
8.4203
8.4496
8.4716
8.4863
8.4936
8.4936
8.4863
8.4716
8.4496
8.4203
8.3836
8.3396
8.2882
8.2294
8.1633
8.0897
8.0088
7.9204
7.8247
7.7215
7.6109
7.493
7.3676
7.2349
7.0949
6.9477
6.7931
6.6315
6.4627
6.2869
6.1042
5.9147
5.7185
5.5158
5.3067
5.0913
4.8699
4.6427
4.4098
4.1714
3.928
3.6796
3.4265
3.1691
2.9076
2.6423
2.3737
2.1019
1.8273
1.5503
1.2713
0.99053
0.70847
0.42546
0.14188
-0.14149
-0.42342
-0.70514
-0.50435
-0.30285
-0.1012
0.10148
0.30431
0.50673
0.70847
0.90926
1.1088
1.307
1.5033
1.6977
1.8899
2.0796
2.2667
2.4508
2.6318
2.8095
2.9836
3.1541
3.3206
3.4832
3.6415
3.7956
3.9451
4.0901
4.2305
4.366
4.4967
4.6224
4.7431
4.8588
4.9693
5.0746
5.1747
5.2697
5.3593
5.4437
5.5228
5.5965
5.665
5.7282
5.7861
5.8387
5.886
5.9281
5.9648
5.9963
6.0226
6.0435
6.0593
6.0697
6.075
6.075
6.0697
6.0593
6.0435
6.0226
5.9963
5.9648
5.9281
5.886
5.8387
5.7861
5.7282
5.665
5.5965
5.5228
5.4437
5.3593
5.2697
5.1747
5.0746
4.9693
4.8588
4.7431
4.6224
4.4967
4.366
4.2305
4.0901
3.9451
3.7956
3.6415
3.4832
3.3206
3.1541
2.9836
2.8095
2.6318
2.4508
2.2667
2.0796
1.8899
1.6977
1.5033
1.307
1.1088
0.90926
0.70847
0.50673
0.30431
0.10148
-0.1012
-0.30285
-0.50435
-0.30288
-0.18187
-0.060774
0.060944
0.18275
0.30431
0.42546
0.54605
0.6659
0.78488
0.90281
1.0196
1.135
1.2489
1.3612
1.4718
1.5805
1.6872
1.7918
1.8941
1.9942
2.0918
2.1869
2.2794
2.3692
2.4563
2.5406
2.6219
2.7004
2.7759
2.8484
2.9179
2.9842
3.0475
3.1076
3.1646
3.2185
3.2691
3.3166
3.3609
3.4021
3.44
3.4748
3.5064
3.5348
3.56
3.5821
3.601
3.6168
3.6294
3.6388
3.6451
3.6482
3.6482
3.6451
3.6388
3.6294
3.6168
3.601
3.5821
3.56
3.5348
3.5064
3.4748
3.44
3.4021
3.3609
3.3166
3.2691
3.2185
3.1646
3.1076
3.0475
2.9842
2.9179
2.8484
2.7759
2.7004
2.6219
2.5406
2.4563
2.3692
2.2794
2.1869
2.0918
1.9942
1.8941
1.7918
1.6872
1.5805
1.4718
1.3612
1.2489
1.135
1.0196
0.90281
0.78488
0.6659
0.54605
0.42546
0.30431
0.18275
0.060944
-0.060774
-0.18187
-0.30288
-0.101
-0.060651
-0.020267
0.020324
0.060944
0.10148
0.14188
0.1821
0.22207
0.26174
0.30107
0.34
0.37849
0.41649
0.45394
0.49081
0.52706
0.56264
0.59752
0.63166
0.66502
0.69757
0.72928
0.76013
0.79009
0.81913
0.84723
0.87437
0.90054
0.92572
0.9499
0.97306
0.99519
1.0163
1.0363
1.0553
1.0733
1.0902
1.106
1.1208
1.1345
1.1472
1.1588
1.1693
1.1788
1.1872
1.1946
1.2009
1.2061
1.2103
1.2135
1.2156
1.2166
1.2166
1.2156
1.2135
1.2103
1.2061
1.2009
1.1946
1.1872
1.1788
1.1693
1.1588
1.1472
1.1345
1.1208
1.106
1.0902
1.0733
1.0553
1.0363
1.0163
0.99519
0.97306
0.9499
0.92572
0.90054
0.87437
0.84723
0.81913
0.79009
0.76013
0.72928
0.69757
0.66502
0.63166
0.59752
0.56264
0.52706
0.49081
0.45394
0.41649
0.37849
0.34
0.30107
0.26174
0.22207
0.1821
0.14188
0.10148
0.060944
0.020324
-0.020267
-0.060651
-0.101
0.10072
0.060481
0.020211
-0.020267
-0.060774
-0.1012
-0.14149
-0.18159
-0.22145
-0.26102
-0.30023
-0.33906
-0.37744
-0.41533
-0.45268
-0.48945
-0.5256
-0.56108
-0.59586
-0.6299
-0.66317
-0.69563
-0.72726
-0.75802
-0.78789
-0.81685
-0.84487
-0.87194
-0.89804
-0.92315
-0.94726
-0.97035
-0.99242
-1.0135
-1.0335
-1.0524
-1.0703
-1.0872
-1.103
-1.1177
-1.1314
-1.144
-1.1556
-1.1661
-1.1755
-1.1839
-1.1912
-1.1975
-1.2028
-1.207
-1.2101
-1.2122
-1.2132
-1.2132
-1.2122
-1.2101
-1.207
-1.2028
-1.1975
-1.1912
-1.1839
-1.1755
-1.1661
-1.1556
-1.144
-1.1314
-1.1177
-1.103
-1.0872
-1.0703
-1.0524
-1.0335
-1.0135
-0.99242
-0.97035
-0.94726
-0.92315
-0.89804
-0.87194
-0.84487
-0.81685
-0.78789
-0.75802
-0.72726
-0.69563
-0.66317
-0.6299
-0.59586
-0.56108
-0.5256
-0.48945
-0.45268
-0.41533
-0.37744
-0.33906
-0.30023
-0.26102
-0.22145
-0.18159
-0.14149
-0.1012
-0.060774
-0.020267
0.020211
0.060481
0.10072
0.30232
0.18139
0.060481
-0.060651
-0.18187
-0.30285
-0.42342
-0.54342
-0.6627
-0.7811
-0.89847
-1.0147
-1.1295
-1.2429
-1.3547
-1.4647
-1.5729
-1.6791
-1.7832
-1.885
-1.9846
-2.0817
-2.1764
-2.2684
-2.3578
-2.4445
-2.5283
-2.6093
-2.6874
-2.7626
-2.8347
-2.9038
-2.9699
-3.0328
-3.0927
-3.1494
-3.203
-3.2534
-3.3007
-3.3448
-3.3857
-3.4235
-3.4581
-3.4895
-3.5178
-3.5429
-3.5649
-3.5837
-3.5994
-3.6119
-3.6213
-3.6276
-3.6307
-3.6307
-3.6276
-3.6213
-3.6119
-3.5994
-3.5837
-3.5649
-3.5429
-3.5178
-3.4895
-3.4581
-3.4235
-3.3857
-3.3448
-3.3007
-3.2534
-3.203
-3.1494
-3.0927
-3.0328
-2.9699
-2.9038
-2.8347
-2.7626
-2.6874
-2.6093
-2.5283
-2.4445
-2.3578
-2.2684
-2.1764
-2.0817
-1.9846
-1.885
-1.7832
-1.6791
-1.5729
-1.4647
-1.3547
-1.2429
-1.1295
-1.0147
-0.89847
-0.7811
-0.6627
-0.54342
-0.42342
-0.30285
-0.18187
-0.060651
0.060481
0.18139
0.30232
0.50395
0.30232
0.10072
-0.101
-0.30288
-0.50435
-0.70514
-0.90499
-1.1036
-1.3008
-1.4963
-1.6898
-1.881
-2.0699
-2.256
-2.4393
-2.6194
-2.7962
-2.9696
-3.1392
-3.305
-3.4668
-3.6244
-3.7777
-3.9266
-4.0709
-4.2106
-4.3455
-4.4755
-4.6007
-4.7208
-4.8359
-4.9459
-5.0507
-5.1504
-5.2449
-5.3341
-5.4181
-5.4968
-5.5702
-5.6384
-5.7013
-5.7589
-5.8112
-5.8583
-5.9002
-5.9368
-5.9681
-5.9942
-6.0151
-6.0307
-6.0412
-6.0464
-6.0464
-6.0412
-6.0307
-6.0151
-5.9942
-5.9681
-5.9368
-5.9002
-5.8583
-5.8112
-5.7589
-5.7013
-5.6384
-5.5702
-5.4968
-5.4181
-5.3341
-5.2449
-5.1504
-5.0507
-4.9459
-4.8359
-4.7208
-4.6007
-4.4755
-4.3455
-4.2106
-4.0709
-3.9266
-3.7777
-3.6244
-3.4668
-3.305
-3.1392
-2.9696
-2.7962
-2.6194
-2.4393
-2.256
-2.0699
-1.881
-1.6898
-1.4963
-1.3008
-1.1036
-0.90499
-0.70514
-0.50435
-0.30288
-0.101
0.10072
0.30232
0.50395
