1.3754
0.82628
0.27549
-0.27625
-0.82779
-1.3764
-1.9202
-2.4574
-2.9862
-3.5048
-4.0117
-4.5054
-4.9846
-5.448
-5.8946
-6.3236
-6.7341
-7.1257
-7.4978
-7.8502
-8.1827
-8.4955
-8.7886
-9.0624
-9.3171
-9.5534
-9.7718
-9.9729
-10.158
-10.326
-10.48
-10.62
-10.746
-10.861
-10.963
-11.055
-11.137
-11.21
-11.274
-11.331
-11.381
-11.424
-11.462
-11.495
-11.523
-11.547
-11.567
-11.583
-11.596
-11.607
-11.614
-11.619
-11.622
-11.622
-11.619
-11.614
-11.607
-11.596
-11.583
-11.567
-11.547
-11.523
-11.495
-11.462
-11.424
-11.381
-11.331
-11.274
-11.21
-11.137
-11.055
-10.963
-10.861
-10.746
-10.62
-10.48
-10.326
-10.158
-9.9729
-9.7718
-9.5534
-9.3171
-9.0624
-8.7886
-8.4955
-8.1827
-7.8502
-7.4978
-7.1257
-6.7341
-6.3236
-5.8946
-5.448
-4.9846
-4.5054
-4.0117
-3.5048
-2.9862
-2.4574
-1.9202
-1.3764
-0.82779
-0.27625
0.27549
0.82628
1.3754
0.82628
0.49647
0.16566
-0.16612
-0.49777
-0.82768
-1.1547
-1.4777
-1.7957
-2.1075
-2.4123
-2.7092
-2.9974
-3.276
-3.5446
-3.8026
-4.0494
-4.2849
-4.5086
-4.7205
-4.9205
-5.1086
-5.2849
-5.4495
-5.6027
-5.7448
-5.8761
-5.997
-6.108
-6.2096
-6.3021
-6.3861
-6.4622
-6.5308
-6.5924
-6.6476
-6.6969
-6.7407
-6.7794
-6.8136
-6.8436
-6.8698
-6.8926
-6.9122
-6.9291
-6.9434
-6.9554
-6.9653
-6.9733
-6.9796
-6.9841
-6.9871
-6.9886
-6.9886
-6.9871
-6.9841
-6.9796
-6.9733
-6.9653
-6.9554
-6.9434
-6.9291
-6.9122
-6.8926
-6.8698
-6.8436
-6.8136
-6.7794
-6.7407
-6.6969
-6.6476
-6.5924
-6.5308
-6.4622
-6.3861
-6.3021
-6.2096
-6.108
-5.997
-5.8761
-5.7448
-5.6027
-5.4495
-5.2849
-5.1086
-4.9205
-4.7205
-4.5086
-4.2849
-4.0494
-3.8026
-3.5446
-3.276
-2.9974
-2.7092
-2.4123
-2.1075
-1.7957
-1.4777
-1.1547
-0.82768
-0.49777
-0.16612
0.16566
0.49647
0.82628
0.27549
0.16566
0.055395
-0.055549
-0.16645
-0.27677
-0.38612
-0.49414
-0.60046
-0.70474
-0.80667
-0.90595
-1.0023
-1.0955
-1.1853
-1.2716
-1.3541
-1.4328
-1.5077
-1.5785
-1.6454
-1.7083
-1.7672
-1.8223
-1.8735
-1.921
-1.9649
-2.0054
-2.0425
-2.0765
-2.1074
-2.1355
-2.1609
-2.1839
-2.2045
-2.223
-2.2394
-2.2541
-2.267
-2.2785
-2.2885
-2.2972
-2.3049
-2.3114
-2.3171
-2.3219
-2.3259
-2.3292
-2.3319
-2.334
-2.3355
-2.3365
-2.337
-2.337
-2.3365
-2.3355
-2.334
-2.3319
-2.3292
-2.3259
-2.3219
-2.3171
-2.3114
-2.3049
-2.2972
-2.2885
-2.2785
-2.267
-2.2541
-2.2394
-2.223
-2.2045
-2.1839
-2.1609
-2.1355
-2.1074
-2.0765
-2.0425
-2.0054
-1.9649
-1.921
-1.8735
-1.8223
-1.7672
-1.7083
-1.6454
-1.5785
-1.5077
-1.4328
-1.3541
-1.2716
-1.1853
-1.0955
-1.0023
-0.90595
-0.80667
-0.70474
-0.60046
-0.49414
-0.38612
-0.27677
-0.16645
-0.055549
0.055395
0.16566
0.27549
-0.27625
-0.16612
-0.055549
0.055703
0.16691
0.27754
0.3872
0.49551
0.60213
0.7067
0.80891
0.90846
1.0051
1.0985
1.1886
1.2751
1.3579
1.4368
1.5118
1.5829
1.65
1.713
1.7721
1.8273
1.8787
1.9264
1.9704
2.0109
2.0482
2.0822
2.1132
2.1414
2.1669
2.1899
2.2106
2.2291
2.2456
2.2603
2.2733
2.2848
2.2948
2.3036
2.3113
2.3179
2.3235
2.3283
2.3323
2.3357
2.3383
2.3404
2.342
2.343
2.3435
2.3435
2.343
2.342
2.3404
2.3383
2.3357
2.3323
2.3283
2.3235
2.3179
2.3113
2.3036
2.2948
2.2848
2.2733
2.2603
2.2456
2.2291
2.2106
2.1899
2.1669
2.1414
2.1132
2.0822
2.0482
2.0109
1.9704
1.9264
1.8787
1.8273
1.7721
1.713
1.65
1.5829
1.5118
1.4368
1.3579
1.2751
1.1886
1.0985
1.0051
0.90846
0.80891
0.7067
0.60213
0.49551
0.3872
0.27754
0.16691
0.055703
-0.055549
-0.16612
-0.27625
-0.82779
-0.49777
-0.16645
0.16691
0.50015
0.83164
1.1602
1.4848
1.8043
2.1176
2.4239
2.7222
3.0117
3.2917
3.5616
3.8208
4.0688
4.3054
4.5302
4.7431
4.9441
5.1331
5.3102
5.4756
5.6295
5.7723
5.9042
6.0258
6.1373
6.2393
6.3323
6.4168
6.4932
6.5621
6.6241
6.6795
6.729
6.773
6.812
6.8463
6.8764
6.9028
6.9257
6.9454
6.9624
6.9768
6.9888
6.9988
7.0068
7.0131
7.0177
7.0207
7.0222
7.0222
7.0207
7.0177
7.0131
7.0068
6.9988
6.9888
6.9768
6.9624
6.9454
6.9257
6.9028
6.8764
6.8463
6.812
6.773
6.729
6.6795
6.6241
6.5621
6.4932
6.4168
6.3323
6.2393
6.1373
6.0258
5.9042
5.7723
5.6295
5.4756
5.3102
5.1331
4.9441
4.7431
4.5302
4.3054
4.0688
3.8208
3.5616
3.2917
3.0117
2.7222
2.4239
2.1176
1.8043
1.4848
1.1602
0.83164
0.50015
0.16691
-0.16645
-0.49777
-0.82779
-1.3764
-0.82768
-0.27677
0.27754
0.83164
1.3828
1.9292
2.4689
3.0001
3.5211
4.0304
4.5264
5.0078
5.4734
5.9221
6.3531
6.7655
7.1589
7.5327
7.8868
8.2209
8.5351
8.8296
9.1047
9.3606
9.598
9.8174
10.02
10.205
10.375
10.529
10.67
10.797
10.911
11.014
11.107
11.189
11.262
11.327
11.384
11.434
11.478
11.516
11.549
11.577
11.601
11.621
11.637
11.651
11.661
11.669
11.674
11.676
11.676
11.674
11.669
11.661
11.651
11.637
11.621
11.601
11.577
11.549
11.516
11.478
11.434
11.384
11.327
11.262
11.189
11.107
11.014
10.911
10.797
10.67
10.529
10.375
10.205
10.02
9.8174
9.598
9.3606
9.1047
8.8296
8.5351
8.2209
7.8868
7.5327
7.1589
6.7655
6.3531
5.9221
5.4734
5.0078
4.5264
4.0304
3.5211
3.0001
2.4689
1.9292
1.3828
0.83164
0.27754
-0.27677
-0.82768
-1.3764
-1.9202
-1.1547
-0.38612
0.3872
1.1602
1.9292
2.6914
3.4443
4.1854
4.9123
5.6228
6.3148
6.9864
7.6359
8.262
8.8632
9.4386
9.9874
10.509
11.003
11.469
11.907
12.318
12.702
13.059
13.39
13.696
13.978
14.237
14.474
14.689
14.885
15.063
15.223
15.366
15.495
15.61
15.712
15.802
15.882
15.952
16.013
16.066
16.112
16.151
16.184
16.212
16.236
16.254
16.269
16.279
16.286
16.29
16.29
16.286
16.279
16.269
16.254
16.236
16.212
16.184
16.151
16.112
16.066
16.013
15.952
15.882
15.802
15.712
15.61
15.495
15.366
15.223
15.063
14.885
14.689
14.474
14.237
13.978
13.696
13.39
13.059
12.702
12.318
11.907
11.469
11.003
10.509
9.9874
9.4386
8.8632
8.262
7.6359
6.9864
6.3148
5.6228
4.9123
4.1854
3.4443
2.6914
1.9292
1.1602
0.3872
-0.38612
-1.1547
-1.9202
-2.4574
-1.4777
-0.49414
0.49551
1.4848
2.4689
3.4443
4.4079
5.3563
6.2865
7.1957
8.0813
8.9408
9.7721
10.573
11.343
12.079
12.781
13.449
14.081
14.677
15.239
15.764
16.255
16.712
17.136
17.528
17.889
18.22
18.523
18.799
19.05
19.276
19.481
19.665
19.83
19.977
20.107
20.223
20.325
20.414
20.492
20.56
20.619
20.669
20.712
20.748
20.778
20.801
20.82
20.834
20.843
20.847
20.847
20.843
20.834
20.82
20.801
20.778
20.748
20.712
20.669
20.619
20.56
20.492
20.414
20.325
20.223
20.107
19.977
19.83
19.665
19.481
19.276
19.05
18.799
18.523
18.22
17.889
17.528
17.136
16.712
16.255
15.764
15.239
14.677
14.081
13.449
12.781
12.079
11.343
10.573
9.7721
8.9408
8.0813
7.1957
6.2865
5.3563
4.4079
3.4443
2.4689
1.4848
0.49551
-0.49414
-1.4777
-2.4574
-2.9862
-1.7957
-0.60046
0.60213
1.8043
3.0001
4.1854
5.3563
6.5087
7.6391
8.744
9.8201
10.865
11.875
12.848
13.783
14.678
15.531
16.343
17.111
17.836
18.517
19.156
19.753
20.308
20.823
21.299
21.738
22.14
22.508
22.844
23.148
23.424
23.673
23.896
24.097
24.275
24.434
24.574
24.698
24.807
24.902
24.985
25.056
25.117
25.169
25.212
25.248
25.277
25.3
25.316
25.327
25.333
25.333
25.327
25.316
25.3
25.277
25.248
25.212
25.169
25.117
25.056
24.985
24.902
24.807
24.698
24.574
24.434
24.275
24.097
23.896
23.673
23.424
23.148
22.844
22.508
22.14
21.738
21.299
20.823
20.308
19.753
19.156
18.517
17.836
17.111
16.343
15.531
14.678
13.783
12.848
11.875
10.865
9.8201
8.744
7.6391
6.5087
5.3563
4.1854
3.0001
1.8043
0.60213
-0.60046
-1.7957
-2.9862
-3.5048
-2.1075
-0.70474
0.7067
2.1176
3.5211
4.9123
6.2865
7.6391
8.9658
10.263
11.526
12.751
13.937
15.08
16.177
17.227
18.229
19.181
20.082
20.933
21.733
22.483
23.184
23.836
24.44
24.999
25.513
25.986
26.418
26.811
27.169
27.493
27.785
28.047
28.282
28.491
28.678
28.843
28.988
29.116
29.227
29.324
29.408
29.48
29.54
29.592
29.634
29.668
29.694
29.714
29.726
29.733
29.733
29.726
29.714
29.694
29.668
29.634
29.592
29.54
29.48
29.408
29.324
29.227
29.116
28.988
28.843
28.678
28.491
28.282
28.047
27.785
27.493
27.169
26.811
26.418
25.986
25.513
24.999
24.44
23.836
23.184
22.483
21.733
20.933
20.082
19.181
18.229
17.227
16.177
15.08
13.937
12.751
11.526
10.263
8.9658
7.6391
6.2865
4.9123
3.5211
2.1176
0.7067
-0.70474
-2.1075
-3.5048
-4.0117
-2.4123
-0.80667
0.80891
2.4239
4.0304
5.6228
7.1957
8.744
10.263
11.747
13.193
14.596
15.953
17.261
18.517
19.719
20.865
21.955
22.987
23.961
24.877
25.735
26.537
27.283
27.975
28.615
29.204
29.744
30.239
30.689
31.099
31.469
31.803
32.104
32.373
32.612
32.826
33.015
33.181
33.327
33.455
33.566
33.662
33.744
33.813
33.872
33.92
33.959
33.99
34.012
34.026
34.034
34.034
34.026
34.012
33.99
33.959
33.92
33.872
33.813
33.744
33.662
33.566
33.455
33.327
33.181
33.015
32.826
32.612
32.373
32.104
31.803
31.469
31.099
30.689
30.239
29.744
29.204
28.615
27.975
27.283
26.537
25.735
24.877
23.961
22.987
21.955
20.865
19.719
18.517
17.261
15.953
14.596
13.193
11.747
10.263
8.744
7.1957
5.6228
4.0304
2.4239
0.80891
-0.80667
-2.4123
-4.0117
-4.5054
-2.7092
-0.90595
0.90846
2.7222
4.5264
6.3148
8.0813
9.8201
11.526
13.193
14.816
16.392
17.916
19.385
20.796
22.146
23.433
24.657
25.816
26.91
27.939
28.903
29.803
30.641
31.418
32.137
32.798
33.405
33.961
34.467
34.927
35.343
35.718
36.055
36.357
36.627
36.866
37.078
37.265
37.429
37.573
37.697
37.805
37.897
37.976
38.041
38.096
38.139
38.173
38.198
38.215
38.223
38.223
38.215
38.198
38.173
38.139
38.096
38.041
37.976
37.897
37.805
37.697
37.573
37.429
37.265
37.078
36.866
36.627
36.357
36.055
35.718
35.343
34.927
34.467
33.961
33.405
32.798
32.137
31.418
30.641
29.803
28.903
27.939
26.91
25.816
24.657
23.433
22.146
20.796
19.385
17.916
16.392
14.816
13.193
11.526
9.8201
8.0813
6.3148
4.5264
2.7222
0.90846
-0.90595
-2.7092
-4.5054
-4.9846
-2.9974
-1.0023
1.0051
3.0117
5.0078
6.9864
8.9408
10.865
12.751
14.596
16.392
18.135
19.822
21.447
23.007
24.501
25.926
27.28
28.562
29.772
30.91
31.977
32.973
33.9
34.76
35.555
36.287
36.959
37.573
38.133
38.642
39.102
39.517
39.891
40.225
40.523
40.788
41.022
41.229
41.411
41.57
41.707
41.827
41.929
42.015
42.088
42.148
42.197
42.234
42.262
42.28
42.289
42.289
42.28
42.262
42.234
42.197
42.148
42.088
42.015
41.929
41.827
41.707
41.57
41.411
41.229
41.022
40.788
40.523
40.225
39.891
39.517
39.102
38.642
38.133
37.573
36.959
36.287
35.555
34.76
33.9
32.973
31.977
30.91
29.772
28.562
27.28
25.926
24.501
23.007
21.447
19.822
18.135
16.392
14.596
12.751
10.865
8.9408
6.9864
5.0078
3.0117
1.0051
-1.0023
-2.9974
-4.9846
-5.448
-3.276
-1.0955
1.0985
3.2917
5.4734
7.6359
9.7721
11.875
13.937
15.953
17.916
19.822
21.665
23.441
25.147
26.779
28.337
29.816
31.218
32.541
33.785
34.95
36.039
37.053
37.992
38.861
39.661
40.395
41.067
41.679
42.235
42.738
43.192
43.6
43.965
44.291
44.581
44.837
45.064
45.262
45.435
45.586
45.716
45.828
45.923
46.002
46.068
46.121
46.162
46.192
46.212
46.222
46.222
46.212
46.192
46.162
46.121
46.068
46.002
45.923
45.828
45.716
45.586
45.435
45.262
45.064
44.837
44.581
44.291
43.965
43.6
43.192
42.738
42.235
41.679
41.067
40.395
39.661
38.861
37.992
37.053
36.039
34.95
33.785
32.541
31.218
29.816
28.337
26.779
25.147
23.441
21.665
19.822
17.916
15.953
13.937
11.875
9.7721
7.6359
5.4734
3.2917
1.0985
-1.0955
-3.276
-5.448
-5.8946
-3.5446
-1.1853
1.1886
3.5616
5.9221
8.262
10.573
12.848
15.08
17.261
19.385
21.447
23.441
25.363
27.209
28.975
30.66
32.261
33.778
35.209
36.555
37.816
38.994
40.091
41.108
42.048
42.913
43.708
44.435
45.097
45.699
46.243
46.734
47.176
47.571
47.923
48.237
48.514
48.759
48.974
49.162
49.325
49.466
49.586
49.689
49.775
49.846
49.903
49.948
49.981
50.002
50.013
50.013
50.002
49.981
49.948
49.903
49.846
49.775
49.689
49.586
49.466
49.325
49.162
48.974
48.759
48.514
48.237
47.923
47.571
47.176
46.734
46.243
45.699
45.097
44.435
43.708
42.913
42.048
41.108
40.091
38.994
37.816
36.555
35.209
33.778
32.261
30.66
28.975
27.209
25.363
23.441
21.447
19.385
17.261
15.08
12.848
10.573
8.262
5.9221
3.5616
1.1886
-1.1853
-3.5446
-5.8946
-6.3236
-3.8026
-1.2716
1.2751
3.8208
6.3531
8.8632
11.343
13.783
16.177
18.517
20.796
23.007
25.147
27.209
29.189
31.084
32.891
34.609
36.236
37.771
39.215
40.569
41.832
43.009
44.1
45.108
46.037
46.889
47.669
48.38
49.025
49.609
50.136
50.61
51.034
51.412
51.748
52.046
52.309
52.539
52.741
52.916
53.067
53.196
53.306
53.399
53.475
53.536
53.584
53.619
53.642
53.654
53.654
53.642
53.619
53.584
53.536
53.475
53.399
53.306
53.196
53.067
52.916
52.741
52.539
52.309
52.046
51.748
51.412
51.034
50.61
50.136
49.609
49.025
48.38
47.669
46.889
46.037
45.108
44.1
43.009
41.832
40.569
39.215
37.771
36.236
34.609
32.891
31.084
29.189
27.209
25.147
23.007
20.796
18.517
16.177
13.783
11.343
8.8632
6.3531
3.8208
1.2751
-1.2716
-3.8026
-6.3236
-6.7341
-4.0494
-1.3541
1.3579
4.0688
6.7655
9.4386
12.079
14.678
17.227
19.719
22.146
24.501
26.779
28.975
31.084
33.102
35.027
36.856
38.589
40.224
41.762
43.203
44.549
45.802
46.964
48.037
49.026
49.934
50.765
51.521
52.209
52.831
53.392
53.897
54.348
54.751
55.109
55.426
55.706
55.952
56.166
56.352
56.513
56.651
56.769
56.867
56.948
57.014
57.064
57.102
57.126
57.138
57.138
57.126
57.102
57.064
57.014
56.948
56.867
56.769
56.651
56.513
56.352
56.166
55.952
55.706
55.426
55.109
54.751
54.348
53.897
53.392
52.831
52.209
51.521
50.765
49.934
49.026
48.037
46.964
45.802
44.549
43.203
41.762
40.224
38.589
36.856
35.027
33.102
31.084
28.975
26.779
24.501
22.146
19.719
17.227
14.678
12.079
9.4386
6.7655
4.0688
1.3579
-1.3541
-4.0494
-6.7341
-7.1257
-4.2849
-1.4328
1.4368
4.3054
7.1589
9.9874
12.781
15.531
18.229
20.865
23.433
25.926
28.337
30.66
32.891
35.027
37.064
38.999
40.833
42.563
44.19
45.715
47.14
48.465
49.695
50.831
51.878
52.838
53.717
54.518
55.246
55.904
56.498
57.032
57.509
57.936
58.315
58.651
58.946
59.206
59.433
59.63
59.801
59.947
60.071
60.175
60.261
60.33
60.384
60.424
60.45
60.462
60.462
60.45
60.424
60.384
60.33
60.261
60.175
60.071
59.947
59.801
59.63
59.433
59.206
58.946
58.651
58.315
57.936
57.509
57.032
56.498
55.904
55.246
54.518
53.717
52.838
51.878
50.831
49.695
48.465
47.14
45.715
44.19
42.563
40.833
38.999
37.064
35.027
32.891
30.66
28.337
25.926
23.433
20.865
18.229
15.531
12.781
9.9874
7.1589
4.3054
1.4368
-1.4328
-4.2849
-7.1257
-7.4978
-4.5086
-1.5077
1.5118
4.5302
7.5327
10.509
13.449
16.343
19.181
21.955
24.657
27.28
29.816
32.261
34.609
36.856
38.999
41.036
42.965
44.786
46.498
48.103
49.602
50.997
52.291
53.486
54.588
55.599
56.523
57.366
58.132
58.825
59.449
60.011
60.514
60.963
61.362
61.715
62.026
62.3
62.539
62.746
62.925
63.079
63.21
63.319
63.41
63.483
63.539
63.581
63.608
63.622
63.622
63.608
63.581
63.539
63.483
63.41
63.319
63.21
63.079
62.925
62.746
62.539
62.3
62.026
61.715
61.362
60.963
60.514
60.011
59.449
58.825
58.132
57.366
56.523
55.599
54.588
53.486
52.291
50.997
49.602
48.103
46.498
44.786
42.965
41.036
38.999
36.856
34.609
32.261
29.816
27.28
24.657
21.955
19.181
16.343
13.449
10.509
7.5327
4.5302
1.5118
-1.5077
-4.5086
-7.4978
-7.8502
-4.7205
-1.5785
1.5829
4.7431
7.8868
11.003
14.081
17.111
20.082
22.987
25.816
28.562
31.218
33.778
36.236
38.589
40.833
42.965
44.985
46.891
48.684
50.365
51.934
53.395
54.749
56.001
57.154
58.213
59.181
60.064
60.865
61.591
62.245
62.833
63.36
63.83
64.247
64.617
64.943
65.23
65.48
65.697
65.885
66.046
66.183
66.297
66.392
66.468
66.528
66.571
66.6
66.614
66.614
66.6
66.571
66.528
66.468
66.392
66.297
66.183
66.046
65.885
65.697
65.48
65.23
64.943
64.617
64.247
63.83
63.36
62.833
62.245
61.591
60.865
60.064
59.181
58.213
57.154
56.001
54.749
53.395
51.934
50.365
48.684
46.891
44.985
42.965
40.833
38.589
36.236
33.778
31.218
28.562
25.816
22.987
20.082
17.111
14.081
11.003
7.8868
4.7431
1.5829
-1.5785
-4.7205
-7.8502
-8.1827
-4.9205
-1.6454
1.65
4.9441
8.2209
11.469
14.677
17.836
20.933
23.961
26.91
29.772
32.541
35.209
37.771
40.224
42.563
44.786
46.891
48.879
50.747
52.499
54.135
55.657
57.07
58.375
59.577
60.68
61.69
62.61
63.445
64.202
64.884
65.497
66.046
66.536
66.971
67.357
67.697
67.995
68.256
68.483
68.678
68.846
68.989
69.108
69.207
69.287
69.348
69.394
69.424
69.438
69.438
69.424
69.394
69.348
69.287
69.207
69.108
68.989
68.846
68.678
68.483
68.256
67.995
67.697
67.357
66.971
66.536
66.046
65.497
64.884
64.202
63.445
62.61
61.69
60.68
59.577
58.375
57.07
55.657
54.135
52.499
50.747
48.879
46.891
44.786
42.563
40.224
37.771
35.209
32.541
29.772
26.91
23.961
20.933
17.836
14.677
11.469
8.2209
4.9441
1.65
-1.6454
-4.9205
-8.1827
-8.4955
-5.1086
-1.7083
1.713
5.1331
8.5351
11.907
15.239
18.517
21.733
24.877
27.939
30.91
33.785
36.555
39.215
41.762
44.19
46.498
48.684
50.747
52.688
54.506
56.205
57.786
59.252
60.607
61.855
63.001
64.049
65.004
65.872
66.657
67.365
68.002
68.572
69.081
69.533
69.933
70.286
70.596
70.867
71.102
71.306
71.48
71.628
71.752
71.855
71.937
72.002
72.049
72.08
72.095
72.095
72.08
72.049
72.002
71.937
71.855
71.752
71.628
71.48
71.306
71.102
70.867
70.596
70.286
69.933
69.533
69.081
68.572
68.002
67.365
66.657
65.872
65.004
64.049
63.001
61.855
60.607
59.252
57.786
56.205
54.506
52.688
50.747
48.684
46.498
44.19
41.762
39.215
36.555
33.785
30.91
27.939
24.877
21.733
18.517
15.239
11.907
8.5351
5.1331
1.713
-1.7083
-5.1086
-8.4955
-8.7886
-5.2849
-1.7672
1.7721
5.3102
8.8296
12.318
15.764
19.156
22.483
25.735
28.903
31.977
34.95
37.816
40.569
43.203
45.715
48.103
50.365
52.499
54.506
56.388
58.145
59.78
61.297
62.699
63.991
65.176
66.26
67.249
68.146
68.959
69.692
70.35
70.94
71.466
71.934
72.348
72.714
73.034
73.314
73.558
73.768
73.949
74.102
74.23
74.336
74.422
74.488
74.537
74.569
74.585
74.585
74.569
74.537
74.488
74.422
74.336
74.23
74.102
73.949
73.768
73.558
73.314
73.034
72.714
72.348
71.934
71.466
70.94
70.35
69.692
68.959
68.146
67.249
66.26
65.176
63.991
62.699
61.297
59.78
58.145
56.388
54.506
52.499
50.365
48.103
45.715
43.203
40.569
37.816
34.95
31.977
28.903
25.735
22.483
19.156
15.764
12.318
8.8296
5.3102
1.7721
-1.7672
-5.2849
-8.7886
-9.0624
-5.4495
-1.8223
1.8273
5.4756
9.1047
12.702
16.255
19.753
23.184
26.537
29.803
32.973
36.039
38.994
41.832
44.549
47.14
49.602
51.934
54.135
56.205
58.145
59.957
61.644
63.208
64.654
65.985
67.208
68.326
69.345
70.27
71.108
71.864
72.543
73.152
73.694
74.177
74.604
74.981
75.311
75.6
75.852
76.069
76.254
76.412
76.545
76.654
76.743
76.811
76.861
76.895
76.911
76.911
76.895
76.861
76.811
76.743
76.654
76.545
76.412
76.254
76.069
75.852
75.6
75.311
74.981
74.604
74.177
73.694
73.152
72.543
71.864
71.108
70.27
69.345
68.326
67.208
65.985
64.654
63.208
61.644
59.957
58.145
56.205
54.135
51.934
49.602
47.14
44.549
41.832
38.994
36.039
32.973
29.803
26.537
23.184
19.753
16.255
12.702
9.1047
5.4756
1.8273
-1.8223
-5.4495
-9.0624
-9.3171
-5.6027
-1.8735
1.8787
5.6295
9.3606
13.059
16.712
20.308
23.836
27.283
30.641
33.9
37.053
40.091
43.009
45.802
48.465
50.997
53.395
55.657
57.786
59.78
61.644
63.378
64.986
66.472
67.842
69.098
70.248
71.296
72.248
73.109
73.886
74.585
75.21
75.768
76.264
76.704
77.091
77.431
77.728
77.987
78.21
78.401
78.563
78.699
78.812
78.903
78.973
79.025
79.059
79.076
79.076
79.059
79.025
78.973
78.903
78.812
78.699
78.563
78.401
78.21
77.987
77.728
77.431
77.091
76.704
76.264
75.768
75.21
74.585
73.886
73.109
72.248
71.296
70.248
69.098
67.842
66.472
64.986
63.378
61.644
59.78
57.786
55.657
53.395
50.997
48.465
45.802
43.009
40.091
37.053
33.9
30.641
27.283
23.836
20.308
16.712
13.059
9.3606
5.6295
1.8787
-1.8735
-5.6027
-9.3171
-9.5534
-5.7448
-1.921
1.9264
5.7723
9.598
13.39
17.136
20.823
24.44
27.975
31.418
34.76
37.992
41.108
44.1
46.964
49.695
52.291
54.749
57.07
59.252
61.297
63.208
64.986
66.635
68.159
69.564
70.852
72.031
73.106
74.082
74.965
75.762
76.478
77.12
77.692
78.201
78.651
79.048
79.397
79.702
79.967
80.196
80.392
80.558
80.698
80.813
80.906
80.979
81.032
81.067
81.084
81.084
81.067
81.032
80.979
80.906
80.813
80.698
80.558
80.392
80.196
79.967
79.702
79.397
79.048
78.651
78.201
77.692
77.12
76.478
75.762
74.965
74.082
73.106
72.031
70.852
69.564
68.159
66.635
64.986
63.208
61.297
59.252
57.07
54.749
52.291
49.695
46.964
44.1
41.108
37.992
34.76
31.418
27.975
24.44
20.823
17.136
13.39
9.598
5.7723
1.9264
-1.921
-5.7448
-9.5534
-9.7718
-5.8761
-1.9649
1.9704
5.9042
9.8174
13.696
17.528
21.299
24.999
28.615
32.137
35.555
38.861
42.048
45.108
48.037
50.831
53.486
56.001
58.375
60.607
62.699
64.654
66.472
68.159
69.719
71.155
72.473
73.679
74.778
75.777
76.681
77.496
78.229
78.885
79.47
79.991
80.451
80.858
81.215
81.526
81.797
82.031
82.232
82.402
82.545
82.663
82.759
82.833
82.887
82.923
82.94
82.94
82.923
82.887
82.833
82.759
82.663
82.545
82.402
82.232
82.031
81.797
81.526
81.215
80.858
80.451
79.991
79.47
78.885
78.229
77.496
76.681
75.777
74.778
73.679
72.473
71.155
69.719
68.159
66.472
64.654
62.699
60.607
58.375
56.001
53.486
50.831
48.037
45.108
42.048
38.861
35.555
32.137
28.615
24.999
21.299
17.528
13.696
9.8174
5.9042
1.9704
-1.9649
-5.8761
-9.7718
-9.9729
-5.997
-2.0054
2.0109
6.0258
10.02
13.978
17.889
21.738
25.513
29.204
32.798
36.287
39.661
42.913
46.037
49.026
51.878
54.588
57.154
59.577
61.855
63.991
65.985
67.842
69.564
71.155
72.621
73.967
75.197
76.319
77.338
78.261
79.093
79.841
80.51
81.108
81.639
82.11
82.525
82.889
83.207
83.484
83.722
83.927
84.101
84.247
84.368
84.465
84.54
84.596
84.632
84.65
84.65
84.632
84.596
84.54
84.465
84.368
84.247
84.101
83.927
83.722
83.484
83.207
82.889
82.525
82.11
81.639
81.108
80.51
79.841
79.093
78.261
77.338
76.319
75.197
73.967
72.621
71.155
69.564
67.842
65.985
63.991
61.855
59.577
57.154
54.588
51.878
49.026
46.037
42.913
39.661
36.287
32.798
29.204
25.513
21.738
17.889
13.978
10.02
6.0258
2.0109
-2.0054
-5.997
-9.9729
-10.158
-6.108
-2.0425
2.0482
6.1373
10.205
14.237
18.22
22.14
25.986
29.744
33.405
36.959
40.395
43.708
46.889
49.934
52.838
55.599
58.213
60.68
63.001
65.176
67.208
69.098
70.852
72.473
73.967
75.337
76.591
77.734
78.772
79.711
80.559
81.321
82.003
82.612
83.153
83.632
84.054
84.425
84.75
85.031
85.275
85.483
85.661
85.809
85.932
86.031
86.108
86.165
86.202
86.22
86.22
86.202
86.165
86.108
86.031
85.932
85.809
85.661
85.483
85.275
85.031
84.75
84.425
84.054
83.632
83.153
82.612
82.003
81.321
80.559
79.711
78.772
77.734
76.591
75.337
73.967
72.473
70.852
69.098
67.208
65.176
63.001
60.68
58.213
55.599
52.838
49.934
46.889
43.708
40.395
36.959
33.405
29.744
25.986
22.14
18.22
14.237
10.205
6.1373
2.0482
-2.0425
-6.108
-10.158
-10.326
-6.2096
-2.0765
2.0822
6.2393
10.375
14.474
18.523
22.508
26.418
30.239
33.961
37.573
41.067
44.435
47.669
50.765
53.717
56.523
59.181
61.69
64.049
66.26
68.326
70.248
72.031
73.679
75.197
76.591
77.865
79.027
80.083
81.038
81.9
82.674
83.368
83.987
84.537
85.024
85.454
85.831
86.161
86.447
86.695
86.907
87.087
87.238
87.363
87.464
87.542
87.6
87.637
87.656
87.656
87.637
87.6
87.542
87.464
87.363
87.238
87.087
86.907
86.695
86.447
86.161
85.831
85.454
85.024
84.537
83.987
83.368
82.674
81.9
81.038
80.083
79.027
77.865
76.591
75.197
73.679
72.031
70.248
68.326
66.26
64.049
61.69
59.181
56.523
53.717
50.765
47.669
44.435
41.067
37.573
33.961
30.239
26.418
22.508
18.523
14.474
10.375
6.2393
2.0822
-2.0765
-6.2096
-10.326
-10.48
-6.3021
-2.1074
2.1132
6.3323
10.529
14.689
18.799
22.844
26.811
30.689
34.467
38.133
41.679
45.097
48.38
51.521
54.518
57.366
60.064
62.61
65.004
67.249
69.345
71.296
73.106
74.778
76.319
77.734
79.027
80.207
81.278
82.248
83.122
83.908
84.612
85.241
85.799
86.294
86.73
87.113
87.447
87.738
87.989
88.205
88.388
88.541
88.668
88.77
88.849
88.908
88.946
88.965
88.965
88.946
88.908
88.849
88.77
88.668
88.541
88.388
88.205
87.989
87.738
87.447
87.113
86.73
86.294
85.799
85.241
84.612
83.908
83.122
82.248
81.278
80.207
79.027
77.734
76.319
74.778
73.106
71.296
69.345
67.249
65.004
62.61
60.064
57.366
54.518
51.521
48.38
45.097
41.679
38.133
34.467
30.689
26.811
22.844
18.799
14.689
10.529
6.3323
2.1132
-2.1074
-6.3021
-10.48
-10.62
-6.3861
-2.1355
2.1414
6.4168
10.67
14.885
19.05
23.148
27.169
31.099
34.927
38.642
42.235
45.699
49.025
52.209
55.246
58.132
60.865
63.445
65.872
68.146
70.27
72.248
74.082
75.777
77.338
78.772
80.083
81.278
82.363
83.346
84.233
85.029
85.743
86.38
86.946
87.447
87.889
88.277
88.616
88.911
89.165
89.384
89.569
89.724
89.853
89.956
90.037
90.096
90.135
90.154
90.154
90.135
90.096
90.037
89.956
89.853
89.724
89.569
89.384
89.165
88.911
88.616
88.277
87.889
87.447
86.946
86.38
85.743
85.029
84.233
83.346
82.363
81.278
80.083
78.772
77.338
75.777
74.082
72.248
70.27
68.146
65.872
63.445
60.865
58.132
55.246
52.209
49.025
45.699
42.235
38.642
34.927
31.099
27.169
23.148
19.05
14.885
10.67
6.4168
2.1414
-2.1355
-6.3861
-10.62
-10.746
-6.4622
-2.1609
2.1669
6.4932
10.797
15.063
19.276
23.424
27.493
31.469
35.343
39.102
42.738
46.243
49.609
52.831
55.904
58.825
61.591
64.202
66.657
68.959
71.108
73.109
74.965
76.681
78.261
79.711
81.038
82.248
83.346
84.341
85.238
86.044
86.766
87.411
87.983
88.491
88.938
89.331
89.674
89.972
90.23
90.451
90.638
90.796
90.926
91.03
91.112
91.172
91.211
91.231
91.231
91.211
91.172
91.112
91.03
90.926
90.796
90.638
90.451
90.23
89.972
89.674
89.331
88.938
88.491
87.983
87.411
86.766
86.044
85.238
84.341
83.346
82.248
81.038
79.711
78.261
76.681
74.965
73.109
71.108
68.959
66.657
64.202
61.591
58.825
55.904
52.831
49.609
46.243
42.738
39.102
35.343
31.469
27.493
23.424
19.276
15.063
10.797
6.4932
2.1669
-2.1609
-6.4622
-10.746
-10.861
-6.5308
-2.1839
2.1899
6.5621
10.911
15.223
19.481
23.673
27.785
31.803
35.718
39.517
43.192
46.734
50.136
53.392
56.498
59.449
62.245
64.884
67.365
69.692
71.864
73.886
75.762
77.496
79.093
80.559
81.9
83.122
84.233
85.238
86.144
86.959
87.689
88.341
88.919
89.432
89.884
90.281
90.628
90.93
91.19
91.413
91.603
91.762
91.893
91.999
92.082
92.142
92.182
92.202
92.202
92.182
92.142
92.082
91.999
91.893
91.762
91.603
91.413
91.19
90.93
90.628
90.281
89.884
89.432
88.919
88.341
87.689
86.959
86.144
85.238
84.233
83.122
81.9
80.559
79.093
77.496
75.762
73.886
71.864
69.692
67.365
64.884
62.245
59.449
56.498
53.392
50.136
46.734
43.192
39.517
35.718
31.803
27.785
23.673
19.481
15.223
10.911
6.5621
2.1899
-2.1839
-6.5308
-10.861
-10.963
-6.5924
-2.2045
2.2106
6.6241
11.014
15.366
19.665
23.896
28.047
32.104
36.055
39.891
43.6
47.176
50.61
53.897
57.032
60.011
62.833
65.497
68.002
70.35
72.543
74.585
76.478
78.229
79.841
81.321
82.674
83.908
85.029
86.044
86.959
87.782
88.519
89.176
89.761
90.279
90.735
91.136
91.486
91.79
92.053
92.279
92.47
92.631
92.763
92.87
92.954
93.015
93.055
93.075
93.075
93.055
93.015
92.954
92.87
92.763
92.631
92.47
92.279
92.053
91.79
91.486
91.136
90.735
90.279
89.761
89.176
88.519
87.782
86.959
86.044
85.029
83.908
82.674
81.321
79.841
78.229
76.478
74.585
72.543
70.35
68.002
65.497
62.833
60.011
57.032
53.897
50.61
47.176
43.6
39.891
36.055
32.104
28.047
23.896
19.665
15.366
11.014
6.6241
2.2106
-2.2045
-6.5924
-10.963
-11.055
-6.6476
-2.223
2.2291
6.6795
11.107
15.495
19.83
24.097
28.282
32.373
36.357
40.225
43.965
47.571
51.034
54.348
57.509
60.514
63.36
66.046
68.572
70.94
73.152
75.21
77.12
78.885
80.51
82.003
83.368
84.612
85.743
86.766
87.689
88.519
89.262
89.925
90.515
91.036
91.497
91.901
92.254
92.561
92.826
93.054
93.247
93.409
93.543
93.65
93.734
93.796
93.836
93.856
93.856
93.836
93.796
93.734
93.65
93.543
93.409
93.247
93.054
92.826
92.561
92.254
91.901
91.497
91.036
90.515
89.925
89.262
88.519
87.689
86.766
85.743
84.612
83.368
82.003
80.51
78.885
77.12
75.21
73.152
70.94
68.572
66.046
63.36
60.514
57.509
54.348
51.034
47.571
43.965
40.225
36.357
32.373
28.282
24.097
19.83
15.495
11.107
6.6795
2.2291
-2.223
-6.6476
-11.055
-11.137
-6.6969
-2.2394
2.2456
6.729
11.189
15.61
19.977
24.275
28.491
32.612
36.627
40.523
44.291
47.923
51.412
54.751
57.936
60.963
63.83
66.536
69.081
71.466
73.694
75.768
77.692
79.47
81.108
82.612
83.987
85.241
86.38
87.411
88.341
89.176
89.925
90.593
91.187
91.713
92.177
92.584
92.94
93.249
93.516
93.745
93.94
94.103
94.238
94.347
94.431
94.493
94.534
94.554
94.554
94.534
94.493
94.431
94.347
94.238
94.103
93.94
93.745
93.516
93.249
92.94
92.584
92.177
91.713
91.187
90.593
89.925
89.176
88.341
87.411
86.38
85.241
83.987
82.612
81.108
79.47
77.692
75.768
73.694
71.466
69.081
66.536
63.83
60.963
57.936
54.751
51.412
47.923
44.291
40.523
36.627
32.612
28.491
24.275
19.977
15.61
11.189
6.729
2.2456
-2.2394
-6.6969
-11.137
-11.21
-6.7407
-2.2541
2.2603
6.773
11.262
15.712
20.107
24.434
28.678
32.826
36.866
40.788
44.581
48.237
51.748
55.109
58.315
61.362
64.247
66.971
69.533
71.934
74.177
76.264
78.201
79.991
81.639
83.153
84.537
85.799
86.946
87.983
88.919
89.761
90.515
91.187
91.785
92.314
92.781
93.191
93.549
93.861
94.13
94.36
94.556
94.72
94.856
94.965
95.051
95.113
95.154
95.174
95.174
95.154
95.113
95.051
94.965
94.856
94.72
94.556
94.36
94.13
93.861
93.549
93.191
92.781
92.314
91.785
91.187
90.515
89.761
88.919
87.983
86.946
85.799
84.537
83.153
81.639
79.991
78.201
76.264
74.177
71.934
69.533
66.971
64.247
61.362
58.315
55.109
51.748
48.237
44.581
40.788
36.866
32.826
28.678
24.434
20.107
15.712
11.262
6.773
2.2603
-2.2541
-6.7407
-11.21
-11.274
-6.7794
-2.267
2.2733
6.812
11.327
15.802
20.223
24.574
28.843
33.015
37.078
41.022
44.837
48.514
52.046
55.426
58.651
61.715
64.617
67.357
69.933
72.348
74.604
76.704
78.651
80.451
82.11
83.632
85.024
86.294
87.447
88.491
89.432
90.279
91.036
91.713
92.314
92.847
93.316
93.729
94.089
94.402
94.673
94.905
95.102
95.267
95.403
95.513
95.599
95.662
95.703
95.723
95.723
95.703
95.662
95.599
95.513
95.403
95.267
95.102
94.905
94.673
94.402
94.089
93.729
93.316
92.847
92.314
91.713
91.036
90.279
89.432
88.491
87.447
86.294
85.024
83.632
82.11
80.451
78.651
76.704
74.604
72.348
69.933
67.357
64.617
61.715
58.651
55.426
52.046
48.514
44.837
41.022
37.078
33.015
28.843
24.574
20.223
15.802
11.327
6.812
2.2733
-2.267
-6.7794
-11.274
-11.331
-6.8136
-2.2785
2.2848
6.8463
11.384
15.882
20.325
24.698
28.988
33.181
37.265
41.229
45.064
48.759
52.309
55.706
58.946
62.026
64.943
67.697
70.286
72.714
74.981
77.091
79.048
80.858
82.525
84.054
85.454
86.73
87.889
88.938
89.884
90.735
91.497
92.177
92.781
93.316
93.788
94.203
94.565
94.88
95.152
95.385
95.583
95.749
95.886
95.997
96.083
96.146
96.187
96.208
96.208
96.187
96.146
96.083
95.997
95.886
95.749
95.583
95.385
95.152
94.88
94.565
94.203
93.788
93.316
92.781
92.177
91.497
90.735
89.884
88.938
87.889
86.73
85.454
84.054
82.525
80.858
79.048
77.091
74.981
72.714
70.286
67.697
64.943
62.026
58.946
55.706
52.309
48.759
45.064
41.229
37.265
33.181
28.988
24.698
20.325
15.882
11.384
6.8463
2.2848
-2.2785
-6.8136
-11.331
-11.381
-6.8436
-2.2885
2.2948
6.8764
11.434
15.952
20.414
24.807
29.116
33.327
37.429
41.411
45.262
48.974
52.539
55.952
59.206
62.3
65.23
67.995
70.596
73.034
75.311
77.431
79.397
81.215
82.889
84.425
85.831
87.113
88.277
89.331
90.281
91.136
91.901
92.584
93.191
93.729
94.203
94.619
94.983
95.299
95.572
95.806
96.005
96.172
96.31
96.421
96.508
96.571
96.613
96.633
96.633
96.613
96.571
96.508
96.421
96.31
96.172
96.005
95.806
95.572
95.299
94.983
94.619
94.203
93.729
93.191
92.584
91.901
91.136
90.281
89.331
88.277
87.113
85.831
84.425
82.889
81.215
79.397
77.431
75.311
73.034
70.596
67.995
65.23
62.3
59.206
55.952
52.539
48.974
45.262
41.411
37.429
33.327
29.116
24.807
20.414
15.952
11.434
6.8764
2.2948
-2.2885
-6.8436
-11.381
-11.424
-6.8698
-2.2972
2.3036
6.9028
11.478
16.013
20.492
24.902
29.227
33.455
37.573
41.57
45.435
49.162
52.741
56.166
59.433
62.539
65.48
68.256
70.867
73.314
75.6
77.728
79.702
81.526
83.207
84.75
86.161
87.447
88.616
89.674
90.628
91.486
92.254
92.94
93.549
94.089
94.565
94.983
95.348
95.666
95.94
96.175
96.375
96.542
96.68
96.792
96.879
96.943
96.984
97.005
97.005
96.984
96.943
96.879
96.792
96.68
96.542
96.375
96.175
95.94
95.666
95.348
94.983
94.565
94.089
93.549
92.94
92.254
91.486
90.628
89.674
88.616
87.447
86.161
84.75
83.207
81.526
79.702
77.728
75.6
73.314
70.867
68.256
65.48
62.539
59.433
56.166
52.741
49.162
45.435
41.57
37.573
33.455
29.227
24.902
20.492
16.013
11.478
6.9028
2.3036
-2.2972
-6.8698
-11.424
-11.462
-6.8926
-2.3049
2.3113
6.9257
11.516
16.066
20.56
24.985
29.324
33.566
37.697
41.707
45.586
49.325
52.916
56.352
59.63
62.746
65.697
68.483
71.102
73.558
75.852
77.987
79.967
81.797
83.484
85.031
86.447
87.738
88.911
89.972
90.93
91.79
92.561
93.249
93.861
94.402
94.88
95.299
95.666
95.984
96.259
96.495
96.695
96.864
97.002
97.114
97.201
97.265
97.307
97.328
97.328
97.307
97.265
97.201
97.114
97.002
96.864
96.695
96.495
96.259
95.984
95.666
95.299
94.88
94.402
93.861
93.249
92.561
91.79
90.93
89.972
88.911
87.738
86.447
85.031
83.484
81.797
79.967
77.987
75.852
73.558
71.102
68.483
65.697
62.746
59.63
56.352
52.916
49.325
45.586
41.707
37.697
33.566
29.324
24.985
20.56
16.066
11.516
6.9257
2.3113
-2.3049
-6.8926
-11.462
-11.495
-6.9122
-2.3114
2.3179
6.9454
11.549
16.112
20.619
25.056
29.408
33.662
37.805
41.827
45.716
49.466
53.067
56.513
59.801
62.925
65.885
68.678
71.306
73.768
76.069
78.21
80.196
82.031
83.722
85.275
86.695
87.989
89.165
90.23
91.19
92.053
92.826
93.516
94.13
94.673
95.152
95.572
95.94
96.259
96.535
96.772
96.973
97.141
97.281
97.393
97.48
97.544
97.586
97.607
97.607
97.586
97.544
97.48
97.393
97.281
97.141
96.973
96.772
96.535
96.259
95.94
95.572
95.152
94.673
94.13
93.516
92.826
92.053
91.19
90.23
89.165
87.989
86.695
85.275
83.722
82.031
80.196
78.21
76.069
73.768
71.306
68.678
65.885
62.925
59.801
56.513
53.067
49.466
45.716
41.827
37.805
33.662
29.408
25.056
20.619
16.112
11.549
6.9454
2.3179
-2.3114
-6.9122
-11.495
-11.523
-6.9291
-2.3171
2.3235
6.9624
11.577
16.151
20.669
25.117
29.48
33.744
37.897
41.929
45.828
49.586
53.196
56.651
59.947
63.079
66.046
68.846
71.48
73.949
76.254
78.401
80.392
82.232
83.927
85.483
86.907
88.205
89.384
90.451
91.413
92.279
93.054
93.745
94.36
94.905
95.385
95.806
96.175
96.495
96.772
97.009
97.21
97.379
97.519
97.632
97.719
97.783
97.826
97.846
97.846
97.826
97.783
97.719
97.632
97.519
97.379
97.21
97.009
96.772
96.495
96.175
95.806
95.385
94.905
94.36
93.745
93.054
92.279
91.413
90.451
89.384
88.205
86.907
85.483
83.927
82.232
80.392
78.401
76.254
73.949
71.48
68.846
66.046
63.079
59.947
56.651
53.196
49.586
45.828
41.929
37.897
33.744
29.48
25.117
20.669
16.151
11.577
6.9624
2.3235
-2.3171
-6.9291
-11.523
-11.547
-6.9434
-2.3219
2.3283
6.9768
11.601
16.184
20.712
25.169
29.54
33.813
37.976
42.015
45.923
49.689
53.306
56.769
60.071
63.21
66.183
68.989
71.628
74.102
76.412
78.563
80.558
82.402
84.101
85.661
87.087
88.388
89.569
90.638
91.603
92.47
93.247
93.94
94.556
95.102
95.583
96.005
96.375
96.695
96.973
97.21
97.412
97.582
97.722
97.834
97.922
97.987
98.029
98.05
98.05
98.029
97.987
97.922
97.834
97.722
97.582
97.412
97.21
96.973
96.695
96.375
96.005
95.583
95.102
94.556
93.94
93.247
92.47
91.603
90.638
89.569
88.388
87.087
85.661
84.101
82.402
80.558
78.563
76.412
74.102
71.628
68.989
66.183
63.21
60.071
56.769
53.306
49.689
45.923
42.015
37.976
33.813
29.54
25.169
20.712
16.184
11.601
6.9768
2.3283
-2.3219
-6.9434
-11.547
-11.567
-6.9554
-2.3259
2.3323
6.9888
11.621
16.212
20.748
25.212
29.592
33.872
38.041
42.088
46.002
49.775
53.399
56.867
60.175
63.319
66.297
69.108
71.752
74.23
76.545
78.699
80.698
82.545
84.247
85.809
87.238
88.541
89.724
90.796
91.762
92.631
93.409
94.103
94.72
95.267
95.749
96.172
96.542
96.864
97.141
97.379
97.582
97.751
97.892
98.005
98.093
98.157
98.199
98.22
98.22
98.199
98.157
98.093
98.005
97.892
97.751
97.582
97.379
97.141
96.864
96.542
96.172
95.749
95.267
94.72
94.103
93.409
92.631
91.762
90.796
89.724
88.541
87.238
85.809
84.247
82.545
80.698
78.699
76.545
74.23
71.752
69.108
66.297
63.319
60.175
56.867
53.399
49.775
46.002
42.088
38.041
33.872
29.592
25.212
20.748
16.212
11.621
6.9888
2.3323
-2.3259
-6.9554
-11.567
-11.583
-6.9653
-2.3292
2.3357
6.9988
11.637
16.236
20.778
25.248
29.634
33.92
38.096
42.148
46.068
49.846
53.475
56.948
60.261
63.41
66.392
69.207
71.855
74.336
76.654
78.812
80.813
82.663
84.368
85.932
87.363
88.668
89.853
90.926
91.893
92.763
93.543
94.238
94.856
95.403
95.886
96.31
96.68
97.002
97.281
97.519
97.722
97.892
98.032
98.145
98.233
98.298
98.34
98.361
98.361
98.34
98.298
98.233
98.145
98.032
97.892
97.722
97.519
97.281
97.002
96.68
96.31
95.886
95.403
94.856
94.238
93.543
92.763
91.893
90.926
89.853
88.668
87.363
85.932
84.368
82.663
80.813
78.812
76.654
74.336
71.855
69.207
66.392
63.41
60.261
56.948
53.475
49.846
46.068
42.148
38.096
33.92
29.634
25.248
20.778
16.236
11.637
6.9988
2.3357
-2.3292
-6.9653
-11.583
-11.596
-6.9733
-2.3319
2.3383
7.0068
11.651
16.254
20.801
25.277
29.668
33.959
38.139
42.197
46.121
49.903
53.536
57.014
60.33
63.483
66.468
69.287
71.937
74.422
76.743
78.903
80.906
82.759
84.465
86.031
87.464
88.77
89.956
91.03
91.999
92.87
93.65
94.347
94.965
95.513
95.997
96.421
96.792
97.114
97.393
97.632
97.834
98.005
98.145
98.258
98.347
98.411
98.454
98.475
98.475
98.454
98.411
98.347
98.258
98.145
98.005
97.834
97.632
97.393
97.114
96.792
96.421
95.997
95.513
94.965
94.347
93.65
92.87
91.999
91.03
89.956
88.77
87.464
86.031
84.465
82.759
80.906
78.903
76.743
74.422
71.937
69.287
66.468
63.483
60.33
57.014
53.536
49.903
46.121
42.197
38.139
33.959
29.668
25.277
20.801
16.254
11.651
7.0068
2.3383
-2.3319
-6.9733
-11.596
-11.607
-6.9796
-2.334
2.3404
7.0131
11.661
16.269
20.82
25.3
29.694
33.99
38.173
42.234
46.162
49.948
53.584
57.064
60.384
63.539
66.528
69.348
72.002
74.488
76.811
78.973
80.979
82.833
84.54
86.108
87.542
88.849
90.037
91.112
92.082
92.954
93.734
94.431
95.051
95.599
96.083
96.508
96.879
97.201
97.48
97.719
97.922
98.093
98.233
98.347
98.435
98.5
98.542
98.563
98.563
98.542
98.5
98.435
98.347
98.233
98.093
97.922
97.719
97.48
97.201
96.879
96.508
96.083
95.599
95.051
94.431
93.734
92.954
92.082
91.112
90.037
88.849
87.542
86.108
84.54
82.833
80.979
78.973
76.811
74.488
72.002
69.348
66.528
63.539
60.384
57.064
53.584
49.948
46.162
42.234
38.173
33.99
29.694
25.3
20.82
16.269
11.661
7.0131
2.3404
-2.334
-6.9796
-11.607
-11.614
-6.9841
-2.3355
2.342
7.0177
11.669
16.279
20.834
25.316
29.714
34.012
38.198
42.262
46.192
49.981
53.619
57.102
60.424
63.581
66.571
69.394
72.049
74.537
76.861
79.025
81.032
82.887
84.596
86.165
87.6
88.908
90.096
91.172
92.142
93.015
93.796
94.493
95.113
95.662
96.146
96.571
96.943
97.265
97.544
97.783
97.987
98.157
98.298
98.411
98.5
98.564
98.607
98.628
98.628
98.607
98.564
98.5
98.411
98.298
98.157
97.987
97.783
97.544
97.265
96.943
96.571
96.146
95.662
95.113
94.493
93.796
93.015
92.142
91.172
90.096
88.908
87.6
86.165
84.596
82.887
81.032
79.025
76.861
74.537
72.049
69.394
66.571
63.581
60.424
57.102
53.619
49.981
46.192
42.262
38.198
34.012
29.714
25.316
20.834
16.279
11.669
7.0177
2.342
-2.3355
-6.9841
-11.614
-11.619
-6.9871
-2.3365
2.343
7.0207
11.674
16.286
20.843
25.327
29.726
34.026
38.215
42.28
46.212
50.002
53.642
57.126
60.45
63.608
66.6
69.424
72.08
74.569
76.895
79.059
81.067
82.923
84.632
86.202
87.637
88.946
90.135
91.211
92.182
93.055
93.836
94.534
95.154
95.703
96.187
96.613
96.984
97.307
97.586
97.826
98.029
98.199
98.34
98.454
98.542
98.607
98.649
98.67
98.67
98.649
98.607
98.542
98.454
98.34
98.199
98.029
97.826
97.586
97.307
96.984
96.613
96.187
95.703
95.154
94.534
93.836
93.055
92.182
91.211
90.135
88.946
87.637
86.202
84.632
82.923
81.067
79.059
76.895
74.569
72.08
69.424
66.6
63.608
60.45
57.126
53.642
50.002
46.212
42.28
38.215
34.026
29.726
25.327
20.843
16.286
11.674
7.0207
2.343
-2.3365
-6.9871
-11.619
-11.622
-6.9886
-2.337
2.3435
7.0222
11.676
16.29
20.847
25.333
29.733
34.034
38.223
42.289
46.222
50.013
53.654
57.138
60.462
63.622
66.614
69.438
72.095
74.585
76.911
79.076
81.084
82.94
84.65
86.22
87.656
88.965
90.154
91.231
92.202
93.075
93.856
94.554
95.174
95.723
96.208
96.633
97.005
97.328
97.607
97.846
98.05
98.22
98.361
98.475
98.563
98.628
98.67
98.691
98.691
98.67
98.628
98.563
98.475
98.361
98.22
98.05
97.846
97.607
97.328
97.005
96.633
96.208
95.723
95.174
94.554
93.856
93.075
92.202
91.231
90.154
88.965
87.656
86.22
84.65
82.94
81.084
79.076
76.911
74.585
72.095
69.438
66.614
63.622
60.462
57.138
53.654
50.013
46.222
42.289
38.223
34.034
29.733
25.333
20.847
16.29
11.676
7.0222
2.3435
-2.337
-6.9886
-11.622
-11.622
-6.9886
-2.337
2.3435
7.0222
11.676
16.29
20.847
25.333
29.733
34.034
38.223
42.289
46.222
50.013
53.654
57.138
60.462
63.622
66.614
69.438
72.095
74.585
76.911
79.076
81.084
82.94
84.65
86.22
87.656
88.965
90.154
91.231
92.202
93.075
93.856
94.554
95.174
95.723
96.208
96.633
97.005
97.328
97.607
97.846
98.05
98.22
98.361
98.475
98.563
98.628
98.67
98.691
98.691
98.67
98.628
98.563
98.475
98.361
98.22
98.05
97.846
97.607
97.328
97.005
96.633
96.208
95.723
95.174
94.554
93.856
93.075
92.202
91.231
90.154
88.965
87.656
86.22
84.65
82.94
81.084
79.076
76.911
74.585
72.095
69.438
66.614
63.622
60.462
57.138
53.654
50.013
46.222
42.289
38.223
34.034
29.733
25.333
20.847
16.29
11.676
7.0222
2.3435
-2.337
-6.9886
-11.622
-11.619
-6.9871
-2.3365
2.343
7.0207
11.674
16.286
20.843
25.327
29.726
34.026
38.215
42.28
46.212
50.002
53.642
57.126
60.45
63.608
66.6
69.424
72.08
74.569
76.895
79.059
81.067
82.923
84.632
86.202
87.637
88.946
90.135
91.211
92.182
93.055
93.836
94.534
95.154
95.703
96.187
96.613
96.984
97.307
97.586
97.826
98.029
98.199
98.34
98.454
98.542
98.607
98.649
98.67
98.67
98.649
98.607
98.542
98.454
98.34
98.199
98.029
97.826
97.586
97.307
96.984
96.613
96.187
95.703
95.154
94.534
93.836
93.055
92.182
91.211
90.135
88.946
87.637
86.202
84.632
82.923
81.067
79.059
76.895
74.569
72.08
69.424
66.6
63.608
60.45
57.126
53.642
50.002
46.212
42.28
38.215
34.026
29.726
25.327
20.843
16.286
11.674
7.0207
2.343
-2.3365
-6.9871
-11.619
-11.614
-6.9841
-2.3355
2.342
7.0177
11.669
16.279
20.834
25.316
29.714
34.012
38.198
42.262
46.192
49.981
53.619
57.102
60.424
63.581
66.571
69.394
72.049
74.537
76.861
79.025
81.032
82.887
84.596
86.165
87.6
88.908
90.096
91.172
92.142
93.015
93.796
94.493
95.113
95.662
96.146
96.571
96.943
97.265
97.544
97.783
97.987
98.157
98.298
98.411
98.5
98.564
98.607
98.628
98.628
98.607
98.564
98.5
98.411
98.298
98.157
97.987
97.783
97.544
97.265
96.943
96.571
96.146
95.662
95.113
94.493
93.796
93.015
92.142
91.172
90.096
88.908
87.6
86.165
84.596
82.887
81.032
79.025
76.861
74.537
72.049
69.394
66.571
63.581
60.424
57.102
53.619
49.981
46.192
42.262
38.198
34.012
29.714
25.316
20.834
16.279
11.669
7.0177
2.342
-2.3355
-6.9841
-11.614
-11.607
-6.9796
-2.334
2.3404
7.0131
11.661
16.269
20.82
25.3
29.694
33.99
38.173
42.234
46.162
49.948
53.584
57.064
60.384
63.539
66.528
69.348
72.002
74.488
76.811
78.973
80.979
82.833
84.54
86.108
87.542
88.849
90.037
91.112
92.082
92.954
93.734
94.431
95.051
95.599
96.083
96.508
96.879
97.201
97.48
97.719
97.922
98.093
98.233
98.347
98.435
98.5
98.542
98.563
98.563
98.542
98.5
98.435
98.347
98.233
98.093
97.922
97.719
97.48
97.201
96.879
96.508
96.083
95.599
95.051
94.431
93.734
92.954
92.082
91.112
90.037
88.849
87.542
86.108
84.54
82.833
80.979
78.973
76.811
74.488
72.002
69.348
66.528
63.539
60.384
57.064
53.584
49.948
46.162
42.234
38.173
33.99
29.694
25.3
20.82
16.269
11.661
7.0131
2.3404
-2.334
-6.9796
-11.607
-11.596
-6.9733
-2.3319
2.3383
7.0068
11.651
16.254
20.801
25.277
29.668
33.959
38.139
42.197
46.121
49.903
53.536
57.014
60.33
63.483
66.468
69.287
71.937
74.422
76.743
78.903
80.906
82.759
84.465
86.031
87.464
88.77
89.956
91.03
91.999
92.87
93.65
94.347
94.965
95.513
95.997
96.421
96.792
97.114
97.393
97.632
97.834
98.005
98.145
98.258
98.347
98.411
98.454
98.475
98.475
98.454
98.411
98.347
98.258
98.145
98.005
97.834
97.632
97.393
97.114
96.792
96.421
95.997
95.513
94.965
94.347
93.65
92.87
91.999
91.03
89.956
88.77
87.464
86.031
84.465
82.759
80.906
78.903
76.743
74.422
71.937
69.287
66.468
63.483
60.33
57.014
53.536
49.903
46.121
42.197
38.139
33.959
29.668
25.277
20.801
16.254
11.651
7.0068
2.3383
-2.3319
-6.9733
-11.596
-11.583
-6.9653
-2.3292
2.3357
6.9988
11.637
16.236
20.778
25.248
29.634
33.92
38.096
42.148
46.068
49.846
53.475
56.948
60.261
63.41
66.392
69.207
71.855
74.336
76.654
78.812
80.813
82.663
84.368
85.932
87.363
88.668
89.853
90.926
91.893
92.763
93.543
94.238
94.856
95.403
95.886
96.31
96.68
97.002
97.281
97.519
97.722
97.892
98.032
98.145
98.233
98.298
98.34
98.361
98.361
98.34
98.298
98.233
98.145
98.032
97.892
97.722
97.519
97.281
97.002
96.68
96.31
95.886
95.403
94.856
94.238
93.543
92.763
91.893
90.926
89.853
88.668
87.363
85.932
84.368
82.663
80.813
78.812
76.654
74.336
71.855
69.207
66.392
63.41
60.261
56.948
53.475
49.846
46.068
42.148
38.096
33.92
29.634
25.248
20.778
16.236
11.637
6.9988
2.3357
-2.3292
-6.9653
-11.583
-11.567
-6.9554
-2.3259
2.3323
6.9888
11.621
16.212
20.748
25.212
29.592
33.872
38.041
42.088
46.002
49.775
53.399
56.867
60.175
63.319
66.297
69.108
71.752
74.23
76.545
78.699
80.698
82.545
84.247
85.809
87.238
88.541
89.724
90.796
91.762
92.631
93.409
94.103
94.72
95.267
95.749
96.172
96.542
96.864
97.141
97.379
97.582
97.751
97.892
98.005
98.093
98.157
98.199
98.22
98.22
98.199
98.157
98.093
98.005
97.892
97.751
97.582
97.379
97.141
96.864
96.542
96.172
95.749
95.267
94.72
94.103
93.409
92.631
91.762
90.796
89.724
88.541
87.238
85.809
84.247
82.545
80.698
78.699
76.545
74.23
71.752
69.108
66.297
63.319
60.175
56.867
53.399
49.775
46.002
42.088
38.041
33.872
29.592
25.212
20.748
16.212
11.621
6.9888
2.3323
-2.3259
-6.9554
-11.567
-11.547
-6.9434
-2.3219
2.3283
6.9768
11.601
16.184
20.712
25.169
29.54
33.813
37.976
42.015
45.923
49.689
53.306
56.769
60.071
63.21
66.183
68.989
71.628
74.102
76.412
78.563
80.558
82.402
84.101
85.661
87.087
88.388
89.569
90.638
91.603
92.47
93.247
93.94
94.556
95.102
95.583
96.005
96.375
96.695
96.973
97.21
97.412
97.582
97.722
97.834
97.922
97.987
98.029
98.05
98.05
98.029
97.987
97.922
97.834
97.722
97.582
97.412
97.21
96.973
96.695
96.375
96.005
95.583
95.102
94.556
93.94
93.247
92.47
91.603
90.638
89.569
88.388
87.087
85.661
84.101
82.402
80.558
78.563
76.412
74.102
71.628
68.989
66.183
63.21
60.071
56.769
53.306
49.689
45.923
42.015
37.976
33.813
29.54
25.169
20.712
16.184
11.601
6.9768
2.3283
-2.3219
-6.9434
-11.547
-11.523
-6.9291
-2.3171
2.3235
6.9624
11.577
16.151
20.669
25.117
29.48
33.744
37.897
41.929
45.828
49.586
53.196
56.651
59.947
63.079
66.046
68.846
71.48
73.949
76.254
78.401
80.392
82.232
83.927
85.483
86.907
88.205
89.384
90.451
91.413
92.279
93.054
93.745
94.36
94.905
95.385
95.806
96.175
96.495
96.772
97.009
97.21
97.379
97.519
97.632
97.719
97.783
97.826
97.846
97.846
97.826
97.783
97.719
97.632
97.519
97.379
97.21
97.009
96.772
96.495
96.175
95.806
95.385
94.905
94.36
93.745
93.054
92.279
91.413
90.451
89.384
88.205
86.907
85.483
83.927
82.232
80.392
78.401
76.254
73.949
71.48
68.846
66.046
63.079
59.947
56.651
53.196
49.586
45.828
41.929
37.897
33.744
29.48
25.117
20.669
16.151
11.577
6.9624
2.3235
-2.3171
-6.9291
-11.523
-11.495
-6.9122
-2.3114
2.3179
6.9454
11.549
16.112
20.619
25.056
29.408
33.662
37.805
41.827
45.716
49.466
53.067
56.513
59.801
62.925
65.885
68.678
71.306
73.768
76.069
78.21
80.196
82.031
83.722
85.275
86.695
87.989
89.165
90.23
91.19
92.053
92.826
93.516
94.13
94.673
95.152
95.572
95.94
96.259
96.535
96.772
96.973
97.141
97.281
97.393
97.48
97.544
97.586
97.607
97.607
97.586
97.544
97.48
97.393
97.281
97.141
96.973
96.772
96.535
96.259
95.94
95.572
95.152
94.673
94.13
93.516
92.826
92.053
91.19
90.23
89.165
87.989
86.695
85.275
83.722
82.031
80.196
78.21
76.069
73.768
71.306
68.678
65.885
62.925
59.801
56.513
53.067
49.466
45.716
41.827
37.805
33.662
29.408
25.056
20.619
16.112
11.549
6.9454
2.3179
-2.3114
-6.9122
-11.495
-11.462
-6.8926
-2.3049
2.3113
6.9257
11.516
16.066
20.56
24.985
29.324
33.566
37.697
41.707
45.586
49.325
52.916
56.352
59.63
62.746
65.697
68.483
71.102
73.558
75.852
77.987
79.967
81.797
83.484
85.031
86.447
87.738
88.911
89.972
90.93
91.79
92.561
93.249
93.861
94.402
94.88
95.299
95.666
95.984
96.259
96.495
96.695
96.864
97.002
97.114
97.201
97.265
97.307
97.328
97.328
97.307
97.265
97.201
97.114
97.002
96.864
96.695
96.495
96.259
95.984
95.666
95.299
94.88
94.402
93.861
93.249
92.561
91.79
90.93
89.972
88.911
87.738
86.447
85.031
83.484
81.797
79.967
77.987
75.852
73.558
71.102
68.483
65.697
62.746
59.63
56.352
52.916
49.325
45.586
41.707
37.697
33.566
29.324
24.985
20.56
16.066
11.516
6.9257
2.3113
-2.3049
-6.8926
-11.462
-11.424
-6.8698
-2.2972
2.3036
6.9028
11.478
16.013
20.492
24.902
29.227
33.455
37.573
41.57
45.435
49.162
52.741
56.166
59.433
62.539
65.48
68.256
70.867
73.314
75.6
77.728
79.702
81.526
83.207
84.75
86.161
87.447
88.616
89.674
90.628
91.486
92.254
92.94
93.549
94.089
94.565
94.983
95.348
95.666
95.94
96.175
96.375
96.542
96.68
96.792
96.879
96.943
96.984
97.005
97.005
96.984
96.943
96.879
96.792
96.68
96.542
96.375
96.175
95.94
95.666
95.348
94.983
94.565
94.089
93.549
92.94
92.254
91.486
90.628
89.674
88.616
87.447
86.161
84.75
83.207
81.526
79.702
77.728
75.6
73.314
70.867
68.256
65.48
62.539
59.433
56.166
52.741
49.162
45.435
41.57
37.573
33.455
29.227
24.902
20.492
16.013
11.478
6.9028
2.3036
-2.2972
-6.8698
-11.424
-11.381
-6.8436
-2.2885
2.2948
6.8764
11.434
15.952
20.414
24.807
29.116
33.327
37.429
41.411
45.262
48.974
52.539
55.952
59.206
62.3
65.23
67.995
70.596
73.034
75.311
77.431
79.397
81.215
82.889
84.425
85.831
87.113
88.277
89.331
90.281
91.136
91.901
92.584
93.191
93.729
94.203
94.619
94.983
95.299
95.572
95.806
96.005
96.172
96.31
96.421
96.508
96.571
96.613
96.633
96.633
96.613
96.571
96.508
96.421
96.31
96.172
96.005
95.806
95.572
95.299
94.983
94.619
94.203
93.729
93.191
92.584
91.901
91.136
90.281
89.331
88.277
87.113
85.831
84.425
82.889
81.215
79.397
77.431
75.311
73.034
70.596
67.995
65.23
62.3
59.206
55.952
52.539
48.974
45.262
41.411
37.429
33.327
29.116
24.807
20.414
15.952
11.434
6.8764
2.2948
-2.2885
-6.8436
-11.381
-11.331
-6.8136
-2.2785
2.2848
6.8463
11.384
15.882
20.325
24.698
28.988
33.181
37.265
41.229
45.064
48.759
52.309
55.706
58.946
62.026
64.943
67.697
70.286
72.714
74.981
77.091
79.048
80.858
82.525
84.054
85.454
86.73
87.889
88.938
89.884
90.735
91.497
92.177
92.781
93.316
93.788
94.203
94.565
94.88
95.152
95.385
95.583
95.749
95.886
95.997
96.083
96.146
96.187
96.208
96.208
96.187
96.146
96.083
95.997
95.886
95.749
95.583
95.385
95.152
94.88
94.565
94.203
93.788
93.316
92.781
92.177
91.497
90.735
89.884
88.938
87.889
86.73
85.454
84.054
82.525
80.858
79.048
77.091
74.981
72.714
70.286
67.697
64.943
62.026
58.946
55.706
52.309
48.759
45.064
41.229
37.265
33.181
28.988
24.698
20.325
15.882
11.384
6.8463
2.2848
-2.2785
-6.8136
-11.331
-11.274
-6.7794
-2.267
2.2733
6.812
11.327
15.802
20.223
24.574
28.843
33.015
37.078
41.022
44.837
48.514
52.046
55.426
58.651
61.715
64.617
67.357
69.933
72.348
74.604
76.704
78.651
80.451
82.11
83.632
85.024
86.294
87.447
88.491
89.432
90.279
91.036
91.713
92.314
92.847
93.316
93.729
94.089
94.402
94.673
94.905
95.102
95.267
95.403
95.513
95.599
95.662
95.703
95.723
95.723
95.703
95.662
95.599
95.513
95.403
95.267
95.102
94.905
94.673
94.402
94.089
93.729
93.316
92.847
92.314
91.713
91.036
90.279
89.432
88.491
87.447
86.294
85.024
83.632
82.11
80.451
78.651
76.704
74.604
72.348
69.933
67.357
64.617
61.715
58.651
55.426
52.046
48.514
44.837
41.022
37.078
33.015
28.843
24.574
20.223
15.802
11.327
6.812
2.2733
-2.267
-6.7794
-11.274
-11.21
-6.7407
-2.2541
2.2603
6.773
11.262
15.712
20.107
24.434
28.678
32.826
36.866
40.788
44.581
48.237
51.748
55.109
58.315
61.362
64.247
66.971
69.533
71.934
74.177
76.264
78.201
79.991
81.639
83.153
84.537
85.799
86.946
87.983
88.919
89.761
90.515
91.187
91.785
92.314
92.781
93.191
93.549
93.861
94.13
94.36
94.556
94.72
94.856
94.965
95.051
95.113
95.154
95.174
95.174
95.154
95.113
95.051
94.965
94.856
94.72
94.556
94.36
94.13
93.861
93.549
93.191
92.781
92.314
91.785
91.187
90.515
89.761
88.919
87.983
86.946
85.799
84.537
83.153
81.639
79.991
78.201
76.264
74.177
71.934
69.533
66.971
64.247
61.362
58.315
55.109
51.748
48.237
44.581
40.788
36.866
32.826
28.678
24.434
20.107
15.712
11.262
6.773
2.2603
-2.2541
-6.7407
-11.21
-11.137
-6.6969
-2.2394
2.2456
6.729
11.189
15.61
19.977
24.275
28.491
32.612
36.627
40.523
44.291
47.923
51.412
54.751
57.936
60.963
63.83
66.536
69.081
71.466
73.694
75.768
77.692
79.47
81.108
82.612
83.987
85.241
86.38
87.411
88.341
89.176
89.925
90.593
91.187
91.713
92.177
92.584
92.94
93.249
93.516
93.745
93.94
94.103
94.238
94.347
94.431
94.493
94.534
94.554
94.554
94.534
94.493
94.431
94.347
94.238
94.103
93.94
93.745
93.516
93.249
92.94
92.584
92.177
91.713
91.187
90.593
89.925
89.176
88.341
87.411
86.38
85.241
83.987
82.612
81.108
79.47
77.692
75.768
73.694
71.466
69.081
66.536
63.83
60.963
57.936
54.751
51.412
47.923
44.291
40.523
36.627
32.612
28.491
24.275
19.977
15.61
11.189
6.729
2.2456
-2.2394
-6.6969
-11.137
-11.055
-6.6476
-2.223
2.2291
6.6795
11.107
15.495
19.83
24.097
28.282
32.373
36.357
40.225
43.965
47.571
51.034
54.348
57.509
60.514
63.36
66.046
68.572
70.94
73.152
75.21
77.12
78.885
80.51
82.003
83.368
84.612
85.743
86.766
87.689
88.519
89.262
89.925
90.515
91.036
91.497
91.901
92.254
92.561
92.826
93.054
93.247
93.409
93.543
93.65
93.734
93.796
93.836
93.856
93.856
93.836
93.796
93.734
93.65
93.543
93.409
93.247
93.054
92.826
92.561
92.254
91.901
91.497
91.036
90.515
89.925
89.262
88.519
87.689
86.766
85.743
84.612
83.368
82.003
80.51
78.885
77.12
75.21
73.152
70.94
68.572
66.046
63.36
60.514
57.509
54.348
51.034
47.571
43.965
40.225
36.357
32.373
28.282
24.097
19.83
15.495
11.107
6.6795
2.2291
-2.223
-6.6476
-11.055
-10.963
-6.5924
-2.2045
2.2106
6.6241
11.014
15.366
19.665
23.896
28.047
32.104
36.055
39.891
43.6
47.176
50.61
53.897
57.032
60.011
62.833
65.497
68.002
70.35
72.543
74.585
76.478
78.229
79.841
81.321
82.674
83.908
85.029
86.044
86.959
87.782
88.519
89.176
89.761
90.279
90.735
91.136
91.486
91.79
92.053
92.279
92.47
92.631
92.763
92.87
92.954
93.015
93.055
93.075
93.075
93.055
93.015
92.954
92.87
92.763
92.631
92.47
92.279
92.053
91.79
91.486
91.136
90.735
90.279
89.761
89.176
88.519
87.782
86.959
86.044
85.029
83.908
82.674
81.321
79.841
78.229
76.478
74.585
72.543
70.35
68.002
65.497
62.833
60.011
57.032
53.897
50.61
47.176
43.6
39.891
36.055
32.104
28.047
23.896
19.665
15.366
11.014
6.6241
2.2106
-2.2045
-6.5924
-10.963
-10.861
-6.5308
-2.1839
2.1899
6.5621
10.911
15.223
19.481
23.673
27.785
31.803
35.718
39.517
43.192
46.734
50.136
53.392
56.498
59.449
62.245
64.884
67.365
69.692
71.864
73.886
75.762
77.496
79.093
80.559
81.9
83.122
84.233
85.238
86.144
86.959
87.689
88.341
88.919
89.432
89.884
90.281
90.628
90.93
91.19
91.413
91.603
91.762
91.893
91.999
92.082
92.142
92.182
92.202
92.202
92.182
92.142
92.082
91.999
91.893
91.762
91.603
91.413
91.19
90.93
90.628
90.281
89.884
89.432
88.919
88.341
87.689
86.959
86.144
85.238
84.233
83.122
81.9
80.559
79.093
77.496
75.762
73.886
71.864
69.692
67.365
64.884
62.245
59.449
56.498
53.392
50.136
46.734
43.192
39.517
35.718
31.803
27.785
23.673
19.481
15.223
10.911
6.5621
2.1899
-2.1839
-6.5308
-10.861
-10.746
-6.4622
-2.1609
2.1669
6.4932
10.797
15.063
19.276
23.424
27.493
31.469
35.343
39.102
42.738
46.243
49.609
52.831
55.904
58.825
61.591
64.202
66.657
68.959
71.108
73.109
74.965
76.681
78.261
79.711
81.038
82.248
83.346
84.341
85.238
86.044
86.766
87.411
87.983
88.491
88.938
89.331
89.674
89.972
90.23
90.451
90.638
90.796
90.926
91.03
91.112
91.172
91.211
91.231
91.231
91.211
91.172
91.112
91.03
90.926
90.796
90.638
90.451
90.23
89.972
89.674
89.331
88.938
88.491
87.983
87.411
86.766
86.044
85.238
84.341
83.346
82.248
81.038
79.711
78.261
76.681
74.965
73.109
71.108
68.959
66.657
64.202
61.591
58.825
55.904
52.831
49.609
46.243
42.738
39.102
35.343
31.469
27.493
23.424
19.276
15.063
10.797
6.4932
2.1669
-2.1609
-6.4622
-10.746
-10.62
-6.3861
-2.1355
2.1414
6.4168
10.67
14.885
19.05
23.148
27.169
31.099
34.927
38.642
42.235
45.699
49.025
52.209
55.246
58.132
60.865
63.445
65.872
68.146
70.27
72.248
74.082
75.777
77.338
78.772
80.083
81.278
82.363
83.346
84.233
85.029
85.743
86.38
86.946
87.447
87.889
88.277
88.616
88.911
89.165
89.384
89.569
89.724
89.853
89.956
90.037
90.096
90.135
90.154
90.154
90.135
90.096
90.037
89.956
89.853
89.724
89.569
89.384
89.165
88.911
88.616
88.277
87.889
87.447
86.946
86.38
85.743
85.029
84.233
83.346
82.363
81.278
80.083
78.772
77.338
75.777
74.082
72.248
70.27
68.146
65.872
63.445
60.865
58.132
55.246
52.209
49.025
45.699
42.235
38.642
34.927
31.099
27.169
23.148
19.05
14.885
10.67
6.4168
2.1414
-2.1355
-6.3861
-10.62
-10.48
-6.3021
-2.1074
2.1132
6.3323
10.529
14.689
18.799
22.844
26.811
30.689
34.467
38.133
41.679
45.097
48.38
51.521
54.518
57.366
60.064
62.61
65.004
67.249
69.345
71.296
73.106
74.778
76.319
77.734
79.027
80.207
81.278
82.248
83.122
83.908
84.612
85.241
85.799
86.294
86.73
87.113
87.447
87.738
87.989
88.205
88.388
88.541
88.668
88.77
88.849
88.908
88.946
88.965
88.965
88.946
88.908
88.849
88.77
88.668
88.541
88.388
88.205
87.989
87.738
87.447
87.113
86.73
86.294
85.799
85.241
84.612
83.908
83.122
82.248
81.278
80.207
79.027
77.734
76.319
74.778
73.106
71.296
69.345
67.249
65.004
62.61
60.064
57.366
54.518
51.521
48.38
45.097
41.679
38.133
34.467
30.689
26.811
22.844
18.799
14.689
10.529
6.3323
2.1132
-2.1074
-6.3021
-10.48
-10.326
-6.2096
-2.0765
2.0822
6.2393
10.375
14.474
18.523
22.508
26.418
30.239
33.961
37.573
41.067
44.435
47.669
50.765
53.717
56.523
59.181
61.69
64.049
66.26
68.326
70.248
72.031
73.679
75.197
76.591
77.865
79.027
80.083
81.038
81.9
82.674
83.368
83.987
84.537
85.024
85.454
85.831
86.161
86.447
86.695
86.907
87.087
87.238
87.363
87.464
87.542
87.6
87.637
87.656
87.656
87.637
87.6
87.542
87.464
87.363
87.238
87.087
86.907
86.695
86.447
86.161
85.831
85.454
85.024
84.537
83.987
83.368
82.674
81.9
81.038
80.083
79.027
77.865
76.591
75.197
73.679
72.031
70.248
68.326
66.26
64.049
61.69
59.181
56.523
53.717
50.765
47.669
44.435
41.067
37.573
33.961
30.239
26.418
22.508
18.523
14.474
10.375
6.2393
2.0822
-2.0765
-6.2096
-10.326
-10.158
-6.108
-2.0425
2.0482
6.1373
10.205
14.237
18.22
22.14
25.986
29.744
33.405
36.959
40.395
43.708
46.889
49.934
52.838
55.599
58.213
60.68
63.001
65.176
67.208
69.098
70.852
72.473
73.967
75.337
76.591
77.734
78.772
79.711
80.559
81.321
82.003
82.612
83.153
83.632
84.054
84.425
84.75
85.031
85.275
85.483
85.661
85.809
85.932
86.031
86.108
86.165
86.202
86.22
86.22
86.202
86.165
86.108
86.031
85.932
85.809
85.661
85.483
85.275
85.031
84.75
84.425
84.054
83.632
83.153
82.612
82.003
81.321
80.559
79.711
78.772
77.734
76.591
75.337
73.967
72.473
70.852
69.098
67.208
65.176
63.001
60.68
58.213
55.599
52.838
49.934
46.889
43.708
40.395
36.959
33.405
29.744
25.986
22.14
18.22
14.237
10.205
6.1373
2.0482
-2.0425
-6.108
-10.158
-9.9729
-5.997
-2.0054
2.0109
6.0258
10.02
13.978
17.889
21.738
25.513
29.204
32.798
36.287
39.661
42.913
46.037
49.026
51.878
54.588
57.154
59.577
61.855
63.991
65.985
67.842
69.564
71.155
72.621
73.967
75.197
76.319
77.338
78.261
79.093
79.841
80.51
81.108
81.639
82.11
82.525
82.889
83.207
83.484
83.722
83.927
84.101
84.247
84.368
84.465
84.54
84.596
84.632
84.65
84.65
84.632
84.596
84.54
84.465
84.368
84.247
84.101
83.927
83.722
83.484
83.207
82.889
82.525
82.11
81.639
81.108
80.51
79.841
79.093
78.261
77.338
76.319
75.197
73.967
72.621
71.155
69.564
67.842
65.985
63.991
61.855
59.577
57.154
54.588
51.878
49.026
46.037
42.913
39.661
36.287
32.798
29.204
25.513
21.738
17.889
13.978
10.02
6.0258
2.0109
-2.0054
-5.997
-9.9729
-9.7718
-5.8761
-1.9649
1.9704
5.9042
9.8174
13.696
17.528
21.299
24.999
28.615
32.137
35.555
38.861
42.048
45.108
48.037
50.831
53.486
56.001
58.375
60.607
62.699
64.654
66.472
68.159
69.719
71.155
72.473
73.679
74.778
75.777
76.681
77.496
78.229
78.885
79.47
79.991
80.451
80.858
81.215
81.526
81.797
82.031
82.232
82.402
82.545
82.663
82.759
82.833
82.887
82.923
82.94
82.94
82.923
82.887
82.833
82.759
82.663
82.545
82.402
82.232
82.031
81.797
81.526
81.215
80.858
80.451
79.991
79.47
78.885
78.229
77.496
76.681
75.777
74.778
73.679
72.473
71.155
69.719
68.159
66.472
64.654
62.699
60.607
58.375
56.001
53.486
50.831
48.037
45.108
42.048
38.861
35.555
32.137
28.615
24.999
21.299
17.528
13.696
9.8174
5.9042
1.9704
-1.9649
-5.8761
-9.7718
-9.5534
-5.7448
-1.921
1.9264
5.7723
9.598
13.39
17.136
20.823
24.44
27.975
31.418
34.76
37.992
41.108
44.1
46.964
49.695
52.291
54.749
57.07
59.252
61.297
63.208
64.986
66.635
68.159
69.564
70.852
72.031
73.106
74.082
74.965
75.762
76.478
77.12
77.692
78.201
78.651
79.048
79.397
79.702
79.967
80.196
80.392
80.558
80.698
80.813
80.906
80.979
81.032
81.067
81.084
81.084
81.067
81.032
80.979
80.906
80.813
80.698
80.558
80.392
80.196
79.967
79.702
79.397
79.048
78.651
78.201
77.692
77.12
76.478
75.762
74.965
74.082
73.106
72.031
70.852
69.564
68.159
66.635
64.986
63.208
61.297
59.252
57.07
54.749
52.291
49.695
46.964
44.1
41.108
37.992
34.76
31.418
27.975
24.44
20.823
17.136
13.39
9.598
5.7723
1.9264
-1.921
-5.7448
-9.5534
-9.3171
-5.6027
-1.8735
1.8787
5.6295
9.3606
13.059
16.712
20.308
23.836
27.283
30.641
33.9
37.053
40.091
43.009
45.802
48.465
50.997
53.395
55.657
57.786
59.78
61.644
63.378
64.986
66.472
67.842
69.098
70.248
71.296
72.248
73.109
73.886
74.585
75.21
75.768
76.264
76.704
77.091
77.431
77.728
77.987
78.21
78.401
78.563
78.699
78.812
78.903
78.973
79.025
79.059
79.076
79.076
79.059
79.025
78.973
78.903
78.812
78.699
78.563
78.401
78.21
77.987
77.728
77.431
77.091
76.704
76.264
75.768
75.21
74.585
73.886
73.109
72.248
71.296
70.248
69.098
67.842
66.472
64.986
63.378
61.644
59.78
57.786
55.657
53.395
50.997
48.465
45.802
43.009
40.091
37.053
33.9
30.641
27.283
23.836
20.308
16.712
13.059
9.3606
5.6295
1.8787
-1.8735
-5.6027
-9.3171
-9.0624
-5.4495
-1.8223
1.8273
5.4756
9.1047
12.702
16.255
19.753
23.184
26.537
29.803
32.973
36.039
38.994
41.832
44.549
47.14
49.602
51.934
54.135
56.205
58.145
59.957
61.644
63.208
64.654
65.985
67.208
68.326
69.345
70.27
71.108
71.864
72.543
73.152
73.694
74.177
74.604
74.981
75.311
75.6
75.852
76.069
76.254
76.412
76.545
76.654
76.743
76.811
76.861
76.895
76.911
76.911
76.895
76.861
76.811
76.743
76.654
76.545
76.412
76.254
76.069
75.852
75.6
75.311
74.981
74.604
74.177
73.694
73.152
72.543
71.864
71.108
70.27
69.345
68.326
67.208
65.985
64.654
63.208
61.644
59.957
58.145
56.205
54.135
51.934
49.602
47.14
44.549
41.832
38.994
36.039
32.973
29.803
26.537
23.184
19.753
16.255
12.702
9.1047
5.4756
1.8273
-1.8223
-5.4495
-9.0624
-8.7886
-5.2849
-1.7672
1.7721
5.3102
8.8296
12.318
15.764
19.156
22.483
25.735
28.903
31.977
34.95
37.816
40.569
43.203
45.715
48.103
50.365
52.499
54.506
56.388
58.145
59.78
61.297
62.699
63.991
65.176
66.26
67.249
68.146
68.959
69.692
70.35
70.94
71.466
71.934
72.348
72.714
73.034
73.314
73.558
73.768
73.949
74.102
74.23
74.336
74.422
74.488
74.537
74.569
74.585
74.585
74.569
74.537
74.488
74.422
74.336
74.23
74.102
73.949
73.768
73.558
73.314
73.034
72.714
72.348
71.934
71.466
70.94
70.35
69.692
68.959
68.146
67.249
66.26
65.176
63.991
62.699
61.297
59.78
58.145
56.388
54.506
52.499
50.365
48.103
45.715
43.203
40.569
37.816
34.95
31.977
28.903
25.735
22.483
19.156
15.764
12.318
8.8296
5.3102
1.7721
-1.7672
-5.2849
-8.7886
-8.4955
-5.1086
-1.7083
1.713
5.1331
8.5351
11.907
15.239
18.517
21.733
24.877
27.939
30.91
33.785
36.555
39.215
41.762
44.19
46.498
48.684
50.747
52.688
54.506
56.205
57.786
59.252
60.607
61.855
63.001
64.049
65.004
65.872
66.657
67.365
68.002
68.572
69.081
69.533
69.933
70.286
70.596
70.867
71.102
71.306
71.48
71.628
71.752
71.855
71.937
72.002
72.049
72.08
72.095
72.095
72.08
72.049
72.002
71.937
71.855
71.752
71.628
71.48
71.306
71.102
70.867
70.596
70.286
69.933
69.533
69.081
68.572
68.002
67.365
66.657
65.872
65.004
64.049
63.001
61.855
60.607
59.252
57.786
56.205
54.506
52.688
50.747
48.684
46.498
44.19
41.762
39.215
36.555
33.785
30.91
27.939
24.877
21.733
18.517
15.239
11.907
8.5351
5.1331
1.713
-1.7083
-5.1086
-8.4955
-8.1827
-4.9205
-1.6454
1.65
4.9441
8.2209
11.469
14.677
17.836
20.933
23.961
26.91
29.772
32.541
35.209
37.771
40.224
42.563
44.786
46.891
48.879
50.747
52.499
54.135
55.657
57.07
58.375
59.577
60.68
61.69
62.61
63.445
64.202
64.884
65.497
66.046
66.536
66.971
67.357
67.697
67.995
68.256
68.483
68.678
68.846
68.989
69.108
69.207
69.287
69.348
69.394
69.424
69.438
69.438
69.424
69.394
69.348
69.287
69.207
69.108
68.989
68.846
68.678
68.483
68.256
67.995
67.697
67.357
66.971
66.536
66.046
65.497
64.884
64.202
63.445
62.61
61.69
60.68
59.577
58.375
57.07
55.657
54.135
52.499
50.747
48.879
46.891
44.786
42.563
40.224
37.771
35.209
32.541
29.772
26.91
23.961
20.933
17.836
14.677
11.469
8.2209
4.9441
1.65
-1.6454
-4.9205
-8.1827
-7.8502
-4.7205
-1.5785
1.5829
4.7431
7.8868
11.003
14.081
17.111
20.082
22.987
25.816
28.562
31.218
33.778
36.236
38.589
40.833
42.965
44.985
46.891
48.684
50.365
51.934
53.395
54.749
56.001
57.154
58.213
59.181
60.064
60.865
61.591
62.245
62.833
63.36
63.83
64.247
64.617
64.943
65.23
65.48
65.697
65.885
66.046
66.183
66.297
66.392
66.468
66.528
66.571
66.6
66.614
66.614
66.6
66.571
66.528
66.468
66.392
66.297
66.183
66.046
65.885
65.697
65.48
65.23
64.943
64.617
64.247
63.83
63.36
62.833
62.245
61.591
60.865
60.064
59.181
58.213
57.154
56.001
54.749
53.395
51.934
50.365
48.684
46.891
44.985
42.965
40.833
38.589
36.236
33.778
31.218
28.562
25.816
22.987
20.082
17.111
14.081
11.003
7.8868
4.7431
1.5829
-1.5785
-4.7205
-7.8502
-7.4978
-4.5086
-1.5077
1.5118
4.5302
7.5327
10.509
13.449
16.343
19.181
21.955
24.657
27.28
29.816
32.261
34.609
36.856
38.999
41.036
42.965
44.786
46.498
48.103
49.602
50.997
52.291
53.486
54.588
55.599
56.523
57.366
58.132
58.825
59.449
60.011
60.514
60.963
61.362
61.715
62.026
62.3
62.539
62.746
62.925
63.079
63.21
63.319
63.41
63.483
63.539
63.581
63.608
63.622
63.622
63.608
63.581
63.539
63.483
63.41
63.319
63.21
63.079
62.925
62.746
62.539
62.3
62.026
61.715
61.362
60.963
60.514
60.011
59.449
58.825
58.132
57.366
56.523
55.599
54.588
53.486
52.291
50.997
49.602
48.103
46.498
44.786
42.965
41.036
38.999
36.856
34.609
32.261
29.816
27.28
24.657
21.955
19.181
16.343
13.449
10.509
7.5327
4.5302
1.5118
-1.5077
-4.5086
-7.4978
-7.1257
-4.2849
-1.4328
1.4368
4.3054
7.1589
9.9874
12.781
15.531
18.229
20.865
23.433
25.926
28.337
30.66
32.891
35.027
37.064
38.999
40.833
42.563
44.19
45.715
47.14
48.465
49.695
50.831
51.878
52.838
53.717
54.518
55.246
55.904
56.498
57.032
57.509
57.936
58.315
58.651
58.946
59.206
59.433
59.63
59.801
59.947
60.071
60.175
60.261
60.33
60.384
60.424
60.45
60.462
60.462
60.45
60.424
60.384
60.33
60.261
60.175
60.071
59.947
59.801
59.63
59.433
59.206
58.946
58.651
58.315
57.936
57.509
57.032
56.498
55.904
55.246
54.518
53.717
52.838
51.878
50.831
49.695
48.465
47.14
45.715
44.19
42.563
40.833
38.999
37.064
35.027
32.891
30.66
28.337
25.926
23.433
20.865
18.229
15.531
12.781
9.9874
7.1589
4.3054
1.4368
-1.4328
-4.2849
-7.1257
-6.7341
-4.0494
-1.3541
1.3579
4.0688
6.7655
9.4386
12.079
14.678
17.227
19.719
22.146
24.501
26.779
28.975
31.084
33.102
35.027
36.856
38.589
40.224
41.762
43.203
44.549
45.802
46.964
48.037
49.026
49.934
50.765
51.521
52.209
52.831
53.392
53.897
54.348
54.751
55.109
55.426
55.706
55.952
56.166
56.352
56.513
56.651
56.769
56.867
56.948
57.014
57.064
57.102
57.126
57.138
57.138
57.126
57.102
57.064
57.014
56.948
56.867
56.769
56.651
56.513
56.352
56.166
55.952
55.706
55.426
55.109
54.751
54.348
53.897
53.392
52.831
52.209
51.521
50.765
49.934
49.026
48.037
46.964
45.802
44.549
43.203
41.762
40.224
38.589
36.856
35.027
33.102
31.084
28.975
26.779
24.501
22.146
19.719
17.227
14.678
12.079
9.4386
6.7655
4.0688
1.3579
-1.3541
-4.0494
-6.7341
-6.3236
-3.8026
-1.2716
1.2751
3.8208
6.3531
8.8632
11.343
13.783
16.177
18.517
20.796
23.007
25.147
27.209
29.189
31.084
32.891
34.609
36.236
37.771
39.215
40.569
41.832
43.009
44.1
45.108
46.037
46.889
47.669
48.38
49.025
49.609
50.136
50.61
51.034
51.412
51.748
52.046
52.309
52.539
52.741
52.916
53.067
53.196
53.306
53.399
53.475
53.536
53.584
53.619
53.642
53.654
53.654
53.642
53.619
53.584
53.536
53.475
53.399
53.306
53.196
53.067
52.916
52.741
52.539
52.309
52.046
51.748
51.412
51.034
50.61
50.136
49.609
49.025
48.38
47.669
46.889
46.037
45.108
44.1
43.009
41.832
40.569
39.215
37.771
36.236
34.609
32.891
31.084
29.189
27.209
25.147
23.007
20.796
18.517
16.177
13.783
11.343
8.8632
6.3531
3.8208
1.2751
-1.2716
-3.8026
-6.3236
-5.8946
-3.5446
-1.1853
1.1886
3.5616
5.9221
8.262
10.573
12.848
15.08
17.261
19.385
21.447
23.441
25.363
27.209
28.975
30.66
32.261
33.778
35.209
36.555
37.816
38.994
40.091
41.108
42.048
42.913
43.708
44.435
45.097
45.699
46.243
46.734
47.176
47.571
47.923
48.237
48.514
48.759
48.974
49.162
49.325
49.466
49.586
49.689
49.775
49.846
49.903
49.948
49.981
50.002
50.013
50.013
50.002
49.981
49.948
49.903
49.846
49.775
49.689
49.586
49.466
49.325
49.162
48.974
48.759
48.514
48.237
47.923
47.571
47.176
46.734
46.243
45.699
45.097
44.435
43.708
42.913
42.048
41.108
40.091
38.994
37.816
36.555
35.209
33.778
32.261
30.66
28.975
27.209
25.363
23.441
21.447
19.385
17.261
15.08
12.848
10.573
8.262
5.9221
3.5616
1.1886
-1.1853
-3.5446
-5.8946
-5.448
-3.276
-1.0955
1.0985
3.2917
5.4734
7.6359
9.7721
11.875
13.937
15.953
17.916
19.822
21.665
23.441
25.147
26.779
28.337
29.816
31.218
32.541
33.785
34.95
36.039
37.053
37.992
38.861
39.661
40.395
41.067
41.679
42.235
42.738
43.192
43.6
43.965
44.291
44.581
44.837
45.064
45.262
45.435
45.586
45.716
45.828
45.923
46.002
46.068
46.121
46.162
46.192
46.212
46.222
46.222
46.212
46.192
46.162
46.121
46.068
46.002
45.923
45.828
45.716
45.586
45.435
45.262
45.064
44.837
44.581
44.291
43.965
43.6
43.192
42.738
42.235
41.679
41.067
40.395
39.661
38.861
37.992
37.053
36.039
34.95
33.785
32.541
31.218
29.816
28.337
26.779
25.147
23.441
21.665
19.822
17.916
15.953
13.937
11.875
9.7721
7.6359
5.4734
3.2917
1.0985
-1.0955
-3.276
-5.448
-4.9846
-2.9974
-1.0023
1.0051
3.0117
5.0078
6.9864
8.9408
10.865
12.751
14.596
16.392
18.135
19.822
21.447
23.007
24.501
25.926
27.28
28.562
29.772
30.91
31.977
32.973
33.9
34.76
35.555
36.287
36.959
37.573
38.133
38.642
39.102
39.517
39.891
40.225
40.523
40.788
41.022
41.229
41.411
41.57
41.707
41.827
41.929
42.015
42.088
42.148
42.197
42.234
42.262
42.28
42.289
42.289
42.28
42.262
42.234
42.197
42.148
42.088
42.015
41.929
41.827
41.707
41.57
41.411
41.229
41.022
40.788
40.523
40.225
39.891
39.517
39.102
38.642
38.133
37.573
36.959
36.287
35.555
34.76
33.9
32.973
31.977
30.91
29.772
28.562
27.28
25.926
24.501
23.007
21.447
19.822
18.135
16.392
14.596
12.751
10.865
8.9408
6.9864
5.0078
3.0117
1.0051
-1.0023
-2.9974
-4.9846
-4.5054
-2.7092
-0.90595
0.90846
2.7222
4.5264
6.3148
8.0813
9.8201
11.526
13.193
14.816
16.392
17.916
19.385
20.796
22.146
23.433
24.657
25.816
26.91
27.939
28.903
29.803
30.641
31.418
32.137
32.798
33.405
33.961
34.467
34.927
35.343
35.718
36.055
36.357
36.627
36.866
37.078
37.265
37.429
37.573
37.697
37.805
37.897
37.976
38.041
38.096
38.139
38.173
38.198
38.215
38.223
38.223
38.215
38.198
38.173
38.139
38.096
38.041
37.976
37.897
37.805
37.697
37.573
37.429
37.265
37.078
36.866
36.627
36.357
36.055
35.718
35.343
34.927
34.467
33.961
33.405
32.798
32.137
31.418
30.641
29.803
28.903
27.939
26.91
25.816
24.657
23.433
22.146
20.796
19.385
17.916
16.392
14.816
13.193
11.526
9.8201
8.0813
6.3148
4.5264
2.7222
0.90846
-0.90595
-2.7092
-4.5054
-4.0117
-2.4123
-0.80667
0.80891
2.4239
4.0304
5.6228
7.1957
8.744
10.263
11.747
13.193
14.596
15.953
17.261
18.517
19.719
20.865
21.955
22.987
23.961
24.877
25.735
26.537
27.283
27.975
28.615
29.204
29.744
30.239
30.689
31.099
31.469
31.803
32.104
32.373
32.612
32.826
33.015
33.181
33.327
33.455
33.566
33.662
33.744
33.813
33.872
33.92
33.959
33.99
34.012
34.026
34.034
34.034
34.026
34.012
33.99
33.959
33.92
33.872
33.813
33.744
33.662
33.566
33.455
33.327
33.181
33.015
32.826
32.612
32.373
32.104
31.803
31.469
31.099
30.689
30.239
29.744
29.204
28.615
27.975
27.283
26.537
25.735
24.877
23.961
22.987
21.955
20.865
19.719
18.517
17.261
15.953
14.596
13.193
11.747
10.263
8.744
7.1957
5.6228
4.0304
2.4239
0.80891
-0.80667
-2.4123
-4.0117
-3.5048
-2.1075
-0.70474
0.7067
2.1176
3.5211
4.9123
6.2865
7.6391
8.9658
10.263
11.526
12.751
13.937
15.08
16.177
17.227
18.229
19.181
20.082
20.933
21.733
22.483
23.184
23.836
24.44
24.999
25.513
25.986
26.418
26.811
27.169
27.493
27.785
28.047
28.282
28.491
28.678
28.843
28.988
29.116
29.227
29.324
29.408
29.48
29.54
29.592
29.634
29.668
29.694
29.714
29.726
29.733
29.733
29.726
29.714
29.694
29.668
29.634
29.592
29.54
29.48
29.408
29.324
29.227
29.116
28.988
28.843
28.678
28.491
28.282
28.047
27.785
27.493
27.169
26.811
26.418
25.986
25.513
24.999
24.44
23.836
23.184
22.483
21.733
20.933
20.082
19.181
18.229
17.227
16.177
15.08
13.937
12.751
11.526
10.263
8.9658
7.6391
6.2865
4.9123
3.5211
2.1176
0.7067
-0.70474
-2.1075
-3.5048
-2.9862
-1.7957
-0.60046
0.60213
1.8043
3.0001
4.1854
5.3563
6.5087
7.6391
8.744
9.8201
10.865
11.875
12.848
13.783
14.678
15.531
16.343
17.111
17.836
18.517
19.156
19.753
20.308
20.823
21.299
21.738
22.14
22.508
22.844
23.148
23.424
23.673
23.896
24.097
24.275
24.434
24.574
24.698
24.807
24.902
24.985
25.056
25.117
25.169
25.212
25.248
25.277
25.3
25.316
25.327
25.333
25.333
25.327
25.316
25.3
25.277
25.248
25.212
25.169
25.117
25.056
24.985
24.902
24.807
24.698
24.574
24.434
24.275
24.097
23.896
23.673
23.424
23.148
22.844
22.508
22.14
21.738
21.299
20.823
20.308
19.753
19.156
18.517
17.836
17.111
16.343
15.531
14.678
13.783
12.848
11.875
10.865
9.8201
8.744
7.6391
6.5087
5.3563
4.1854
3.0001
1.8043
0.60213
-0.60046
-1.7957
-2.9862
-2.4574
-1.4777
-0.49414
0.49551
1.4848
2.4689
3.4443
4.4079
5.3563
6.2865
7.1957
8.0813
8.9408
9.7721
10.573
11.343
12.079
12.781
13.449
14.081
14.677
15.239
15.764
16.255
16.712
17.136
17.528
17.889
18.22
18.523
18.799
19.05
19.276
19.481
19.665
19.83
19.977
20.107
20.223
20.325
20.414
20.492
20.56
20.619
20.669
20.712
20.748
20.778
20.801
20.82
20.834
20.843
20.847
20.847
20.843
20.834
20.82
20.801
20.778
20.748
20.712
20.669
20.619
20.56
20.492
20.414
20.325
20.223
20.107
19.977
19.83
19.665
19.481
19.276
19.05
18.799
18.523
18.22
17.889
17.528
17.136
16.712
16.255
15.764
15.239
14.677
14.081
13.449
12.781
12.079
11.343
10.573
9.7721
8.9408
8.0813
7.1957
6.2865
5.3563
4.4079
3.4443
2.4689
1.4848
0.49551
-0.49414
-1.4777
-2.4574
-1.9202
-1.1547
-0.38612
0.3872
1.1602
1.9292
2.6914
3.4443
4.1854
4.9123
5.6228
6.3148
6.9864
7.6359
8.262
8.8632
9.4386
9.9874
10.509
11.003
11.469
11.907
12.318
12.702
13.059
13.39
13.696
13.978
14.237
14.474
14.689
14.885
15.063
15.223
15.366
15.495
15.61
15.712
15.802
15.882
15.952
16.013
16.066
16.112
16.151
16.184
16.212
16.236
16.254
16.269
16.279
16.286
16.29
16.29
16.286
16.279
16.269
16.254
16.236
16.212
16.184
16.151
16.112
16.066
16.013
15.952
15.882
15.802
15.712
15.61
15.495
15.366
15.223
15.063
14.885
14.689
14.474
14.237
13.978
13.696
13.39
13.059
12.702
12.318
11.907
11.469
11.003
10.509
9.9874
9.4386
8.8632
8.262
7.6359
6.9864
6.3148
5.6228
4.9123
4.1854
3.4443
2.6914
1.9292
1.1602
0.3872
-0.38612
-1.1547
-1.9202
-1.3764
-0.82768
-0.27677
0.27754
0.83164
1.3828
1.9292
2.4689
3.0001
3.5211
4.0304
4.5264
5.0078
5.4734
5.9221
6.3531
6.7655
7.1589
7.5327
7.8868
8.2209
8.5351
8.8296
9.1047
9.3606
9.598
9.8174
10.02
10.205
10.375
10.529
10.67
10.797
10.911
11.014
11.107
11.189
11.262
11.327
11.384
11.434
11.478
11.516
11.549
11.577
11.601
11.621
11.637
11.651
11.661
11.669
11.674
11.676
11.676
11.674
11.669
11.661
11.651
11.637
11.621
11.601
11.577
11.549
11.516
11.478
11.434
11.384
11.327
11.262
11.189
11.107
11.014
10.911
10.797
10.67
10.529
10.375
10.205
10.02
9.8174
9.598
9.3606
9.1047
8.8296
8.5351
8.2209
7.8868
7.5327
7.1589
6.7655
6.3531
5.9221
5.4734
5.0078
4.5264
4.0304
3.5211
3.0001
2.4689
1.9292
1.3828
0.83164
0.27754
-0.27677
-0.82768
-1.3764
-0.82779
-0.49777
-0.16645
0.16691
0.50015
0.83164
1.1602
1.4848
1.8043
2.1176
2.4239
2.7222
3.0117
3.2917
3.5616
3.8208
4.0688
4.3054
4.5302
4.7431
4.9441
5.1331
5.3102
5.4756
5.6295
5.7723
5.9042
6.0258
6.1373
6.2393
6.3323
6.4168
6.4932
6.5621
6.6241
6.6795
6.729
6.773
6.812
6.8463
6.8764
6.9028
6.9257
6.9454
6.9624
6.9768
6.9888
6.9988
7.0068
7.0131
7.0177
7.0207
7.0222
7.0222
7.0207
7.0177
7.0131
7.0068
6.9988
6.9888
6.9768
6.9624
6.9454
6.9257
6.9028
6.8764
6.8463
6.812
6.773
6.729
6.6795
6.6241
6.5621
6.4932
6.4168
6.3323
6.2393
6.1373
6.0258
5.9042
5.7723
5.6295
5.4756
5.3102
5.1331
4.9441
4.7431
4.5302
4.3054
4.0688
3.8208
3.5616
3.2917
3.0117
2.7222
2.4239
2.1176
1.8043
1.4848
1.1602
0.83164
0.50015
0.16691
-0.16645
-0.49777
-0.82779
-0.27625
-0.16612
-0.055549
0.055703
0.16691
0.27754
0.3872
0.49551
0.60213
0.7067
0.80891
0.90846
1.0051
1.0985
1.1886
1.2751
1.3579
1.4368
1.5118
1.5829
1.65
1.713
1.7721
1.8273
1.8787
1.9264
1.9704
2.0109
2.0482
2.0822
2.1132
2.1414
2.1669
2.1899
2.2106
2.2291
2.2456
2.2603
2.2733
2.2848
2.2948
2.3036
2.3113
2.3179
2.3235
2.3283
2.3323
2.3357
2.3383
2.3404
2.342
2.343
2.3435
2.3435
2.343
2.342
2.3404
2.3383
2.3357
2.3323
2.3283
2.3235
2.3179
2.3113
2.3036
2.2948
2.2848
2.2733
2.2603
2.2456
2.2291
2.2106
2.1899
2.1669
2.1414
2.1132
2.0822
2.0482
2.0109
1.9704
1.9264
1.8787
1.8273
1.7721
1.713
1.65
1.5829
1.5118
1.4368
1.3579
1.2751
1.1886
1.0985
1.0051
0.90846
0.80891
0.7067
0.60213
0.49551
0.3872
0.27754
0.16691
0.055703
-0.055549
-0.16612
-0.27625
0.27549
0.16566
0.055395
-0.055549
-0.16645
-0.27677
-0.38612
-0.49414
-0.60046
-0.70474
-0.80667
-0.90595
-1.0023
-1.0955
-1.1853
-1.2716
-1.3541
-1.4328
-1.5077
-1.5785
-1.6454
-1.7083
-1.7672
-1.8223
-1.8735
-1.921
-1.9649
-2.0054
-2.0425
-2.0765
-2.1074
-2.1355
-2.1609
-2.1839
-2.2045
-2.223
-2.2394
-2.2541
-2.267
-2.2785
-2.2885
-2.2972
-2.3049
-2.3114
-2.3171
-2.3219
-2.3259
-2.3292
-2.3319
-2.334
-2.3355
-2.3365
-2.337
-2.337
-2.3365
-2.3355
-2.334
-2.3319
-2.3292
-2.3259
-2.3219
-2.3171
-2.3114
-2.3049
-2.2972
-2.2885
-2.2785
-2.267
-2.2541
-2.2394
-2.223
-2.2045
-2.1839
-2.1609
-2.1355
-2.1074
-2.0765
-2.0425
-2.0054
-1.9649
-1.921
-1.8735
-1.8223
-1.7672
-1.7083
-1.6454
-1.5785
-1.5077
-1.4328
-1.3541
-1.2716
-1.1853
-1.0955
-1.0023
-0.90595
-0.80667
-0.70474
-0.60046
-0.49414
-0.38612
-0.27677
-0.16645
-0.055549
0.055395
0.16566
0.27549
0.82628
0.49647
0.16566
-0.16612
-0.49777
-0.82768
-1.1547
-1.4777
-1.7957
-2.1075
-2.4123
-2.7092
-2.9974
-3.276
-3.5446
-3.8026
-4.0494
-4.2849
-4.5086
-4.7205
-4.9205
-5.1086
-5.2849
-5.4495
-5.6027
-5.7448
-5.8761
-5.997
-6.108
-6.2096
-6.3021
-6.3861
-6.4622
-6.5308
-6.5924
-6.6476
-6.6969
-6.7407
-6.7794
-6.8136
-6.8436
-6.8698
-6.8926
-6.9122
-6.9291
-6.9434
-6.9554
-6.9653
-6.9733
-6.9796
-6.9841
-6.9871
-6.9886
-6.9886
-6.9871
-6.9841
-6.9796
-6.9733
-6.9653
-6.9554
-6.9434
-6.9291
-6.9122
-6.8926
-6.8698
-6.8436
-6.8136
-6.7794
-6.7407
-6.6969
-6.6476
-6.5924
-6.5308
-6.4622
-6.3861
-6.3021
-6.2096
-6.108
-5.997
-5.8761
-5.7448
-5.6027
-5.4495
-5.2849
-5.1086
-4.9205
-4.7205
-4.5086
-4.2849
-4.0494
-3.8026
-3.5446
-3.276
-2.9974
-2.7092
-2.4123
-2.1075
-1.7957
-1.4777
-1.1547
-0.82768
-0.49777
-0.16612
0.16566
0.49647
0.82628
1.3754
0.82628
0.27549
-0.27625
-0.82779
-1.3764
-1.9202
-2.4574
-2.9862
-3.5048
-4.0117
-4.5054
-4.9846
-5.448
-5.8946
-6.3236
-6.7341
-7.1257
-7.4978
-7.8502
-8.1827
-8.4955
-8.7886
-9.0624
-9.3171
-9.5534
-9.7718
-9.9729
-10.158
-10.326
-10.48
-10.62
-10.746
-10.861
-10.963
-11.055
-11.137
-11.21
-11.274
-11.331
-11.381
-11.424
-11.462
-11.495
-11.523
-11.547
-11.567
-11.583
-11.596
-11.607
-11.614
-11.619
-11.622
-11.622
-11.619
-11.614
-11.607
-11.596
-11.583
-11.567
-11.547
-11.523
-11.495
-11.462
-11.424
-11.381
-11.331
-11.274
-11.21
-11.137
-11.055
-10.963
-10.861
-10.746
-10.62
-10.48
-10.326
-10.158
-9.9729
-9.7718
-9.5534
-9.3171
-9.0624
-8.7886
-8.4955
-8.1827
-7.8502
-7.4978
-7.1257
-6.7341
-6.3236
-5.8946
-5.448
-4.9846
-4.5054
-4.0117
-3.5048
-2.9862
-2.4574
-1.9202
-1.3764
-0.82779
-0.27625
0.27549
0.82628
1.3754
