0.34151
0.20484
0.068238
-0.06843
-0.20521
-0.34178
-0.47797
-0.61364
-0.74864
-0.88284
-1.0161
-1.1482
-1.2791
-1.4087
-1.5367
-1.663
-1.7876
-1.9103
-2.031
-2.1495
-2.2658
-2.3796
-2.491
-2.5998
-2.7059
-2.8091
-2.9095
-3.0069
-3.1012
-3.1924
-3.2803
-3.3649
-3.4461
-3.5239
-3.5982
-3.6688
-3.7359
-3.7992
-3.8589
-3.9147
-3.9667
-4.0149
-4.0592
-4.0995
-4.1359
-4.1684
-4.1968
-4.2212
-4.2415
-4.2578
-4.27
-4.2782
-4.2823
-4.2823
-4.2782
-4.27
-4.2578
-4.2415
-4.2212
-4.1968
-4.1684
-4.1359
-4.0995
-4.0592
-4.0149
-3.9667
-3.9147
-3.8589
-3.7992
-3.7359
-3.6688
-3.5982
-3.5239
-3.4461
-3.3649
-3.2803
-3.1924
-3.1012
-3.0069
-2.9095
-2.8091
-2.7059
-2.5998
-2.491
-2.3796
-2.2658
-2.1495
-2.031
-1.9103
-1.7876
-1.663
-1.5367
-1.4087
-1.2791
-1.1482
-1.0161
-0.88284
-0.74864
-0.61364
-0.47797
-0.34178
-0.20521
-0.06843
0.068238
0.20484
0.34151
0.20484
0.12288
0.040969
-0.041083
-0.12321
-0.20519
-0.28696
-0.36841
-0.44947
-0.53003
-0.61003
-0.68936
-0.76796
-0.84572
-0.92258
-0.99845
-1.0733
-1.1469
-1.2194
-1.2905
-1.3603
-1.4287
-1.4955
-1.5608
-1.6245
-1.6865
-1.7468
-1.8053
-1.8619
-1.9166
-1.9694
-2.0202
-2.069
-2.1157
-2.1602
-2.2027
-2.2429
-2.281
-2.3168
-2.3503
-2.3815
-2.4105
-2.437
-2.4613
-2.4831
-2.5026
-2.5196
-2.5343
-2.5465
-2.5563
-2.5636
-2.5685
-2.571
-2.571
-2.5685
-2.5636
-2.5563
-2.5465
-2.5343
-2.5196
-2.5026
-2.4831
-2.4613
-2.437
-2.4105
-2.3815
-2.3503
-2.3168
-2.281
-2.2429
-2.2027
-2.1602
-2.1157
-2.069
-2.0202
-1.9694
-1.9166
-1.8619
-1.8053
-1.7468
-1.6865
-1.6245
-1.5608
-1.4955
-1.4287
-1.3603
-1.2905
-1.2194
-1.1469
-1.0733
-0.99845
-0.92258
-0.84572
-0.76796
-0.68936
-0.61003
-0.53003
-0.44947
-0.36841
-0.28696
-0.20519
-0.12321
-0.041083
0.040969
0.12288
0.20484
0.068238
0.040969
0.013689
-0.013727
-0.041167
-0.068562
-0.095883
-0.1231
-0.15018
-0.1771
-0.20383
-0.23034
-0.2566
-0.28258
-0.30827
-0.33362
-0.35861
-0.38322
-0.40743
-0.43121
-0.45453
-0.47737
-0.49971
-0.52153
-0.54281
-0.56353
-0.58367
-0.6032
-0.62213
-0.64041
-0.65805
-0.67502
-0.69132
-0.70692
-0.72181
-0.73599
-0.74944
-0.76215
-0.77411
-0.78532
-0.79575
-0.80542
-0.8143
-0.82239
-0.82969
-0.8362
-0.8419
-0.84679
-0.85087
-0.85414
-0.85659
-0.85823
-0.85905
-0.85905
-0.85823
-0.85659
-0.85414
-0.85087
-0.84679
-0.8419
-0.8362
-0.82969
-0.82239
-0.8143
-0.80542
-0.79575
-0.78532
-0.77411
-0.76215
-0.74944
-0.73599
-0.72181
-0.70692
-0.69132
-0.67502
-0.65805
-0.64041
-0.62213
-0.6032
-0.58367
-0.56353
-0.54281
-0.52153
-0.49971
-0.47737
-0.45453
-0.43121
-0.40743
-0.38322
-0.35861
-0.33362
-0.30827
-0.28258
-0.2566
-0.23034
-0.20383
-0.1771
-0.15018
-0.1231
-0.095883
-0.068562
-0.041167
-0.013727
0.013689
0.040969
0.068238
-0.06843
-0.041083
-0.013727
0.013766
0.041282
0.068753
0.09615
0.12344
0.1506
0.1776
0.2044
0.23098
0.25732
0.28337
0.30913
0.33455
0.35961
0.38429
0.40857
0.43241
0.45579
0.4787
0.50111
0.52299
0.54433
0.5651
0.58529
0.60489
0.62386
0.6422
0.65988
0.6769
0.69324
0.70889
0.72382
0.73804
0.75153
0.76428
0.77627
0.78751
0.79797
0.80766
0.81657
0.82469
0.83201
0.83853
0.84424
0.84915
0.85324
0.85652
0.85898
0.86062
0.86144
0.86144
0.86062
0.85898
0.85652
0.85324
0.84915
0.84424
0.83853
0.83201
0.82469
0.81657
0.80766
0.79797
0.78751
0.77627
0.76428
0.75153
0.73804
0.72382
0.70889
0.69324
0.6769
0.65988
0.6422
0.62386
0.60489
0.58529
0.5651
0.54433
0.52299
0.50111
0.4787
0.45579
0.43241
0.40857
0.38429
0.35961
0.33455
0.30913
0.28337
0.25732
0.23098
0.2044
0.1776
0.1506
0.12344
0.09615
0.068753
0.041282
0.013766
-0.013727
-0.041083
-0.06843
-0.20521
-0.12321
-0.041167
0.041282
0.1238
0.20619
0.28835
0.37019
0.45164
0.5326
0.61298
0.6927
0.77167
0.84981
0.92704
1.0033
1.0784
1.1525
1.2253
1.2968
1.3669
1.4356
1.5028
1.5684
1.6324
1.6947
1.7552
1.814
1.8709
1.9259
1.9789
2.03
2.079
2.1259
2.1707
2.2133
2.2538
2.292
2.328
2.3617
2.393
2.4221
2.4488
2.4732
2.4951
2.5147
2.5318
2.5465
2.5588
2.5686
2.576
2.5809
2.5834
2.5834
2.5809
2.576
2.5686
2.5588
2.5465
2.5318
2.5147
2.4951
2.4732
2.4488
2.4221
2.393
2.3617
2.328
2.292
2.2538
2.2133
2.1707
2.1259
2.079
2.03
1.9789
1.9259
1.8709
1.814
1.7552
1.6947
1.6324
1.5684
1.5028
1.4356
1.3669
1.2968
1.2253
1.1525
1.0784
1.0033
0.92704
0.84981
0.77167
0.6927
0.61298
0.5326
0.45164
0.37019
0.28835
0.20619
0.1238
0.041282
-0.041167
-0.12321
-0.20521
-0.34178
-0.20519
-0.068562
0.068753
0.20619
0.34339
0.48023
0.61654
0.75219
0.88702
1.0209
1.1537
1.2852
1.4153
1.5439
1.6709
1.7961
1.9194
2.0406
2.1597
2.2765
2.3909
2.5028
2.6121
2.7187
2.8224
2.9233
3.0211
3.1159
3.2075
3.2958
3.3808
3.4624
3.5406
3.6152
3.6862
3.7536
3.8172
3.8771
3.9333
3.9855
4.0339
4.0784
4.1189
4.1555
4.1881
4.2166
4.2411
4.2616
4.278
4.2902
4.2984
4.3025
4.3025
4.2984
4.2902
4.278
4.2616
4.2411
4.2166
4.1881
4.1555
4.1189
4.0784
4.0339
3.9855
3.9333
3.8771
3.8172
3.7536
3.6862
3.6152
3.5406
3.4624
3.3808
3.2958
3.2075
3.1159
3.0211
2.9233
2.8224
2.7187
2.6121
2.5028
2.3909
2.2765
2.1597
2.0406
1.9194
1.7961
1.6709
1.5439
1.4153
1.2852
1.1537
1.0209
0.88702
0.75219
0.61654
0.48023
0.34339
0.20619
0.068753
-0.068562
-0.20519
-0.34178
-0.47797
-0.28696
-0.095883
0.09615
0.28835
0.48023
0.67159
0.86222
1.0519
1.2405
1.4277
1.6134
1.7973
1.9793
2.1592
2.3367
2.5118
2.6842
2.8538
3.0203
3.1836
3.3436
3.5001
3.653
3.802
3.9471
4.0882
4.225
4.3575
4.4856
4.6092
4.728
4.8422
4.9514
5.0558
5.1551
5.2493
5.3383
5.4221
5.5006
5.5737
5.6414
5.7036
5.7603
5.8114
5.8569
5.8969
5.9311
5.9597
5.9826
5.9998
6.0113
6.017
6.017
6.0113
5.9998
5.9826
5.9597
5.9311
5.8969
5.8569
5.8114
5.7603
5.7036
5.6414
5.5737
5.5006
5.4221
5.3383
5.2493
5.1551
5.0558
4.9514
4.8422
4.728
4.6092
4.4856
4.3575
4.225
4.0882
3.9471
3.802
3.653
3.5001
3.3436
3.1836
3.0203
2.8538
2.6842
2.5118
2.3367
2.1592
1.9793
1.7973
1.6134
1.4277
1.2405
1.0519
0.86222
0.67159
0.48023
0.28835
0.09615
-0.095883
-0.28696
-0.47797
-0.61364
-0.36841
-0.1231
0.12344
0.37019
0.61654
0.86222
1.107
1.3505
1.5926
1.8329
2.0713
2.3075
2.5411
2.7721
3
3.2248
3.4461
3.6638
3.8776
4.0873
4.2927
4.4936
4.6899
4.8812
5.0675
5.2486
5.4243
5.5944
5.7589
5.9175
6.0701
6.2166
6.3569
6.4909
6.6184
6.7393
6.8536
6.9612
7.0619
7.1558
7.2427
7.3225
7.3953
7.461
7.5194
7.5707
7.6147
7.6514
7.6808
7.7029
7.7176
7.7249
7.7249
7.7176
7.7029
7.6808
7.6514
7.6147
7.5707
7.5194
7.461
7.3953
7.3225
7.2427
7.1558
7.0619
6.9612
6.8536
6.7393
6.6184
6.4909
6.3569
6.2166
6.0701
5.9175
5.7589
5.5944
5.4243
5.2486
5.0675
4.8812
4.6899
4.4936
4.2927
4.0873
3.8776
3.6638
3.4461
3.2248
3
2.7721
2.5411
2.3075
2.0713
1.8329
1.5926
1.3505
1.107
0.86222
0.61654
0.37019
0.12344
-0.1231
-0.36841
-0.61364
-0.74864
-0.44947
-0.15018
0.1506
0.45164
0.75219
1.0519
1.3505
1.6476
1.943
2.2362
2.527
2.8151
3.1002
3.3819
3.6601
3.9343
4.2043
4.4699
4.7307
4.9865
5.2372
5.4823
5.7217
5.9551
6.1824
6.4033
6.6177
6.8253
7.0259
7.2194
7.4056
7.5843
7.7555
7.9189
8.0745
8.222
8.3615
8.4927
8.6156
8.7301
8.8361
8.9336
9.0224
9.1025
9.1738
9.2363
9.29
9.3348
9.3707
9.3976
9.4155
9.4245
9.4245
9.4155
9.3976
9.3707
9.3348
9.29
9.2363
9.1738
9.1025
9.0224
8.9336
8.8361
8.7301
8.6156
8.4927
8.3615
8.222
8.0745
7.9189
7.7555
7.5843
7.4056
7.2194
7.0259
6.8253
6.6177
6.4033
6.1824
5.9551
5.7217
5.4823
5.2372
4.9865
4.7307
4.4699
4.2043
3.9343
3.6601
3.3819
3.1002
2.8151
2.527
2.2362
1.943
1.6476
1.3505
1.0519
0.75219
0.45164
0.1506
-0.15018
-0.44947
-0.74864
-0.88284
-0.53003
-0.1771
0.1776
0.5326
0.88702
1.2405
1.5926
1.943
2.2912
2.6371
2.98
3.3197
3.6559
3.9882
4.3161
4.6395
4.9579
5.2711
5.5787
5.8804
6.1759
6.465
6.7473
7.0226
7.2906
7.5511
7.8039
8.0487
8.2853
8.5134
8.733
8.9438
9.1457
9.3384
9.5218
9.6958
9.8603
10.015
10.16
10.295
10.42
10.535
10.64
10.734
10.818
10.892
10.955
11.008
11.05
11.082
11.103
11.114
11.114
11.103
11.082
11.05
11.008
10.955
10.892
10.818
10.734
10.64
10.535
10.42
10.295
10.16
10.015
9.8603
9.6958
9.5218
9.3384
9.1457
8.9438
8.733
8.5134
8.2853
8.0487
7.8039
7.5511
7.2906
7.0226
6.7473
6.465
6.1759
5.8804
5.5787
5.2711
4.9579
4.6395
4.3161
3.9882
3.6559
3.3197
2.98
2.6371
2.2912
1.943
1.5926
1.2405
0.88702
0.5326
0.1776
-0.1771
-0.53003
-0.88284
-1.0161
-0.61003
-0.20383
0.2044
0.61298
1.0209
1.4277
1.8329
2.2362
2.6371
3.035
3.4298
3.8208
4.2077
4.5901
4.9675
5.3397
5.7062
6.0666
6.4206
6.7679
7.108
7.4407
7.7656
8.0825
8.3909
8.6908
8.9817
9.2634
9.5357
9.7983
10.051
10.294
10.526
10.748
10.959
11.159
11.348
11.526
11.693
11.849
11.993
12.125
12.245
12.354
12.451
12.536
12.609
12.669
12.718
12.755
12.779
12.791
12.791
12.779
12.755
12.718
12.669
12.609
12.536
12.451
12.354
12.245
12.125
11.993
11.849
11.693
11.526
11.348
11.159
10.959
10.748
10.526
10.294
10.051
9.7983
9.5357
9.2634
8.9817
8.6908
8.3909
8.0825
7.7656
7.4407
7.108
6.7679
6.4206
6.0666
5.7062
5.3397
4.9675
4.5901
4.2077
3.8208
3.4298
3.035
2.6371
2.2362
1.8329
1.4277
1.0209
0.61298
0.2044
-0.20383
-0.61003
-1.0161
-1.1482
-0.68936
-0.23034
0.23098
0.6927
1.1537
1.6134
2.0713
2.527
2.98
3.4298
3.8758
4.3177
4.7549
5.187
5.6136
6.0341
6.4483
6.8556
7.2557
7.648
8.0324
8.4084
8.7755
9.1336
9.4822
9.821
10.15
10.468
10.776
11.073
11.358
11.632
11.895
12.146
12.384
12.61
12.824
13.026
13.214
13.39
13.552
13.702
13.838
13.961
14.07
14.166
14.248
14.317
14.372
14.413
14.441
14.455
14.455
14.441
14.413
14.372
14.317
14.248
14.166
14.07
13.961
13.838
13.702
13.552
13.39
13.214
13.026
12.824
12.61
12.384
12.146
11.895
11.632
11.358
11.073
10.776
10.468
10.15
9.821
9.4822
9.1336
8.7755
8.4084
8.0324
7.648
7.2557
6.8556
6.4483
6.0341
5.6136
5.187
4.7549
4.3177
3.8758
3.4298
2.98
2.527
2.0713
1.6134
1.1537
0.6927
0.23098
-0.23034
-0.68936
-1.1482
-1.2791
-0.76796
-0.2566
0.25732
0.77167
1.2852
1.7973
2.3075
2.8151
3.3197
3.8208
4.3177
4.8099
5.297
5.7784
6.2536
6.7221
7.1834
7.6372
8.0828
8.52
8.9482
9.367
9.776
10.175
10.563
10.941
11.307
11.662
12.004
12.335
12.653
12.959
13.251
13.53
13.796
14.048
14.286
14.511
14.721
14.916
15.097
15.264
15.416
15.552
15.674
15.781
15.873
15.949
16.011
16.057
16.087
16.103
16.103
16.087
16.057
16.011
15.949
15.873
15.781
15.674
15.552
15.416
15.264
15.097
14.916
14.721
14.511
14.286
14.048
13.796
13.53
13.251
12.959
12.653
12.335
12.004
11.662
11.307
10.941
10.563
10.175
9.776
9.367
8.9482
8.52
8.0828
7.6372
7.1834
6.7221
6.2536
5.7784
5.297
4.8099
4.3177
3.8208
3.3197
2.8151
2.3075
1.7973
1.2852
0.77167
0.25732
-0.2566
-0.76796
-1.2791
-1.4087
-0.84572
-0.28258
0.28337
0.84981
1.4153
1.9793
2.5411
3.1002
3.6559
4.2077
4.7549
5.297
5.8334
6.3635
6.8868
7.4028
7.9109
8.4106
8.9013
9.3827
9.8543
10.316
10.766
11.205
11.633
12.049
12.452
12.842
13.22
13.584
13.934
14.271
14.593
14.9
15.193
15.471
15.733
15.98
16.211
16.427
16.626
16.809
16.977
17.127
17.262
17.379
17.48
17.564
17.632
17.683
17.716
17.733
17.733
17.716
17.683
17.632
17.564
17.48
17.379
17.262
17.127
16.977
16.809
16.626
16.427
16.211
15.98
15.733
15.471
15.193
14.9
14.593
14.271
13.934
13.584
13.22
12.842
12.452
12.049
11.633
11.205
10.766
10.316
9.8543
9.3827
8.9013
8.4106
7.9109
7.4028
6.8868
6.3635
5.8334
5.297
4.7549
4.2077
3.6559
3.1002
2.5411
1.9793
1.4153
0.84981
0.28337
-0.28258
-0.84572
-1.4087
-1.5367
-0.92258
-0.30827
0.30913
0.92704
1.5439
2.1592
2.7721
3.3819
3.9882
4.5901
5.187
5.7784
6.3635
6.9418
7.5127
8.0755
8.6298
9.1749
9.7103
10.235
10.75
11.253
11.744
12.224
12.69
13.144
13.584
14.01
14.421
14.819
15.201
15.568
15.919
16.254
16.574
16.877
17.163
17.432
17.684
17.92
18.137
18.337
18.519
18.684
18.83
18.959
19.069
19.161
19.234
19.29
19.326
19.345
19.345
19.326
19.29
19.234
19.161
19.069
18.959
18.83
18.684
18.519
18.337
18.137
17.92
17.684
17.432
17.163
16.877
16.574
16.254
15.919
15.568
15.201
14.819
14.421
14.01
13.584
13.144
12.69
12.224
11.744
11.253
10.75
10.235
9.7103
9.1749
8.6298
8.0755
7.5127
6.9418
6.3635
5.7784
5.187
4.5901
3.9882
3.3819
2.7721
2.1592
1.5439
0.92704
0.30913
-0.30827
-0.92258
-1.5367
-1.663
-0.99845
-0.33362
0.33455
1.0033
1.6709
2.3367
3
3.6601
4.3161
4.9675
5.6136
6.2536
6.8868
7.5127
8.1305
8.7397
9.3395
9.9294
10.509
11.077
11.634
12.178
12.71
13.229
13.734
14.224
14.701
15.162
15.607
16.037
16.451
16.848
17.228
17.591
17.937
18.264
18.574
18.866
19.139
19.393
19.629
19.845
20.042
20.22
20.379
20.518
20.637
20.736
20.816
20.876
20.916
20.936
20.936
20.916
20.876
20.816
20.736
20.637
20.518
20.379
20.22
20.042
19.845
19.629
19.393
19.139
18.866
18.574
18.264
17.937
17.591
17.228
16.848
16.451
16.037
15.607
15.162
14.701
14.224
13.734
13.229
12.71
12.178
11.634
11.077
10.509
9.9294
9.3395
8.7397
8.1305
7.5127
6.8868
6.2536
5.6136
4.9675
4.3161
3.6601
3
2.3367
1.6709
1.0033
0.33455
-0.33362
-0.99845
-1.663
-1.7876
-1.0733
-0.35861
0.35961
1.0784
1.7961
2.5118
3.2248
3.9343
4.6395
5.3397
6.0341
6.7221
7.4028
8.0755
8.7397
9.3944
10.039
10.673
11.296
11.907
12.505
13.091
13.662
14.22
14.763
15.29
15.802
16.298
16.777
17.239
17.683
18.11
18.519
18.909
19.281
19.633
19.966
20.279
20.573
20.846
21.099
21.332
21.544
21.735
21.906
22.055
22.183
22.29
22.376
22.44
22.483
22.504
22.504
22.483
22.44
22.376
22.29
22.183
22.055
21.906
21.735
21.544
21.332
21.099
20.846
20.573
20.279
19.966
19.633
19.281
18.909
18.519
18.11
17.683
17.239
16.777
16.298
15.802
15.29
14.763
14.22
13.662
13.091
12.505
11.907
11.296
10.673
10.039
9.3944
8.7397
8.0755
7.4028
6.7221
6.0341
5.3397
4.6395
3.9343
3.2248
2.5118
1.7961
1.0784
0.35961
-0.35861
-1.0733
-1.7876
-1.9103
-1.1469
-0.38322
0.38429
1.1525
1.9194
2.6842
3.4461
4.2043
4.9579
5.7062
6.4483
7.1834
7.9109
8.6298
9.3395
10.039
10.728
11.406
12.071
12.724
13.364
13.989
14.6
15.196
15.776
16.34
16.887
17.416
17.928
18.422
18.897
19.353
19.79
20.207
20.604
20.98
21.336
21.671
21.985
22.277
22.547
22.796
23.023
23.227
23.409
23.569
23.706
23.82
23.911
23.98
24.026
24.049
24.049
24.026
23.98
23.911
23.82
23.706
23.569
23.409
23.227
23.023
22.796
22.547
22.277
21.985
21.671
21.336
20.98
20.604
20.207
19.79
19.353
18.897
18.422
17.928
17.416
16.887
16.34
15.776
15.196
14.6
13.989
13.364
12.724
12.071
11.406
10.728
10.039
9.3395
8.6298
7.9109
7.1834
6.4483
5.7062
4.9579
4.2043
3.4461
2.6842
1.9194
1.1525
0.38429
-0.38322
-1.1469
-1.9103
-2.031
-1.2194
-0.40743
0.40857
1.2253
2.0406
2.8538
3.6638
4.4699
5.2711
6.0666
6.8556
7.6372
8.4106
9.1749
9.9294
10.673
11.406
12.126
12.834
13.528
14.208
14.873
15.522
16.156
16.772
17.372
17.953
18.516
19.061
19.585
20.091
20.576
21.04
21.483
21.905
22.306
22.684
23.04
23.373
23.684
23.972
24.236
24.477
24.694
24.888
25.057
25.203
25.324
25.422
25.495
25.543
25.568
25.568
25.543
25.495
25.422
25.324
25.203
25.057
24.888
24.694
24.477
24.236
23.972
23.684
23.373
23.04
22.684
22.306
21.905
21.483
21.04
20.576
20.091
19.585
19.061
18.516
17.953
17.372
16.772
16.156
15.522
14.873
14.208
13.528
12.834
12.126
11.406
10.673
9.9294
9.1749
8.4106
7.6372
6.8556
6.0666
5.2711
4.4699
3.6638
2.8538
2.0406
1.2253
0.40857
-0.40743
-1.2194
-2.031
-2.1495
-1.2905
-0.43121
0.43241
1.2968
2.1597
3.0203
3.8776
4.7307
5.5787
6.4206
7.2557
8.0828
8.9013
9.7103
10.509
11.296
12.071
12.834
13.583
14.317
15.037
15.741
16.428
17.098
17.751
18.385
19.001
19.597
20.173
20.728
21.263
21.776
22.268
22.737
23.184
23.607
24.008
24.384
24.737
25.066
25.37
25.65
25.905
26.135
26.34
26.52
26.674
26.802
26.905
26.982
27.034
27.06
27.06
27.034
26.982
26.905
26.802
26.674
26.52
26.34
26.135
25.905
25.65
25.37
25.066
24.737
24.384
24.008
23.607
23.184
22.737
22.268
21.776
21.263
20.728
20.173
19.597
19.001
18.385
17.751
17.098
16.428
15.741
15.037
14.317
13.583
12.834
12.071
11.296
10.509
9.7103
8.9013
8.0828
7.2557
6.4206
5.5787
4.7307
3.8776
3.0203
2.1597
1.2968
0.43241
-0.43121
-1.2905
-2.1495
-2.2658
-1.3603
-0.45453
0.45579
1.3669
2.2765
3.1836
4.0873
4.9865
5.8804
6.7679
7.648
8.52
9.3827
10.235
11.077
11.907
12.724
13.528
14.317
15.092
15.85
16.592
17.317
18.023
18.711
19.38
20.028
20.657
21.264
21.849
22.413
22.954
23.472
23.967
24.437
24.884
25.306
25.703
26.075
26.422
26.743
27.037
27.306
27.549
27.765
27.954
28.116
28.252
28.36
28.442
28.496
28.523
28.523
28.496
28.442
28.36
28.252
28.116
27.954
27.765
27.549
27.306
27.037
26.743
26.422
26.075
25.703
25.306
24.884
24.437
23.967
23.472
22.954
22.413
21.849
21.264
20.657
20.028
19.38
18.711
18.023
17.317
16.592
15.85
15.092
14.317
13.528
12.724
11.907
11.077
10.235
9.3827
8.52
7.648
6.7679
5.8804
4.9865
4.0873
3.1836
2.2765
1.3669
0.45579
-0.45453
-1.3603
-2.2658
-2.3796
-1.4287
-0.47737
0.4787
1.4356
2.3909
3.3436
4.2927
5.2372
6.1759
7.108
8.0324
8.9482
9.8543
10.75
11.634
12.505
13.364
14.208
15.037
15.85
16.647
17.426
18.187
18.929
19.651
20.354
21.035
21.695
22.332
22.947
23.539
24.108
24.652
25.171
25.665
26.134
26.578
26.995
27.386
27.75
28.086
28.396
28.678
28.933
29.16
29.359
29.529
29.672
29.786
29.871
29.928
29.957
29.957
29.928
29.871
29.786
29.672
29.529
29.359
29.16
28.933
28.678
28.396
28.086
27.75
27.386
26.995
26.578
26.134
25.665
25.171
24.652
24.108
23.539
22.947
22.332
21.695
21.035
20.354
19.651
18.929
18.187
17.426
16.647
15.85
15.037
14.208
13.364
12.505
11.634
10.75
9.8543
8.9482
8.0324
7.108
6.1759
5.2372
4.2927
3.3436
2.3909
1.4356
0.4787
-0.47737
-1.4287
-2.3796
-2.491
-1.4955
-0.49971
0.50111
1.5028
2.5028
3.5001
4.4936
5.4823
6.465
7.4407
8.4084
9.367
10.316
11.253
12.178
13.091
13.989
14.873
15.741
16.592
17.426
18.242
19.038
19.815
20.571
21.306
22.019
22.71
23.378
24.022
24.641
25.236
25.805
26.349
26.867
27.358
27.822
28.258
28.667
29.048
29.401
29.725
30.021
30.287
30.525
30.733
30.911
31.06
31.18
31.269
31.329
31.359
31.359
31.329
31.269
31.18
31.06
30.911
30.733
30.525
30.287
30.021
29.725
29.401
29.048
28.667
28.258
27.822
27.358
26.867
26.349
25.805
25.236
24.641
24.022
23.378
22.71
22.019
21.306
20.571
19.815
19.038
18.242
17.426
16.592
15.741
14.873
13.989
13.091
12.178
11.253
10.316
9.367
8.4084
7.4407
6.465
5.4823
4.4936
3.5001
2.5028
1.5028
0.50111
-0.49971
-1.4955
-2.491
-2.5998
-1.5608
-0.52153
0.52299
1.5684
2.6121
3.653
4.6899
5.7217
6.7473
7.7656
8.7755
9.776
10.766
11.744
12.71
13.662
14.6
15.522
16.428
17.317
18.187
19.038
19.869
20.68
21.47
22.237
22.981
23.702
24.399
25.07
25.717
26.338
26.932
27.5
28.04
28.552
29.037
29.492
29.919
30.317
30.685
31.023
31.332
31.61
31.858
32.075
32.261
32.417
32.541
32.635
32.697
32.728
32.728
32.697
32.635
32.541
32.417
32.261
32.075
31.858
31.61
31.332
31.023
30.685
30.317
29.919
29.492
29.037
28.552
28.04
27.5
26.932
26.338
25.717
25.07
24.399
23.702
22.981
22.237
21.47
20.68
19.869
19.038
18.187
17.317
16.428
15.522
14.6
13.662
12.71
11.744
10.766
9.776
8.7755
7.7656
6.7473
5.7217
4.6899
3.653
2.6121
1.5684
0.52299
-0.52153
-1.5608
-2.5998
-2.7059
-1.6245
-0.54281
0.54433
1.6324
2.7187
3.802
4.8812
5.9551
7.0226
8.0825
9.1336
10.175
11.205
12.224
13.229
14.22
15.196
16.156
17.098
18.023
18.929
19.815
20.68
21.524
22.346
23.144
23.919
24.669
25.394
26.093
26.766
27.413
28.031
28.622
29.184
29.717
30.221
30.696
31.14
31.554
31.937
32.289
32.61
32.9
33.157
33.383
33.577
33.739
33.869
33.966
34.031
34.064
34.064
34.031
33.966
33.869
33.739
33.577
33.383
33.157
32.9
32.61
32.289
31.937
31.554
31.14
30.696
30.221
29.717
29.184
28.622
28.031
27.413
26.766
26.093
25.394
24.669
23.919
23.144
22.346
21.524
20.68
19.815
18.929
18.023
17.098
16.156
15.196
14.22
13.229
12.224
11.205
10.175
9.1336
8.0825
7.0226
5.9551
4.8812
3.802
2.7187
1.6324
0.54433
-0.54281
-1.6245
-2.7059
-2.8091
-1.6865
-0.56353
0.5651
1.6947
2.8224
3.9471
5.0675
6.1824
7.2906
8.3909
9.4822
10.563
11.633
12.69
13.734
14.763
15.776
16.772
17.751
18.711
19.651
20.571
21.47
22.346
23.198
24.027
24.832
25.61
26.363
27.089
27.788
28.459
29.101
29.714
30.298
30.852
31.375
31.867
32.328
32.758
33.156
33.522
33.855
34.155
34.423
34.658
34.859
35.027
35.162
35.263
35.33
35.364
35.364
35.33
35.263
35.162
35.027
34.859
34.658
34.423
34.155
33.855
33.522
33.156
32.758
32.328
31.867
31.375
30.852
30.298
29.714
29.101
28.459
27.788
27.089
26.363
25.61
24.832
24.027
23.198
22.346
21.47
20.571
19.651
18.711
17.751
16.772
15.776
14.763
13.734
12.69
11.633
10.563
9.4822
8.3909
7.2906
6.1824
5.0675
3.9471
2.8224
1.6947
0.5651
-0.56353
-1.6865
-2.8091
-2.9095
-1.7468
-0.58367
0.58529
1.7552
2.9233
4.0882
5.2486
6.4033
7.5511
8.6908
9.821
10.941
12.049
13.144
14.224
15.29
16.34
17.372
18.385
19.38
20.354
21.306
22.237
23.144
24.027
24.886
25.719
26.526
27.305
28.057
28.781
29.476
30.141
30.776
31.381
31.954
32.496
33.006
33.484
33.929
34.341
34.719
35.065
35.376
35.653
35.896
36.105
36.279
36.418
36.523
36.593
36.627
36.627
36.593
36.523
36.418
36.279
36.105
35.896
35.653
35.376
35.065
34.719
34.341
33.929
33.484
33.006
32.496
31.954
31.381
30.776
30.141
29.476
28.781
28.057
27.305
26.526
25.719
24.886
24.027
23.144
22.237
21.306
20.354
19.38
18.385
17.372
16.34
15.29
14.224
13.144
12.049
10.941
9.821
8.6908
7.5511
6.4033
5.2486
4.0882
2.9233
1.7552
0.58529
-0.58367
-1.7468
-2.9095
-3.0069
-1.8053
-0.6032
0.60489
1.814
3.0211
4.225
5.4243
6.6177
7.8039
8.9817
10.15
11.307
12.452
13.584
14.701
15.802
16.887
17.953
19.001
20.028
21.035
22.019
22.981
23.919
24.832
25.719
26.58
27.414
28.219
28.997
29.744
30.462
31.15
31.806
32.431
33.024
33.584
34.111
34.604
35.064
35.49
35.882
36.238
36.56
36.846
37.098
37.313
37.493
37.637
37.745
37.817
37.853
37.853
37.817
37.745
37.637
37.493
37.313
37.098
36.846
36.56
36.238
35.882
35.49
35.064
34.604
34.111
33.584
33.024
32.431
31.806
31.15
30.462
29.744
28.997
28.219
27.414
26.58
25.719
24.832
23.919
22.981
22.019
21.035
20.028
19.001
17.953
16.887
15.802
14.701
13.584
12.452
11.307
10.15
8.9817
7.8039
6.6177
5.4243
4.225
3.0211
1.814
0.60489
-0.6032
-1.8053
-3.0069
-3.1012
-1.8619
-0.62213
0.62386
1.8709
3.1159
4.3575
5.5944
6.8253
8.0487
9.2634
10.468
11.662
12.842
14.01
15.162
16.298
17.416
18.516
19.597
20.657
21.695
22.71
23.702
24.669
25.61
26.526
27.414
28.273
29.104
29.906
30.677
31.418
32.127
32.804
33.448
34.059
34.637
35.181
35.69
36.164
36.603
37.007
37.375
37.707
38.002
38.261
38.484
38.669
38.818
38.929
39.004
39.041
39.041
39.004
38.929
38.818
38.669
38.484
38.261
38.002
37.707
37.375
37.007
36.603
36.164
35.69
35.181
34.637
34.059
33.448
32.804
32.127
31.418
30.677
29.906
29.104
28.273
27.414
26.526
25.61
24.669
23.702
22.71
21.695
20.657
19.597
18.516
17.416
16.298
15.162
14.01
12.842
11.662
10.468
9.2634
8.0487
6.8253
5.5944
4.3575
3.1159
1.8709
0.62386
-0.62213
-1.8619
-3.1012
-3.1924
-1.9166
-0.64041
0.6422
1.9259
3.2075
4.4856
5.7589
7.0259
8.2853
9.5357
10.776
12.004
13.22
14.421
15.607
16.777
17.928
19.061
20.173
21.264
22.332
23.378
24.399
25.394
26.363
27.305
28.219
29.104
29.96
30.785
31.579
32.341
33.071
33.768
34.431
35.061
35.655
36.215
36.739
37.227
37.679
38.095
38.474
38.815
39.119
39.386
39.615
39.806
39.959
40.074
40.15
40.188
40.188
40.15
40.074
39.959
39.806
39.615
39.386
39.119
38.815
38.474
38.095
37.679
37.227
36.739
36.215
35.655
35.061
34.431
33.768
33.071
32.341
31.579
30.785
29.96
29.104
28.219
27.305
26.363
25.394
24.399
23.378
22.332
21.264
20.173
19.061
17.928
16.777
15.607
14.421
13.22
12.004
10.776
9.5357
8.2853
7.0259
5.7589
4.4856
3.2075
1.9259
0.6422
-0.64041
-1.9166
-3.1924
-3.2803
-1.9694
-0.65805
0.65988
1.9789
3.2958
4.6092
5.9175
7.2194
8.5134
9.7983
11.073
12.335
13.584
14.819
16.037
17.239
18.422
19.585
20.728
21.849
22.947
24.022
25.07
26.093
27.089
28.057
28.997
29.906
30.785
31.633
32.449
33.232
33.982
34.698
35.38
36.026
36.637
37.212
37.751
38.253
38.717
39.144
39.533
39.884
40.197
40.471
40.706
40.902
41.059
41.177
41.256
41.295
41.295
41.256
41.177
41.059
40.902
40.706
40.471
40.197
39.884
39.533
39.144
38.717
38.253
37.751
37.212
36.637
36.026
35.38
34.698
33.982
33.232
32.449
31.633
30.785
29.906
28.997
28.057
27.089
26.093
25.07
24.022
22.947
21.849
20.728
19.585
18.422
17.239
16.037
14.819
13.584
12.335
11.073
9.7983
8.5134
7.2194
5.9175
4.6092
3.2958
1.9789
0.65988
-0.65805
-1.9694
-3.2803
-3.3649
-2.0202
-0.67502
0.6769
2.03
3.3808
4.728
6.0701
7.4056
8.733
10.051
11.358
12.653
13.934
15.201
16.451
17.683
18.897
20.091
21.263
22.413
23.539
24.641
25.717
26.766
27.788
28.781
29.744
30.677
31.579
32.449
33.286
34.089
34.859
35.593
36.292
36.955
37.582
38.172
38.724
39.239
39.716
40.154
40.553
40.913
41.233
41.514
41.756
41.957
42.118
42.239
42.32
42.36
42.36
42.32
42.239
42.118
41.957
41.756
41.514
41.233
40.913
40.553
40.154
39.716
39.239
38.724
38.172
37.582
36.955
36.292
35.593
34.859
34.089
33.286
32.449
31.579
30.677
29.744
28.781
27.788
26.766
25.717
24.641
23.539
22.413
21.263
20.091
18.897
17.683
16.451
15.201
13.934
12.653
11.358
10.051
8.733
7.4056
6.0701
4.728
3.3808
2.03
0.6769
-0.67502
-2.0202
-3.3649
-3.4461
-2.069
-0.69132
0.69324
2.079
3.4624
4.8422
6.2166
7.5843
8.9438
10.294
11.632
12.959
14.271
15.568
16.848
18.11
19.353
20.576
21.776
22.954
24.108
25.236
26.338
27.413
28.459
29.476
30.462
31.418
32.341
33.232
34.089
34.912
35.7
36.452
37.168
37.847
38.489
39.093
39.659
40.186
40.674
41.123
41.532
41.9
42.229
42.517
42.764
42.97
43.135
43.259
43.341
43.383
43.383
43.341
43.259
43.135
42.97
42.764
42.517
42.229
41.9
41.532
41.123
40.674
40.186
39.659
39.093
38.489
37.847
37.168
36.452
35.7
34.912
34.089
33.232
32.341
31.418
30.462
29.476
28.459
27.413
26.338
25.236
24.108
22.954
21.776
20.576
19.353
18.11
16.848
15.568
14.271
12.959
11.632
10.294
8.9438
7.5843
6.2166
4.8422
3.4624
2.079
0.69324
-0.69132
-2.069
-3.4461
-3.5239
-2.1157
-0.70692
0.70889
2.1259
3.5406
4.9514
6.3569
7.7555
9.1457
10.526
11.895
13.251
14.593
15.919
17.228
18.519
19.79
21.04
22.268
23.472
24.652
25.805
26.932
28.031
29.101
30.141
31.15
32.127
33.071
33.982
34.859
35.7
36.506
37.275
38.007
38.702
39.358
39.976
40.554
41.093
41.592
42.051
42.469
42.846
43.182
43.476
43.729
43.94
44.108
44.235
44.32
44.362
44.362
44.32
44.235
44.108
43.94
43.729
43.476
43.182
42.846
42.469
42.051
41.592
41.093
40.554
39.976
39.358
38.702
38.007
37.275
36.506
35.7
34.859
33.982
33.071
32.127
31.15
30.141
29.101
28.031
26.932
25.805
24.652
23.472
22.268
21.04
19.79
18.519
17.228
15.919
14.593
13.251
11.895
10.526
9.1457
7.7555
6.3569
4.9514
3.5406
2.1259
0.70889
-0.70692
-2.1157
-3.5239
-3.5982
-2.1602
-0.72181
0.72382
2.1707
3.6152
5.0558
6.4909
7.9189
9.3384
10.748
12.146
13.53
14.9
16.254
17.591
18.909
20.207
21.483
22.737
23.967
25.171
26.349
27.5
28.622
29.714
30.776
31.806
32.804
33.768
34.698
35.593
36.452
37.275
38.06
38.808
39.517
40.187
40.818
41.409
41.959
42.469
42.937
43.364
43.749
44.092
44.392
44.65
44.865
45.038
45.167
45.253
45.297
45.297
45.253
45.167
45.038
44.865
44.65
44.392
44.092
43.749
43.364
42.937
42.469
41.959
41.409
40.818
40.187
39.517
38.808
38.06
37.275
36.452
35.593
34.698
33.768
32.804
31.806
30.776
29.714
28.622
27.5
26.349
25.171
23.967
22.737
21.483
20.207
18.909
17.591
16.254
14.9
13.53
12.146
10.748
9.3384
7.9189
6.4909
5.0558
3.6152
2.1707
0.72382
-0.72181
-2.1602
-3.5982
-3.6688
-2.2027
-0.73599
0.73804
2.2133
3.6862
5.1551
6.6184
8.0745
9.5218
10.959
12.384
13.796
15.193
16.574
17.937
19.281
20.604
21.905
23.184
24.437
25.665
26.867
28.04
29.184
30.298
31.381
32.431
33.448
34.431
35.38
36.292
37.168
38.007
38.808
39.57
40.293
40.977
41.62
42.222
42.783
43.303
43.78
44.216
44.608
44.958
45.264
45.527
45.747
45.922
46.054
46.142
46.186
46.186
46.142
46.054
45.922
45.747
45.527
45.264
44.958
44.608
44.216
43.78
43.303
42.783
42.222
41.62
40.977
40.293
39.57
38.808
38.007
37.168
36.292
35.38
34.431
33.448
32.431
31.381
30.298
29.184
28.04
26.867
25.665
24.437
23.184
21.905
20.604
19.281
17.937
16.574
15.193
13.796
12.384
10.959
9.5218
8.0745
6.6184
5.1551
3.6862
2.2133
0.73804
-0.73599
-2.2027
-3.6688
-3.7359
-2.2429
-0.74944
0.75153
2.2538
3.7536
5.2493
6.7393
8.222
9.6958
11.159
12.61
14.048
15.471
16.877
18.264
19.633
20.98
22.306
23.607
24.884
26.134
27.358
28.552
29.717
30.852
31.954
33.024
34.059
35.061
36.026
36.955
37.847
38.702
39.517
40.293
41.03
41.726
42.38
42.994
43.565
44.094
44.58
45.024
45.423
45.779
46.091
46.359
46.583
46.762
46.896
46.986
47.03
47.03
46.986
46.896
46.762
46.583
46.359
46.091
45.779
45.423
45.024
44.58
44.094
43.565
42.994
42.38
41.726
41.03
40.293
39.517
38.702
37.847
36.955
36.026
35.061
34.059
33.024
31.954
30.852
29.717
28.552
27.358
26.134
24.884
23.607
22.306
20.98
19.633
18.264
16.877
15.471
14.048
12.61
11.159
9.6958
8.222
6.7393
5.2493
3.7536
2.2538
0.75153
-0.74944
-2.2429
-3.7359
-3.7992
-2.281
-0.76215
0.76428
2.292
3.8172
5.3383
6.8536
8.3615
9.8603
11.348
12.824
14.286
15.733
17.163
18.574
19.966
21.336
22.684
24.008
25.306
26.578
27.822
29.037
30.221
31.375
32.496
33.584
34.637
35.655
36.637
37.582
38.489
39.358
40.187
40.977
41.726
42.433
43.099
43.723
44.304
44.842
45.337
45.787
46.194
46.556
46.873
47.145
47.373
47.555
47.691
47.782
47.828
47.828
47.782
47.691
47.555
47.373
47.145
46.873
46.556
46.194
45.787
45.337
44.842
44.304
43.723
43.099
42.433
41.726
40.977
40.187
39.358
38.489
37.582
36.637
35.655
34.637
33.584
32.496
31.375
30.221
29.037
27.822
26.578
25.306
24.008
22.684
21.336
19.966
18.574
17.163
15.733
14.286
12.824
11.348
9.8603
8.3615
6.8536
5.3383
3.8172
2.292
0.76428
-0.76215
-2.281
-3.7992
-3.8589
-2.3168
-0.77411
0.77627
2.328
3.8771
5.4221
6.9612
8.4927
10.015
11.526
13.026
14.511
15.98
17.432
18.866
20.279
21.671
23.04
24.384
25.703
26.995
28.258
29.492
30.696
31.867
33.006
34.111
35.181
36.215
37.212
38.172
39.093
39.976
40.818
41.62
42.38
43.099
43.776
44.409
44.999
45.546
46.048
46.506
46.919
47.286
47.609
47.885
48.116
48.301
48.44
48.532
48.579
48.579
48.532
48.44
48.301
48.116
47.885
47.609
47.286
46.919
46.506
46.048
45.546
44.999
44.409
43.776
43.099
42.38
41.62
40.818
39.976
39.093
38.172
37.212
36.215
35.181
34.111
33.006
31.867
30.696
29.492
28.258
26.995
25.703
24.384
23.04
21.671
20.279
18.866
17.432
15.98
14.511
13.026
11.526
10.015
8.4927
6.9612
5.4221
3.8771
2.328
0.77627
-0.77411
-2.3168
-3.8589
-3.9147
-2.3503
-0.78532
0.78751
2.3617
3.9333
5.5006
7.0619
8.6156
10.16
11.693
13.214
14.721
16.211
17.684
19.139
20.573
21.985
23.373
24.737
26.075
27.386
28.667
29.919
31.14
32.328
33.484
34.604
35.69
36.739
37.751
38.724
39.659
40.554
41.409
42.222
42.994
43.723
44.409
45.052
45.651
46.205
46.715
47.179
47.598
47.971
48.298
48.578
48.813
49
49.141
49.235
49.282
49.282
49.235
49.141
49
48.813
48.578
48.298
47.971
47.598
47.179
46.715
46.205
45.651
45.052
44.409
43.723
42.994
42.222
41.409
40.554
39.659
38.724
37.751
36.739
35.69
34.604
33.484
32.328
31.14
29.919
28.667
27.386
26.075
24.737
23.373
21.985
20.573
19.139
17.684
16.211
14.721
13.214
11.693
10.16
8.6156
7.0619
5.5006
3.9333
2.3617
0.78751
-0.78532
-2.3503
-3.9147
-3.9667
-2.3815
-0.79575
0.79797
2.393
3.9855
5.5737
7.1558
8.7301
10.295
11.849
13.39
14.916
16.427
17.92
19.393
20.846
22.277
23.684
25.066
26.422
27.75
29.048
30.317
31.554
32.758
33.929
35.064
36.164
37.227
38.253
39.239
40.186
41.093
41.959
42.783
43.565
44.304
44.999
45.651
46.257
46.819
47.335
47.806
48.23
48.608
48.94
49.224
49.461
49.651
49.794
49.889
49.937
49.937
49.889
49.794
49.651
49.461
49.224
48.94
48.608
48.23
47.806
47.335
46.819
46.257
45.651
44.999
44.304
43.565
42.783
41.959
41.093
40.186
39.239
38.253
37.227
36.164
35.064
33.929
32.758
31.554
30.317
29.048
27.75
26.422
25.066
23.684
22.277
20.846
19.393
17.92
16.427
14.916
13.39
11.849
10.295
8.7301
7.1558
5.5737
3.9855
2.393
0.79797
-0.79575
-2.3815
-3.9667
-4.0149
-2.4105
-0.80542
0.80766
2.4221
4.0339
5.6414
7.2427
8.8361
10.42
11.993
13.552
15.097
16.626
18.137
19.629
21.099
22.547
23.972
25.37
26.743
28.086
29.401
30.685
31.937
33.156
34.341
35.49
36.603
37.679
38.717
39.716
40.674
41.592
42.469
43.303
44.094
44.842
45.546
46.205
46.819
47.388
47.91
48.386
48.816
49.199
49.534
49.822
50.062
50.254
50.399
50.495
50.543
50.543
50.495
50.399
50.254
50.062
49.822
49.534
49.199
48.816
48.386
47.91
47.388
46.819
46.205
45.546
44.842
44.094
43.303
42.469
41.592
40.674
39.716
38.717
37.679
36.603
35.49
34.341
33.156
31.937
30.685
29.401
28.086
26.743
25.37
23.972
22.547
21.099
19.629
18.137
16.626
15.097
13.552
11.993
10.42
8.8361
7.2427
5.6414
4.0339
2.4221
0.80766
-0.80542
-2.4105
-4.0149
-4.0592
-2.437
-0.8143
0.81657
2.4488
4.0784
5.7036
7.3225
8.9336
10.535
12.125
13.702
15.264
16.809
18.337
19.845
21.332
22.796
24.236
25.65
27.037
28.396
29.725
31.023
32.289
33.522
34.719
35.882
37.007
38.095
39.144
40.154
41.123
42.051
42.937
43.78
44.58
45.337
46.048
46.715
47.335
47.91
48.439
48.92
49.354
49.741
50.08
50.371
50.614
50.809
50.955
51.052
51.101
51.101
51.052
50.955
50.809
50.614
50.371
50.08
49.741
49.354
48.92
48.439
47.91
47.335
46.715
46.048
45.337
44.58
43.78
42.937
42.051
41.123
40.154
39.144
38.095
37.007
35.882
34.719
33.522
32.289
31.023
29.725
28.396
27.037
25.65
24.236
22.796
21.332
19.845
18.337
16.809
15.264
13.702
12.125
10.535
8.9336
7.3225
5.7036
4.0784
2.4488
0.81657
-0.8143
-2.437
-4.0592
-4.0995
-2.4613
-0.82239
0.82469
2.4732
4.1189
5.7603
7.3953
9.0224
10.64
12.245
13.838
15.416
16.977
18.519
20.042
21.544
23.023
24.477
25.905
27.306
28.678
30.021
31.332
32.61
33.855
35.065
36.238
37.375
38.474
39.533
40.553
41.532
42.469
43.364
44.216
45.024
45.787
46.506
47.179
47.806
48.386
48.92
49.406
49.845
50.236
50.578
50.872
51.117
51.314
51.461
51.559
51.609
51.609
51.559
51.461
51.314
51.117
50.872
50.578
50.236
49.845
49.406
48.92
48.386
47.806
47.179
46.506
45.787
45.024
44.216
43.364
42.469
41.532
40.553
39.533
38.474
37.375
36.238
35.065
33.855
32.61
31.332
30.021
28.678
27.306
25.905
24.477
23.023
21.544
20.042
18.519
16.977
15.416
13.838
12.245
10.64
9.0224
7.3953
5.7603
4.1189
2.4732
0.82469
-0.82239
-2.4613
-4.0995
-4.1359
-2.4831
-0.82969
0.83201
2.4951
4.1555
5.8114
7.461
9.1025
10.734
12.354
13.961
15.552
17.127
18.684
20.22
21.735
23.227
24.694
26.135
27.549
28.933
30.287
31.61
32.9
34.155
35.376
36.56
37.707
38.815
39.884
40.913
41.9
42.846
43.749
44.608
45.423
46.194
46.919
47.598
48.23
48.816
49.354
49.845
50.288
50.682
51.027
51.324
51.571
51.769
51.918
52.017
52.067
52.067
52.017
51.918
51.769
51.571
51.324
51.027
50.682
50.288
49.845
49.354
48.816
48.23
47.598
46.919
46.194
45.423
44.608
43.749
42.846
41.9
40.913
39.884
38.815
37.707
36.56
35.376
34.155
32.9
31.61
30.287
28.933
27.549
26.135
24.694
23.227
21.735
20.22
18.684
17.127
15.552
13.961
12.354
10.734
9.1025
7.461
5.8114
4.1555
2.4951
0.83201
-0.82969
-2.4831
-4.1359
-4.1684
-2.5026
-0.8362
0.83853
2.5147
4.1881
5.8569
7.5194
9.1738
10.818
12.451
14.07
15.674
17.262
18.83
20.379
21.906
23.409
24.888
26.34
27.765
29.16
30.525
31.858
33.157
34.423
35.653
36.846
38.002
39.119
40.197
41.233
42.229
43.182
44.092
44.958
45.779
46.556
47.286
47.971
48.608
49.199
49.741
50.236
50.682
51.079
51.427
51.726
51.975
52.175
52.325
52.425
52.475
52.475
52.425
52.325
52.175
51.975
51.726
51.427
51.079
50.682
50.236
49.741
49.199
48.608
47.971
47.286
46.556
45.779
44.958
44.092
43.182
42.229
41.233
40.197
39.119
38.002
36.846
35.653
34.423
33.157
31.858
30.525
29.16
27.765
26.34
24.888
23.409
21.906
20.379
18.83
17.262
15.674
14.07
12.451
10.818
9.1738
7.5194
5.8569
4.1881
2.5147
0.83853
-0.8362
-2.5026
-4.1684
-4.1968
-2.5196
-0.8419
0.84424
2.5318
4.2166
5.8969
7.5707
9.2363
10.892
12.536
14.166
15.781
17.379
18.959
20.518
22.055
23.569
25.057
26.52
27.954
29.359
30.733
32.075
33.383
34.658
35.896
37.098
38.261
39.386
40.471
41.514
42.517
43.476
44.392
45.264
46.091
46.873
47.609
48.298
48.94
49.534
50.08
50.578
51.027
51.427
51.778
52.078
52.329
52.531
52.681
52.782
52.832
52.832
52.782
52.681
52.531
52.329
52.078
51.778
51.427
51.027
50.578
50.08
49.534
48.94
48.298
47.609
46.873
46.091
45.264
44.392
43.476
42.517
41.514
40.471
39.386
38.261
37.098
35.896
34.658
33.383
32.075
30.733
29.359
27.954
26.52
25.057
23.569
22.055
20.518
18.959
17.379
15.781
14.166
12.536
10.892
9.2363
7.5707
5.8969
4.2166
2.5318
0.84424
-0.8419
-2.5196
-4.1968
-4.2212
-2.5343
-0.84679
0.84915
2.5465
4.2411
5.9311
7.6147
9.29
10.955
12.609
14.248
15.873
17.48
19.069
20.637
22.183
23.706
25.203
26.674
28.116
29.529
30.911
32.261
33.577
34.859
36.105
37.313
38.484
39.615
40.706
41.756
42.764
43.729
44.65
45.527
46.359
47.145
47.885
48.578
49.224
49.822
50.371
50.872
51.324
51.726
52.078
52.381
52.634
52.836
52.988
53.089
53.139
53.139
53.089
52.988
52.836
52.634
52.381
52.078
51.726
51.324
50.872
50.371
49.822
49.224
48.578
47.885
47.145
46.359
45.527
44.65
43.729
42.764
41.756
40.706
39.615
38.484
37.313
36.105
34.859
33.577
32.261
30.911
29.529
28.116
26.674
25.203
23.706
22.183
20.637
19.069
17.48
15.873
14.248
12.609
10.955
9.29
7.6147
5.9311
4.2411
2.5465
0.84915
-0.84679
-2.5343
-4.2212
-4.2415
-2.5465
-0.85087
0.85324
2.5588
4.2616
5.9597
7.6514
9.3348
11.008
12.669
14.317
15.949
17.564
19.161
20.736
22.29
23.82
25.324
26.802
28.252
29.672
31.06
32.417
33.739
35.027
36.279
37.493
38.669
39.806
40.902
41.957
42.97
43.94
44.865
45.747
46.583
47.373
48.116
48.813
49.461
50.062
50.614
51.117
51.571
51.975
52.329
52.634
52.887
53.09
53.243
53.345
53.396
53.396
53.345
53.243
53.09
52.887
52.634
52.329
51.975
51.571
51.117
50.614
50.062
49.461
48.813
48.116
47.373
46.583
45.747
44.865
43.94
42.97
41.957
40.902
39.806
38.669
37.493
36.279
35.027
33.739
32.417
31.06
29.672
28.252
26.802
25.324
23.82
22.29
20.736
19.161
17.564
15.949
14.317
12.669
11.008
9.3348
7.6514
5.9597
4.2616
2.5588
0.85324
-0.85087
-2.5465
-4.2415
-4.2578
-2.5563
-0.85414
0.85652
2.5686
4.278
5.9826
7.6808
9.3707
11.05
12.718
14.372
16.011
17.632
19.234
20.816
22.376
23.911
25.422
26.905
28.36
29.786
31.18
32.541
33.869
35.162
36.418
37.637
38.818
39.959
41.059
42.118
43.135
44.108
45.038
45.922
46.762
47.555
48.301
49
49.651
50.254
50.809
51.314
51.769
52.175
52.531
52.836
53.09
53.294
53.448
53.55
53.601
53.601
53.55
53.448
53.294
53.09
52.836
52.531
52.175
51.769
51.314
50.809
50.254
49.651
49
48.301
47.555
46.762
45.922
45.038
44.108
43.135
42.118
41.059
39.959
38.818
37.637
36.418
35.162
33.869
32.541
31.18
29.786
28.36
26.905
25.422
23.911
22.376
20.816
19.234
17.632
16.011
14.372
12.718
11.05
9.3707
7.6808
5.9826
4.278
2.5686
0.85652
-0.85414
-2.5563
-4.2578
-4.27
-2.5636
-0.85659
0.85898
2.576
4.2902
5.9998
7.7029
9.3976
11.082
12.755
14.413
16.057
17.683
19.29
20.876
22.44
23.98
25.495
26.982
28.442
29.871
31.269
32.635
33.966
35.263
36.523
37.745
38.929
40.074
41.177
42.239
43.259
44.235
45.167
46.054
46.896
47.691
48.44
49.141
49.794
50.399
50.955
51.461
51.918
52.325
52.681
52.988
53.243
53.448
53.601
53.704
53.755
53.755
53.704
53.601
53.448
53.243
52.988
52.681
52.325
51.918
51.461
50.955
50.399
49.794
49.141
48.44
47.691
46.896
46.054
45.167
44.235
43.259
42.239
41.177
40.074
38.929
37.745
36.523
35.263
33.966
32.635
31.269
29.871
28.442
26.982
25.495
23.98
22.44
20.876
19.29
17.683
16.057
14.413
12.755
11.082
9.3976
7.7029
5.9998
4.2902
2.576
0.85898
-0.85659
-2.5636
-4.27
-4.2782
-2.5685
-0.85823
0.86062
2.5809
4.2984
6.0113
7.7176
9.4155
11.103
12.779
14.441
16.087
17.716
19.326
20.916
22.483
24.026
25.543
27.034
28.496
29.928
31.329
32.697
34.031
35.33
36.593
37.817
39.004
40.15
41.256
42.32
43.341
44.32
45.253
46.142
46.986
47.782
48.532
49.235
49.889
50.495
51.052
51.559
52.017
52.425
52.782
53.089
53.345
53.55
53.704
53.806
53.857
53.857
53.806
53.704
53.55
53.345
53.089
52.782
52.425
52.017
51.559
51.052
50.495
49.889
49.235
48.532
47.782
46.986
46.142
45.253
44.32
43.341
42.32
41.256
40.15
39.004
37.817
36.593
35.33
34.031
32.697
31.329
29.928
28.496
27.034
25.543
24.026
22.483
20.916
19.326
17.716
16.087
14.441
12.779
11.103
9.4155
7.7176
6.0113
4.2984
2.5809
0.86062
-0.85823
-2.5685
-4.2782
-4.2823
-2.571
-0.85905
0.86144
2.5834
4.3025
6.017
7.7249
9.4245
11.114
12.791
14.455
16.103
17.733
19.345
20.936
22.504
24.049
25.568
27.06
28.523
29.957
31.359
32.728
34.064
35.364
36.627
37.853
39.041
40.188
41.295
42.36
43.383
44.362
45.297
46.186
47.03
47.828
48.579
49.282
49.937
50.543
51.101
51.609
52.067
52.475
52.832
53.139
53.396
53.601
53.755
53.857
53.909
53.909
53.857
53.755
53.601
53.396
53.139
52.832
52.475
52.067
51.609
51.101
50.543
49.937
49.282
48.579
47.828
47.03
46.186
45.297
44.362
43.383
42.36
41.295
40.188
39.041
37.853
36.627
35.364
34.064
32.728
31.359
29.957
28.523
27.06
25.568
24.049
22.504
20.936
19.345
17.733
16.103
14.455
12.791
11.114
9.4245
7.7249
6.017
4.3025
2.5834
0.86144
-0.85905
-2.571
-4.2823
-4.2823
-2.571
-0.85905
0.86144
2.5834
4.3025
6.017
7.7249
9.4245
11.114
12.791
14.455
16.103
17.733
19.345
20.936
22.504
24.049
25.568
27.06
28.523
29.957
31.359
32.728
34.064
35.364
36.627
37.853
39.041
40.188
41.295
42.36
43.383
44.362
45.297
46.186
47.03
47.828
48.579
49.282
49.937
50.543
51.101
51.609
52.067
52.475
52.832
53.139
53.396
53.601
53.755
53.857
53.909
53.909
53.857
53.755
53.601
53.396
53.139
52.832
52.475
52.067
51.609
51.101
50.543
49.937
49.282
48.579
47.828
47.03
46.186
45.297
44.362
43.383
42.36
41.295
40.188
39.041
37.853
36.627
35.364
34.064
32.728
31.359
29.957
28.523
27.06
25.568
24.049
22.504
20.936
19.345
17.733
16.103
14.455
12.791
11.114
9.4245
7.7249
6.017
4.3025
2.5834
0.86144
-0.85905
-2.571
-4.2823
-4.2782
-2.5685
-0.85823
0.86062
2.5809
4.2984
6.0113
7.7176
9.4155
11.103
12.779
14.441
16.087
17.716
19.326
20.916
22.483
24.026
25.543
27.034
28.496
29.928
31.329
32.697
34.031
35.33
36.593
37.817
39.004
40.15
41.256
42.32
43.341
44.32
45.253
46.142
46.986
47.782
48.532
49.235
49.889
50.495
51.052
51.559
52.017
52.425
52.782
53.089
53.345
53.55
53.704
53.806
53.857
53.857
53.806
53.704
53.55
53.345
53.089
52.782
52.425
52.017
51.559
51.052
50.495
49.889
49.235
48.532
47.782
46.986
46.142
45.253
44.32
43.341
42.32
41.256
40.15
39.004
37.817
36.593
35.33
34.031
32.697
31.329
29.928
28.496
27.034
25.543
24.026
22.483
20.916
19.326
17.716
16.087
14.441
12.779
11.103
9.4155
7.7176
6.0113
4.2984
2.5809
0.86062
-0.85823
-2.5685
-4.2782
-4.27
-2.5636
-0.85659
0.85898
2.576
4.2902
5.9998
7.7029
9.3976
11.082
12.755
14.413
16.057
17.683
19.29
20.876
22.44
23.98
25.495
26.982
28.442
29.871
31.269
32.635
33.966
35.263
36.523
37.745
38.929
40.074
41.177
42.239
43.259
44.235
45.167
46.054
46.896
47.691
48.44
49.141
49.794
50.399
50.955
51.461
51.918
52.325
52.681
52.988
53.243
53.448
53.601
53.704
53.755
53.755
53.704
53.601
53.448
53.243
52.988
52.681
52.325
51.918
51.461
50.955
50.399
49.794
49.141
48.44
47.691
46.896
46.054
45.167
44.235
43.259
42.239
41.177
40.074
38.929
37.745
36.523
35.263
33.966
32.635
31.269
29.871
28.442
26.982
25.495
23.98
22.44
20.876
19.29
17.683
16.057
14.413
12.755
11.082
9.3976
7.7029
5.9998
4.2902
2.576
0.85898
-0.85659
-2.5636
-4.27
-4.2578
-2.5563
-0.85414
0.85652
2.5686
4.278
5.9826
7.6808
9.3707
11.05
12.718
14.372
16.011
17.632
19.234
20.816
22.376
23.911
25.422
26.905
28.36
29.786
31.18
32.541
33.869
35.162
36.418
37.637
38.818
39.959
41.059
42.118
43.135
44.108
45.038
45.922
46.762
47.555
48.301
49
49.651
50.254
50.809
51.314
51.769
52.175
52.531
52.836
53.09
53.294
53.448
53.55
53.601
53.601
53.55
53.448
53.294
53.09
52.836
52.531
52.175
51.769
51.314
50.809
50.254
49.651
49
48.301
47.555
46.762
45.922
45.038
44.108
43.135
42.118
41.059
39.959
38.818
37.637
36.418
35.162
33.869
32.541
31.18
29.786
28.36
26.905
25.422
23.911
22.376
20.816
19.234
17.632
16.011
14.372
12.718
11.05
9.3707
7.6808
5.9826
4.278
2.5686
0.85652
-0.85414
-2.5563
-4.2578
-4.2415
-2.5465
-0.85087
0.85324
2.5588
4.2616
5.9597
7.6514
9.3348
11.008
12.669
14.317
15.949
17.564
19.161
20.736
22.29
23.82
25.324
26.802
28.252
29.672
31.06
32.417
33.739
35.027
36.279
37.493
38.669
39.806
40.902
41.957
42.97
43.94
44.865
45.747
46.583
47.373
48.116
48.813
49.461
50.062
50.614
51.117
51.571
51.975
52.329
52.634
52.887
53.09
53.243
53.345
53.396
53.396
53.345
53.243
53.09
52.887
52.634
52.329
51.975
51.571
51.117
50.614
50.062
49.461
48.813
48.116
47.373
46.583
45.747
44.865
43.94
42.97
41.957
40.902
39.806
38.669
37.493
36.279
35.027
33.739
32.417
31.06
29.672
28.252
26.802
25.324
23.82
22.29
20.736
19.161
17.564
15.949
14.317
12.669
11.008
9.3348
7.6514
5.9597
4.2616
2.5588
0.85324
-0.85087
-2.5465
-4.2415
-4.2212
-2.5343
-0.84679
0.84915
2.5465
4.2411
5.9311
7.6147
9.29
10.955
12.609
14.248
15.873
17.48
19.069
20.637
22.183
23.706
25.203
26.674
28.116
29.529
30.911
32.261
33.577
34.859
36.105
37.313
38.484
39.615
40.706
41.756
42.764
43.729
44.65
45.527
46.359
47.145
47.885
48.578
49.224
49.822
50.371
50.872
51.324
51.726
52.078
52.381
52.634
52.836
52.988
53.089
53.139
53.139
53.089
52.988
52.836
52.634
52.381
52.078
51.726
51.324
50.872
50.371
49.822
49.224
48.578
47.885
47.145
46.359
45.527
44.65
43.729
42.764
41.756
40.706
39.615
38.484
37.313
36.105
34.859
33.577
32.261
30.911
29.529
28.116
26.674
25.203
23.706
22.183
20.637
19.069
17.48
15.873
14.248
12.609
10.955
9.29
7.6147
5.9311
4.2411
2.5465
0.84915
-0.84679
-2.5343
-4.2212
-4.1968
-2.5196
-0.8419
0.84424
2.5318
4.2166
5.8969
7.5707
9.2363
10.892
12.536
14.166
15.781
17.379
18.959
20.518
22.055
23.569
25.057
26.52
27.954
29.359
30.733
32.075
33.383
34.658
35.896
37.098
38.261
39.386
40.471
41.514
42.517
43.476
44.392
45.264
46.091
46.873
47.609
48.298
48.94
49.534
50.08
50.578
51.027
51.427
51.778
52.078
52.329
52.531
52.681
52.782
52.832
52.832
52.782
52.681
52.531
52.329
52.078
51.778
51.427
51.027
50.578
50.08
49.534
48.94
48.298
47.609
46.873
46.091
45.264
44.392
43.476
42.517
41.514
40.471
39.386
38.261
37.098
35.896
34.658
33.383
32.075
30.733
29.359
27.954
26.52
25.057
23.569
22.055
20.518
18.959
17.379
15.781
14.166
12.536
10.892
9.2363
7.5707
5.8969
4.2166
2.5318
0.84424
-0.8419
-2.5196
-4.1968
-4.1684
-2.5026
-0.8362
0.83853
2.5147
4.1881
5.8569
7.5194
9.1738
10.818
12.451
14.07
15.674
17.262
18.83
20.379
21.906
23.409
24.888
26.34
27.765
29.16
30.525
31.858
33.157
34.423
35.653
36.846
38.002
39.119
40.197
41.233
42.229
43.182
44.092
44.958
45.779
46.556
47.286
47.971
48.608
49.199
49.741
50.236
50.682
51.079
51.427
51.726
51.975
52.175
52.325
52.425
52.475
52.475
52.425
52.325
52.175
51.975
51.726
51.427
51.079
50.682
50.236
49.741
49.199
48.608
47.971
47.286
46.556
45.779
44.958
44.092
43.182
42.229
41.233
40.197
39.119
38.002
36.846
35.653
34.423
33.157
31.858
30.525
29.16
27.765
26.34
24.888
23.409
21.906
20.379
18.83
17.262
15.674
14.07
12.451
10.818
9.1738
7.5194
5.8569
4.1881
2.5147
0.83853
-0.8362
-2.5026
-4.1684
-4.1359
-2.4831
-0.82969
0.83201
2.4951
4.1555
5.8114
7.461
9.1025
10.734
12.354
13.961
15.552
17.127
18.684
20.22
21.735
23.227
24.694
26.135
27.549
28.933
30.287
31.61
32.9
34.155
35.376
36.56
37.707
38.815
39.884
40.913
41.9
42.846
43.749
44.608
45.423
46.194
46.919
47.598
48.23
48.816
49.354
49.845
50.288
50.682
51.027
51.324
51.571
51.769
51.918
52.017
52.067
52.067
52.017
51.918
51.769
51.571
51.324
51.027
50.682
50.288
49.845
49.354
48.816
48.23
47.598
46.919
46.194
45.423
44.608
43.749
42.846
41.9
40.913
39.884
38.815
37.707
36.56
35.376
34.155
32.9
31.61
30.287
28.933
27.549
26.135
24.694
23.227
21.735
20.22
18.684
17.127
15.552
13.961
12.354
10.734
9.1025
7.461
5.8114
4.1555
2.4951
0.83201
-0.82969
-2.4831
-4.1359
-4.0995
-2.4613
-0.82239
0.82469
2.4732
4.1189
5.7603
7.3953
9.0224
10.64
12.245
13.838
15.416
16.977
18.519
20.042
21.544
23.023
24.477
25.905
27.306
28.678
30.021
31.332
32.61
33.855
35.065
36.238
37.375
38.474
39.533
40.553
41.532
42.469
43.364
44.216
45.024
45.787
46.506
47.179
47.806
48.386
48.92
49.406
49.845
50.236
50.578
50.872
51.117
51.314
51.461
51.559
51.609
51.609
51.559
51.461
51.314
51.117
50.872
50.578
50.236
49.845
49.406
48.92
48.386
47.806
47.179
46.506
45.787
45.024
44.216
43.364
42.469
41.532
40.553
39.533
38.474
37.375
36.238
35.065
33.855
32.61
31.332
30.021
28.678
27.306
25.905
24.477
23.023
21.544
20.042
18.519
16.977
15.416
13.838
12.245
10.64
9.0224
7.3953
5.7603
4.1189
2.4732
0.82469
-0.82239
-2.4613
-4.0995
-4.0592
-2.437
-0.8143
0.81657
2.4488
4.0784
5.7036
7.3225
8.9336
10.535
12.125
13.702
15.264
16.809
18.337
19.845
21.332
22.796
24.236
25.65
27.037
28.396
29.725
31.023
32.289
33.522
34.719
35.882
37.007
38.095
39.144
40.154
41.123
42.051
42.937
43.78
44.58
45.337
46.048
46.715
47.335
47.91
48.439
48.92
49.354
49.741
50.08
50.371
50.614
50.809
50.955
51.052
51.101
51.101
51.052
50.955
50.809
50.614
50.371
50.08
49.741
49.354
48.92
48.439
47.91
47.335
46.715
46.048
45.337
44.58
43.78
42.937
42.051
41.123
40.154
39.144
38.095
37.007
35.882
34.719
33.522
32.289
31.023
29.725
28.396
27.037
25.65
24.236
22.796
21.332
19.845
18.337
16.809
15.264
13.702
12.125
10.535
8.9336
7.3225
5.7036
4.0784
2.4488
0.81657
-0.8143
-2.437
-4.0592
-4.0149
-2.4105
-0.80542
0.80766
2.4221
4.0339
5.6414
7.2427
8.8361
10.42
11.993
13.552
15.097
16.626
18.137
19.629
21.099
22.547
23.972
25.37
26.743
28.086
29.401
30.685
31.937
33.156
34.341
35.49
36.603
37.679
38.717
39.716
40.674
41.592
42.469
43.303
44.094
44.842
45.546
46.205
46.819
47.388
47.91
48.386
48.816
49.199
49.534
49.822
50.062
50.254
50.399
50.495
50.543
50.543
50.495
50.399
50.254
50.062
49.822
49.534
49.199
48.816
48.386
47.91
47.388
46.819
46.205
45.546
44.842
44.094
43.303
42.469
41.592
40.674
39.716
38.717
37.679
36.603
35.49
34.341
33.156
31.937
30.685
29.401
28.086
26.743
25.37
23.972
22.547
21.099
19.629
18.137
16.626
15.097
13.552
11.993
10.42
8.8361
7.2427
5.6414
4.0339
2.4221
0.80766
-0.80542
-2.4105
-4.0149
-3.9667
-2.3815
-0.79575
0.79797
2.393
3.9855
5.5737
7.1558
8.7301
10.295
11.849
13.39
14.916
16.427
17.92
19.393
20.846
22.277
23.684
25.066
26.422
27.75
29.048
30.317
31.554
32.758
33.929
35.064
36.164
37.227
38.253
39.239
40.186
41.093
41.959
42.783
43.565
44.304
44.999
45.651
46.257
46.819
47.335
47.806
48.23
48.608
48.94
49.224
49.461
49.651
49.794
49.889
49.937
49.937
49.889
49.794
49.651
49.461
49.224
48.94
48.608
48.23
47.806
47.335
46.819
46.257
45.651
44.999
44.304
43.565
42.783
41.959
41.093
40.186
39.239
38.253
37.227
36.164
35.064
33.929
32.758
31.554
30.317
29.048
27.75
26.422
25.066
23.684
22.277
20.846
19.393
17.92
16.427
14.916
13.39
11.849
10.295
8.7301
7.1558
5.5737
3.9855
2.393
0.79797
-0.79575
-2.3815
-3.9667
-3.9147
-2.3503
-0.78532
0.78751
2.3617
3.9333
5.5006
7.0619
8.6156
10.16
11.693
13.214
14.721
16.211
17.684
19.139
20.573
21.985
23.373
24.737
26.075
27.386
28.667
29.919
31.14
32.328
33.484
34.604
35.69
36.739
37.751
38.724
39.659
40.554
41.409
42.222
42.994
43.723
44.409
45.052
45.651
46.205
46.715
47.179
47.598
47.971
48.298
48.578
48.813
49
49.141
49.235
49.282
49.282
49.235
49.141
49
48.813
48.578
48.298
47.971
47.598
47.179
46.715
46.205
45.651
45.052
44.409
43.723
42.994
42.222
41.409
40.554
39.659
38.724
37.751
36.739
35.69
34.604
33.484
32.328
31.14
29.919
28.667
27.386
26.075
24.737
23.373
21.985
20.573
19.139
17.684
16.211
14.721
13.214
11.693
10.16
8.6156
7.0619
5.5006
3.9333
2.3617
0.78751
-0.78532
-2.3503
-3.9147
-3.8589
-2.3168
-0.77411
0.77627
2.328
3.8771
5.4221
6.9612
8.4927
10.015
11.526
13.026
14.511
15.98
17.432
18.866
20.279
21.671
23.04
24.384
25.703
26.995
28.258
29.492
30.696
31.867
33.006
34.111
35.181
36.215
37.212
38.172
39.093
39.976
40.818
41.62
42.38
43.099
43.776
44.409
44.999
45.546
46.048
46.506
46.919
47.286
47.609
47.885
48.116
48.301
48.44
48.532
48.579
48.579
48.532
48.44
48.301
48.116
47.885
47.609
47.286
46.919
46.506
46.048
45.546
44.999
44.409
43.776
43.099
42.38
41.62
40.818
39.976
39.093
38.172
37.212
36.215
35.181
34.111
33.006
31.867
30.696
29.492
28.258
26.995
25.703
24.384
23.04
21.671
20.279
18.866
17.432
15.98
14.511
13.026
11.526
10.015
8.4927
6.9612
5.4221
3.8771
2.328
0.77627
-0.77411
-2.3168
-3.8589
-3.7992
-2.281
-0.76215
0.76428
2.292
3.8172
5.3383
6.8536
8.3615
9.8603
11.348
12.824
14.286
15.733
17.163
18.574
19.966
21.336
22.684
24.008
25.306
26.578
27.822
29.037
30.221
31.375
32.496
33.584
34.637
35.655
36.637
37.582
38.489
39.358
40.187
40.977
41.726
42.433
43.099
43.723
44.304
44.842
45.337
45.787
46.194
46.556
46.873
47.145
47.373
47.555
47.691
47.782
47.828
47.828
47.782
47.691
47.555
47.373
47.145
46.873
46.556
46.194
45.787
45.337
44.842
44.304
43.723
43.099
42.433
41.726
40.977
40.187
39.358
38.489
37.582
36.637
35.655
34.637
33.584
32.496
31.375
30.221
29.037
27.822
26.578
25.306
24.008
22.684
21.336
19.966
18.574
17.163
15.733
14.286
12.824
11.348
9.8603
8.3615
6.8536
5.3383
3.8172
2.292
0.76428
-0.76215
-2.281
-3.7992
-3.7359
-2.2429
-0.74944
0.75153
2.2538
3.7536
5.2493
6.7393
8.222
9.6958
11.159
12.61
14.048
15.471
16.877
18.264
19.633
20.98
22.306
23.607
24.884
26.134
27.358
28.552
29.717
30.852
31.954
33.024
34.059
35.061
36.026
36.955
37.847
38.702
39.517
40.293
41.03
41.726
42.38
42.994
43.565
44.094
44.58
45.024
45.423
45.779
46.091
46.359
46.583
46.762
46.896
46.986
47.03
47.03
46.986
46.896
46.762
46.583
46.359
46.091
45.779
45.423
45.024
44.58
44.094
43.565
42.994
42.38
41.726
41.03
40.293
39.517
38.702
37.847
36.955
36.026
35.061
34.059
33.024
31.954
30.852
29.717
28.552
27.358
26.134
24.884
23.607
22.306
20.98
19.633
18.264
16.877
15.471
14.048
12.61
11.159
9.6958
8.222
6.7393
5.2493
3.7536
2.2538
0.75153
-0.74944
-2.2429
-3.7359
-3.6688
-2.2027
-0.73599
0.73804
2.2133
3.6862
5.1551
6.6184
8.0745
9.5218
10.959
12.384
13.796
15.193
16.574
17.937
19.281
20.604
21.905
23.184
24.437
25.665
26.867
28.04
29.184
30.298
31.381
32.431
33.448
34.431
35.38
36.292
37.168
38.007
38.808
39.57
40.293
40.977
41.62
42.222
42.783
43.303
43.78
44.216
44.608
44.958
45.264
45.527
45.747
45.922
46.054
46.142
46.186
46.186
46.142
46.054
45.922
45.747
45.527
45.264
44.958
44.608
44.216
43.78
43.303
42.783
42.222
41.62
40.977
40.293
39.57
38.808
38.007
37.168
36.292
35.38
34.431
33.448
32.431
31.381
30.298
29.184
28.04
26.867
25.665
24.437
23.184
21.905
20.604
19.281
17.937
16.574
15.193
13.796
12.384
10.959
9.5218
8.0745
6.6184
5.1551
3.6862
2.2133
0.73804
-0.73599
-2.2027
-3.6688
-3.5982
-2.1602
-0.72181
0.72382
2.1707
3.6152
5.0558
6.4909
7.9189
9.3384
10.748
12.146
13.53
14.9
16.254
17.591
18.909
20.207
21.483
22.737
23.967
25.171
26.349
27.5
28.622
29.714
30.776
31.806
32.804
33.768
34.698
35.593
36.452
37.275
38.06
38.808
39.517
40.187
40.818
41.409
41.959
42.469
42.937
43.364
43.749
44.092
44.392
44.65
44.865
45.038
45.167
45.253
45.297
45.297
45.253
45.167
45.038
44.865
44.65
44.392
44.092
43.749
43.364
42.937
42.469
41.959
41.409
40.818
40.187
39.517
38.808
38.06
37.275
36.452
35.593
34.698
33.768
32.804
31.806
30.776
29.714
28.622
27.5
26.349
25.171
23.967
22.737
21.483
20.207
18.909
17.591
16.254
14.9
13.53
12.146
10.748
9.3384
7.9189
6.4909
5.0558
3.6152
2.1707
0.72382
-0.72181
-2.1602
-3.5982
-3.5239
-2.1157
-0.70692
0.70889
2.1259
3.5406
4.9514
6.3569
7.7555
9.1457
10.526
11.895
13.251
14.593
15.919
17.228
18.519
19.79
21.04
22.268
23.472
24.652
25.805
26.932
28.031
29.101
30.141
31.15
32.127
33.071
33.982
34.859
35.7
36.506
37.275
38.007
38.702
39.358
39.976
40.554
41.093
41.592
42.051
42.469
42.846
43.182
43.476
43.729
43.94
44.108
44.235
44.32
44.362
44.362
44.32
44.235
44.108
43.94
43.729
43.476
43.182
42.846
42.469
42.051
41.592
41.093
40.554
39.976
39.358
38.702
38.007
37.275
36.506
35.7
34.859
33.982
33.071
32.127
31.15
30.141
29.101
28.031
26.932
25.805
24.652
23.472
22.268
21.04
19.79
18.519
17.228
15.919
14.593
13.251
11.895
10.526
9.1457
7.7555
6.3569
4.9514
3.5406
2.1259
0.70889
-0.70692
-2.1157
-3.5239
-3.4461
-2.069
-0.69132
0.69324
2.079
3.4624
4.8422
6.2166
7.5843
8.9438
10.294
11.632
12.959
14.271
15.568
16.848
18.11
19.353
20.576
21.776
22.954
24.108
25.236
26.338
27.413
28.459
29.476
30.462
31.418
32.341
33.232
34.089
34.912
35.7
36.452
37.168
37.847
38.489
39.093
39.659
40.186
40.674
41.123
41.532
41.9
42.229
42.517
42.764
42.97
43.135
43.259
43.341
43.383
43.383
43.341
43.259
43.135
42.97
42.764
42.517
42.229
41.9
41.532
41.123
40.674
40.186
39.659
39.093
38.489
37.847
37.168
36.452
35.7
34.912
34.089
33.232
32.341
31.418
30.462
29.476
28.459
27.413
26.338
25.236
24.108
22.954
21.776
20.576
19.353
18.11
16.848
15.568
14.271
12.959
11.632
10.294
8.9438
7.5843
6.2166
4.8422
3.4624
2.079
0.69324
-0.69132
-2.069
-3.4461
-3.3649
-2.0202
-0.67502
0.6769
2.03
3.3808
4.728
6.0701
7.4056
8.733
10.051
11.358
12.653
13.934
15.201
16.451
17.683
18.897
20.091
21.263
22.413
23.539
24.641
25.717
26.766
27.788
28.781
29.744
30.677
31.579
32.449
33.286
34.089
34.859
35.593
36.292
36.955
37.582
38.172
38.724
39.239
39.716
40.154
40.553
40.913
41.233
41.514
41.756
41.957
42.118
42.239
42.32
42.36
42.36
42.32
42.239
42.118
41.957
41.756
41.514
41.233
40.913
40.553
40.154
39.716
39.239
38.724
38.172
37.582
36.955
36.292
35.593
34.859
34.089
33.286
32.449
31.579
30.677
29.744
28.781
27.788
26.766
25.717
24.641
23.539
22.413
21.263
20.091
18.897
17.683
16.451
15.201
13.934
12.653
11.358
10.051
8.733
7.4056
6.0701
4.728
3.3808
2.03
0.6769
-0.67502
-2.0202
-3.3649
-3.2803
-1.9694
-0.65805
0.65988
1.9789
3.2958
4.6092
5.9175
7.2194
8.5134
9.7983
11.073
12.335
13.584
14.819
16.037
17.239
18.422
19.585
20.728
21.849
22.947
24.022
25.07
26.093
27.089
28.057
28.997
29.906
30.785
31.633
32.449
33.232
33.982
34.698
35.38
36.026
36.637
37.212
37.751
38.253
38.717
39.144
39.533
39.884
40.197
40.471
40.706
40.902
41.059
41.177
41.256
41.295
41.295
41.256
41.177
41.059
40.902
40.706
40.471
40.197
39.884
39.533
39.144
38.717
38.253
37.751
37.212
36.637
36.026
35.38
34.698
33.982
33.232
32.449
31.633
30.785
29.906
28.997
28.057
27.089
26.093
25.07
24.022
22.947
21.849
20.728
19.585
18.422
17.239
16.037
14.819
13.584
12.335
11.073
9.7983
8.5134
7.2194
5.9175
4.6092
3.2958
1.9789
0.65988
-0.65805
-1.9694
-3.2803
-3.1924
-1.9166
-0.64041
0.6422
1.9259
3.2075
4.4856
5.7589
7.0259
8.2853
9.5357
10.776
12.004
13.22
14.421
15.607
16.777
17.928
19.061
20.173
21.264
22.332
23.378
24.399
25.394
26.363
27.305
28.219
29.104
29.96
30.785
31.579
32.341
33.071
33.768
34.431
35.061
35.655
36.215
36.739
37.227
37.679
38.095
38.474
38.815
39.119
39.386
39.615
39.806
39.959
40.074
40.15
40.188
40.188
40.15
40.074
39.959
39.806
39.615
39.386
39.119
38.815
38.474
38.095
37.679
37.227
36.739
36.215
35.655
35.061
34.431
33.768
33.071
32.341
31.579
30.785
29.96
29.104
28.219
27.305
26.363
25.394
24.399
23.378
22.332
21.264
20.173
19.061
17.928
16.777
15.607
14.421
13.22
12.004
10.776
9.5357
8.2853
7.0259
5.7589
4.4856
3.2075
1.9259
0.6422
-0.64041
-1.9166
-3.1924
-3.1012
-1.8619
-0.62213
0.62386
1.8709
3.1159
4.3575
5.5944
6.8253
8.0487
9.2634
10.468
11.662
12.842
14.01
15.162
16.298
17.416
18.516
19.597
20.657
21.695
22.71
23.702
24.669
25.61
26.526
27.414
28.273
29.104
29.906
30.677
31.418
32.127
32.804
33.448
34.059
34.637
35.181
35.69
36.164
36.603
37.007
37.375
37.707
38.002
38.261
38.484
38.669
38.818
38.929
39.004
39.041
39.041
39.004
38.929
38.818
38.669
38.484
38.261
38.002
37.707
37.375
37.007
36.603
36.164
35.69
35.181
34.637
34.059
33.448
32.804
32.127
31.418
30.677
29.906
29.104
28.273
27.414
26.526
25.61
24.669
23.702
22.71
21.695
20.657
19.597
18.516
17.416
16.298
15.162
14.01
12.842
11.662
10.468
9.2634
8.0487
6.8253
5.5944
4.3575
3.1159
1.8709
0.62386
-0.62213
-1.8619
-3.1012
-3.0069
-1.8053
-0.6032
0.60489
1.814
3.0211
4.225
5.4243
6.6177
7.8039
8.9817
10.15
11.307
12.452
13.584
14.701
15.802
16.887
17.953
19.001
20.028
21.035
22.019
22.981
23.919
24.832
25.719
26.58
27.414
28.219
28.997
29.744
30.462
31.15
31.806
32.431
33.024
33.584
34.111
34.604
35.064
35.49
35.882
36.238
36.56
36.846
37.098
37.313
37.493
37.637
37.745
37.817
37.853
37.853
37.817
37.745
37.637
37.493
37.313
37.098
36.846
36.56
36.238
35.882
35.49
35.064
34.604
34.111
33.584
33.024
32.431
31.806
31.15
30.462
29.744
28.997
28.219
27.414
26.58
25.719
24.832
23.919
22.981
22.019
21.035
20.028
19.001
17.953
16.887
15.802
14.701
13.584
12.452
11.307
10.15
8.9817
7.8039
6.6177
5.4243
4.225
3.0211
1.814
0.60489
-0.6032
-1.8053
-3.0069
-2.9095
-1.7468
-0.58367
0.58529
1.7552
2.9233
4.0882
5.2486
6.4033
7.5511
8.6908
9.821
10.941
12.049
13.144
14.224
15.29
16.34
17.372
18.385
19.38
20.354
21.306
22.237
23.144
24.027
24.886
25.719
26.526
27.305
28.057
28.781
29.476
30.141
30.776
31.381
31.954
32.496
33.006
33.484
33.929
34.341
34.719
35.065
35.376
35.653
35.896
36.105
36.279
36.418
36.523
36.593
36.627
36.627
36.593
36.523
36.418
36.279
36.105
35.896
35.653
35.376
35.065
34.719
34.341
33.929
33.484
33.006
32.496
31.954
31.381
30.776
30.141
29.476
28.781
28.057
27.305
26.526
25.719
24.886
24.027
23.144
22.237
21.306
20.354
19.38
18.385
17.372
16.34
15.29
14.224
13.144
12.049
10.941
9.821
8.6908
7.5511
6.4033
5.2486
4.0882
2.9233
1.7552
0.58529
-0.58367
-1.7468
-2.9095
-2.8091
-1.6865
-0.56353
0.5651
1.6947
2.8224
3.9471
5.0675
6.1824
7.2906
8.3909
9.4822
10.563
11.633
12.69
13.734
14.763
15.776
16.772
17.751
18.711
19.651
20.571
21.47
22.346
23.198
24.027
24.832
25.61
26.363
27.089
27.788
28.459
29.101
29.714
30.298
30.852
31.375
31.867
32.328
32.758
33.156
33.522
33.855
34.155
34.423
34.658
34.859
35.027
35.162
35.263
35.33
35.364
35.364
35.33
35.263
35.162
35.027
34.859
34.658
34.423
34.155
33.855
33.522
33.156
32.758
32.328
31.867
31.375
30.852
30.298
29.714
29.101
28.459
27.788
27.089
26.363
25.61
24.832
24.027
23.198
22.346
21.47
20.571
19.651
18.711
17.751
16.772
15.776
14.763
13.734
12.69
11.633
10.563
9.4822
8.3909
7.2906
6.1824
5.0675
3.9471
2.8224
1.6947
0.5651
-0.56353
-1.6865
-2.8091
-2.7059
-1.6245
-0.54281
0.54433
1.6324
2.7187
3.802
4.8812
5.9551
7.0226
8.0825
9.1336
10.175
11.205
12.224
13.229
14.22
15.196
16.156
17.098
18.023
18.929
19.815
20.68
21.524
22.346
23.144
23.919
24.669
25.394
26.093
26.766
27.413
28.031
28.622
29.184
29.717
30.221
30.696
31.14
31.554
31.937
32.289
32.61
32.9
33.157
33.383
33.577
33.739
33.869
33.966
34.031
34.064
34.064
34.031
33.966
33.869
33.739
33.577
33.383
33.157
32.9
32.61
32.289
31.937
31.554
31.14
30.696
30.221
29.717
29.184
28.622
28.031
27.413
26.766
26.093
25.394
24.669
23.919
23.144
22.346
21.524
20.68
19.815
18.929
18.023
17.098
16.156
15.196
14.22
13.229
12.224
11.205
10.175
9.1336
8.0825
7.0226
5.9551
4.8812
3.802
2.7187
1.6324
0.54433
-0.54281
-1.6245
-2.7059
-2.5998
-1.5608
-0.52153
0.52299
1.5684
2.6121
3.653
4.6899
5.7217
6.7473
7.7656
8.7755
9.776
10.766
11.744
12.71
13.662
14.6
15.522
16.428
17.317
18.187
19.038
19.869
20.68
21.47
22.237
22.981
23.702
24.399
25.07
25.717
26.338
26.932
27.5
28.04
28.552
29.037
29.492
29.919
30.317
30.685
31.023
31.332
31.61
31.858
32.075
32.261
32.417
32.541
32.635
32.697
32.728
32.728
32.697
32.635
32.541
32.417
32.261
32.075
31.858
31.61
31.332
31.023
30.685
30.317
29.919
29.492
29.037
28.552
28.04
27.5
26.932
26.338
25.717
25.07
24.399
23.702
22.981
22.237
21.47
20.68
19.869
19.038
18.187
17.317
16.428
15.522
14.6
13.662
12.71
11.744
10.766
9.776
8.7755
7.7656
6.7473
5.7217
4.6899
3.653
2.6121
1.5684
0.52299
-0.52153
-1.5608
-2.5998
-2.491
-1.4955
-0.49971
0.50111
1.5028
2.5028
3.5001
4.4936
5.4823
6.465
7.4407
8.4084
9.367
10.316
11.253
12.178
13.091
13.989
14.873
15.741
16.592
17.426
18.242
19.038
19.815
20.571
21.306
22.019
22.71
23.378
24.022
24.641
25.236
25.805
26.349
26.867
27.358
27.822
28.258
28.667
29.048
29.401
29.725
30.021
30.287
30.525
30.733
30.911
31.06
31.18
31.269
31.329
31.359
31.359
31.329
31.269
31.18
31.06
30.911
30.733
30.525
30.287
30.021
29.725
29.401
29.048
28.667
28.258
27.822
27.358
26.867
26.349
25.805
25.236
24.641
24.022
23.378
22.71
22.019
21.306
20.571
19.815
19.038
18.242
17.426
16.592
15.741
14.873
13.989
13.091
12.178
11.253
10.316
9.367
8.4084
7.4407
6.465
5.4823
4.4936
3.5001
2.5028
1.5028
0.50111
-0.49971
-1.4955
-2.491
-2.3796
-1.4287
-0.47737
0.4787
1.4356
2.3909
3.3436
4.2927
5.2372
6.1759
7.108
8.0324
8.9482
9.8543
10.75
11.634
12.505
13.364
14.208
15.037
15.85
16.647
17.426
18.187
18.929
19.651
20.354
21.035
21.695
22.332
22.947
23.539
24.108
24.652
25.171
25.665
26.134
26.578
26.995
27.386
27.75
28.086
28.396
28.678
28.933
29.16
29.359
29.529
29.672
29.786
29.871
29.928
29.957
29.957
29.928
29.871
29.786
29.672
29.529
29.359
29.16
28.933
28.678
28.396
28.086
27.75
27.386
26.995
26.578
26.134
25.665
25.171
24.652
24.108
23.539
22.947
22.332
21.695
21.035
20.354
19.651
18.929
18.187
17.426
16.647
15.85
15.037
14.208
13.364
12.505
11.634
10.75
9.8543
8.9482
8.0324
7.108
6.1759
5.2372
4.2927
3.3436
2.3909
1.4356
0.4787
-0.47737
-1.4287
-2.3796
-2.2658
-1.3603
-0.45453
0.45579
1.3669
2.2765
3.1836
4.0873
4.9865
5.8804
6.7679
7.648
8.52
9.3827
10.235
11.077
11.907
12.724
13.528
14.317
15.092
15.85
16.592
17.317
18.023
18.711
19.38
20.028
20.657
21.264
21.849
22.413
22.954
23.472
23.967
24.437
24.884
25.306
25.703
26.075
26.422
26.743
27.037
27.306
27.549
27.765
27.954
28.116
28.252
28.36
28.442
28.496
28.523
28.523
28.496
28.442
28.36
28.252
28.116
27.954
27.765
27.549
27.306
27.037
26.743
26.422
26.075
25.703
25.306
24.884
24.437
23.967
23.472
22.954
22.413
21.849
21.264
20.657
20.028
19.38
18.711
18.023
17.317
16.592
15.85
15.092
14.317
13.528
12.724
11.907
11.077
10.235
9.3827
8.52
7.648
6.7679
5.8804
4.9865
4.0873
3.1836
2.2765
1.3669
0.45579
-0.45453
-1.3603
-2.2658
-2.1495
-1.2905
-0.43121
0.43241
1.2968
2.1597
3.0203
3.8776
4.7307
5.5787
6.4206
7.2557
8.0828
8.9013
9.7103
10.509
11.296
12.071
12.834
13.583
14.317
15.037
15.741
16.428
17.098
17.751
18.385
19.001
19.597
20.173
20.728
21.263
21.776
22.268
22.737
23.184
23.607
24.008
24.384
24.737
25.066
25.37
25.65
25.905
26.135
26.34
26.52
26.674
26.802
26.905
26.982
27.034
27.06
27.06
27.034
26.982
26.905
26.802
26.674
26.52
26.34
26.135
25.905
25.65
25.37
25.066
24.737
24.384
24.008
23.607
23.184
22.737
22.268
21.776
21.263
20.728
20.173
19.597
19.001
18.385
17.751
17.098
16.428
15.741
15.037
14.317
13.583
12.834
12.071
11.296
10.509
9.7103
8.9013
8.0828
7.2557
6.4206
5.5787
4.7307
3.8776
3.0203
2.1597
1.2968
0.43241
-0.43121
-1.2905
-2.1495
-2.031
-1.2194
-0.40743
0.40857
1.2253
2.0406
2.8538
3.6638
4.4699
5.2711
6.0666
6.8556
7.6372
8.4106
9.1749
9.9294
10.673
11.406
12.126
12.834
13.528
14.208
14.873
15.522
16.156
16.772
17.372
17.953
18.516
19.061
19.585
20.091
20.576
21.04
21.483
21.905
22.306
22.684
23.04
23.373
23.684
23.972
24.236
24.477
24.694
24.888
25.057
25.203
25.324
25.422
25.495
25.543
25.568
25.568
25.543
25.495
25.422
25.324
25.203
25.057
24.888
24.694
24.477
24.236
23.972
23.684
23.373
23.04
22.684
22.306
21.905
21.483
21.04
20.576
20.091
19.585
19.061
18.516
17.953
17.372
16.772
16.156
15.522
14.873
14.208
13.528
12.834
12.126
11.406
10.673
9.9294
9.1749
8.4106
7.6372
6.8556
6.0666
5.2711
4.4699
3.6638
2.8538
2.0406
1.2253
0.40857
-0.40743
-1.2194
-2.031
-1.9103
-1.1469
-0.38322
0.38429
1.1525
1.9194
2.6842
3.4461
4.2043
4.9579
5.7062
6.4483
7.1834
7.9109
8.6298
9.3395
10.039
10.728
11.406
12.071
12.724
13.364
13.989
14.6
15.196
15.776
16.34
16.887
17.416
17.928
18.422
18.897
19.353
19.79
20.207
20.604
20.98
21.336
21.671
21.985
22.277
22.547
22.796
23.023
23.227
23.409
23.569
23.706
23.82
23.911
23.98
24.026
24.049
24.049
24.026
23.98
23.911
23.82
23.706
23.569
23.409
23.227
23.023
22.796
22.547
22.277
21.985
21.671
21.336
20.98
20.604
20.207
19.79
19.353
18.897
18.422
17.928
17.416
16.887
16.34
15.776
15.196
14.6
13.989
13.364
12.724
12.071
11.406
10.728
10.039
9.3395
8.6298
7.9109
7.1834
6.4483
5.7062
4.9579
4.2043
3.4461
2.6842
1.9194
1.1525
0.38429
-0.38322
-1.1469
-1.9103
-1.7876
-1.0733
-0.35861
0.35961
1.0784
1.7961
2.5118
3.2248
3.9343
4.6395
5.3397
6.0341
6.7221
7.4028
8.0755
8.7397
9.3944
10.039
10.673
11.296
11.907
12.505
13.091
13.662
14.22
14.763
15.29
15.802
16.298
16.777
17.239
17.683
18.11
18.519
18.909
19.281
19.633
19.966
20.279
20.573
20.846
21.099
21.332
21.544
21.735
21.906
22.055
22.183
22.29
22.376
22.44
22.483
22.504
22.504
22.483
22.44
22.376
22.29
22.183
22.055
21.906
21.735
21.544
21.332
21.099
20.846
20.573
20.279
19.966
19.633
19.281
18.909
18.519
18.11
17.683
17.239
16.777
16.298
15.802
15.29
14.763
14.22
13.662
13.091
12.505
11.907
11.296
10.673
10.039
9.3944
8.7397
8.0755
7.4028
6.7221
6.0341
5.3397
4.6395
3.9343
3.2248
2.5118
1.7961
1.0784
0.35961
-0.35861
-1.0733
-1.7876
-1.663
-0.99845
-0.33362
0.33455
1.0033
1.6709
2.3367
3
3.6601
4.3161
4.9675
5.6136
6.2536
6.8868
7.5127
8.1305
8.7397
9.3395
9.9294
10.509
11.077
11.634
12.178
12.71
13.229
13.734
14.224
14.701
15.162
15.607
16.037
16.451
16.848
17.228
17.591
17.937
18.264
18.574
18.866
19.139
19.393
19.629
19.845
20.042
20.22
20.379
20.518
20.637
20.736
20.816
20.876
20.916
20.936
20.936
20.916
20.876
20.816
20.736
20.637
20.518
20.379
20.22
20.042
19.845
19.629
19.393
19.139
18.866
18.574
18.264
17.937
17.591
17.228
16.848
16.451
16.037
15.607
15.162
14.701
14.224
13.734
13.229
12.71
12.178
11.634
11.077
10.509
9.9294
9.3395
8.7397
8.1305
7.5127
6.8868
6.2536
5.6136
4.9675
4.3161
3.6601
3
2.3367
1.6709
1.0033
0.33455
-0.33362
-0.99845
-1.663
-1.5367
-0.92258
-0.30827
0.30913
0.92704
1.5439
2.1592
2.7721
3.3819
3.9882
4.5901
5.187
5.7784
6.3635
6.9418
7.5127
8.0755
8.6298
9.1749
9.7103
10.235
10.75
11.253
11.744
12.224
12.69
13.144
13.584
14.01
14.421
14.819
15.201
15.568
15.919
16.254
16.574
16.877
17.163
17.432
17.684
17.92
18.137
18.337
18.519
18.684
18.83
18.959
19.069
19.161
19.234
19.29
19.326
19.345
19.345
19.326
19.29
19.234
19.161
19.069
18.959
18.83
18.684
18.519
18.337
18.137
17.92
17.684
17.432
17.163
16.877
16.574
16.254
15.919
15.568
15.201
14.819
14.421
14.01
13.584
13.144
12.69
12.224
11.744
11.253
10.75
10.235
9.7103
9.1749
8.6298
8.0755
7.5127
6.9418
6.3635
5.7784
5.187
4.5901
3.9882
3.3819
2.7721
2.1592
1.5439
0.92704
0.30913
-0.30827
-0.92258
-1.5367
-1.4087
-0.84572
-0.28258
0.28337
0.84981
1.4153
1.9793
2.5411
3.1002
3.6559
4.2077
4.7549
5.297
5.8334
6.3635
6.8868
7.4028
7.9109
8.4106
8.9013
9.3827
9.8543
10.316
10.766
11.205
11.633
12.049
12.452
12.842
13.22
13.584
13.934
14.271
14.593
14.9
15.193
15.471
15.733
15.98
16.211
16.427
16.626
16.809
16.977
17.127
17.262
17.379
17.48
17.564
17.632
17.683
17.716
17.733
17.733
17.716
17.683
17.632
17.564
17.48
17.379
17.262
17.127
16.977
16.809
16.626
16.427
16.211
15.98
15.733
15.471
15.193
14.9
14.593
14.271
13.934
13.584
13.22
12.842
12.452
12.049
11.633
11.205
10.766
10.316
9.8543
9.3827
8.9013
8.4106
7.9109
7.4028
6.8868
6.3635
5.8334
5.297
4.7549
4.2077
3.6559
3.1002
2.5411
1.9793
1.4153
0.84981
0.28337
-0.28258
-0.84572
-1.4087
-1.2791
-0.76796
-0.2566
0.25732
0.77167
1.2852
1.7973
2.3075
2.8151
3.3197
3.8208
4.3177
4.8099
5.297
5.7784
6.2536
6.7221
7.1834
7.6372
8.0828
8.52
8.9482
9.367
9.776
10.175
10.563
10.941
11.307
11.662
12.004
12.335
12.653
12.959
13.251
13.53
13.796
14.048
14.286
14.511
14.721
14.916
15.097
15.264
15.416
15.552
15.674
15.781
15.873
15.949
16.011
16.057
16.087
16.103
16.103
16.087
16.057
16.011
15.949
15.873
15.781
15.674
15.552
15.416
15.264
15.097
14.916
14.721
14.511
14.286
14.048
13.796
13.53
13.251
12.959
12.653
12.335
12.004
11.662
11.307
10.941
10.563
10.175
9.776
9.367
8.9482
8.52
8.0828
7.6372
7.1834
6.7221
6.2536
5.7784
5.297
4.8099
4.3177
3.8208
3.3197
2.8151
2.3075
1.7973
1.2852
0.77167
0.25732
-0.2566
-0.76796
-1.2791
-1.1482
-0.68936
-0.23034
0.23098
0.6927
1.1537
1.6134
2.0713
2.527
2.98
3.4298
3.8758
4.3177
4.7549
5.187
5.6136
6.0341
6.4483
6.8556
7.2557
7.648
8.0324
8.4084
8.7755
9.1336
9.4822
9.821
10.15
10.468
10.776
11.073
11.358
11.632
11.895
12.146
12.384
12.61
12.824
13.026
13.214
13.39
13.552
13.702
13.838
13.961
14.07
14.166
14.248
14.317
14.372
14.413
14.441
14.455
14.455
14.441
14.413
14.372
14.317
14.248
14.166
14.07
13.961
13.838
13.702
13.552
13.39
13.214
13.026
12.824
12.61
12.384
12.146
11.895
11.632
11.358
11.073
10.776
10.468
10.15
9.821
9.4822
9.1336
8.7755
8.4084
8.0324
7.648
7.2557
6.8556
6.4483
6.0341
5.6136
5.187
4.7549
4.3177
3.8758
3.4298
2.98
2.527
2.0713
1.6134
1.1537
0.6927
0.23098
-0.23034
-0.68936
-1.1482
-1.0161
-0.61003
-0.20383
0.2044
0.61298
1.0209
1.4277
1.8329
2.2362
2.6371
3.035
3.4298
3.8208
4.2077
4.5901
4.9675
5.3397
5.7062
6.0666
6.4206
6.7679
7.108
7.4407
7.7656
8.0825
8.3909
8.6908
8.9817
9.2634
9.5357
9.7983
10.051
10.294
10.526
10.748
10.959
11.159
11.348
11.526
11.693
11.849
11.993
12.125
12.245
12.354
12.451
12.536
12.609
12.669
12.718
12.755
12.779
12.791
12.791
12.779
12.755
12.718
12.669
12.609
12.536
12.451
12.354
12.245
12.125
11.993
11.849
11.693
11.526
11.348
11.159
10.959
10.748
10.526
10.294
10.051
9.7983
9.5357
9.2634
8.9817
8.6908
8.3909
8.0825
7.7656
7.4407
7.108
6.7679
6.4206
6.0666
5.7062
5.3397
4.9675
4.5901
4.2077
3.8208
3.4298
3.035
2.6371
2.2362
1.8329
1.4277
1.0209
0.61298
0.2044
-0.20383
-0.61003
-1.0161
-0.88284
-0.53003
-0.1771
0.1776
0.5326
0.88702
1.2405
1.5926
1.943
2.2912
2.6371
2.98
3.3197
3.6559
3.9882
4.3161
4.6395
4.9579
5.2711
5.5787
5.8804
6.1759
6.465
6.7473
7.0226
7.2906
7.5511
7.8039
8.0487
8.2853
8.5134
8.733
8.9438
9.1457
9.3384
9.5218
9.6958
9.8603
10.015
10.16
10.295
10.42
10.535
10.64
10.734
10.818
10.892
10.955
11.008
11.05
11.082
11.103
11.114
11.114
11.103
11.082
11.05
11.008
10.955
10.892
10.818
10.734
10.64
10.535
10.42
10.295
10.16
10.015
9.8603
9.6958
9.5218
9.3384
9.1457
8.9438
8.733
8.5134
8.2853
8.0487
7.8039
7.5511
7.2906
7.0226
6.7473
6.465
6.1759
5.8804
5.5787
5.2711
4.9579
4.6395
4.3161
3.9882
3.6559
3.3197
2.98
2.6371
2.2912
1.943
1.5926
1.2405
0.88702
0.5326
0.1776
-0.1771
-0.53003
-0.88284
-0.74864
-0.44947
-0.15018
0.1506
0.45164
0.75219
1.0519
1.3505
1.6476
1.943
2.2362
2.527
2.8151
3.1002
3.3819
3.6601
3.9343
4.2043
4.4699
4.7307
4.9865
5.2372
5.4823
5.7217
5.9551
6.1824
6.4033
6.6177
6.8253
7.0259
7.2194
7.4056
7.5843
7.7555
7.9189
8.0745
8.222
8.3615
8.4927
8.6156
8.7301
8.8361
8.9336
9.0224
9.1025
9.1738
9.2363
9.29
9.3348
9.3707
9.3976
9.4155
9.4245
9.4245
9.4155
9.3976
9.3707
9.3348
9.29
9.2363
9.1738
9.1025
9.0224
8.9336
8.8361
8.7301
8.6156
8.4927
8.3615
8.222
8.0745
7.9189
7.7555
7.5843
7.4056
7.2194
7.0259
6.8253
6.6177
6.4033
6.1824
5.9551
5.7217
5.4823
5.2372
4.9865
4.7307
4.4699
4.2043
3.9343
3.6601
3.3819
3.1002
2.8151
2.527
2.2362
1.943
1.6476
1.3505
1.0519
0.75219
0.45164
0.1506
-0.15018
-0.44947
-0.74864
-0.61364
-0.36841
-0.1231
0.12344
0.37019
0.61654
0.86222
1.107
1.3505
1.5926
1.8329
2.0713
2.3075
2.5411
2.7721
3
3.2248
3.4461
3.6638
3.8776
4.0873
4.2927
4.4936
4.6899
4.8812
5.0675
5.2486
5.4243
5.5944
5.7589
5.9175
6.0701
6.2166
6.3569
6.4909
6.6184
6.7393
6.8536
6.9612
7.0619
7.1558
7.2427
7.3225
7.3953
7.461
7.5194
7.5707
7.6147
7.6514
7.6808
7.7029
7.7176
7.7249
7.7249
7.7176
7.7029
7.6808
7.6514
7.6147
7.5707
7.5194
7.461
7.3953
7.3225
7.2427
7.1558
7.0619
6.9612
6.8536
6.7393
6.6184
6.4909
6.3569
6.2166
6.0701
5.9175
5.7589
5.5944
5.4243
5.2486
5.0675
4.8812
4.6899
4.4936
4.2927
4.0873
3.8776
3.6638
3.4461
3.2248
3
2.7721
2.5411
2.3075
2.0713
1.8329
1.5926
1.3505
1.107
0.86222
0.61654
0.37019
0.12344
-0.1231
-0.36841
-0.61364
-0.47797
-0.28696
-0.095883
0.09615
0.28835
0.48023
0.67159
0.86222
1.0519
1.2405
1.4277
1.6134
1.7973
1.9793
2.1592
2.3367
2.5118
2.6842
2.8538
3.0203
3.1836
3.3436
3.5001
3.653
3.802
3.9471
4.0882
4.225
4.3575
4.4856
4.6092
4.728
4.8422
4.9514
5.0558
5.1551
5.2493
5.3383
5.4221
5.5006
5.5737
5.6414
5.7036
5.7603
5.8114
5.8569
5.8969
5.9311
5.9597
5.9826
5.9998
6.0113
6.017
6.017
6.0113
5.9998
5.9826
5.9597
5.9311
5.8969
5.8569
5.8114
5.7603
5.7036
5.6414
5.5737
5.5006
5.4221
5.3383
5.2493
5.1551
5.0558
4.9514
4.8422
4.728
4.6092
4.4856
4.3575
4.225
4.0882
3.9471
3.802
3.653
3.5001
3.3436
3.1836
3.0203
2.8538
2.6842
2.5118
2.3367
2.1592
1.9793
1.7973
1.6134
1.4277
1.2405
1.0519
0.86222
0.67159
0.48023
0.28835
0.09615
-0.095883
-0.28696
-0.47797
-0.34178
-0.20519
-0.068562
0.068753
0.20619
0.34339
0.48023
0.61654
0.75219
0.88702
1.0209
1.1537
1.2852
1.4153
1.5439
1.6709
1.7961
1.9194
2.0406
2.1597
2.2765
2.3909
2.5028
2.6121
2.7187
2.8224
2.9233
3.0211
3.1159
3.2075
3.2958
3.3808
3.4624
3.5406
3.6152
3.6862
3.7536
3.8172
3.8771
3.9333
3.9855
4.0339
4.0784
4.1189
4.1555
4.1881
4.2166
4.2411
4.2616
4.278
4.2902
4.2984
4.3025
4.3025
4.2984
4.2902
4.278
4.2616
4.2411
4.2166
4.1881
4.1555
4.1189
4.0784
4.0339
3.9855
3.9333
3.8771
3.8172
3.7536
3.6862
3.6152
3.5406
3.4624
3.3808
3.2958
3.2075
3.1159
3.0211
2.9233
2.8224
2.7187
2.6121
2.5028
2.3909
2.2765
2.1597
2.0406
1.9194
1.7961
1.6709
1.5439
1.4153
1.2852
1.1537
1.0209
0.88702
0.75219
0.61654
0.48023
0.34339
0.20619
0.068753
-0.068562
-0.20519
-0.34178
-0.20521
-0.12321
-0.041167
0.041282
0.1238
0.20619
0.28835
0.37019
0.45164
0.5326
0.61298
0.6927
0.77167
0.84981
0.92704
1.0033
1.0784
1.1525
1.2253
1.2968
1.3669
1.4356
1.5028
1.5684
1.6324
1.6947
1.7552
1.814
1.8709
1.9259
1.9789
2.03
2.079
2.1259
2.1707
2.2133
2.2538
2.292
2.328
2.3617
2.393
2.4221
2.4488
2.4732
2.4951
2.5147
2.5318
2.5465
2.5588
2.5686
2.576
2.5809
2.5834
2.5834
2.5809
2.576
2.5686
2.5588
2.5465
2.5318
2.5147
2.4951
2.4732
2.4488
2.4221
2.393
2.3617
2.328
2.292
2.2538
2.2133
2.1707
2.1259
2.079
2.03
1.9789
1.9259
1.8709
1.814
1.7552
1.6947
1.6324
1.5684
1.5028
1.4356
1.3669
1.2968
1.2253
1.1525
1.0784
1.0033
0.92704
0.84981
0.77167
0.6927
0.61298
0.5326
0.45164
0.37019
0.28835
0.20619
0.1238
0.041282
-0.041167
-0.12321
-0.20521
-0.06843
-0.041083
-0.013727
0.013766
0.041282
0.068753
0.09615
0.12344
0.1506
0.1776
0.2044
0.23098
0.25732
0.28337
0.30913
0.33455
0.35961
0.38429
0.40857
0.43241
0.45579
0.4787
0.50111
0.52299
0.54433
0.5651
0.58529
0.60489
0.62386
0.6422
0.65988
0.6769
0.69324
0.70889
0.72382
0.73804
0.75153
0.76428
0.77627
0.78751
0.79797
0.80766
0.81657
0.82469
0.83201
0.83853
0.84424
0.84915
0.85324
0.85652
0.85898
0.86062
0.86144
0.86144
0.86062
0.85898
0.85652
0.85324
0.84915
0.84424
0.83853
0.83201
0.82469
0.81657
0.80766
0.79797
0.78751
0.77627
0.76428
0.75153
0.73804
0.72382
0.70889
0.69324
0.6769
0.65988
0.6422
0.62386
0.60489
0.58529
0.5651
0.54433
0.52299
0.50111
0.4787
0.45579
0.43241
0.40857
0.38429
0.35961
0.33455
0.30913
0.28337
0.25732
0.23098
0.2044
0.1776
0.1506
0.12344
0.09615
0.068753
0.041282
0.013766
-0.013727
-0.041083
-0.06843
0.068238
0.040969
0.013689
-0.013727
-0.041167
-0.068562
-0.095883
-0.1231
-0.15018
-0.1771
-0.20383
-0.23034
-0.2566
-0.28258
-0.30827
-0.33362
-0.35861
-0.38322
-0.40743
-0.43121
-0.45453
-0.47737
-0.49971
-0.52153
-0.54281
-0.56353
-0.58367
-0.6032
-0.62213
-0.64041
-0.65805
-0.67502
-0.69132
-0.70692
-0.72181
-0.73599
-0.74944
-0.76215
-0.77411
-0.78532
-0.79575
-0.80542
-0.8143
-0.82239
-0.82969
-0.8362
-0.8419
-0.84679
-0.85087
-0.85414
-0.85659
-0.85823
-0.85905
-0.85905
-0.85823
-0.85659
-0.85414
-0.85087
-0.84679
-0.8419
-0.8362
-0.82969
-0.82239
-0.8143
-0.80542
-0.79575
-0.78532
-0.77411
-0.76215
-0.74944
-0.73599
-0.72181
-0.70692
-0.69132
-0.67502
-0.65805
-0.64041
-0.62213
-0.6032
-0.58367
-0.56353
-0.54281
-0.52153
-0.49971
-0.47737
-0.45453
-0.43121
-0.40743
-0.38322
-0.35861
-0.33362
-0.30827
-0.28258
-0.2566
-0.23034
-0.20383
-0.1771
-0.15018
-0.1231
-0.095883
-0.068562
-0.041167
-0.013727
0.013689
0.040969
0.068238
0.20484
0.12288
0.040969
-0.041083
-0.12321
-0.20519
-0.28696
-0.36841
-0.44947
-0.53003
-0.61003
-0.68936
-0.76796
-0.84572
-0.92258
-0.99845
-1.0733
-1.1469
-1.2194
-1.2905
-1.3603
-1.4287
-1.4955
-1.5608
-1.6245
-1.6865
-1.7468
-1.8053
-1.8619
-1.9166
-1.9694
-2.0202
-2.069
-2.1157
-2.1602
-2.2027
-2.2429
-2.281
-2.3168
-2.3503
-2.3815
-2.4105
-2.437
-2.4613
-2.4831
-2.5026
-2.5196
-2.5343
-2.5465
-2.5563
-2.5636
-2.5685
-2.571
-2.571
-2.5685
-2.5636
-2.5563
-2.5465
-2.5343
-2.5196
-2.5026
-2.4831
-2.4613
-2.437
-2.4105
-2.3815
-2.3503
-2.3168
-2.281
-2.2429
-2.2027
-2.1602
-2.1157
-2.069
-2.0202
-1.9694
-1.9166
-1.8619
-1.8053
-1.7468
-1.6865
-1.6245
-1.5608
-1.4955
-1.4287
-1.3603
-1.2905
-1.2194
-1.1469
-1.0733
-0.99845
-0.92258
-0.84572
-0.76796
-0.68936
-0.61003
-0.53003
-0.44947
-0.36841
-0.28696
-0.20519
-0.12321
-0.041083
0.040969
0.12288
0.20484
0.34151
0.20484
0.068238
-0.06843
-0.20521
-0.34178
-0.47797
-0.61364
-0.74864
-0.88284
-1.0161
-1.1482
-1.2791
-1.4087
-1.5367
-1.663
-1.7876
-1.9103
-2.031
-2.1495
-2.2658
-2.3796
-2.491
-2.5998
-2.7059
-2.8091
-2.9095
-3.0069
-3.1012
-3.1924
-3.2803
-3.3649
-3.4461
-3.5239
-3.5982
-3.6688
-3.7359
-3.7992
-3.8589
-3.9147
-3.9667
-4.0149
-4.0592
-4.0995
-4.1359
-4.1684
-4.1968
-4.2212
-4.2415
-4.2578
-4.27
-4.2782
-4.2823
-4.2823
-4.2782
-4.27
-4.2578
-4.2415
-4.2212
-4.1968
-4.1684
-4.1359
-4.0995
-4.0592
-4.0149
-3.9667
-3.9147
-3.8589
-3.7992
-3.7359
-3.6688
-3.5982
-3.5239
-3.4461
-3.3649
-3.2803
-3.1924
-3.1012
-3.0069
-2.9095
-2.8091
-2.7059
-2.5998
-2.491
-2.3796
-2.2658
-2.1495
-2.031
-1.9103
-1.7876
-1.663
-1.5367
-1.4087
-1.2791
-1.1482
-1.0161
-0.88284
-0.74864
-0.61364
-0.47797
-0.34178
-0.20521
-0.06843
0.068238
0.20484
0.34151
