3.2004
1.9288
0.64409
-0.64587
-1.9322
-3.2027
-4.4469
-5.6556
-6.8198
-7.9321
-8.9859
-9.9762
-10.899
-11.752
-12.534
-13.246
-13.887
-14.461
-14.97
-15.419
-15.811
-16.15
-16.442
-16.69
-16.901
-17.078
-17.225
-17.347
-17.446
-17.528
-17.593
-17.646
-17.688
-17.721
-17.747
-17.767
-17.783
-17.795
-17.804
-17.811
-17.816
-17.82
-17.823
-17.825
-17.827
-17.828
-17.829
-17.829
-17.83
-17.83
-17.83
-17.83
-17.83
-17.83
-17.83
-17.83
-17.83
-17.83
-17.829
-17.829
-17.828
-17.827
-17.825
-17.823
-17.82
-17.816
-17.811
-17.804
-17.795
-17.783
-17.767
-17.747
-17.721
-17.688
-17.646
-17.593
-17.528
-17.446
-17.347
-17.225
-17.078
-16.901
-16.69
-16.442
-16.15
-15.811
-15.419
-14.97
-14.461
-13.887
-13.246
-12.534
-11.752
-10.899
-9.9762
-8.9859
-7.9321
-6.8198
-5.6556
-4.4469
-3.2027
-1.9322
-0.64587
0.64409
1.9288
3.2004
1.9288
1.1626
0.38853
-0.3896
-1.1656
-1.9319
-2.6825
-3.4115
-4.1138
-4.7847
-5.4204
-6.0178
-6.5745
-7.0891
-7.5609
-7.9899
-8.3769
-8.7231
-9.0304
-9.3009
-9.5372
-9.7419
-9.9178
-10.068
-10.195
-10.301
-10.39
-10.464
-10.524
-10.573
-10.613
-10.644
-10.67
-10.69
-10.705
-10.718
-10.727
-10.734
-10.74
-10.744
-10.747
-10.749
-10.751
-10.752
-10.753
-10.754
-10.755
-10.755
-10.755
-10.755
-10.755
-10.755
-10.756
-10.756
-10.755
-10.755
-10.755
-10.755
-10.755
-10.755
-10.754
-10.753
-10.752
-10.751
-10.749
-10.747
-10.744
-10.74
-10.734
-10.727
-10.718
-10.705
-10.69
-10.67
-10.644
-10.613
-10.573
-10.524
-10.464
-10.39
-10.301
-10.195
-10.068
-9.9178
-9.7419
-9.5372
-9.3009
-9.0304
-8.7231
-8.3769
-7.9899
-7.5609
-7.0891
-6.5745
-6.0178
-5.4204
-4.7847
-4.1138
-3.4115
-2.6825
-1.9319
-1.1656
-0.3896
0.38853
1.1626
1.9288
0.64409
0.38853
0.13012
-0.13048
-0.39035
-0.647
-0.89837
-1.1425
-1.3777
-1.6024
-1.8153
-2.0154
-2.2018
-2.3742
-2.5322
-2.6759
-2.8055
-2.9215
-3.0244
-3.115
-3.1941
-3.2627
-3.3216
-3.3719
-3.4144
-3.4501
-3.4799
-3.5045
-3.5246
-3.5411
-3.5543
-3.565
-3.5735
-3.5801
-3.5854
-3.5895
-3.5927
-3.5951
-3.5969
-3.5983
-3.5994
-3.6002
-3.6007
-3.6012
-3.6015
-3.6017
-3.6019
-3.602
-3.6021
-3.6021
-3.6022
-3.6022
-3.6022
-3.6022
-3.6022
-3.6022
-3.6021
-3.6021
-3.602
-3.6019
-3.6017
-3.6015
-3.6012
-3.6007
-3.6002
-3.5994
-3.5983
-3.5969
-3.5951
-3.5927
-3.5895
-3.5854
-3.5801
-3.5735
-3.565
-3.5543
-3.5411
-3.5246
-3.5045
-3.4799
-3.4501
-3.4144
-3.3719
-3.3216
-3.2627
-3.1941
-3.115
-3.0244
-2.9215
-2.8055
-2.6759
-2.5322
-2.3742
-2.2018
-2.0154
-1.8153
-1.6024
-1.3777
-1.1425
-0.89837
-0.647
-0.39035
-0.13048
0.13012
0.38853
0.64409
-0.64587
-0.3896
-0.13048
0.13084
0.39142
0.64878
0.90084
1.1457
1.3815
1.6068
1.8203
2.0209
2.2079
2.3807
2.5391
2.6832
2.8132
2.9295
3.0327
3.1235
3.2029
3.2716
3.3307
3.3811
3.4238
3.4596
3.4894
3.5141
3.5343
3.5508
3.5641
3.5748
3.5833
3.59
3.5952
3.5993
3.6025
3.6049
3.6068
3.6082
3.6092
3.61
3.6106
3.611
3.6114
3.6116
3.6117
3.6119
3.6119
3.612
3.612
3.6121
3.6121
3.6121
3.6121
3.612
3.612
3.6119
3.6119
3.6117
3.6116
3.6114
3.611
3.6106
3.61
3.6092
3.6082
3.6068
3.6049
3.6025
3.5993
3.5952
3.59
3.5833
3.5748
3.5641
3.5508
3.5343
3.5141
3.4894
3.4596
3.4238
3.3811
3.3307
3.2716
3.2029
3.1235
3.0327
2.9295
2.8132
2.6832
2.5391
2.3807
2.2079
2.0209
1.8203
1.6068
1.3815
1.1457
0.90084
0.64878
0.39142
0.13084
-0.13048
-0.3896
-0.64587
-1.9322
-1.1656
-0.39035
0.39142
1.171
1.9409
2.695
3.4275
4.1331
4.8072
5.4458
6.046
6.6053
7.1224
7.5964
8.0275
8.4163
8.7641
9.0729
9.3447
9.5821
9.7878
9.9646
10.115
10.243
10.35
10.439
10.513
10.574
10.623
10.663
10.695
10.72
10.74
10.756
10.768
10.778
10.785
10.791
10.795
10.798
10.8
10.802
10.803
10.804
10.805
10.805
10.806
10.806
10.806
10.806
10.806
10.806
10.806
10.806
10.806
10.806
10.806
10.806
10.805
10.805
10.804
10.803
10.802
10.8
10.798
10.795
10.791
10.785
10.778
10.768
10.756
10.74
10.72
10.695
10.663
10.623
10.574
10.513
10.439
10.35
10.243
10.115
9.9646
9.7878
9.5821
9.3447
9.0729
8.7641
8.4163
8.0275
7.5964
7.1224
6.6053
6.046
5.4458
4.8072
4.1331
3.4275
2.695
1.9409
1.171
0.39142
-0.39035
-1.1656
-1.9322
-3.2027
-1.9319
-0.647
0.64878
1.9409
3.2171
4.467
5.681
6.8506
7.9678
9.0265
10.021
10.948
11.805
12.591
13.306
13.95
14.527
15.038
15.489
15.882
16.223
16.517
16.767
16.978
17.156
17.304
17.426
17.526
17.608
17.674
17.727
17.769
17.802
17.828
17.849
17.865
17.877
17.886
17.893
17.898
17.902
17.905
17.907
17.908
17.91
17.91
17.911
17.911
17.912
17.912
17.912
17.912
17.912
17.912
17.912
17.912
17.911
17.911
17.91
17.91
17.908
17.907
17.905
17.902
17.898
17.893
17.886
17.877
17.865
17.849
17.828
17.802
17.769
17.727
17.674
17.608
17.526
17.426
17.304
17.156
16.978
16.767
16.517
16.223
15.882
15.489
15.038
14.527
13.95
13.306
12.591
11.805
10.948
10.021
9.0265
7.9678
6.8506
5.681
4.467
3.2171
1.9409
0.64878
-0.647
-1.9319
-3.2027
-4.4469
-2.6825
-0.89837
0.90084
2.695
4.467
6.2025
7.8882
9.5121
11.064
12.533
13.915
15.202
16.392
17.483
18.475
19.37
20.171
20.882
21.507
22.054
22.527
22.934
23.281
23.575
23.822
24.027
24.197
24.336
24.45
24.542
24.615
24.674
24.72
24.756
24.785
24.806
24.823
24.836
24.846
24.853
24.858
24.862
24.865
24.867
24.869
24.87
24.871
24.871
24.872
24.872
24.872
24.872
24.872
24.872
24.872
24.872
24.871
24.871
24.87
24.869
24.867
24.865
24.862
24.858
24.853
24.846
24.836
24.823
24.806
24.785
24.756
24.72
24.674
24.615
24.542
24.45
24.336
24.197
24.027
23.822
23.575
23.281
22.934
22.527
22.054
21.507
20.882
20.171
19.37
18.475
17.483
16.392
15.202
13.915
12.533
11.064
9.5121
7.8882
6.2025
4.467
2.695
0.90084
-0.89837
-2.6825
-4.4469
-5.6556
-3.4115
-1.1425
1.1457
3.4275
5.681
7.8882
10.032
12.097
14.071
15.94
17.697
19.334
20.848
22.235
23.497
24.635
25.654
26.558
27.353
28.049
28.651
29.169
29.61
29.984
30.297
30.559
30.775
30.952
31.097
31.213
31.307
31.381
31.44
31.486
31.522
31.55
31.571
31.588
31.6
31.609
31.616
31.621
31.625
31.628
31.63
31.631
31.632
31.633
31.633
31.634
31.634
31.634
31.634
31.634
31.634
31.633
31.633
31.632
31.631
31.63
31.628
31.625
31.621
31.616
31.609
31.6
31.588
31.571
31.55
31.522
31.486
31.44
31.381
31.307
31.213
31.097
30.952
30.775
30.559
30.297
29.984
29.61
29.169
28.651
28.049
27.353
26.558
25.654
24.635
23.497
22.235
20.848
19.334
17.697
15.94
14.071
12.097
10.032
7.8882
5.681
3.4275
1.1457
-1.1425
-3.4115
-5.6556
-6.8198
-4.1138
-1.3777
1.3815
4.1331
6.8506
9.5121
12.097
14.588
16.967
19.222
21.34
23.315
25.14
26.813
28.335
29.708
30.936
32.026
32.986
33.824
34.55
35.175
35.708
36.158
36.537
36.852
37.113
37.327
37.501
37.641
37.754
37.844
37.915
37.971
38.014
38.048
38.073
38.093
38.108
38.119
38.127
38.134
38.138
38.141
38.144
38.146
38.147
38.148
38.148
38.149
38.149
38.149
38.149
38.149
38.149
38.148
38.148
38.147
38.146
38.144
38.141
38.138
38.134
38.127
38.119
38.108
38.093
38.073
38.048
38.014
37.971
37.915
37.844
37.754
37.641
37.501
37.327
37.113
36.852
36.537
36.158
35.708
35.175
34.55
33.824
32.986
32.026
30.936
29.708
28.335
26.813
25.14
23.315
21.34
19.222
16.967
14.588
12.097
9.5121
6.8506
4.1331
1.3815
-1.3777
-4.1138
-6.8198
-7.9321
-4.7847
-1.6024
1.6068
4.8072
7.9678
11.064
14.071
16.967
19.735
22.357
24.821
27.118
29.241
31.187
32.957
34.554
35.983
37.251
38.367
39.343
40.188
40.914
41.534
42.058
42.498
42.865
43.169
43.417
43.62
43.784
43.915
44.02
44.102
44.167
44.218
44.257
44.287
44.31
44.327
44.34
44.35
44.357
44.362
44.366
44.369
44.371
44.372
44.373
44.374
44.374
44.375
44.375
44.375
44.375
44.374
44.374
44.373
44.372
44.371
44.369
44.366
44.362
44.357
44.35
44.34
44.327
44.31
44.287
44.257
44.218
44.167
44.102
44.02
43.915
43.784
43.62
43.417
43.169
42.865
42.498
42.058
41.534
40.914
40.188
39.343
38.367
37.251
35.983
34.554
32.957
31.187
29.241
27.118
24.821
22.357
19.735
16.967
14.071
11.064
7.9678
4.8072
1.6068
-1.6024
-4.7847
-7.9321
-8.9859
-5.4204
-1.8153
1.8203
5.4458
9.0265
12.533
15.94
19.222
22.357
25.327
28.119
30.721
33.126
35.332
37.337
39.146
40.765
42.202
43.467
44.572
45.53
46.353
47.055
47.649
48.148
48.564
48.908
49.19
49.42
49.605
49.754
49.873
49.966
50.04
50.097
50.141
50.175
50.201
50.221
50.236
50.247
50.255
50.261
50.265
50.268
50.271
50.272
50.273
50.274
50.275
50.275
50.275
50.275
50.275
50.275
50.274
50.273
50.272
50.271
50.268
50.265
50.261
50.255
50.247
50.236
50.221
50.201
50.175
50.141
50.097
50.04
49.966
49.873
49.754
49.605
49.42
49.19
48.908
48.564
48.148
47.649
47.055
46.353
45.53
44.572
43.467
42.202
40.765
39.146
37.337
35.332
33.126
30.721
28.119
25.327
22.357
19.222
15.94
12.533
9.0265
5.4458
1.8203
-1.8153
-5.4204
-8.9859
-9.9762
-6.0178
-2.0154
2.0209
6.046
10.021
13.915
17.697
21.34
24.821
28.119
31.219
34.108
36.778
39.227
41.454
43.463
45.26
46.856
48.26
49.488
50.551
51.465
52.245
52.905
53.459
53.921
54.303
54.616
54.871
55.077
55.243
55.375
55.479
55.56
55.624
55.673
55.711
55.74
55.761
55.778
55.79
55.799
55.806
55.811
55.814
55.817
55.818
55.82
55.821
55.821
55.821
55.822
55.822
55.821
55.821
55.821
55.82
55.818
55.817
55.814
55.811
55.806
55.799
55.79
55.778
55.761
55.74
55.711
55.673
55.624
55.56
55.479
55.375
55.243
55.077
54.871
54.616
54.303
53.921
53.459
52.905
52.245
51.465
50.551
49.488
48.26
46.856
45.26
43.463
41.454
39.227
36.778
34.108
31.219
28.119
24.821
21.34
17.697
13.915
10.021
6.046
2.0209
-2.0154
-6.0178
-9.9762
-10.899
-6.5745
-2.2018
2.2079
6.6053
10.948
15.202
19.334
23.315
27.118
30.721
34.108
37.264
40.182
42.857
45.291
47.486
49.45
51.193
52.729
54.07
55.232
56.231
57.083
57.804
58.41
58.915
59.332
59.675
59.954
60.179
60.36
60.504
60.618
60.707
60.777
60.83
60.872
60.903
60.927
60.945
60.958
60.968
60.975
60.981
60.985
60.987
60.989
60.991
60.992
60.992
60.993
60.993
60.993
60.993
60.992
60.992
60.991
60.989
60.987
60.985
60.981
60.975
60.968
60.958
60.945
60.927
60.903
60.872
60.83
60.777
60.707
60.618
60.504
60.36
60.179
59.954
59.675
59.332
58.915
58.41
57.804
57.083
56.231
55.232
54.07
52.729
51.193
49.45
47.486
45.291
42.857
40.182
37.264
34.108
30.721
27.118
23.315
19.334
15.202
10.948
6.6053
2.2079
-2.2018
-6.5745
-10.899
-11.752
-7.0891
-2.3742
2.3807
7.1224
11.805
16.392
20.848
25.14
29.241
33.126
36.778
40.182
43.328
46.214
48.838
51.205
53.324
55.204
56.86
58.306
59.56
60.637
61.557
62.335
62.988
63.533
63.983
64.353
64.654
64.897
65.092
65.247
65.37
65.467
65.542
65.6
65.644
65.678
65.704
65.723
65.738
65.748
65.756
65.762
65.766
65.769
65.771
65.773
65.774
65.774
65.775
65.775
65.775
65.775
65.774
65.774
65.773
65.771
65.769
65.766
65.762
65.756
65.748
65.738
65.723
65.704
65.678
65.644
65.6
65.542
65.467
65.37
65.247
65.092
64.897
64.654
64.353
63.983
63.533
62.988
62.335
61.557
60.637
59.56
58.306
56.86
55.204
53.324
51.205
48.838
46.214
43.328
40.182
36.778
33.126
29.241
25.14
20.848
16.392
11.805
7.1224
2.3807
-2.3742
-7.0891
-11.752
-12.534
-7.5609
-2.5322
2.5391
7.5964
12.591
17.483
22.235
26.813
31.187
35.332
39.227
42.857
46.214
49.291
52.091
54.616
56.876
58.882
60.648
62.191
63.529
64.679
65.66
66.49
67.187
67.768
68.249
68.643
68.964
69.224
69.432
69.598
69.729
69.832
69.912
69.974
70.022
70.058
70.086
70.106
70.122
70.133
70.141
70.147
70.152
70.155
70.157
70.159
70.16
70.161
70.161
70.162
70.162
70.161
70.161
70.16
70.159
70.157
70.155
70.152
70.147
70.141
70.133
70.122
70.106
70.086
70.058
70.022
69.974
69.912
69.832
69.729
69.598
69.432
69.224
68.964
68.643
68.249
67.768
67.187
66.49
65.66
64.679
63.529
62.191
60.648
58.882
56.876
54.616
52.091
49.291
46.214
42.857
39.227
35.332
31.187
26.813
22.235
17.483
12.591
7.5964
2.5391
-2.5322
-7.5609
-12.534
-13.246
-7.9899
-2.6759
2.6832
8.0275
13.306
18.475
23.497
28.335
32.957
37.337
41.454
45.291
48.838
52.091
55.049
57.718
60.107
62.227
64.094
65.726
67.139
68.355
69.392
70.27
71.007
71.621
72.13
72.547
72.886
73.161
73.381
73.556
73.695
73.804
73.889
73.954
74.005
74.043
74.072
74.094
74.11
74.122
74.131
74.138
74.142
74.146
74.148
74.15
74.151
74.152
74.152
74.152
74.152
74.152
74.152
74.151
74.15
74.148
74.146
74.142
74.138
74.131
74.122
74.11
74.094
74.072
74.043
74.005
73.954
73.889
73.804
73.695
73.556
73.381
73.161
72.886
72.547
72.13
71.621
71.007
70.27
69.392
68.355
67.139
65.726
64.094
62.227
60.107
57.718
55.049
52.091
48.838
45.291
41.454
37.337
32.957
28.335
23.497
18.475
13.306
8.0275
2.6832
-2.6759
-7.9899
-13.246
-13.887
-8.3769
-2.8055
2.8132
8.4163
13.95
19.37
24.635
29.708
34.554
39.146
43.463
47.486
51.205
54.616
57.718
60.517
63.022
65.245
67.204
68.914
70.397
71.672
72.76
73.681
74.454
75.099
75.632
76.069
76.425
76.714
76.945
77.129
77.274
77.388
77.477
77.546
77.599
77.639
77.67
77.693
77.71
77.723
77.732
77.739
77.744
77.747
77.75
77.752
77.753
77.754
77.754
77.754
77.754
77.754
77.754
77.753
77.752
77.75
77.747
77.744
77.739
77.732
77.723
77.71
77.693
77.67
77.639
77.599
77.546
77.477
77.388
77.274
77.129
76.945
76.714
76.425
76.069
75.632
75.099
74.454
73.681
72.76
71.672
70.397
68.914
67.204
65.245
63.022
60.517
57.718
54.616
51.205
47.486
43.463
39.146
34.554
29.708
24.635
19.37
13.95
8.4163
2.8132
-2.8055
-8.3769
-13.887
-14.461
-8.7231
-2.9215
2.9295
8.7641
14.527
20.171
25.654
30.936
35.983
40.765
45.26
49.45
53.324
56.876
60.107
63.022
65.631
67.947
69.987
71.769
73.313
74.641
75.775
76.734
77.54
78.211
78.766
79.222
79.594
79.894
80.135
80.327
80.478
80.597
80.69
80.762
80.817
80.859
80.891
80.915
80.932
80.946
80.955
80.962
80.968
80.971
80.974
80.976
80.977
80.978
80.979
80.979
80.979
80.979
80.978
80.977
80.976
80.974
80.971
80.968
80.962
80.955
80.946
80.932
80.915
80.891
80.859
80.817
80.762
80.69
80.597
80.478
80.327
80.135
79.894
79.594
79.222
78.766
78.211
77.54
76.734
75.775
74.641
73.313
71.769
69.987
67.947
65.631
63.022
60.107
56.876
53.324
49.45
45.26
40.765
35.983
30.936
25.654
20.171
14.527
8.7641
2.9295
-2.9215
-8.7231
-14.461
-14.97
-9.0304
-3.0244
3.0327
9.0729
15.038
20.882
26.558
32.026
37.251
42.202
46.856
51.193
55.204
58.882
62.227
65.245
67.947
70.345
72.457
74.303
75.902
77.278
78.451
79.445
80.279
80.975
81.55
82.023
82.407
82.718
82.968
83.167
83.324
83.447
83.543
83.617
83.675
83.718
83.751
83.776
83.794
83.808
83.818
83.826
83.831
83.835
83.837
83.839
83.841
83.842
83.842
83.842
83.842
83.842
83.842
83.841
83.839
83.837
83.835
83.831
83.826
83.818
83.808
83.794
83.776
83.751
83.718
83.675
83.617
83.543
83.447
83.324
83.167
82.968
82.718
82.407
82.023
81.55
80.975
80.279
79.445
78.451
77.278
75.902
74.303
72.457
70.345
67.947
65.245
62.227
58.882
55.204
51.193
46.856
42.202
37.251
32.026
26.558
20.882
15.038
9.0729
3.0327
-3.0244
-9.0304
-14.97
-15.419
-9.3009
-3.115
3.1235
9.3447
15.489
21.507
27.353
32.986
38.367
43.467
48.26
52.729
56.86
60.648
64.094
67.204
69.987
72.457
74.633
76.534
78.183
79.6
80.809
81.833
82.693
83.41
84.003
84.489
84.886
85.206
85.464
85.668
85.83
85.958
86.057
86.133
86.192
86.237
86.271
86.297
86.316
86.33
86.34
86.348
86.353
86.357
86.36
86.362
86.364
86.364
86.365
86.365
86.365
86.365
86.364
86.364
86.362
86.36
86.357
86.353
86.348
86.34
86.33
86.316
86.297
86.271
86.237
86.192
86.133
86.057
85.958
85.83
85.668
85.464
85.206
84.886
84.489
84.003
83.41
82.693
81.833
80.809
79.6
78.183
76.534
74.633
72.457
69.987
67.204
64.094
60.648
56.86
52.729
48.26
43.467
38.367
32.986
27.353
21.507
15.489
9.3447
3.1235
-3.115
-9.3009
-15.419
-15.811
-9.5372
-3.1941
3.2029
9.5821
15.882
22.054
28.049
33.824
39.343
44.572
49.488
54.07
58.306
62.191
65.726
68.914
71.769
74.303
76.534
78.485
80.175
81.629
82.869
83.92
84.802
85.537
86.146
86.645
87.052
87.381
87.645
87.855
88.021
88.152
88.253
88.332
88.393
88.439
88.473
88.5
88.519
88.534
88.545
88.552
88.558
88.562
88.565
88.567
88.568
88.569
88.57
88.57
88.57
88.57
88.569
88.568
88.567
88.565
88.562
88.558
88.552
88.545
88.534
88.519
88.5
88.473
88.439
88.393
88.332
88.253
88.152
88.021
87.855
87.645
87.381
87.052
86.645
86.146
85.537
84.802
83.92
82.869
81.629
80.175
78.485
76.534
74.303
71.769
68.914
65.726
62.191
58.306
54.07
49.488
44.572
39.343
33.824
28.049
22.054
15.882
9.5821
3.2029
-3.1941
-9.5372
-15.811
-16.15
-9.7419
-3.2627
3.2716
9.7878
16.223
22.527
28.651
34.55
40.188
45.53
50.551
55.232
59.56
63.529
67.139
70.397
73.313
75.902
78.183
80.175
81.902
83.388
84.655
85.729
86.63
87.382
88.004
88.514
88.93
89.266
89.536
89.751
89.921
90.054
90.158
90.239
90.3
90.348
90.383
90.41
90.43
90.445
90.456
90.464
90.47
90.474
90.477
90.479
90.48
90.481
90.482
90.482
90.482
90.482
90.481
90.48
90.479
90.477
90.474
90.47
90.464
90.456
90.445
90.43
90.41
90.383
90.348
90.3
90.239
90.158
90.054
89.921
89.751
89.536
89.266
88.93
88.514
88.004
87.382
86.63
85.729
84.655
83.388
81.902
80.175
78.183
75.902
73.313
70.397
67.139
63.529
59.56
55.232
50.551
45.53
40.188
34.55
28.651
22.527
16.223
9.7878
3.2716
-3.2627
-9.7419
-16.15
-16.442
-9.9178
-3.3216
3.3307
9.9646
16.517
22.934
29.169
35.175
40.914
46.353
51.465
56.231
60.637
64.679
68.355
71.672
74.641
77.278
79.6
81.629
83.388
84.901
86.192
87.285
88.203
88.969
89.602
90.122
90.545
90.888
91.163
91.382
91.555
91.691
91.797
91.879
91.942
91.99
92.026
92.053
92.074
92.089
92.1
92.108
92.114
92.119
92.122
92.124
92.125
92.126
92.127
92.127
92.127
92.127
92.126
92.125
92.124
92.122
92.119
92.114
92.108
92.1
92.089
92.074
92.053
92.026
91.99
91.942
91.879
91.797
91.691
91.555
91.382
91.163
90.888
90.545
90.122
89.602
88.969
88.203
87.285
86.192
84.901
83.388
81.629
79.6
77.278
74.641
71.672
68.355
64.679
60.637
56.231
51.465
46.353
40.914
35.175
29.169
22.934
16.517
9.9646
3.3307
-3.3216
-9.9178
-16.442
-16.69
-10.068
-3.3719
3.3811
10.115
16.767
23.281
29.61
35.708
41.534
47.055
52.245
57.083
61.557
65.66
69.392
72.76
75.775
78.451
80.809
82.869
84.655
86.192
87.503
88.613
89.545
90.323
90.966
91.494
91.924
92.272
92.551
92.774
92.95
93.088
93.195
93.279
93.343
93.391
93.428
93.456
93.477
93.492
93.504
93.512
93.518
93.522
93.525
93.528
93.529
93.53
93.531
93.531
93.531
93.531
93.53
93.529
93.528
93.525
93.522
93.518
93.512
93.504
93.492
93.477
93.456
93.428
93.391
93.343
93.279
93.195
93.088
92.95
92.774
92.551
92.272
91.924
91.494
90.966
90.323
89.545
88.613
87.503
86.192
84.655
82.869
80.809
78.451
75.775
72.76
69.392
65.66
61.557
57.083
52.245
47.055
41.534
35.708
29.61
23.281
16.767
10.115
3.3811
-3.3719
-10.068
-16.69
-16.901
-10.195
-3.4144
3.4238
10.243
16.978
23.575
29.984
36.158
42.058
47.649
52.905
57.804
62.335
66.49
70.27
73.681
76.734
79.445
81.833
83.92
85.729
87.285
88.613
89.737
90.682
91.469
92.121
92.656
93.092
93.444
93.727
93.953
94.131
94.271
94.38
94.464
94.529
94.579
94.616
94.644
94.665
94.681
94.692
94.701
94.707
94.711
94.714
94.717
94.718
94.719
94.72
94.72
94.72
94.72
94.719
94.718
94.717
94.714
94.711
94.707
94.701
94.692
94.681
94.665
94.644
94.616
94.579
94.529
94.464
94.38
94.271
94.131
93.953
93.727
93.444
93.092
92.656
92.121
91.469
90.682
89.737
88.613
87.285
85.729
83.92
81.833
79.445
76.734
73.681
70.27
66.49
62.335
57.804
52.905
47.649
42.058
36.158
29.984
23.575
16.978
10.243
3.4238
-3.4144
-10.195
-16.901
-17.078
-10.301
-3.4501
3.4596
10.35
17.156
23.822
30.297
36.537
42.498
48.148
53.459
58.41
62.988
67.187
71.007
74.454
77.54
80.279
82.693
84.802
86.63
88.203
89.545
90.682
91.637
92.433
93.091
93.632
94.073
94.429
94.715
94.943
95.124
95.265
95.375
95.461
95.526
95.576
95.614
95.643
95.664
95.68
95.691
95.7
95.706
95.71
95.714
95.716
95.717
95.718
95.719
95.719
95.719
95.719
95.718
95.717
95.716
95.714
95.71
95.706
95.7
95.691
95.68
95.664
95.643
95.614
95.576
95.526
95.461
95.375
95.265
95.124
94.943
94.715
94.429
94.073
93.632
93.091
92.433
91.637
90.682
89.545
88.203
86.63
84.802
82.693
80.279
77.54
74.454
71.007
67.187
62.988
58.41
53.459
48.148
42.498
36.537
30.297
23.822
17.156
10.35
3.4596
-3.4501
-10.301
-17.078
-17.225
-10.39
-3.4799
3.4894
10.439
17.304
24.027
30.559
36.852
42.865
48.564
53.921
58.915
63.533
67.768
71.621
75.099
78.211
80.975
83.41
85.537
87.382
88.969
90.323
91.469
92.433
93.236
93.901
94.446
94.891
95.251
95.539
95.769
95.951
96.094
96.205
96.291
96.358
96.408
96.446
96.475
96.497
96.512
96.524
96.533
96.539
96.544
96.547
96.549
96.551
96.552
96.552
96.552
96.552
96.552
96.552
96.551
96.549
96.547
96.544
96.539
96.533
96.524
96.512
96.497
96.475
96.446
96.408
96.358
96.291
96.205
96.094
95.951
95.769
95.539
95.251
94.891
94.446
93.901
93.236
92.433
91.469
90.323
88.969
87.382
85.537
83.41
80.975
78.211
75.099
71.621
67.768
63.533
58.915
53.921
48.564
42.865
36.852
30.559
24.027
17.304
10.439
3.4894
-3.4799
-10.39
-17.225
-17.347
-10.464
-3.5045
3.5141
10.513
17.426
24.197
30.775
37.113
43.169
48.908
54.303
59.332
63.983
68.249
72.13
75.632
78.766
81.55
84.003
86.146
88.004
89.602
90.966
92.121
93.091
93.901
94.57
95.12
95.568
95.93
96.221
96.453
96.636
96.78
96.892
96.979
97.046
97.096
97.135
97.164
97.186
97.202
97.214
97.222
97.228
97.233
97.236
97.238
97.24
97.241
97.242
97.242
97.242
97.242
97.241
97.24
97.238
97.236
97.233
97.228
97.222
97.214
97.202
97.186
97.164
97.135
97.096
97.046
96.979
96.892
96.78
96.636
96.453
96.221
95.93
95.568
95.12
94.57
93.901
93.091
92.121
90.966
89.602
88.004
86.146
84.003
81.55
78.766
75.632
72.13
68.249
63.983
59.332
54.303
48.908
43.169
37.113
30.775
24.197
17.426
10.513
3.5141
-3.5045
-10.464
-17.347
-17.446
-10.524
-3.5246
3.5343
10.574
17.526
24.336
30.952
37.327
43.417
49.19
54.616
59.675
64.353
68.643
72.547
76.069
79.222
82.023
84.489
86.645
88.514
90.122
91.494
92.656
93.632
94.446
95.12
95.673
96.124
96.488
96.781
97.014
97.198
97.343
97.456
97.544
97.611
97.662
97.701
97.73
97.752
97.768
97.78
97.788
97.795
97.799
97.802
97.805
97.806
97.807
97.808
97.808
97.808
97.808
97.807
97.806
97.805
97.802
97.799
97.795
97.788
97.78
97.768
97.752
97.73
97.701
97.662
97.611
97.544
97.456
97.343
97.198
97.014
96.781
96.488
96.124
95.673
95.12
94.446
93.632
92.656
91.494
90.122
88.514
86.645
84.489
82.023
79.222
76.069
72.547
68.643
64.353
59.675
54.616
49.19
43.417
37.327
30.952
24.336
17.526
10.574
3.5343
-3.5246
-10.524
-17.446
-17.528
-10.573
-3.5411
3.5508
10.623
17.608
24.45
31.097
37.501
43.62
49.42
54.871
59.954
64.654
68.964
72.886
76.425
79.594
82.407
84.886
87.052
88.93
90.545
91.924
93.092
94.073
94.891
95.568
96.124
96.577
96.943
97.237
97.471
97.657
97.802
97.916
98.004
98.071
98.123
98.162
98.191
98.213
98.229
98.241
98.25
98.256
98.261
98.264
98.266
98.268
98.269
98.269
98.27
98.27
98.269
98.269
98.268
98.266
98.264
98.261
98.256
98.25
98.241
98.229
98.213
98.191
98.162
98.123
98.071
98.004
97.916
97.802
97.657
97.471
97.237
96.943
96.577
96.124
95.568
94.891
94.073
93.092
91.924
90.545
88.93
87.052
84.886
82.407
79.594
76.425
72.886
68.964
64.654
59.954
54.871
49.42
43.62
37.501
31.097
24.45
17.608
10.623
3.5508
-3.5411
-10.573
-17.528
-17.593
-10.613
-3.5543
3.5641
10.663
17.674
24.542
31.213
37.641
43.784
49.605
55.077
60.179
64.897
69.224
73.161
76.714
79.894
82.718
85.206
87.381
89.266
90.888
92.272
93.444
94.429
95.251
95.93
96.488
96.943
97.311
97.606
97.841
98.028
98.174
98.288
98.376
98.444
98.495
98.534
98.564
98.586
98.602
98.614
98.623
98.629
98.634
98.637
98.64
98.641
98.642
98.643
98.643
98.643
98.643
98.642
98.641
98.64
98.637
98.634
98.629
98.623
98.614
98.602
98.586
98.564
98.534
98.495
98.444
98.376
98.288
98.174
98.028
97.841
97.606
97.311
96.943
96.488
95.93
95.251
94.429
93.444
92.272
90.888
89.266
87.381
85.206
82.718
79.894
76.714
73.161
69.224
64.897
60.179
55.077
49.605
43.784
37.641
31.213
24.542
17.674
10.663
3.5641
-3.5543
-10.613
-17.593
-17.646
-10.644
-3.565
3.5748
10.695
17.727
24.615
31.307
37.754
43.915
49.754
55.243
60.36
65.092
69.432
73.381
76.945
80.135
82.968
85.464
87.645
89.536
91.163
92.551
93.727
94.715
95.539
96.221
96.781
97.237
97.606
97.902
98.139
98.325
98.472
98.586
98.675
98.743
98.794
98.834
98.863
98.885
98.902
98.914
98.923
98.929
98.934
98.937
98.939
98.941
98.942
98.943
98.943
98.943
98.943
98.942
98.941
98.939
98.937
98.934
98.929
98.923
98.914
98.902
98.885
98.863
98.834
98.794
98.743
98.675
98.586
98.472
98.325
98.139
97.902
97.606
97.237
96.781
96.221
95.539
94.715
93.727
92.551
91.163
89.536
87.645
85.464
82.968
80.135
76.945
73.381
69.432
65.092
60.36
55.243
49.754
43.915
37.754
31.307
24.615
17.727
10.695
3.5748
-3.565
-10.644
-17.646
-17.688
-10.67
-3.5735
3.5833
10.72
17.769
24.674
31.381
37.844
44.02
49.873
55.375
60.504
65.247
69.598
73.556
77.129
80.327
83.167
85.668
87.855
89.751
91.382
92.774
93.953
94.943
95.769
96.453
97.014
97.471
97.841
98.139
98.375
98.562
98.709
98.824
98.913
98.981
99.033
99.072
99.102
99.124
99.14
99.153
99.161
99.168
99.172
99.176
99.178
99.18
99.181
99.181
99.182
99.182
99.181
99.181
99.18
99.178
99.176
99.172
99.168
99.161
99.153
99.14
99.124
99.102
99.072
99.033
98.981
98.913
98.824
98.709
98.562
98.375
98.139
97.841
97.471
97.014
96.453
95.769
94.943
93.953
92.774
91.382
89.751
87.855
85.668
83.167
80.327
77.129
73.556
69.598
65.247
60.504
55.375
49.873
44.02
37.844
31.381
24.674
17.769
10.72
3.5833
-3.5735
-10.67
-17.688
-17.721
-10.69
-3.5801
3.59
10.74
17.802
24.72
31.44
37.915
44.102
49.966
55.479
60.618
65.37
69.729
73.695
77.274
80.478
83.324
85.83
88.021
89.921
91.555
92.95
94.131
95.124
95.951
96.636
97.198
97.657
98.028
98.325
98.562
98.75
98.897
99.012
99.101
99.169
99.222
99.261
99.291
99.313
99.329
99.341
99.35
99.357
99.361
99.365
99.367
99.369
99.37
99.37
99.371
99.371
99.37
99.37
99.369
99.367
99.365
99.361
99.357
99.35
99.341
99.329
99.313
99.291
99.261
99.222
99.169
99.101
99.012
98.897
98.75
98.562
98.325
98.028
97.657
97.198
96.636
95.951
95.124
94.131
92.95
91.555
89.921
88.021
85.83
83.324
80.478
77.274
73.695
69.729
65.37
60.618
55.479
49.966
44.102
37.915
31.44
24.72
17.802
10.74
3.59
-3.5801
-10.69
-17.721
-17.747
-10.705
-3.5854
3.5952
10.756
17.828
24.756
31.486
37.971
44.167
50.04
55.56
60.707
65.467
69.832
73.804
77.388
80.597
83.447
85.958
88.152
90.054
91.691
93.088
94.271
95.265
96.094
96.78
97.343
97.802
98.174
98.472
98.709
98.897
99.045
99.16
99.249
99.317
99.37
99.409
99.439
99.461
99.478
99.49
99.499
99.505
99.51
99.513
99.515
99.517
99.518
99.519
99.519
99.519
99.519
99.518
99.517
99.515
99.513
99.51
99.505
99.499
99.49
99.478
99.461
99.439
99.409
99.37
99.317
99.249
99.16
99.045
98.897
98.709
98.472
98.174
97.802
97.343
96.78
96.094
95.265
94.271
93.088
91.691
90.054
88.152
85.958
83.447
80.597
77.388
73.804
69.832
65.467
60.707
55.56
50.04
44.167
37.971
31.486
24.756
17.828
10.756
3.5952
-3.5854
-10.705
-17.747
-17.767
-10.718
-3.5895
3.5993
10.768
17.849
24.785
31.522
38.014
44.218
50.097
55.624
60.777
65.542
69.912
73.889
77.477
80.69
83.543
86.057
88.253
90.158
91.797
93.195
94.38
95.375
96.205
96.892
97.456
97.916
98.288
98.586
98.824
99.012
99.16
99.275
99.364
99.433
99.485
99.525
99.555
99.577
99.593
99.605
99.614
99.621
99.625
99.629
99.631
99.633
99.634
99.634
99.635
99.635
99.634
99.634
99.633
99.631
99.629
99.625
99.621
99.614
99.605
99.593
99.577
99.555
99.525
99.485
99.433
99.364
99.275
99.16
99.012
98.824
98.586
98.288
97.916
97.456
96.892
96.205
95.375
94.38
93.195
91.797
90.158
88.253
86.057
83.543
80.69
77.477
73.889
69.912
65.542
60.777
55.624
50.097
44.218
38.014
31.522
24.785
17.849
10.768
3.5993
-3.5895
-10.718
-17.767
-17.783
-10.727
-3.5927
3.6025
10.778
17.865
24.806
31.55
38.048
44.257
50.141
55.673
60.83
65.6
69.974
73.954
77.546
80.762
83.617
86.133
88.332
90.239
91.879
93.279
94.464
95.461
96.291
96.979
97.544
98.004
98.376
98.675
98.913
99.101
99.249
99.364
99.454
99.522
99.575
99.614
99.644
99.666
99.683
99.695
99.704
99.71
99.715
99.718
99.721
99.722
99.723
99.724
99.724
99.724
99.724
99.723
99.722
99.721
99.718
99.715
99.71
99.704
99.695
99.683
99.666
99.644
99.614
99.575
99.522
99.454
99.364
99.249
99.101
98.913
98.675
98.376
98.004
97.544
96.979
96.291
95.461
94.464
93.279
91.879
90.239
88.332
86.133
83.617
80.762
77.546
73.954
69.974
65.6
60.83
55.673
50.141
44.257
38.048
31.55
24.806
17.865
10.778
3.6025
-3.5927
-10.727
-17.783
-17.795
-10.734
-3.5951
3.6049
10.785
17.877
24.823
31.571
38.073
44.287
50.175
55.711
60.872
65.644
70.022
74.005
77.599
80.817
83.675
86.192
88.393
90.3
91.942
93.343
94.529
95.526
96.358
97.046
97.611
98.071
98.444
98.743
98.981
99.169
99.317
99.433
99.522
99.591
99.643
99.683
99.713
99.735
99.752
99.764
99.773
99.779
99.784
99.787
99.789
99.791
99.792
99.793
99.793
99.793
99.793
99.792
99.791
99.789
99.787
99.784
99.779
99.773
99.764
99.752
99.735
99.713
99.683
99.643
99.591
99.522
99.433
99.317
99.169
98.981
98.743
98.444
98.071
97.611
97.046
96.358
95.526
94.529
93.343
91.942
90.3
88.393
86.192
83.675
80.817
77.599
74.005
70.022
65.644
60.872
55.711
50.175
44.287
38.073
31.571
24.823
17.877
10.785
3.6049
-3.5951
-10.734
-17.795
-17.804
-10.74
-3.5969
3.6068
10.791
17.886
24.836
31.588
38.093
44.31
50.201
55.74
60.903
65.678
70.058
74.043
77.639
80.859
83.718
86.237
88.439
90.348
91.99
93.391
94.579
95.576
96.408
97.096
97.662
98.123
98.495
98.794
99.033
99.222
99.37
99.485
99.575
99.643
99.696
99.735
99.765
99.787
99.804
99.816
99.825
99.832
99.836
99.84
99.842
99.844
99.845
99.845
99.846
99.846
99.845
99.845
99.844
99.842
99.84
99.836
99.832
99.825
99.816
99.804
99.787
99.765
99.735
99.696
99.643
99.575
99.485
99.37
99.222
99.033
98.794
98.495
98.123
97.662
97.096
96.408
95.576
94.579
93.391
91.99
90.348
88.439
86.237
83.718
80.859
77.639
74.043
70.058
65.678
60.903
55.74
50.201
44.31
38.093
31.588
24.836
17.886
10.791
3.6068
-3.5969
-10.74
-17.804
-17.811
-10.744
-3.5983
3.6082
10.795
17.893
24.846
31.6
38.108
44.327
50.221
55.761
60.927
65.704
70.086
74.072
77.67
80.891
83.751
86.271
88.473
90.383
92.026
93.428
94.616
95.614
96.446
97.135
97.701
98.162
98.534
98.834
99.072
99.261
99.409
99.525
99.614
99.683
99.735
99.775
99.805
99.827
99.844
99.856
99.865
99.871
99.876
99.879
99.882
99.883
99.884
99.885
99.885
99.885
99.885
99.884
99.883
99.882
99.879
99.876
99.871
99.865
99.856
99.844
99.827
99.805
99.775
99.735
99.683
99.614
99.525
99.409
99.261
99.072
98.834
98.534
98.162
97.701
97.135
96.446
95.614
94.616
93.428
92.026
90.383
88.473
86.271
83.751
80.891
77.67
74.072
70.086
65.704
60.927
55.761
50.221
44.327
38.108
31.6
24.846
17.893
10.795
3.6082
-3.5983
-10.744
-17.811
-17.816
-10.747
-3.5994
3.6092
10.798
17.898
24.853
31.609
38.119
44.34
50.236
55.778
60.945
65.723
70.106
74.094
77.693
80.915
83.776
86.297
88.5
90.41
92.053
93.456
94.644
95.643
96.475
97.164
97.73
98.191
98.564
98.863
99.102
99.291
99.439
99.555
99.644
99.713
99.765
99.805
99.835
99.857
99.874
99.886
99.895
99.901
99.906
99.909
99.912
99.913
99.914
99.915
99.915
99.915
99.915
99.914
99.913
99.912
99.909
99.906
99.901
99.895
99.886
99.874
99.857
99.835
99.805
99.765
99.713
99.644
99.555
99.439
99.291
99.102
98.863
98.564
98.191
97.73
97.164
96.475
95.643
94.644
93.456
92.053
90.41
88.5
86.297
83.776
80.915
77.693
74.094
70.106
65.723
60.945
55.778
50.236
44.34
38.119
31.609
24.853
17.898
10.798
3.6092
-3.5994
-10.747
-17.816
-17.82
-10.749
-3.6002
3.61
10.8
17.902
24.858
31.616
38.127
44.35
50.247
55.79
60.958
65.738
70.122
74.11
77.71
80.932
83.794
86.316
88.519
90.43
92.074
93.477
94.665
95.664
96.497
97.186
97.752
98.213
98.586
98.885
99.124
99.313
99.461
99.577
99.666
99.735
99.787
99.827
99.857
99.879
99.896
99.908
99.917
99.924
99.928
99.932
99.934
99.936
99.937
99.937
99.938
99.938
99.937
99.937
99.936
99.934
99.932
99.928
99.924
99.917
99.908
99.896
99.879
99.857
99.827
99.787
99.735
99.666
99.577
99.461
99.313
99.124
98.885
98.586
98.213
97.752
97.186
96.497
95.664
94.665
93.477
92.074
90.43
88.519
86.316
83.794
80.932
77.71
74.11
70.122
65.738
60.958
55.79
50.247
44.35
38.127
31.616
24.858
17.902
10.8
3.61
-3.6002
-10.749
-17.82
-17.823
-10.751
-3.6007
3.6106
10.802
17.905
24.862
31.621
38.134
44.357
50.255
55.799
60.968
65.748
70.133
74.122
77.723
80.946
83.808
86.33
88.534
90.445
92.089
93.492
94.681
95.68
96.512
97.202
97.768
98.229
98.602
98.902
99.14
99.329
99.478
99.593
99.683
99.752
99.804
99.844
99.874
99.896
99.913
99.925
99.934
99.94
99.945
99.948
99.951
99.952
99.953
99.954
99.954
99.954
99.954
99.953
99.952
99.951
99.948
99.945
99.94
99.934
99.925
99.913
99.896
99.874
99.844
99.804
99.752
99.683
99.593
99.478
99.329
99.14
98.902
98.602
98.229
97.768
97.202
96.512
95.68
94.681
93.492
92.089
90.445
88.534
86.33
83.808
80.946
77.723
74.122
70.133
65.748
60.968
55.799
50.255
44.357
38.134
31.621
24.862
17.905
10.802
3.6106
-3.6007
-10.751
-17.823
-17.825
-10.752
-3.6012
3.611
10.803
17.907
24.865
31.625
38.138
44.362
50.261
55.806
60.975
65.756
70.141
74.131
77.732
80.955
83.818
86.34
88.545
90.456
92.1
93.504
94.692
95.691
96.524
97.214
97.78
98.241
98.614
98.914
99.153
99.341
99.49
99.605
99.695
99.764
99.816
99.856
99.886
99.908
99.925
99.937
99.946
99.952
99.957
99.96
99.963
99.964
99.965
99.966
99.966
99.966
99.966
99.965
99.964
99.963
99.96
99.957
99.952
99.946
99.937
99.925
99.908
99.886
99.856
99.816
99.764
99.695
99.605
99.49
99.341
99.153
98.914
98.614
98.241
97.78
97.214
96.524
95.691
94.692
93.504
92.1
90.456
88.545
86.34
83.818
80.955
77.732
74.131
70.141
65.756
60.975
55.806
50.261
44.362
38.138
31.625
24.865
17.907
10.803
3.611
-3.6012
-10.752
-17.825
-17.827
-10.753
-3.6015
3.6114
10.804
17.908
24.867
31.628
38.141
44.366
50.265
55.811
60.981
65.762
70.147
74.138
77.739
80.962
83.826
86.348
88.552
90.464
92.108
93.512
94.701
95.7
96.533
97.222
97.788
98.25
98.623
98.923
99.161
99.35
99.499
99.614
99.704
99.773
99.825
99.865
99.895
99.917
99.934
99.946
99.955
99.961
99.966
99.969
99.972
99.973
99.974
99.975
99.975
99.975
99.975
99.974
99.973
99.972
99.969
99.966
99.961
99.955
99.946
99.934
99.917
99.895
99.865
99.825
99.773
99.704
99.614
99.499
99.35
99.161
98.923
98.623
98.25
97.788
97.222
96.533
95.7
94.701
93.512
92.108
90.464
88.552
86.348
83.826
80.962
77.739
74.138
70.147
65.762
60.981
55.811
50.265
44.366
38.141
31.628
24.867
17.908
10.804
3.6114
-3.6015
-10.753
-17.827
-17.828
-10.754
-3.6017
3.6116
10.805
17.91
24.869
31.63
38.144
44.369
50.268
55.814
60.985
65.766
70.152
74.142
77.744
80.968
83.831
86.353
88.558
90.47
92.114
93.518
94.707
95.706
96.539
97.228
97.795
98.256
98.629
98.929
99.168
99.357
99.505
99.621
99.71
99.779
99.832
99.871
99.901
99.924
99.94
99.952
99.961
99.968
99.973
99.976
99.978
99.98
99.981
99.982
99.982
99.982
99.982
99.981
99.98
99.978
99.976
99.973
99.968
99.961
99.952
99.94
99.924
99.901
99.871
99.832
99.779
99.71
99.621
99.505
99.357
99.168
98.929
98.629
98.256
97.795
97.228
96.539
95.706
94.707
93.518
92.114
90.47
88.558
86.353
83.831
80.968
77.744
74.142
70.152
65.766
60.985
55.814
50.268
44.369
38.144
31.63
24.869
17.91
10.805
3.6116
-3.6017
-10.754
-17.828
-17.829
-10.755
-3.6019
3.6117
10.805
17.91
24.87
31.631
38.146
44.371
50.271
55.817
60.987
65.769
70.155
74.146
77.747
80.971
83.835
86.357
88.562
90.474
92.119
93.522
94.711
95.71
96.544
97.233
97.799
98.261
98.634
98.934
99.172
99.361
99.51
99.625
99.715
99.784
99.836
99.876
99.906
99.928
99.945
99.957
99.966
99.973
99.977
99.981
99.983
99.984
99.986
99.986
99.987
99.987
99.986
99.986
99.984
99.983
99.981
99.977
99.973
99.966
99.957
99.945
99.928
99.906
99.876
99.836
99.784
99.715
99.625
99.51
99.361
99.172
98.934
98.634
98.261
97.799
97.233
96.544
95.71
94.711
93.522
92.119
90.474
88.562
86.357
83.835
80.971
77.747
74.146
70.155
65.769
60.987
55.817
50.271
44.371
38.146
31.631
24.87
17.91
10.805
3.6117
-3.6019
-10.755
-17.829
-17.829
-10.755
-3.602
3.6119
10.806
17.911
24.871
31.632
38.147
44.372
50.272
55.818
60.989
65.771
70.157
74.148
77.75
80.974
83.837
86.36
88.565
90.477
92.122
93.525
94.714
95.714
96.547
97.236
97.802
98.264
98.637
98.937
99.176
99.365
99.513
99.629
99.718
99.787
99.84
99.879
99.909
99.932
99.948
99.96
99.969
99.976
99.981
99.984
99.986
99.988
99.989
99.99
99.99
99.99
99.99
99.989
99.988
99.986
99.984
99.981
99.976
99.969
99.96
99.948
99.932
99.909
99.879
99.84
99.787
99.718
99.629
99.513
99.365
99.176
98.937
98.637
98.264
97.802
97.236
96.547
95.714
94.714
93.525
92.122
90.477
88.565
86.36
83.837
80.974
77.75
74.148
70.157
65.771
60.989
55.818
50.272
44.372
38.147
31.632
24.871
17.911
10.806
3.6119
-3.602
-10.755
-17.829
-17.83
-10.755
-3.6021
3.6119
10.806
17.911
24.871
31.633
38.148
44.373
50.273
55.82
60.991
65.773
70.159
74.15
77.752
80.976
83.839
86.362
88.567
90.479
92.124
93.528
94.717
95.716
96.549
97.238
97.805
98.266
98.64
98.939
99.178
99.367
99.515
99.631
99.721
99.789
99.842
99.882
99.912
99.934
99.951
99.963
99.972
99.978
99.983
99.986
99.989
99.99
99.991
99.992
99.992
99.992
99.992
99.991
99.99
99.989
99.986
99.983
99.978
99.972
99.963
99.951
99.934
99.912
99.882
99.842
99.789
99.721
99.631
99.515
99.367
99.178
98.939
98.64
98.266
97.805
97.238
96.549
95.716
94.717
93.528
92.124
90.479
88.567
86.362
83.839
80.976
77.752
74.15
70.159
65.773
60.991
55.82
50.273
44.373
38.148
31.633
24.871
17.911
10.806
3.6119
-3.6021
-10.755
-17.83
-17.83
-10.755
-3.6021
3.612
10.806
17.912
24.872
31.633
38.148
44.374
50.274
55.821
60.992
65.774
70.16
74.151
77.753
80.977
83.841
86.364
88.568
90.48
92.125
93.529
94.718
95.717
96.551
97.24
97.806
98.268
98.641
98.941
99.18
99.369
99.517
99.633
99.722
99.791
99.844
99.883
99.913
99.936
99.952
99.964
99.973
99.98
99.984
99.988
99.99
99.992
99.993
99.993
99.994
99.994
99.993
99.993
99.992
99.99
99.988
99.984
99.98
99.973
99.964
99.952
99.936
99.913
99.883
99.844
99.791
99.722
99.633
99.517
99.369
99.18
98.941
98.641
98.268
97.806
97.24
96.551
95.717
94.718
93.529
92.125
90.48
88.568
86.364
83.841
80.977
77.753
74.151
70.16
65.774
60.992
55.821
50.274
44.374
38.148
31.633
24.872
17.912
10.806
3.612
-3.6021
-10.755
-17.83
-17.83
-10.755
-3.6022
3.612
10.806
17.912
24.872
31.634
38.149
44.374
50.275
55.821
60.992
65.774
70.161
74.152
77.754
80.978
83.842
86.364
88.569
90.481
92.126
93.53
94.719
95.718
96.552
97.241
97.807
98.269
98.642
98.942
99.181
99.37
99.518
99.634
99.723
99.792
99.845
99.884
99.914
99.937
99.953
99.965
99.974
99.981
99.986
99.989
99.991
99.993
99.994
99.995
99.995
99.995
99.995
99.994
99.993
99.991
99.989
99.986
99.981
99.974
99.965
99.953
99.937
99.914
99.884
99.845
99.792
99.723
99.634
99.518
99.37
99.181
98.942
98.642
98.269
97.807
97.241
96.552
95.718
94.719
93.53
92.126
90.481
88.569
86.364
83.842
80.978
77.754
74.152
70.161
65.774
60.992
55.821
50.275
44.374
38.149
31.634
24.872
17.912
10.806
3.612
-3.6022
-10.755
-17.83
-17.83
-10.755
-3.6022
3.6121
10.806
17.912
24.872
31.634
38.149
44.375
50.275
55.821
60.993
65.775
70.161
74.152
77.754
80.979
83.842
86.365
88.57
90.482
92.127
93.531
94.72
95.719
96.552
97.242
97.808
98.269
98.643
98.943
99.181
99.37
99.519
99.634
99.724
99.793
99.845
99.885
99.915
99.937
99.954
99.966
99.975
99.982
99.986
99.99
99.992
99.993
99.995
99.995
99.996
99.996
99.995
99.995
99.993
99.992
99.99
99.986
99.982
99.975
99.966
99.954
99.937
99.915
99.885
99.845
99.793
99.724
99.634
99.519
99.37
99.181
98.943
98.643
98.269
97.808
97.242
96.552
95.719
94.72
93.531
92.127
90.482
88.57
86.365
83.842
80.979
77.754
74.152
70.161
65.775
60.993
55.821
50.275
44.375
38.149
31.634
24.872
17.912
10.806
3.6121
-3.6022
-10.755
-17.83
-17.83
-10.756
-3.6022
3.6121
10.806
17.912
24.872
31.634
38.149
44.375
50.275
55.822
60.993
65.775
70.162
74.152
77.754
80.979
83.842
86.365
88.57
90.482
92.127
93.531
94.72
95.719
96.552
97.242
97.808
98.27
98.643
98.943
99.182
99.371
99.519
99.635
99.724
99.793
99.846
99.885
99.915
99.938
99.954
99.966
99.975
99.982
99.987
99.99
99.992
99.994
99.995
99.996
99.996
99.996
99.996
99.995
99.994
99.992
99.99
99.987
99.982
99.975
99.966
99.954
99.938
99.915
99.885
99.846
99.793
99.724
99.635
99.519
99.371
99.182
98.943
98.643
98.27
97.808
97.242
96.552
95.719
94.72
93.531
92.127
90.482
88.57
86.365
83.842
80.979
77.754
74.152
70.162
65.775
60.993
55.822
50.275
44.375
38.149
31.634
24.872
17.912
10.806
3.6121
-3.6022
-10.756
-17.83
-17.83
-10.756
-3.6022
3.6121
10.806
17.912
24.872
31.634
38.149
44.375
50.275
55.822
60.993
65.775
70.162
74.152
77.754
80.979
83.842
86.365
88.57
90.482
92.127
93.531
94.72
95.719
96.552
97.242
97.808
98.27
98.643
98.943
99.182
99.371
99.519
99.635
99.724
99.793
99.846
99.885
99.915
99.938
99.954
99.966
99.975
99.982
99.987
99.99
99.992
99.994
99.995
99.996
99.996
99.996
99.996
99.995
99.994
99.992
99.99
99.987
99.982
99.975
99.966
99.954
99.938
99.915
99.885
99.846
99.793
99.724
99.635
99.519
99.371
99.182
98.943
98.643
98.27
97.808
97.242
96.552
95.719
94.72
93.531
92.127
90.482
88.57
86.365
83.842
80.979
77.754
74.152
70.162
65.775
60.993
55.822
50.275
44.375
38.149
31.634
24.872
17.912
10.806
3.6121
-3.6022
-10.756
-17.83
-17.83
-10.755
-3.6022
3.6121
10.806
17.912
24.872
31.634
38.149
44.375
50.275
55.821
60.993
65.775
70.161
74.152
77.754
80.979
83.842
86.365
88.57
90.482
92.127
93.531
94.72
95.719
96.552
97.242
97.808
98.269
98.643
98.943
99.181
99.37
99.519
99.634
99.724
99.793
99.845
99.885
99.915
99.937
99.954
99.966
99.975
99.982
99.986
99.99
99.992
99.993
99.995
99.995
99.996
99.996
99.995
99.995
99.993
99.992
99.99
99.986
99.982
99.975
99.966
99.954
99.937
99.915
99.885
99.845
99.793
99.724
99.634
99.519
99.37
99.181
98.943
98.643
98.269
97.808
97.242
96.552
95.719
94.72
93.531
92.127
90.482
88.57
86.365
83.842
80.979
77.754
74.152
70.161
65.775
60.993
55.821
50.275
44.375
38.149
31.634
24.872
17.912
10.806
3.6121
-3.6022
-10.755
-17.83
-17.83
-10.755
-3.6022
3.612
10.806
17.912
24.872
31.634
38.149
44.374
50.275
55.821
60.992
65.774
70.161
74.152
77.754
80.978
83.842
86.364
88.569
90.481
92.126
93.53
94.719
95.718
96.552
97.241
97.807
98.269
98.642
98.942
99.181
99.37
99.518
99.634
99.723
99.792
99.845
99.884
99.914
99.937
99.953
99.965
99.974
99.981
99.986
99.989
99.991
99.993
99.994
99.995
99.995
99.995
99.995
99.994
99.993
99.991
99.989
99.986
99.981
99.974
99.965
99.953
99.937
99.914
99.884
99.845
99.792
99.723
99.634
99.518
99.37
99.181
98.942
98.642
98.269
97.807
97.241
96.552
95.718
94.719
93.53
92.126
90.481
88.569
86.364
83.842
80.978
77.754
74.152
70.161
65.774
60.992
55.821
50.275
44.374
38.149
31.634
24.872
17.912
10.806
3.612
-3.6022
-10.755
-17.83
-17.83
-10.755
-3.6021
3.612
10.806
17.912
24.872
31.633
38.148
44.374
50.274
55.821
60.992
65.774
70.16
74.151
77.753
80.977
83.841
86.364
88.568
90.48
92.125
93.529
94.718
95.717
96.551
97.24
97.806
98.268
98.641
98.941
99.18
99.369
99.517
99.633
99.722
99.791
99.844
99.883
99.913
99.936
99.952
99.964
99.973
99.98
99.984
99.988
99.99
99.992
99.993
99.993
99.994
99.994
99.993
99.993
99.992
99.99
99.988
99.984
99.98
99.973
99.964
99.952
99.936
99.913
99.883
99.844
99.791
99.722
99.633
99.517
99.369
99.18
98.941
98.641
98.268
97.806
97.24
96.551
95.717
94.718
93.529
92.125
90.48
88.568
86.364
83.841
80.977
77.753
74.151
70.16
65.774
60.992
55.821
50.274
44.374
38.148
31.633
24.872
17.912
10.806
3.612
-3.6021
-10.755
-17.83
-17.83
-10.755
-3.6021
3.6119
10.806
17.911
24.871
31.633
38.148
44.373
50.273
55.82
60.991
65.773
70.159
74.15
77.752
80.976
83.839
86.362
88.567
90.479
92.124
93.528
94.717
95.716
96.549
97.238
97.805
98.266
98.64
98.939
99.178
99.367
99.515
99.631
99.721
99.789
99.842
99.882
99.912
99.934
99.951
99.963
99.972
99.978
99.983
99.986
99.989
99.99
99.991
99.992
99.992
99.992
99.992
99.991
99.99
99.989
99.986
99.983
99.978
99.972
99.963
99.951
99.934
99.912
99.882
99.842
99.789
99.721
99.631
99.515
99.367
99.178
98.939
98.64
98.266
97.805
97.238
96.549
95.716
94.717
93.528
92.124
90.479
88.567
86.362
83.839
80.976
77.752
74.15
70.159
65.773
60.991
55.82
50.273
44.373
38.148
31.633
24.871
17.911
10.806
3.6119
-3.6021
-10.755
-17.83
-17.829
-10.755
-3.602
3.6119
10.806
17.911
24.871
31.632
38.147
44.372
50.272
55.818
60.989
65.771
70.157
74.148
77.75
80.974
83.837
86.36
88.565
90.477
92.122
93.525
94.714
95.714
96.547
97.236
97.802
98.264
98.637
98.937
99.176
99.365
99.513
99.629
99.718
99.787
99.84
99.879
99.909
99.932
99.948
99.96
99.969
99.976
99.981
99.984
99.986
99.988
99.989
99.99
99.99
99.99
99.99
99.989
99.988
99.986
99.984
99.981
99.976
99.969
99.96
99.948
99.932
99.909
99.879
99.84
99.787
99.718
99.629
99.513
99.365
99.176
98.937
98.637
98.264
97.802
97.236
96.547
95.714
94.714
93.525
92.122
90.477
88.565
86.36
83.837
80.974
77.75
74.148
70.157
65.771
60.989
55.818
50.272
44.372
38.147
31.632
24.871
17.911
10.806
3.6119
-3.602
-10.755
-17.829
-17.829
-10.755
-3.6019
3.6117
10.805
17.91
24.87
31.631
38.146
44.371
50.271
55.817
60.987
65.769
70.155
74.146
77.747
80.971
83.835
86.357
88.562
90.474
92.119
93.522
94.711
95.71
96.544
97.233
97.799
98.261
98.634
98.934
99.172
99.361
99.51
99.625
99.715
99.784
99.836
99.876
99.906
99.928
99.945
99.957
99.966
99.973
99.977
99.981
99.983
99.984
99.986
99.986
99.987
99.987
99.986
99.986
99.984
99.983
99.981
99.977
99.973
99.966
99.957
99.945
99.928
99.906
99.876
99.836
99.784
99.715
99.625
99.51
99.361
99.172
98.934
98.634
98.261
97.799
97.233
96.544
95.71
94.711
93.522
92.119
90.474
88.562
86.357
83.835
80.971
77.747
74.146
70.155
65.769
60.987
55.817
50.271
44.371
38.146
31.631
24.87
17.91
10.805
3.6117
-3.6019
-10.755
-17.829
-17.828
-10.754
-3.6017
3.6116
10.805
17.91
24.869
31.63
38.144
44.369
50.268
55.814
60.985
65.766
70.152
74.142
77.744
80.968
83.831
86.353
88.558
90.47
92.114
93.518
94.707
95.706
96.539
97.228
97.795
98.256
98.629
98.929
99.168
99.357
99.505
99.621
99.71
99.779
99.832
99.871
99.901
99.924
99.94
99.952
99.961
99.968
99.973
99.976
99.978
99.98
99.981
99.982
99.982
99.982
99.982
99.981
99.98
99.978
99.976
99.973
99.968
99.961
99.952
99.94
99.924
99.901
99.871
99.832
99.779
99.71
99.621
99.505
99.357
99.168
98.929
98.629
98.256
97.795
97.228
96.539
95.706
94.707
93.518
92.114
90.47
88.558
86.353
83.831
80.968
77.744
74.142
70.152
65.766
60.985
55.814
50.268
44.369
38.144
31.63
24.869
17.91
10.805
3.6116
-3.6017
-10.754
-17.828
-17.827
-10.753
-3.6015
3.6114
10.804
17.908
24.867
31.628
38.141
44.366
50.265
55.811
60.981
65.762
70.147
74.138
77.739
80.962
83.826
86.348
88.552
90.464
92.108
93.512
94.701
95.7
96.533
97.222
97.788
98.25
98.623
98.923
99.161
99.35
99.499
99.614
99.704
99.773
99.825
99.865
99.895
99.917
99.934
99.946
99.955
99.961
99.966
99.969
99.972
99.973
99.974
99.975
99.975
99.975
99.975
99.974
99.973
99.972
99.969
99.966
99.961
99.955
99.946
99.934
99.917
99.895
99.865
99.825
99.773
99.704
99.614
99.499
99.35
99.161
98.923
98.623
98.25
97.788
97.222
96.533
95.7
94.701
93.512
92.108
90.464
88.552
86.348
83.826
80.962
77.739
74.138
70.147
65.762
60.981
55.811
50.265
44.366
38.141
31.628
24.867
17.908
10.804
3.6114
-3.6015
-10.753
-17.827
-17.825
-10.752
-3.6012
3.611
10.803
17.907
24.865
31.625
38.138
44.362
50.261
55.806
60.975
65.756
70.141
74.131
77.732
80.955
83.818
86.34
88.545
90.456
92.1
93.504
94.692
95.691
96.524
97.214
97.78
98.241
98.614
98.914
99.153
99.341
99.49
99.605
99.695
99.764
99.816
99.856
99.886
99.908
99.925
99.937
99.946
99.952
99.957
99.96
99.963
99.964
99.965
99.966
99.966
99.966
99.966
99.965
99.964
99.963
99.96
99.957
99.952
99.946
99.937
99.925
99.908
99.886
99.856
99.816
99.764
99.695
99.605
99.49
99.341
99.153
98.914
98.614
98.241
97.78
97.214
96.524
95.691
94.692
93.504
92.1
90.456
88.545
86.34
83.818
80.955
77.732
74.131
70.141
65.756
60.975
55.806
50.261
44.362
38.138
31.625
24.865
17.907
10.803
3.611
-3.6012
-10.752
-17.825
-17.823
-10.751
-3.6007
3.6106
10.802
17.905
24.862
31.621
38.134
44.357
50.255
55.799
60.968
65.748
70.133
74.122
77.723
80.946
83.808
86.33
88.534
90.445
92.089
93.492
94.681
95.68
96.512
97.202
97.768
98.229
98.602
98.902
99.14
99.329
99.478
99.593
99.683
99.752
99.804
99.844
99.874
99.896
99.913
99.925
99.934
99.94
99.945
99.948
99.951
99.952
99.953
99.954
99.954
99.954
99.954
99.953
99.952
99.951
99.948
99.945
99.94
99.934
99.925
99.913
99.896
99.874
99.844
99.804
99.752
99.683
99.593
99.478
99.329
99.14
98.902
98.602
98.229
97.768
97.202
96.512
95.68
94.681
93.492
92.089
90.445
88.534
86.33
83.808
80.946
77.723
74.122
70.133
65.748
60.968
55.799
50.255
44.357
38.134
31.621
24.862
17.905
10.802
3.6106
-3.6007
-10.751
-17.823
-17.82
-10.749
-3.6002
3.61
10.8
17.902
24.858
31.616
38.127
44.35
50.247
55.79
60.958
65.738
70.122
74.11
77.71
80.932
83.794
86.316
88.519
90.43
92.074
93.477
94.665
95.664
96.497
97.186
97.752
98.213
98.586
98.885
99.124
99.313
99.461
99.577
99.666
99.735
99.787
99.827
99.857
99.879
99.896
99.908
99.917
99.924
99.928
99.932
99.934
99.936
99.937
99.937
99.938
99.938
99.937
99.937
99.936
99.934
99.932
99.928
99.924
99.917
99.908
99.896
99.879
99.857
99.827
99.787
99.735
99.666
99.577
99.461
99.313
99.124
98.885
98.586
98.213
97.752
97.186
96.497
95.664
94.665
93.477
92.074
90.43
88.519
86.316
83.794
80.932
77.71
74.11
70.122
65.738
60.958
55.79
50.247
44.35
38.127
31.616
24.858
17.902
10.8
3.61
-3.6002
-10.749
-17.82
-17.816
-10.747
-3.5994
3.6092
10.798
17.898
24.853
31.609
38.119
44.34
50.236
55.778
60.945
65.723
70.106
74.094
77.693
80.915
83.776
86.297
88.5
90.41
92.053
93.456
94.644
95.643
96.475
97.164
97.73
98.191
98.564
98.863
99.102
99.291
99.439
99.555
99.644
99.713
99.765
99.805
99.835
99.857
99.874
99.886
99.895
99.901
99.906
99.909
99.912
99.913
99.914
99.915
99.915
99.915
99.915
99.914
99.913
99.912
99.909
99.906
99.901
99.895
99.886
99.874
99.857
99.835
99.805
99.765
99.713
99.644
99.555
99.439
99.291
99.102
98.863
98.564
98.191
97.73
97.164
96.475
95.643
94.644
93.456
92.053
90.41
88.5
86.297
83.776
80.915
77.693
74.094
70.106
65.723
60.945
55.778
50.236
44.34
38.119
31.609
24.853
17.898
10.798
3.6092
-3.5994
-10.747
-17.816
-17.811
-10.744
-3.5983
3.6082
10.795
17.893
24.846
31.6
38.108
44.327
50.221
55.761
60.927
65.704
70.086
74.072
77.67
80.891
83.751
86.271
88.473
90.383
92.026
93.428
94.616
95.614
96.446
97.135
97.701
98.162
98.534
98.834
99.072
99.261
99.409
99.525
99.614
99.683
99.735
99.775
99.805
99.827
99.844
99.856
99.865
99.871
99.876
99.879
99.882
99.883
99.884
99.885
99.885
99.885
99.885
99.884
99.883
99.882
99.879
99.876
99.871
99.865
99.856
99.844
99.827
99.805
99.775
99.735
99.683
99.614
99.525
99.409
99.261
99.072
98.834
98.534
98.162
97.701
97.135
96.446
95.614
94.616
93.428
92.026
90.383
88.473
86.271
83.751
80.891
77.67
74.072
70.086
65.704
60.927
55.761
50.221
44.327
38.108
31.6
24.846
17.893
10.795
3.6082
-3.5983
-10.744
-17.811
-17.804
-10.74
-3.5969
3.6068
10.791
17.886
24.836
31.588
38.093
44.31
50.201
55.74
60.903
65.678
70.058
74.043
77.639
80.859
83.718
86.237
88.439
90.348
91.99
93.391
94.579
95.576
96.408
97.096
97.662
98.123
98.495
98.794
99.033
99.222
99.37
99.485
99.575
99.643
99.696
99.735
99.765
99.787
99.804
99.816
99.825
99.832
99.836
99.84
99.842
99.844
99.845
99.845
99.846
99.846
99.845
99.845
99.844
99.842
99.84
99.836
99.832
99.825
99.816
99.804
99.787
99.765
99.735
99.696
99.643
99.575
99.485
99.37
99.222
99.033
98.794
98.495
98.123
97.662
97.096
96.408
95.576
94.579
93.391
91.99
90.348
88.439
86.237
83.718
80.859
77.639
74.043
70.058
65.678
60.903
55.74
50.201
44.31
38.093
31.588
24.836
17.886
10.791
3.6068
-3.5969
-10.74
-17.804
-17.795
-10.734
-3.5951
3.6049
10.785
17.877
24.823
31.571
38.073
44.287
50.175
55.711
60.872
65.644
70.022
74.005
77.599
80.817
83.675
86.192
88.393
90.3
91.942
93.343
94.529
95.526
96.358
97.046
97.611
98.071
98.444
98.743
98.981
99.169
99.317
99.433
99.522
99.591
99.643
99.683
99.713
99.735
99.752
99.764
99.773
99.779
99.784
99.787
99.789
99.791
99.792
99.793
99.793
99.793
99.793
99.792
99.791
99.789
99.787
99.784
99.779
99.773
99.764
99.752
99.735
99.713
99.683
99.643
99.591
99.522
99.433
99.317
99.169
98.981
98.743
98.444
98.071
97.611
97.046
96.358
95.526
94.529
93.343
91.942
90.3
88.393
86.192
83.675
80.817
77.599
74.005
70.022
65.644
60.872
55.711
50.175
44.287
38.073
31.571
24.823
17.877
10.785
3.6049
-3.5951
-10.734
-17.795
-17.783
-10.727
-3.5927
3.6025
10.778
17.865
24.806
31.55
38.048
44.257
50.141
55.673
60.83
65.6
69.974
73.954
77.546
80.762
83.617
86.133
88.332
90.239
91.879
93.279
94.464
95.461
96.291
96.979
97.544
98.004
98.376
98.675
98.913
99.101
99.249
99.364
99.454
99.522
99.575
99.614
99.644
99.666
99.683
99.695
99.704
99.71
99.715
99.718
99.721
99.722
99.723
99.724
99.724
99.724
99.724
99.723
99.722
99.721
99.718
99.715
99.71
99.704
99.695
99.683
99.666
99.644
99.614
99.575
99.522
99.454
99.364
99.249
99.101
98.913
98.675
98.376
98.004
97.544
96.979
96.291
95.461
94.464
93.279
91.879
90.239
88.332
86.133
83.617
80.762
77.546
73.954
69.974
65.6
60.83
55.673
50.141
44.257
38.048
31.55
24.806
17.865
10.778
3.6025
-3.5927
-10.727
-17.783
-17.767
-10.718
-3.5895
3.5993
10.768
17.849
24.785
31.522
38.014
44.218
50.097
55.624
60.777
65.542
69.912
73.889
77.477
80.69
83.543
86.057
88.253
90.158
91.797
93.195
94.38
95.375
96.205
96.892
97.456
97.916
98.288
98.586
98.824
99.012
99.16
99.275
99.364
99.433
99.485
99.525
99.555
99.577
99.593
99.605
99.614
99.621
99.625
99.629
99.631
99.633
99.634
99.634
99.635
99.635
99.634
99.634
99.633
99.631
99.629
99.625
99.621
99.614
99.605
99.593
99.577
99.555
99.525
99.485
99.433
99.364
99.275
99.16
99.012
98.824
98.586
98.288
97.916
97.456
96.892
96.205
95.375
94.38
93.195
91.797
90.158
88.253
86.057
83.543
80.69
77.477
73.889
69.912
65.542
60.777
55.624
50.097
44.218
38.014
31.522
24.785
17.849
10.768
3.5993
-3.5895
-10.718
-17.767
-17.747
-10.705
-3.5854
3.5952
10.756
17.828
24.756
31.486
37.971
44.167
50.04
55.56
60.707
65.467
69.832
73.804
77.388
80.597
83.447
85.958
88.152
90.054
91.691
93.088
94.271
95.265
96.094
96.78
97.343
97.802
98.174
98.472
98.709
98.897
99.045
99.16
99.249
99.317
99.37
99.409
99.439
99.461
99.478
99.49
99.499
99.505
99.51
99.513
99.515
99.517
99.518
99.519
99.519
99.519
99.519
99.518
99.517
99.515
99.513
99.51
99.505
99.499
99.49
99.478
99.461
99.439
99.409
99.37
99.317
99.249
99.16
99.045
98.897
98.709
98.472
98.174
97.802
97.343
96.78
96.094
95.265
94.271
93.088
91.691
90.054
88.152
85.958
83.447
80.597
77.388
73.804
69.832
65.467
60.707
55.56
50.04
44.167
37.971
31.486
24.756
17.828
10.756
3.5952
-3.5854
-10.705
-17.747
-17.721
-10.69
-3.5801
3.59
10.74
17.802
24.72
31.44
37.915
44.102
49.966
55.479
60.618
65.37
69.729
73.695
77.274
80.478
83.324
85.83
88.021
89.921
91.555
92.95
94.131
95.124
95.951
96.636
97.198
97.657
98.028
98.325
98.562
98.75
98.897
99.012
99.101
99.169
99.222
99.261
99.291
99.313
99.329
99.341
99.35
99.357
99.361
99.365
99.367
99.369
99.37
99.37
99.371
99.371
99.37
99.37
99.369
99.367
99.365
99.361
99.357
99.35
99.341
99.329
99.313
99.291
99.261
99.222
99.169
99.101
99.012
98.897
98.75
98.562
98.325
98.028
97.657
97.198
96.636
95.951
95.124
94.131
92.95
91.555
89.921
88.021
85.83
83.324
80.478
77.274
73.695
69.729
65.37
60.618
55.479
49.966
44.102
37.915
31.44
24.72
17.802
10.74
3.59
-3.5801
-10.69
-17.721
-17.688
-10.67
-3.5735
3.5833
10.72
17.769
24.674
31.381
37.844
44.02
49.873
55.375
60.504
65.247
69.598
73.556
77.129
80.327
83.167
85.668
87.855
89.751
91.382
92.774
93.953
94.943
95.769
96.453
97.014
97.471
97.841
98.139
98.375
98.562
98.709
98.824
98.913
98.981
99.033
99.072
99.102
99.124
99.14
99.153
99.161
99.168
99.172
99.176
99.178
99.18
99.181
99.181
99.182
99.182
99.181
99.181
99.18
99.178
99.176
99.172
99.168
99.161
99.153
99.14
99.124
99.102
99.072
99.033
98.981
98.913
98.824
98.709
98.562
98.375
98.139
97.841
97.471
97.014
96.453
95.769
94.943
93.953
92.774
91.382
89.751
87.855
85.668
83.167
80.327
77.129
73.556
69.598
65.247
60.504
55.375
49.873
44.02
37.844
31.381
24.674
17.769
10.72
3.5833
-3.5735
-10.67
-17.688
-17.646
-10.644
-3.565
3.5748
10.695
17.727
24.615
31.307
37.754
43.915
49.754
55.243
60.36
65.092
69.432
73.381
76.945
80.135
82.968
85.464
87.645
89.536
91.163
92.551
93.727
94.715
95.539
96.221
96.781
97.237
97.606
97.902
98.139
98.325
98.472
98.586
98.675
98.743
98.794
98.834
98.863
98.885
98.902
98.914
98.923
98.929
98.934
98.937
98.939
98.941
98.942
98.943
98.943
98.943
98.943
98.942
98.941
98.939
98.937
98.934
98.929
98.923
98.914
98.902
98.885
98.863
98.834
98.794
98.743
98.675
98.586
98.472
98.325
98.139
97.902
97.606
97.237
96.781
96.221
95.539
94.715
93.727
92.551
91.163
89.536
87.645
85.464
82.968
80.135
76.945
73.381
69.432
65.092
60.36
55.243
49.754
43.915
37.754
31.307
24.615
17.727
10.695
3.5748
-3.565
-10.644
-17.646
-17.593
-10.613
-3.5543
3.5641
10.663
17.674
24.542
31.213
37.641
43.784
49.605
55.077
60.179
64.897
69.224
73.161
76.714
79.894
82.718
85.206
87.381
89.266
90.888
92.272
93.444
94.429
95.251
95.93
96.488
96.943
97.311
97.606
97.841
98.028
98.174
98.288
98.376
98.444
98.495
98.534
98.564
98.586
98.602
98.614
98.623
98.629
98.634
98.637
98.64
98.641
98.642
98.643
98.643
98.643
98.643
98.642
98.641
98.64
98.637
98.634
98.629
98.623
98.614
98.602
98.586
98.564
98.534
98.495
98.444
98.376
98.288
98.174
98.028
97.841
97.606
97.311
96.943
96.488
95.93
95.251
94.429
93.444
92.272
90.888
89.266
87.381
85.206
82.718
79.894
76.714
73.161
69.224
64.897
60.179
55.077
49.605
43.784
37.641
31.213
24.542
17.674
10.663
3.5641
-3.5543
-10.613
-17.593
-17.528
-10.573
-3.5411
3.5508
10.623
17.608
24.45
31.097
37.501
43.62
49.42
54.871
59.954
64.654
68.964
72.886
76.425
79.594
82.407
84.886
87.052
88.93
90.545
91.924
93.092
94.073
94.891
95.568
96.124
96.577
96.943
97.237
97.471
97.657
97.802
97.916
98.004
98.071
98.123
98.162
98.191
98.213
98.229
98.241
98.25
98.256
98.261
98.264
98.266
98.268
98.269
98.269
98.27
98.27
98.269
98.269
98.268
98.266
98.264
98.261
98.256
98.25
98.241
98.229
98.213
98.191
98.162
98.123
98.071
98.004
97.916
97.802
97.657
97.471
97.237
96.943
96.577
96.124
95.568
94.891
94.073
93.092
91.924
90.545
88.93
87.052
84.886
82.407
79.594
76.425
72.886
68.964
64.654
59.954
54.871
49.42
43.62
37.501
31.097
24.45
17.608
10.623
3.5508
-3.5411
-10.573
-17.528
-17.446
-10.524
-3.5246
3.5343
10.574
17.526
24.336
30.952
37.327
43.417
49.19
54.616
59.675
64.353
68.643
72.547
76.069
79.222
82.023
84.489
86.645
88.514
90.122
91.494
92.656
93.632
94.446
95.12
95.673
96.124
96.488
96.781
97.014
97.198
97.343
97.456
97.544
97.611
97.662
97.701
97.73
97.752
97.768
97.78
97.788
97.795
97.799
97.802
97.805
97.806
97.807
97.808
97.808
97.808
97.808
97.807
97.806
97.805
97.802
97.799
97.795
97.788
97.78
97.768
97.752
97.73
97.701
97.662
97.611
97.544
97.456
97.343
97.198
97.014
96.781
96.488
96.124
95.673
95.12
94.446
93.632
92.656
91.494
90.122
88.514
86.645
84.489
82.023
79.222
76.069
72.547
68.643
64.353
59.675
54.616
49.19
43.417
37.327
30.952
24.336
17.526
10.574
3.5343
-3.5246
-10.524
-17.446
-17.347
-10.464
-3.5045
3.5141
10.513
17.426
24.197
30.775
37.113
43.169
48.908
54.303
59.332
63.983
68.249
72.13
75.632
78.766
81.55
84.003
86.146
88.004
89.602
90.966
92.121
93.091
93.901
94.57
95.12
95.568
95.93
96.221
96.453
96.636
96.78
96.892
96.979
97.046
97.096
97.135
97.164
97.186
97.202
97.214
97.222
97.228
97.233
97.236
97.238
97.24
97.241
97.242
97.242
97.242
97.242
97.241
97.24
97.238
97.236
97.233
97.228
97.222
97.214
97.202
97.186
97.164
97.135
97.096
97.046
96.979
96.892
96.78
96.636
96.453
96.221
95.93
95.568
95.12
94.57
93.901
93.091
92.121
90.966
89.602
88.004
86.146
84.003
81.55
78.766
75.632
72.13
68.249
63.983
59.332
54.303
48.908
43.169
37.113
30.775
24.197
17.426
10.513
3.5141
-3.5045
-10.464
-17.347
-17.225
-10.39
-3.4799
3.4894
10.439
17.304
24.027
30.559
36.852
42.865
48.564
53.921
58.915
63.533
67.768
71.621
75.099
78.211
80.975
83.41
85.537
87.382
88.969
90.323
91.469
92.433
93.236
93.901
94.446
94.891
95.251
95.539
95.769
95.951
96.094
96.205
96.291
96.358
96.408
96.446
96.475
96.497
96.512
96.524
96.533
96.539
96.544
96.547
96.549
96.551
96.552
96.552
96.552
96.552
96.552
96.552
96.551
96.549
96.547
96.544
96.539
96.533
96.524
96.512
96.497
96.475
96.446
96.408
96.358
96.291
96.205
96.094
95.951
95.769
95.539
95.251
94.891
94.446
93.901
93.236
92.433
91.469
90.323
88.969
87.382
85.537
83.41
80.975
78.211
75.099
71.621
67.768
63.533
58.915
53.921
48.564
42.865
36.852
30.559
24.027
17.304
10.439
3.4894
-3.4799
-10.39
-17.225
-17.078
-10.301
-3.4501
3.4596
10.35
17.156
23.822
30.297
36.537
42.498
48.148
53.459
58.41
62.988
67.187
71.007
74.454
77.54
80.279
82.693
84.802
86.63
88.203
89.545
90.682
91.637
92.433
93.091
93.632
94.073
94.429
94.715
94.943
95.124
95.265
95.375
95.461
95.526
95.576
95.614
95.643
95.664
95.68
95.691
95.7
95.706
95.71
95.714
95.716
95.717
95.718
95.719
95.719
95.719
95.719
95.718
95.717
95.716
95.714
95.71
95.706
95.7
95.691
95.68
95.664
95.643
95.614
95.576
95.526
95.461
95.375
95.265
95.124
94.943
94.715
94.429
94.073
93.632
93.091
92.433
91.637
90.682
89.545
88.203
86.63
84.802
82.693
80.279
77.54
74.454
71.007
67.187
62.988
58.41
53.459
48.148
42.498
36.537
30.297
23.822
17.156
10.35
3.4596
-3.4501
-10.301
-17.078
-16.901
-10.195
-3.4144
3.4238
10.243
16.978
23.575
29.984
36.158
42.058
47.649
52.905
57.804
62.335
66.49
70.27
73.681
76.734
79.445
81.833
83.92
85.729
87.285
88.613
89.737
90.682
91.469
92.121
92.656
93.092
93.444
93.727
93.953
94.131
94.271
94.38
94.464
94.529
94.579
94.616
94.644
94.665
94.681
94.692
94.701
94.707
94.711
94.714
94.717
94.718
94.719
94.72
94.72
94.72
94.72
94.719
94.718
94.717
94.714
94.711
94.707
94.701
94.692
94.681
94.665
94.644
94.616
94.579
94.529
94.464
94.38
94.271
94.131
93.953
93.727
93.444
93.092
92.656
92.121
91.469
90.682
89.737
88.613
87.285
85.729
83.92
81.833
79.445
76.734
73.681
70.27
66.49
62.335
57.804
52.905
47.649
42.058
36.158
29.984
23.575
16.978
10.243
3.4238
-3.4144
-10.195
-16.901
-16.69
-10.068
-3.3719
3.3811
10.115
16.767
23.281
29.61
35.708
41.534
47.055
52.245
57.083
61.557
65.66
69.392
72.76
75.775
78.451
80.809
82.869
84.655
86.192
87.503
88.613
89.545
90.323
90.966
91.494
91.924
92.272
92.551
92.774
92.95
93.088
93.195
93.279
93.343
93.391
93.428
93.456
93.477
93.492
93.504
93.512
93.518
93.522
93.525
93.528
93.529
93.53
93.531
93.531
93.531
93.531
93.53
93.529
93.528
93.525
93.522
93.518
93.512
93.504
93.492
93.477
93.456
93.428
93.391
93.343
93.279
93.195
93.088
92.95
92.774
92.551
92.272
91.924
91.494
90.966
90.323
89.545
88.613
87.503
86.192
84.655
82.869
80.809
78.451
75.775
72.76
69.392
65.66
61.557
57.083
52.245
47.055
41.534
35.708
29.61
23.281
16.767
10.115
3.3811
-3.3719
-10.068
-16.69
-16.442
-9.9178
-3.3216
3.3307
9.9646
16.517
22.934
29.169
35.175
40.914
46.353
51.465
56.231
60.637
64.679
68.355
71.672
74.641
77.278
79.6
81.629
83.388
84.901
86.192
87.285
88.203
88.969
89.602
90.122
90.545
90.888
91.163
91.382
91.555
91.691
91.797
91.879
91.942
91.99
92.026
92.053
92.074
92.089
92.1
92.108
92.114
92.119
92.122
92.124
92.125
92.126
92.127
92.127
92.127
92.127
92.126
92.125
92.124
92.122
92.119
92.114
92.108
92.1
92.089
92.074
92.053
92.026
91.99
91.942
91.879
91.797
91.691
91.555
91.382
91.163
90.888
90.545
90.122
89.602
88.969
88.203
87.285
86.192
84.901
83.388
81.629
79.6
77.278
74.641
71.672
68.355
64.679
60.637
56.231
51.465
46.353
40.914
35.175
29.169
22.934
16.517
9.9646
3.3307
-3.3216
-9.9178
-16.442
-16.15
-9.7419
-3.2627
3.2716
9.7878
16.223
22.527
28.651
34.55
40.188
45.53
50.551
55.232
59.56
63.529
67.139
70.397
73.313
75.902
78.183
80.175
81.902
83.388
84.655
85.729
86.63
87.382
88.004
88.514
88.93
89.266
89.536
89.751
89.921
90.054
90.158
90.239
90.3
90.348
90.383
90.41
90.43
90.445
90.456
90.464
90.47
90.474
90.477
90.479
90.48
90.481
90.482
90.482
90.482
90.482
90.481
90.48
90.479
90.477
90.474
90.47
90.464
90.456
90.445
90.43
90.41
90.383
90.348
90.3
90.239
90.158
90.054
89.921
89.751
89.536
89.266
88.93
88.514
88.004
87.382
86.63
85.729
84.655
83.388
81.902
80.175
78.183
75.902
73.313
70.397
67.139
63.529
59.56
55.232
50.551
45.53
40.188
34.55
28.651
22.527
16.223
9.7878
3.2716
-3.2627
-9.7419
-16.15
-15.811
-9.5372
-3.1941
3.2029
9.5821
15.882
22.054
28.049
33.824
39.343
44.572
49.488
54.07
58.306
62.191
65.726
68.914
71.769
74.303
76.534
78.485
80.175
81.629
82.869
83.92
84.802
85.537
86.146
86.645
87.052
87.381
87.645
87.855
88.021
88.152
88.253
88.332
88.393
88.439
88.473
88.5
88.519
88.534
88.545
88.552
88.558
88.562
88.565
88.567
88.568
88.569
88.57
88.57
88.57
88.57
88.569
88.568
88.567
88.565
88.562
88.558
88.552
88.545
88.534
88.519
88.5
88.473
88.439
88.393
88.332
88.253
88.152
88.021
87.855
87.645
87.381
87.052
86.645
86.146
85.537
84.802
83.92
82.869
81.629
80.175
78.485
76.534
74.303
71.769
68.914
65.726
62.191
58.306
54.07
49.488
44.572
39.343
33.824
28.049
22.054
15.882
9.5821
3.2029
-3.1941
-9.5372
-15.811
-15.419
-9.3009
-3.115
3.1235
9.3447
15.489
21.507
27.353
32.986
38.367
43.467
48.26
52.729
56.86
60.648
64.094
67.204
69.987
72.457
74.633
76.534
78.183
79.6
80.809
81.833
82.693
83.41
84.003
84.489
84.886
85.206
85.464
85.668
85.83
85.958
86.057
86.133
86.192
86.237
86.271
86.297
86.316
86.33
86.34
86.348
86.353
86.357
86.36
86.362
86.364
86.364
86.365
86.365
86.365
86.365
86.364
86.364
86.362
86.36
86.357
86.353
86.348
86.34
86.33
86.316
86.297
86.271
86.237
86.192
86.133
86.057
85.958
85.83
85.668
85.464
85.206
84.886
84.489
84.003
83.41
82.693
81.833
80.809
79.6
78.183
76.534
74.633
72.457
69.987
67.204
64.094
60.648
56.86
52.729
48.26
43.467
38.367
32.986
27.353
21.507
15.489
9.3447
3.1235
-3.115
-9.3009
-15.419
-14.97
-9.0304
-3.0244
3.0327
9.0729
15.038
20.882
26.558
32.026
37.251
42.202
46.856
51.193
55.204
58.882
62.227
65.245
67.947
70.345
72.457
74.303
75.902
77.278
78.451
79.445
80.279
80.975
81.55
82.023
82.407
82.718
82.968
83.167
83.324
83.447
83.543
83.617
83.675
83.718
83.751
83.776
83.794
83.808
83.818
83.826
83.831
83.835
83.837
83.839
83.841
83.842
83.842
83.842
83.842
83.842
83.842
83.841
83.839
83.837
83.835
83.831
83.826
83.818
83.808
83.794
83.776
83.751
83.718
83.675
83.617
83.543
83.447
83.324
83.167
82.968
82.718
82.407
82.023
81.55
80.975
80.279
79.445
78.451
77.278
75.902
74.303
72.457
70.345
67.947
65.245
62.227
58.882
55.204
51.193
46.856
42.202
37.251
32.026
26.558
20.882
15.038
9.0729
3.0327
-3.0244
-9.0304
-14.97
-14.461
-8.7231
-2.9215
2.9295
8.7641
14.527
20.171
25.654
30.936
35.983
40.765
45.26
49.45
53.324
56.876
60.107
63.022
65.631
67.947
69.987
71.769
73.313
74.641
75.775
76.734
77.54
78.211
78.766
79.222
79.594
79.894
80.135
80.327
80.478
80.597
80.69
80.762
80.817
80.859
80.891
80.915
80.932
80.946
80.955
80.962
80.968
80.971
80.974
80.976
80.977
80.978
80.979
80.979
80.979
80.979
80.978
80.977
80.976
80.974
80.971
80.968
80.962
80.955
80.946
80.932
80.915
80.891
80.859
80.817
80.762
80.69
80.597
80.478
80.327
80.135
79.894
79.594
79.222
78.766
78.211
77.54
76.734
75.775
74.641
73.313
71.769
69.987
67.947
65.631
63.022
60.107
56.876
53.324
49.45
45.26
40.765
35.983
30.936
25.654
20.171
14.527
8.7641
2.9295
-2.9215
-8.7231
-14.461
-13.887
-8.3769
-2.8055
2.8132
8.4163
13.95
19.37
24.635
29.708
34.554
39.146
43.463
47.486
51.205
54.616
57.718
60.517
63.022
65.245
67.204
68.914
70.397
71.672
72.76
73.681
74.454
75.099
75.632
76.069
76.425
76.714
76.945
77.129
77.274
77.388
77.477
77.546
77.599
77.639
77.67
77.693
77.71
77.723
77.732
77.739
77.744
77.747
77.75
77.752
77.753
77.754
77.754
77.754
77.754
77.754
77.754
77.753
77.752
77.75
77.747
77.744
77.739
77.732
77.723
77.71
77.693
77.67
77.639
77.599
77.546
77.477
77.388
77.274
77.129
76.945
76.714
76.425
76.069
75.632
75.099
74.454
73.681
72.76
71.672
70.397
68.914
67.204
65.245
63.022
60.517
57.718
54.616
51.205
47.486
43.463
39.146
34.554
29.708
24.635
19.37
13.95
8.4163
2.8132
-2.8055
-8.3769
-13.887
-13.246
-7.9899
-2.6759
2.6832
8.0275
13.306
18.475
23.497
28.335
32.957
37.337
41.454
45.291
48.838
52.091
55.049
57.718
60.107
62.227
64.094
65.726
67.139
68.355
69.392
70.27
71.007
71.621
72.13
72.547
72.886
73.161
73.381
73.556
73.695
73.804
73.889
73.954
74.005
74.043
74.072
74.094
74.11
74.122
74.131
74.138
74.142
74.146
74.148
74.15
74.151
74.152
74.152
74.152
74.152
74.152
74.152
74.151
74.15
74.148
74.146
74.142
74.138
74.131
74.122
74.11
74.094
74.072
74.043
74.005
73.954
73.889
73.804
73.695
73.556
73.381
73.161
72.886
72.547
72.13
71.621
71.007
70.27
69.392
68.355
67.139
65.726
64.094
62.227
60.107
57.718
55.049
52.091
48.838
45.291
41.454
37.337
32.957
28.335
23.497
18.475
13.306
8.0275
2.6832
-2.6759
-7.9899
-13.246
-12.534
-7.5609
-2.5322
2.5391
7.5964
12.591
17.483
22.235
26.813
31.187
35.332
39.227
42.857
46.214
49.291
52.091
54.616
56.876
58.882
60.648
62.191
63.529
64.679
65.66
66.49
67.187
67.768
68.249
68.643
68.964
69.224
69.432
69.598
69.729
69.832
69.912
69.974
70.022
70.058
70.086
70.106
70.122
70.133
70.141
70.147
70.152
70.155
70.157
70.159
70.16
70.161
70.161
70.162
70.162
70.161
70.161
70.16
70.159
70.157
70.155
70.152
70.147
70.141
70.133
70.122
70.106
70.086
70.058
70.022
69.974
69.912
69.832
69.729
69.598
69.432
69.224
68.964
68.643
68.249
67.768
67.187
66.49
65.66
64.679
63.529
62.191
60.648
58.882
56.876
54.616
52.091
49.291
46.214
42.857
39.227
35.332
31.187
26.813
22.235
17.483
12.591
7.5964
2.5391
-2.5322
-7.5609
-12.534
-11.752
-7.0891
-2.3742
2.3807
7.1224
11.805
16.392
20.848
25.14
29.241
33.126
36.778
40.182
43.328
46.214
48.838
51.205
53.324
55.204
56.86
58.306
59.56
60.637
61.557
62.335
62.988
63.533
63.983
64.353
64.654
64.897
65.092
65.247
65.37
65.467
65.542
65.6
65.644
65.678
65.704
65.723
65.738
65.748
65.756
65.762
65.766
65.769
65.771
65.773
65.774
65.774
65.775
65.775
65.775
65.775
65.774
65.774
65.773
65.771
65.769
65.766
65.762
65.756
65.748
65.738
65.723
65.704
65.678
65.644
65.6
65.542
65.467
65.37
65.247
65.092
64.897
64.654
64.353
63.983
63.533
62.988
62.335
61.557
60.637
59.56
58.306
56.86
55.204
53.324
51.205
48.838
46.214
43.328
40.182
36.778
33.126
29.241
25.14
20.848
16.392
11.805
7.1224
2.3807
-2.3742
-7.0891
-11.752
-10.899
-6.5745
-2.2018
2.2079
6.6053
10.948
15.202
19.334
23.315
27.118
30.721
34.108
37.264
40.182
42.857
45.291
47.486
49.45
51.193
52.729
54.07
55.232
56.231
57.083
57.804
58.41
58.915
59.332
59.675
59.954
60.179
60.36
60.504
60.618
60.707
60.777
60.83
60.872
60.903
60.927
60.945
60.958
60.968
60.975
60.981
60.985
60.987
60.989
60.991
60.992
60.992
60.993
60.993
60.993
60.993
60.992
60.992
60.991
60.989
60.987
60.985
60.981
60.975
60.968
60.958
60.945
60.927
60.903
60.872
60.83
60.777
60.707
60.618
60.504
60.36
60.179
59.954
59.675
59.332
58.915
58.41
57.804
57.083
56.231
55.232
54.07
52.729
51.193
49.45
47.486
45.291
42.857
40.182
37.264
34.108
30.721
27.118
23.315
19.334
15.202
10.948
6.6053
2.2079
-2.2018
-6.5745
-10.899
-9.9762
-6.0178
-2.0154
2.0209
6.046
10.021
13.915
17.697
21.34
24.821
28.119
31.219
34.108
36.778
39.227
41.454
43.463
45.26
46.856
48.26
49.488
50.551
51.465
52.245
52.905
53.459
53.921
54.303
54.616
54.871
55.077
55.243
55.375
55.479
55.56
55.624
55.673
55.711
55.74
55.761
55.778
55.79
55.799
55.806
55.811
55.814
55.817
55.818
55.82
55.821
55.821
55.821
55.822
55.822
55.821
55.821
55.821
55.82
55.818
55.817
55.814
55.811
55.806
55.799
55.79
55.778
55.761
55.74
55.711
55.673
55.624
55.56
55.479
55.375
55.243
55.077
54.871
54.616
54.303
53.921
53.459
52.905
52.245
51.465
50.551
49.488
48.26
46.856
45.26
43.463
41.454
39.227
36.778
34.108
31.219
28.119
24.821
21.34
17.697
13.915
10.021
6.046
2.0209
-2.0154
-6.0178
-9.9762
-8.9859
-5.4204
-1.8153
1.8203
5.4458
9.0265
12.533
15.94
19.222
22.357
25.327
28.119
30.721
33.126
35.332
37.337
39.146
40.765
42.202
43.467
44.572
45.53
46.353
47.055
47.649
48.148
48.564
48.908
49.19
49.42
49.605
49.754
49.873
49.966
50.04
50.097
50.141
50.175
50.201
50.221
50.236
50.247
50.255
50.261
50.265
50.268
50.271
50.272
50.273
50.274
50.275
50.275
50.275
50.275
50.275
50.275
50.274
50.273
50.272
50.271
50.268
50.265
50.261
50.255
50.247
50.236
50.221
50.201
50.175
50.141
50.097
50.04
49.966
49.873
49.754
49.605
49.42
49.19
48.908
48.564
48.148
47.649
47.055
46.353
45.53
44.572
43.467
42.202
40.765
39.146
37.337
35.332
33.126
30.721
28.119
25.327
22.357
19.222
15.94
12.533
9.0265
5.4458
1.8203
-1.8153
-5.4204
-8.9859
-7.9321
-4.7847
-1.6024
1.6068
4.8072
7.9678
11.064
14.071
16.967
19.735
22.357
24.821
27.118
29.241
31.187
32.957
34.554
35.983
37.251
38.367
39.343
40.188
40.914
41.534
42.058
42.498
42.865
43.169
43.417
43.62
43.784
43.915
44.02
44.102
44.167
44.218
44.257
44.287
44.31
44.327
44.34
44.35
44.357
44.362
44.366
44.369
44.371
44.372
44.373
44.374
44.374
44.375
44.375
44.375
44.375
44.374
44.374
44.373
44.372
44.371
44.369
44.366
44.362
44.357
44.35
44.34
44.327
44.31
44.287
44.257
44.218
44.167
44.102
44.02
43.915
43.784
43.62
43.417
43.169
42.865
42.498
42.058
41.534
40.914
40.188
39.343
38.367
37.251
35.983
34.554
32.957
31.187
29.241
27.118
24.821
22.357
19.735
16.967
14.071
11.064
7.9678
4.8072
1.6068
-1.6024
-4.7847
-7.9321
-6.8198
-4.1138
-1.3777
1.3815
4.1331
6.8506
9.5121
12.097
14.588
16.967
19.222
21.34
23.315
25.14
26.813
28.335
29.708
30.936
32.026
32.986
33.824
34.55
35.175
35.708
36.158
36.537
36.852
37.113
37.327
37.501
37.641
37.754
37.844
37.915
37.971
38.014
38.048
38.073
38.093
38.108
38.119
38.127
38.134
38.138
38.141
38.144
38.146
38.147
38.148
38.148
38.149
38.149
38.149
38.149
38.149
38.149
38.148
38.148
38.147
38.146
38.144
38.141
38.138
38.134
38.127
38.119
38.108
38.093
38.073
38.048
38.014
37.971
37.915
37.844
37.754
37.641
37.501
37.327
37.113
36.852
36.537
36.158
35.708
35.175
34.55
33.824
32.986
32.026
30.936
29.708
28.335
26.813
25.14
23.315
21.34
19.222
16.967
14.588
12.097
9.5121
6.8506
4.1331
1.3815
-1.3777
-4.1138
-6.8198
-5.6556
-3.4115
-1.1425
1.1457
3.4275
5.681
7.8882
10.032
12.097
14.071
15.94
17.697
19.334
20.848
22.235
23.497
24.635
25.654
26.558
27.353
28.049
28.651
29.169
29.61
29.984
30.297
30.559
30.775
30.952
31.097
31.213
31.307
31.381
31.44
31.486
31.522
31.55
31.571
31.588
31.6
31.609
31.616
31.621
31.625
31.628
31.63
31.631
31.632
31.633
31.633
31.634
31.634
31.634
31.634
31.634
31.634
31.633
31.633
31.632
31.631
31.63
31.628
31.625
31.621
31.616
31.609
31.6
31.588
31.571
31.55
31.522
31.486
31.44
31.381
31.307
31.213
31.097
30.952
30.775
30.559
30.297
29.984
29.61
29.169
28.651
28.049
27.353
26.558
25.654
24.635
23.497
22.235
20.848
19.334
17.697
15.94
14.071
12.097
10.032
7.8882
5.681
3.4275
1.1457
-1.1425
-3.4115
-5.6556
-4.4469
-2.6825
-0.89837
0.90084
2.695
4.467
6.2025
7.8882
9.5121
11.064
12.533
13.915
15.202
16.392
17.483
18.475
19.37
20.171
20.882
21.507
22.054
22.527
22.934
23.281
23.575
23.822
24.027
24.197
24.336
24.45
24.542
24.615
24.674
24.72
24.756
24.785
24.806
24.823
24.836
24.846
24.853
24.858
24.862
24.865
24.867
24.869
24.87
24.871
24.871
24.872
24.872
24.872
24.872
24.872
24.872
24.872
24.872
24.871
24.871
24.87
24.869
24.867
24.865
24.862
24.858
24.853
24.846
24.836
24.823
24.806
24.785
24.756
24.72
24.674
24.615
24.542
24.45
24.336
24.197
24.027
23.822
23.575
23.281
22.934
22.527
22.054
21.507
20.882
20.171
19.37
18.475
17.483
16.392
15.202
13.915
12.533
11.064
9.5121
7.8882
6.2025
4.467
2.695
0.90084
-0.89837
-2.6825
-4.4469
-3.2027
-1.9319
-0.647
0.64878
1.9409
3.2171
4.467
5.681
6.8506
7.9678
9.0265
10.021
10.948
11.805
12.591
13.306
13.95
14.527
15.038
15.489
15.882
16.223
16.517
16.767
16.978
17.156
17.304
17.426
17.526
17.608
17.674
17.727
17.769
17.802
17.828
17.849
17.865
17.877
17.886
17.893
17.898
17.902
17.905
17.907
17.908
17.91
17.91
17.911
17.911
17.912
17.912
17.912
17.912
17.912
17.912
17.912
17.912
17.911
17.911
17.91
17.91
17.908
17.907
17.905
17.902
17.898
17.893
17.886
17.877
17.865
17.849
17.828
17.802
17.769
17.727
17.674
17.608
17.526
17.426
17.304
17.156
16.978
16.767
16.517
16.223
15.882
15.489
15.038
14.527
13.95
13.306
12.591
11.805
10.948
10.021
9.0265
7.9678
6.8506
5.681
4.467
3.2171
1.9409
0.64878
-0.647
-1.9319
-3.2027
-1.9322
-1.1656
-0.39035
0.39142
1.171
1.9409
2.695
3.4275
4.1331
4.8072
5.4458
6.046
6.6053
7.1224
7.5964
8.0275
8.4163
8.7641
9.0729
9.3447
9.5821
9.7878
9.9646
10.115
10.243
10.35
10.439
10.513
10.574
10.623
10.663
10.695
10.72
10.74
10.756
10.768
10.778
10.785
10.791
10.795
10.798
10.8
10.802
10.803
10.804
10.805
10.805
10.806
10.806
10.806
10.806
10.806
10.806
10.806
10.806
10.806
10.806
10.806
10.806
10.805
10.805
10.804
10.803
10.802
10.8
10.798
10.795
10.791
10.785
10.778
10.768
10.756
10.74
10.72
10.695
10.663
10.623
10.574
10.513
10.439
10.35
10.243
10.115
9.9646
9.7878
9.5821
9.3447
9.0729
8.7641
8.4163
8.0275
7.5964
7.1224
6.6053
6.046
5.4458
4.8072
4.1331
3.4275
2.695
1.9409
1.171
0.39142
-0.39035
-1.1656
-1.9322
-0.64587
-0.3896
-0.13048
0.13084
0.39142
0.64878
0.90084
1.1457
1.3815
1.6068
1.8203
2.0209
2.2079
2.3807
2.5391
2.6832
2.8132
2.9295
3.0327
3.1235
3.2029
3.2716
3.3307
3.3811
3.4238
3.4596
3.4894
3.5141
3.5343
3.5508
3.5641
3.5748
3.5833
3.59
3.5952
3.5993
3.6025
3.6049
3.6068
3.6082
3.6092
3.61
3.6106
3.611
3.6114
3.6116
3.6117
3.6119
3.6119
3.612
3.612
3.6121
3.6121
3.6121
3.6121
3.612
3.612
3.6119
3.6119
3.6117
3.6116
3.6114
3.611
3.6106
3.61
3.6092
3.6082
3.6068
3.6049
3.6025
3.5993
3.5952
3.59
3.5833
3.5748
3.5641
3.5508
3.5343
3.5141
3.4894
3.4596
3.4238
3.3811
3.3307
3.2716
3.2029
3.1235
3.0327
2.9295
2.8132
2.6832
2.5391
2.3807
2.2079
2.0209
1.8203
1.6068
1.3815
1.1457
0.90084
0.64878
0.39142
0.13084
-0.13048
-0.3896
-0.64587
0.64409
0.38853
0.13012
-0.13048
-0.39035
-0.647
-0.89837
-1.1425
-1.3777
-1.6024
-1.8153
-2.0154
-2.2018
-2.3742
-2.5322
-2.6759
-2.8055
-2.9215
-3.0244
-3.115
-3.1941
-3.2627
-3.3216
-3.3719
-3.4144
-3.4501
-3.4799
-3.5045
-3.5246
-3.5411
-3.5543
-3.565
-3.5735
-3.5801
-3.5854
-3.5895
-3.5927
-3.5951
-3.5969
-3.5983
-3.5994
-3.6002
-3.6007
-3.6012
-3.6015
-3.6017
-3.6019
-3.602
-3.6021
-3.6021
-3.6022
-3.6022
-3.6022
-3.6022
-3.6022
-3.6022
-3.6021
-3.6021
-3.602
-3.6019
-3.6017
-3.6015
-3.6012
-3.6007
-3.6002
-3.5994
-3.5983
-3.5969
-3.5951
-3.5927
-3.5895
-3.5854
-3.5801
-3.5735
-3.565
-3.5543
-3.5411
-3.5246
-3.5045
-3.4799
-3.4501
-3.4144
-3.3719
-3.3216
-3.2627
-3.1941
-3.115
-3.0244
-2.9215
-2.8055
-2.6759
-2.5322
-2.3742
-2.2018
-2.0154
-1.8153
-1.6024
-1.3777
-1.1425
-0.89837
-0.647
-0.39035
-0.13048
0.13012
0.38853
0.64409
1.9288
1.1626
0.38853
-0.3896
-1.1656
-1.9319
-2.6825
-3.4115
-4.1138
-4.7847
-5.4204
-6.0178
-6.5745
-7.0891
-7.5609
-7.9899
-8.3769
-8.7231
-9.0304
-9.3009
-9.5372
-9.7419
-9.9178
-10.068
-10.195
-10.301
-10.39
-10.464
-10.524
-10.573
-10.613
-10.644
-10.67
-10.69
-10.705
-10.718
-10.727
-10.734
-10.74
-10.744
-10.747
-10.749
-10.751
-10.752
-10.753
-10.754
-10.755
-10.755
-10.755
-10.755
-10.755
-10.755
-10.756
-10.756
-10.755
-10.755
-10.755
-10.755
-10.755
-10.755
-10.754
-10.753
-10.752
-10.751
-10.749
-10.747
-10.744
-10.74
-10.734
-10.727
-10.718
-10.705
-10.69
-10.67
-10.644
-10.613
-10.573
-10.524
-10.464
-10.39
-10.301
-10.195
-10.068
-9.9178
-9.7419
-9.5372
-9.3009
-9.0304
-8.7231
-8.3769
-7.9899
-7.5609
-7.0891
-6.5745
-6.0178
-5.4204
-4.7847
-4.1138
-3.4115
-2.6825
-1.9319
-1.1656
-0.3896
0.38853
1.1626
1.9288
3.2004
1.9288
0.64409
-0.64587
-1.9322
-3.2027
-4.4469
-5.6556
-6.8198
-7.9321
-8.9859
-9.9762
-10.899
-11.752
-12.534
-13.246
-13.887
-14.461
-14.97
-15.419
-15.811
-16.15
-16.442
-16.69
-16.901
-17.078
-17.225
-17.347
-17.446
-17.528
-17.593
-17.646
-17.688
-17.721
-17.747
-17.767
-17.783
-17.795
-17.804
-17.811
-17.816
-17.82
-17.823
-17.825
-17.827
-17.828
-17.829
-17.829
-17.83
-17.83
-17.83
-17.83
-17.83
-17.83
-17.83
-17.83
-17.83
-17.83
-17.829
-17.829
-17.828
-17.827
-17.825
-17.823
-17.82
-17.816
-17.811
-17.804
-17.795
-17.783
-17.767
-17.747
-17.721
-17.688
-17.646
-17.593
-17.528
-17.446
-17.347
-17.225
-17.078
-16.901
-16.69
-16.442
-16.15
-15.811
-15.419
-14.97
-14.461
-13.887
-13.246
-12.534
-11.752
-10.899
-9.9762
-8.9859
-7.9321
-6.8198
-5.6556
-4.4469
-3.2027
-1.9322
-0.64587
0.64409
1.9288
3.2004
