0.32674
0.19598
0.065286
-0.065469
-0.19634
-0.32699
-0.4573
-0.58712
-0.71631
-0.84473
-0.97225
-1.0987
-1.2241
-1.3481
-1.4707
-1.5917
-1.711
-1.8286
-1.9442
-2.0578
-2.1692
-2.2784
-2.3852
-2.4896
-2.5913
-2.6905
-2.7868
-2.8803
-2.9709
-3.0585
-3.143
-3.2243
-3.3024
-3.3771
-3.4486
-3.5166
-3.5811
-3.6421
-3.6995
-3.7532
-3.8033
-3.8497
-3.8924
-3.9313
-3.9663
-3.9976
-4.025
-4.0485
-4.0681
-4.0838
-4.0956
-4.1035
-4.1074
-4.1074
-4.1035
-4.0956
-4.0838
-4.0681
-4.0485
-4.025
-3.9976
-3.9663
-3.9313
-3.8924
-3.8497
-3.8033
-3.7532
-3.6995
-3.6421
-3.5811
-3.5166
-3.4486
-3.3771
-3.3024
-3.2243
-3.143
-3.0585
-2.9709
-2.8803
-2.7868
-2.6905
-2.5913
-2.4896
-2.3852
-2.2784
-2.1692
-2.0578
-1.9442
-1.8286
-1.711
-1.5917
-1.4707
-1.3481
-1.2241
-1.0987
-0.97225
-0.84473
-0.71631
-0.58712
-0.4573
-0.32699
-0.19634
-0.065469
0.065286
0.19598
0.32674
0.19598
0.11756
0.039196
-0.039306
-0.11787
-0.19632
-0.27455
-0.35249
-0.43005
-0.50715
-0.58371
-0.65965
-0.73488
-0.80934
-0.88293
-0.9556
-1.0272
-1.0978
-1.1672
-1.2354
-1.3023
-1.3679
-1.432
-1.4947
-1.5558
-1.6153
-1.6731
-1.7293
-1.7836
-1.8362
-1.8869
-1.9358
-1.9826
-2.0275
-2.0704
-2.1112
-2.15
-2.1866
-2.221
-2.2533
-2.2834
-2.3113
-2.3369
-2.3602
-2.3813
-2.4
-2.4165
-2.4306
-2.4424
-2.4518
-2.4589
-2.4636
-2.466
-2.466
-2.4636
-2.4589
-2.4518
-2.4424
-2.4306
-2.4165
-2.4
-2.3813
-2.3602
-2.3369
-2.3113
-2.2834
-2.2533
-2.221
-2.1866
-2.15
-2.1112
-2.0704
-2.0275
-1.9826
-1.9358
-1.8869
-1.8362
-1.7836
-1.7293
-1.6731
-1.6153
-1.5558
-1.4947
-1.432
-1.3679
-1.3023
-1.2354
-1.1672
-1.0978
-1.0272
-0.9556
-0.88293
-0.80934
-0.73488
-0.65965
-0.58371
-0.50715
-0.43005
-0.35249
-0.27455
-0.19632
-0.11787
-0.039306
0.039196
0.11756
0.19598
0.065286
0.039196
0.013097
-0.013133
-0.039386
-0.065596
-0.091736
-0.11778
-0.14369
-0.16946
-0.19504
-0.22041
-0.24555
-0.27043
-0.29502
-0.3193
-0.34324
-0.36682
-0.39001
-0.4128
-0.43515
-0.45706
-0.47848
-0.49942
-0.51983
-0.53971
-0.55904
-0.5778
-0.59597
-0.61354
-0.63049
-0.6468
-0.66246
-0.67747
-0.69179
-0.70543
-0.71837
-0.73061
-0.74212
-0.75291
-0.76296
-0.77227
-0.78083
-0.78862
-0.79566
-0.80193
-0.80742
-0.81214
-0.81607
-0.81922
-0.82159
-0.82317
-0.82396
-0.82396
-0.82317
-0.82159
-0.81922
-0.81607
-0.81214
-0.80742
-0.80193
-0.79566
-0.78862
-0.78083
-0.77227
-0.76296
-0.75291
-0.74212
-0.73061
-0.71837
-0.70543
-0.69179
-0.67747
-0.66246
-0.6468
-0.63049
-0.61354
-0.59597
-0.5778
-0.55904
-0.53971
-0.51983
-0.49942
-0.47848
-0.45706
-0.43515
-0.4128
-0.39001
-0.36682
-0.34324
-0.3193
-0.29502
-0.27043
-0.24555
-0.22041
-0.19504
-0.16946
-0.14369
-0.11778
-0.091736
-0.065596
-0.039386
-0.013133
0.013097
0.039196
0.065286
-0.065469
-0.039306
-0.013133
0.01317
0.039496
0.065779
0.091992
0.11811
0.14409
0.16993
0.19558
0.22102
0.24623
0.27118
0.29584
0.32019
0.34419
0.36784
0.3911
0.41395
0.43637
0.45833
0.47982
0.50081
0.52128
0.54122
0.5606
0.57941
0.59764
0.61525
0.63225
0.6486
0.66431
0.67936
0.69372
0.7074
0.72038
0.73265
0.74419
0.75501
0.76509
0.77442
0.783
0.79082
0.79788
0.80416
0.80967
0.8144
0.81835
0.82151
0.82388
0.82546
0.82625
0.82625
0.82546
0.82388
0.82151
0.81835
0.8144
0.80967
0.80416
0.79788
0.79082
0.783
0.77442
0.76509
0.75501
0.74419
0.73265
0.72038
0.7074
0.69372
0.67936
0.66431
0.6486
0.63225
0.61525
0.59764
0.57941
0.5606
0.54122
0.52128
0.50081
0.47982
0.45833
0.43637
0.41395
0.3911
0.36784
0.34419
0.32019
0.29584
0.27118
0.24623
0.22102
0.19558
0.16993
0.14409
0.11811
0.091992
0.065779
0.039496
0.01317
-0.013133
-0.039306
-0.065469
-0.19634
-0.11787
-0.039386
0.039496
0.11844
0.19727
0.27588
0.35419
0.43213
0.5096
0.58653
0.66284
0.73844
0.81325
0.8872
0.96022
1.0322
1.1031
1.1729
1.2414
1.3086
1.3745
1.4389
1.5019
1.5633
1.6231
1.6812
1.7376
1.7923
1.8451
1.8961
1.9451
1.9922
2.0373
2.0804
2.1214
2.1604
2.1972
2.2318
2.2642
2.2944
2.3224
2.3482
2.3716
2.3928
2.4116
2.4281
2.4423
2.4542
2.4636
2.4708
2.4755
2.4779
2.4779
2.4755
2.4708
2.4636
2.4542
2.4423
2.4281
2.4116
2.3928
2.3716
2.3482
2.3224
2.2944
2.2642
2.2318
2.1972
2.1604
2.1214
2.0804
2.0373
1.9922
1.9451
1.8961
1.8451
1.7923
1.7376
1.6812
1.6231
1.5633
1.5019
1.4389
1.3745
1.3086
1.2414
1.1729
1.1031
1.0322
0.96022
0.8872
0.81325
0.73844
0.66284
0.58653
0.5096
0.43213
0.35419
0.27588
0.19727
0.11844
0.039496
-0.039386
-0.11787
-0.19634
-0.32699
-0.19632
-0.065596
0.065779
0.19727
0.32854
0.45947
0.5899
0.7197
0.84873
0.97686
1.1039
1.2298
1.3544
1.4776
1.5992
1.7191
1.8372
1.9534
2.0675
2.1795
2.2892
2.3965
2.5014
2.6036
2.7032
2.8
2.894
2.985
3.073
3.1578
3.2395
3.318
3.3931
3.4649
3.5332
3.598
3.6593
3.717
3.771
3.8213
3.868
3.9108
3.9499
3.9851
4.0165
4.044
4.0676
4.0874
4.1031
4.115
4.1229
4.1268
4.1268
4.1229
4.115
4.1031
4.0874
4.0676
4.044
4.0165
3.9851
3.9499
3.9108
3.868
3.8213
3.771
3.717
3.6593
3.598
3.5332
3.4649
3.3931
3.318
3.2395
3.1578
3.073
2.985
2.894
2.8
2.7032
2.6036
2.5014
2.3965
2.2892
2.1795
2.0675
1.9534
1.8372
1.7191
1.5992
1.4776
1.3544
1.2298
1.1039
0.97686
0.84873
0.7197
0.5899
0.45947
0.32854
0.19727
0.065779
-0.065596
-0.19632
-0.32699
-0.4573
-0.27455
-0.091736
0.091992
0.27588
0.45947
0.64256
0.82497
1.0065
1.1869
1.3661
1.5439
1.7199
1.8942
2.0664
2.2365
2.4042
2.5694
2.7318
2.8914
3.048
3.2014
3.3515
3.4981
3.6412
3.7804
3.9158
4.0472
4.1745
4.2975
4.4162
4.5305
4.6402
4.7453
4.8456
4.9412
5.0318
5.1175
5.1982
5.2737
5.3441
5.4093
5.4693
5.5239
5.5732
5.6171
5.6556
5.6886
5.7162
5.7382
5.7548
5.7659
5.7714
5.7714
5.7659
5.7548
5.7382
5.7162
5.6886
5.6556
5.6171
5.5732
5.5239
5.4693
5.4093
5.3441
5.2737
5.1982
5.1175
5.0318
4.9412
4.8456
4.7453
4.6402
4.5305
4.4162
4.2975
4.1745
4.0472
3.9158
3.7804
3.6412
3.4981
3.3515
3.2014
3.048
2.8914
2.7318
2.5694
2.4042
2.2365
2.0664
1.8942
1.7199
1.5439
1.3661
1.1869
1.0065
0.82497
0.64256
0.45947
0.27588
0.091992
-0.091736
-0.27455
-0.4573
-0.58712
-0.35249
-0.11778
0.11811
0.35419
0.5899
0.82497
1.0592
1.2922
1.5239
1.7539
1.9821
2.2082
2.4319
2.6531
2.8714
3.0867
3.2987
3.5073
3.7123
3.9133
4.1102
4.3029
4.4912
4.6748
4.8536
5.0274
5.1961
5.3595
5.5175
5.6699
5.8166
5.9575
6.0924
6.2212
6.3439
6.4603
6.5703
6.6738
6.7708
6.8612
6.9449
7.0219
7.092
7.1553
7.2116
7.261
7.3035
7.3388
7.3672
7.3885
7.4027
7.4098
7.4098
7.4027
7.3885
7.3672
7.3388
7.3035
7.261
7.2116
7.1553
7.092
7.0219
6.9449
6.8612
6.7708
6.6738
6.5703
6.4603
6.3439
6.2212
6.0924
5.9575
5.8166
5.6699
5.5175
5.3595
5.1961
5.0274
4.8536
4.6748
4.4912
4.3029
4.1102
3.9133
3.7123
3.5073
3.2987
3.0867
2.8714
2.6531
2.4319
2.2082
1.9821
1.7539
1.5239
1.2922
1.0592
0.82497
0.5899
0.35419
0.11811
-0.11778
-0.35249
-0.58712
-0.71631
-0.43005
-0.14369
0.14409
0.43213
0.7197
1.0065
1.2922
1.5766
1.8592
2.1399
2.4183
2.6941
2.967
3.2368
3.5032
3.7659
4.0246
4.2791
4.5291
4.7744
5.0147
5.2498
5.4794
5.7034
5.9216
6.1337
6.3395
6.5388
6.7316
6.9175
7.0965
7.2683
7.4329
7.5901
7.7398
7.8818
8.016
8.1423
8.2607
8.371
8.4731
8.567
8.6525
8.7297
8.7985
8.8588
8.9105
8.9537
8.9883
9.0142
9.0315
9.0402
9.0402
9.0315
9.0142
8.9883
8.9537
8.9105
8.8588
8.7985
8.7297
8.6525
8.567
8.4731
8.371
8.2607
8.1423
8.016
7.8818
7.7398
7.5901
7.4329
7.2683
7.0965
6.9175
6.7316
6.5388
6.3395
6.1337
5.9216
5.7034
5.4794
5.2498
5.0147
4.7744
4.5291
4.2791
4.0246
3.7659
3.5032
3.2368
2.967
2.6941
2.4183
2.1399
1.8592
1.5766
1.2922
1.0065
0.7197
0.43213
0.14409
-0.14369
-0.43005
-0.71631
-0.84473
-0.50715
-0.16946
0.16993
0.5096
0.84873
1.1869
1.5239
1.8592
2.1925
2.5235
2.8518
3.1771
3.499
3.8171
4.1313
4.4411
4.7462
5.0463
5.3411
5.6303
5.9137
6.191
6.4618
6.726
6.9832
7.2333
7.476
7.7112
7.9384
8.1577
8.3688
8.5715
8.7656
8.9509
9.1274
9.2949
9.4531
9.6021
9.7417
9.8718
9.9922
10.103
10.204
10.295
10.376
10.447
10.508
10.559
10.6
10.63
10.651
10.661
10.661
10.651
10.63
10.6
10.559
10.508
10.447
10.376
10.295
10.204
10.103
9.9922
9.8718
9.7417
9.6021
9.4531
9.2949
9.1274
8.9509
8.7656
8.5715
8.3688
8.1577
7.9384
7.7112
7.476
7.2333
6.9832
6.726
6.4618
6.191
5.9137
5.6303
5.3411
5.0463
4.7462
4.4411
4.1313
3.8171
3.499
3.1771
2.8518
2.5235
2.1925
1.8592
1.5239
1.1869
0.84873
0.5096
0.16993
-0.16946
-0.50715
-0.84473
-0.97225
-0.58371
-0.19504
0.19558
0.58653
0.97686
1.3661
1.7539
2.1399
2.5235
2.9045
3.2823
3.6567
4.0272
4.3934
4.7549
5.1115
5.4626
5.8081
6.1474
6.4803
6.8065
7.1256
7.4373
7.7413
8.0374
8.3253
8.6046
8.8752
9.1368
9.3892
9.6321
9.8654
10.089
10.302
10.505
10.698
10.88
11.052
11.212
11.362
11.501
11.628
11.744
11.849
11.942
12.024
12.094
12.153
12.2
12.235
12.259
12.27
12.27
12.259
12.235
12.2
12.153
12.094
12.024
11.942
11.849
11.744
11.628
11.501
11.362
11.212
11.052
10.88
10.698
10.505
10.302
10.089
9.8654
9.6321
9.3892
9.1368
8.8752
8.6046
8.3253
8.0374
7.7413
7.4373
7.1256
6.8065
6.4803
6.1474
5.8081
5.4626
5.1115
4.7549
4.3934
4.0272
3.6567
3.2823
2.9045
2.5235
2.1399
1.7539
1.3661
0.97686
0.58653
0.19558
-0.19504
-0.58371
-0.97225
-1.0987
-0.65965
-0.22041
0.22102
0.66284
1.1039
1.5439
1.9821
2.4183
2.8518
3.2823
3.7094
4.1324
4.5511
4.9649
5.3735
5.7765
6.1733
6.5637
6.9471
7.3233
7.6919
8.0525
8.4048
8.7484
9.083
9.4083
9.724
10.03
10.325
10.611
10.885
11.149
11.401
11.642
11.872
12.09
12.296
12.489
12.671
12.84
12.997
13.141
13.272
13.39
13.496
13.588
13.668
13.734
13.787
13.827
13.853
13.867
13.867
13.853
13.827
13.787
13.734
13.668
13.588
13.496
13.39
13.272
13.141
12.997
12.84
12.671
12.489
12.296
12.09
11.872
11.642
11.401
11.149
10.885
10.611
10.325
10.03
9.724
9.4083
9.083
8.7484
8.4048
8.0525
7.6919
7.3233
6.9471
6.5637
6.1733
5.7765
5.3735
4.9649
4.5511
4.1324
3.7094
3.2823
2.8518
2.4183
1.9821
1.5439
1.1039
0.66284
0.22102
-0.22041
-0.65965
-1.0987
-1.2241
-0.73488
-0.24555
0.24623
0.73844
1.2298
1.7199
2.2082
2.6941
3.1771
3.6567
4.1324
4.6037
5.0702
5.5312
5.9864
6.4353
6.8774
7.3123
7.7395
8.1586
8.5692
8.971
9.3634
9.7462
10.119
10.481
10.833
11.174
11.503
11.821
12.127
12.42
12.702
12.97
13.226
13.469
13.698
13.914
14.116
14.305
14.479
14.64
14.786
14.918
15.035
15.138
15.227
15.3
15.359
15.404
15.433
15.448
15.448
15.433
15.404
15.359
15.3
15.227
15.138
15.035
14.918
14.786
14.64
14.479
14.305
14.116
13.914
13.698
13.469
13.226
12.97
12.702
12.42
12.127
11.821
11.503
11.174
10.833
10.481
10.119
9.7462
9.3634
8.971
8.5692
8.1586
7.7395
7.3123
6.8774
6.4353
5.9864
5.5312
5.0702
4.6037
4.1324
3.6567
3.1771
2.6941
2.2082
1.7199
1.2298
0.73844
0.24623
-0.24555
-0.73488
-1.2241
-1.3481
-0.80934
-0.27043
0.27118
0.81325
1.3544
1.8942
2.4319
2.967
3.499
4.0272
4.5511
5.0702
5.5838
6.0916
6.5929
7.0873
7.5742
8.0531
8.5236
8.9852
9.4374
9.8799
10.312
10.734
11.144
11.543
11.931
12.306
12.669
13.019
13.355
13.679
13.989
14.284
14.566
14.833
15.086
15.324
15.546
15.754
15.946
16.123
16.284
16.429
16.558
16.672
16.769
16.851
16.916
16.964
16.997
17.013
17.013
16.997
16.964
16.916
16.851
16.769
16.672
16.558
16.429
16.284
16.123
15.946
15.754
15.546
15.324
15.086
14.833
14.566
14.284
13.989
13.679
13.355
13.019
12.669
12.306
11.931
11.543
11.144
10.734
10.312
9.8799
9.4374
8.9852
8.5236
8.0531
7.5742
7.0873
6.5929
6.0916
5.5838
5.0702
4.5511
4.0272
3.499
2.967
2.4319
1.8942
1.3544
0.81325
0.27118
-0.27043
-0.80934
-1.3481
-1.4707
-0.88293
-0.29502
0.29584
0.8872
1.4776
2.0664
2.6531
3.2368
3.8171
4.3934
4.9649
5.5312
6.0916
6.6455
7.1924
7.7318
8.2629
8.7854
9.2987
9.8022
10.296
10.778
11.25
11.71
12.158
12.593
13.016
13.425
13.821
14.202
14.57
14.923
15.261
15.583
15.891
16.182
16.458
16.717
16.96
17.186
17.396
17.589
17.765
17.923
18.064
18.188
18.294
18.383
18.454
18.507
18.543
18.56
18.56
18.543
18.507
18.454
18.383
18.294
18.188
18.064
17.923
17.765
17.589
17.396
17.186
16.96
16.717
16.458
16.182
15.891
15.583
15.261
14.923
14.57
14.202
13.821
13.425
13.016
12.593
12.158
11.71
11.25
10.778
10.296
9.8022
9.2987
8.7854
8.2629
7.7318
7.1924
6.6455
6.0916
5.5312
4.9649
4.3934
3.8171
3.2368
2.6531
2.0664
1.4776
0.8872
0.29584
-0.29502
-0.88293
-1.4707
-1.5917
-0.9556
-0.3193
0.32019
0.96022
1.5992
2.2365
2.8714
3.5032
4.1313
4.7549
5.3735
5.9864
6.5929
7.1924
7.7844
8.368
8.9429
9.5084
10.064
10.609
11.143
11.665
12.176
12.673
13.158
13.629
14.087
14.53
14.958
15.371
15.769
16.151
16.516
16.866
17.198
17.514
17.812
18.093
18.356
18.601
18.828
19.036
19.226
19.398
19.551
19.685
19.8
19.896
19.972
20.03
20.069
20.088
20.088
20.069
20.03
19.972
19.896
19.8
19.685
19.551
19.398
19.226
19.036
18.828
18.601
18.356
18.093
17.812
17.514
17.198
16.866
16.516
16.151
15.769
15.371
14.958
14.53
14.087
13.629
13.158
12.673
12.176
11.665
11.143
10.609
10.064
9.5084
8.9429
8.368
7.7844
7.1924
6.5929
5.9864
5.3735
4.7549
4.1313
3.5032
2.8714
2.2365
1.5992
0.96022
0.32019
-0.3193
-0.9556
-1.5917
-1.711
-1.0272
-0.34324
0.34419
1.0322
1.7191
2.4042
3.0867
3.7659
4.4411
5.1115
5.7765
6.4353
7.0873
7.7318
8.368
8.9955
9.6135
10.221
10.819
11.404
11.978
12.54
13.089
13.624
14.145
14.651
15.143
15.619
16.08
16.524
16.951
17.362
17.755
18.13
18.488
18.827
19.148
19.449
19.732
19.996
20.239
20.464
20.668
20.852
21.017
21.161
21.284
21.387
21.47
21.532
21.573
21.594
21.594
21.573
21.532
21.47
21.387
21.284
21.161
21.017
20.852
20.668
20.464
20.239
19.996
19.732
19.449
19.148
18.827
18.488
18.13
17.755
17.362
16.951
16.524
16.08
15.619
15.143
14.651
14.145
13.624
13.089
12.54
11.978
11.404
10.819
10.221
9.6135
8.9955
8.368
7.7318
7.0873
6.4353
5.7765
5.1115
4.4411
3.7659
3.0867
2.4042
1.7191
1.0322
0.34419
-0.34324
-1.0272
-1.711
-1.8286
-1.0978
-0.36682
0.36784
1.1031
1.8372
2.5694
3.2987
4.0246
4.7462
5.4626
6.1733
6.8774
7.5742
8.2629
8.9429
9.6135
10.274
10.924
11.562
12.188
12.801
13.401
13.988
14.56
15.116
15.658
16.183
16.692
17.184
17.659
18.116
18.554
18.975
19.376
19.758
20.12
20.463
20.786
21.088
21.369
21.63
21.87
22.088
22.285
22.461
22.614
22.747
22.857
22.945
23.011
23.056
23.078
23.078
23.056
23.011
22.945
22.857
22.747
22.614
22.461
22.285
22.088
21.87
21.63
21.369
21.088
20.786
20.463
20.12
19.758
19.376
18.975
18.554
18.116
17.659
17.184
16.692
16.183
15.658
15.116
14.56
13.988
13.401
12.801
12.188
11.562
10.924
10.274
9.6135
8.9429
8.2629
7.5742
6.8774
6.1733
5.4626
4.7462
4.0246
3.2987
2.5694
1.8372
1.1031
0.36784
-0.36682
-1.0978
-1.8286
-1.9442
-1.1672
-0.39001
0.3911
1.1729
1.9534
2.7318
3.5073
4.2791
5.0463
5.8081
6.5637
7.3123
8.0531
8.7854
9.5084
10.221
10.924
11.614
12.293
12.959
13.611
14.249
14.872
15.48
16.072
16.648
17.207
17.748
18.271
18.775
19.261
19.728
20.174
20.601
21.007
21.393
21.757
22.1
22.421
22.72
22.998
23.252
23.485
23.694
23.881
24.044
24.185
24.302
24.396
24.466
24.513
24.537
24.537
24.513
24.466
24.396
24.302
24.185
24.044
23.881
23.694
23.485
23.252
22.998
22.72
22.421
22.1
21.757
21.393
21.007
20.601
20.174
19.728
19.261
18.775
18.271
17.748
17.207
16.648
16.072
15.48
14.872
14.249
13.611
12.959
12.293
11.614
10.924
10.221
9.5084
8.7854
8.0531
7.3123
6.5637
5.8081
5.0463
4.2791
3.5073
2.7318
1.9534
1.1729
0.3911
-0.39001
-1.1672
-1.9442
-2.0578
-1.2354
-0.4128
0.41395
1.2414
2.0675
2.8914
3.7123
4.5291
5.3411
6.1474
6.9471
7.7395
8.5236
9.2987
10.064
10.819
11.562
12.293
13.011
13.716
14.406
15.081
15.741
16.385
17.011
17.621
18.212
18.785
19.338
19.872
20.387
20.88
21.353
21.805
22.235
22.643
23.028
23.391
23.731
24.048
24.341
24.611
24.857
25.079
25.276
25.449
25.598
25.722
25.821
25.896
25.946
25.97
25.97
25.946
25.896
25.821
25.722
25.598
25.449
25.276
25.079
24.857
24.611
24.341
24.048
23.731
23.391
23.028
22.643
22.235
21.805
21.353
20.88
20.387
19.872
19.338
18.785
18.212
17.621
17.011
16.385
15.741
15.081
14.406
13.716
13.011
12.293
11.562
10.819
10.064
9.2987
8.5236
7.7395
6.9471
6.1474
5.3411
4.5291
3.7123
2.8914
2.0675
1.2414
0.41395
-0.4128
-1.2354
-2.0578
-2.1692
-1.3023
-0.43515
0.43637
1.3086
2.1795
3.048
3.9133
4.7744
5.6303
6.4803
7.3233
8.1586
8.9852
9.8022
10.609
11.404
12.188
12.959
13.716
14.458
15.186
15.898
16.594
17.272
17.933
18.575
19.198
19.802
20.386
20.949
21.491
22.011
22.51
22.986
23.439
23.869
24.275
24.658
25.016
25.35
25.659
25.944
26.203
26.437
26.645
26.827
26.984
27.115
27.22
27.298
27.351
27.377
27.377
27.351
27.298
27.22
27.115
26.984
26.827
26.645
26.437
26.203
25.944
25.659
25.35
25.016
24.658
24.275
23.869
23.439
22.986
22.51
22.011
21.491
20.949
20.386
19.802
19.198
18.575
17.933
17.272
16.594
15.898
15.186
14.458
13.716
12.959
12.188
11.404
10.609
9.8022
8.9852
8.1586
7.3233
6.4803
5.6303
4.7744
3.9133
3.048
2.1795
1.3086
0.43637
-0.43515
-1.3023
-2.1692
-2.2784
-1.3679
-0.45706
0.45833
1.3745
2.2892
3.2014
4.1102
5.0147
5.9137
6.8065
7.6919
8.5692
9.4374
10.296
11.143
11.978
12.801
13.611
14.406
15.186
15.95
16.698
17.429
18.141
18.835
19.51
20.164
20.799
21.412
22.003
22.572
23.119
23.642
24.142
24.618
25.07
25.497
25.899
26.275
26.626
26.951
27.25
27.522
27.767
27.986
28.178
28.342
28.48
28.59
28.672
28.727
28.755
28.755
28.727
28.672
28.59
28.48
28.342
28.178
27.986
27.767
27.522
27.25
26.951
26.626
26.275
25.899
25.497
25.07
24.618
24.142
23.642
23.119
22.572
22.003
21.412
20.799
20.164
19.51
18.835
18.141
17.429
16.698
15.95
15.186
14.406
13.611
12.801
11.978
11.143
10.296
9.4374
8.5692
7.6919
6.8065
5.9137
5.0147
4.1102
3.2014
2.2892
1.3745
0.45833
-0.45706
-1.3679
-2.2784
-2.3852
-1.432
-0.47848
0.47982
1.4389
2.3965
3.3515
4.3029
5.2498
6.191
7.1256
8.0525
8.971
9.8799
10.778
11.665
12.54
13.401
14.249
15.081
15.898
16.698
17.481
18.246
18.992
19.718
20.424
21.11
21.774
22.415
23.035
23.631
24.203
24.751
25.274
25.773
26.245
26.692
27.113
27.507
27.874
28.214
28.527
28.812
29.069
29.298
29.499
29.671
29.815
29.93
30.016
30.074
30.103
30.103
30.074
30.016
29.93
29.815
29.671
29.499
29.298
29.069
28.812
28.527
28.214
27.874
27.507
27.113
26.692
26.245
25.773
25.274
24.751
24.203
23.631
23.035
22.415
21.774
21.11
20.424
19.718
18.992
18.246
17.481
16.698
15.898
15.081
14.249
13.401
12.54
11.665
10.778
9.8799
8.971
8.0525
7.1256
6.191
5.2498
4.3029
3.3515
2.3965
1.4389
0.47982
-0.47848
-1.432
-2.3852
-2.4896
-1.4947
-0.49942
0.50081
1.5019
2.5014
3.4981
4.4912
5.4794
6.4618
7.4373
8.4048
9.3634
10.312
11.25
12.176
13.089
13.988
14.872
15.741
16.594
17.429
18.246
19.044
19.823
20.581
21.318
22.033
22.726
23.396
24.042
24.664
25.262
25.834
26.38
26.9
27.394
27.86
28.299
28.711
29.094
29.449
29.775
30.072
30.341
30.58
30.789
30.969
31.119
31.239
31.329
31.39
31.42
31.42
31.39
31.329
31.239
31.119
30.969
30.789
30.58
30.341
30.072
29.775
29.449
29.094
28.711
28.299
27.86
27.394
26.9
26.38
25.834
25.262
24.664
24.042
23.396
22.726
22.033
21.318
20.581
19.823
19.044
18.246
17.429
16.594
15.741
14.872
13.988
13.089
12.176
11.25
10.312
9.3634
8.4048
7.4373
6.4618
5.4794
4.4912
3.4981
2.5014
1.5019
0.50081
-0.49942
-1.4947
-2.4896
-2.5913
-1.5558
-0.51983
0.52128
1.5633
2.6036
3.6412
4.6748
5.7034
6.726
7.7413
8.7484
9.7462
10.734
11.71
12.673
13.624
14.56
15.48
16.385
17.272
18.141
18.992
19.823
20.633
21.422
22.189
22.934
23.655
24.352
25.025
25.673
26.294
26.89
27.458
28
28.513
28.999
29.456
29.884
30.283
30.653
30.992
31.302
31.581
31.83
32.048
32.235
32.391
32.516
32.61
32.673
32.704
32.704
32.673
32.61
32.516
32.391
32.235
32.048
31.83
31.581
31.302
30.992
30.653
30.283
29.884
29.456
28.999
28.513
28
27.458
26.89
26.294
25.673
25.025
24.352
23.655
22.934
22.189
21.422
20.633
19.823
18.992
18.141
17.272
16.385
15.48
14.56
13.624
12.673
11.71
10.734
9.7462
8.7484
7.7413
6.726
5.7034
4.6748
3.6412
2.6036
1.5633
0.52128
-0.51983
-1.5558
-2.5913
-2.6905
-1.6153
-0.53971
0.54122
1.6231
2.7032
3.7804
4.8536
5.9216
6.9832
8.0374
9.083
10.119
11.144
12.158
13.158
14.145
15.116
16.072
17.011
17.933
18.835
19.718
20.581
21.422
22.242
23.038
23.811
24.56
25.284
25.982
26.655
27.3
27.918
28.509
29.071
29.604
30.108
30.583
31.027
31.441
31.825
32.178
32.499
32.789
33.047
33.274
33.468
33.63
33.76
33.858
33.923
33.955
33.955
33.923
33.858
33.76
33.63
33.468
33.274
33.047
32.789
32.499
32.178
31.825
31.441
31.027
30.583
30.108
29.604
29.071
28.509
27.918
27.3
26.655
25.982
25.284
24.56
23.811
23.038
22.242
21.422
20.581
19.718
18.835
17.933
17.011
16.072
15.116
14.145
13.158
12.158
11.144
10.119
9.083
8.0374
6.9832
5.9216
4.8536
3.7804
2.7032
1.6231
0.54122
-0.53971
-1.6153
-2.6905
-2.7868
-1.6731
-0.55904
0.5606
1.6812
2.8
3.9158
5.0274
6.1337
7.2333
8.3253
9.4083
10.481
11.543
12.593
13.629
14.651
15.658
16.648
17.621
18.575
19.51
20.424
21.318
22.189
23.038
23.863
24.664
25.44
26.189
26.913
27.609
28.278
28.918
29.53
30.112
30.664
31.187
31.678
32.139
32.568
32.965
33.33
33.663
33.963
34.231
34.465
34.667
34.835
34.969
35.07
35.138
35.171
35.171
35.138
35.07
34.969
34.835
34.667
34.465
34.231
33.963
33.663
33.33
32.965
32.568
32.139
31.678
31.187
30.664
30.112
29.53
28.918
28.278
27.609
26.913
26.189
25.44
24.664
23.863
23.038
22.189
21.318
20.424
19.51
18.575
17.621
16.648
15.658
14.651
13.629
12.593
11.543
10.481
9.4083
8.3253
7.2333
6.1337
5.0274
3.9158
2.8
1.6812
0.5606
-0.55904
-1.6731
-2.7868
-2.8803
-1.7293
-0.5778
0.57941
1.7376
2.894
4.0472
5.1961
6.3395
7.476
8.6046
9.724
10.833
11.931
13.016
14.087
15.143
16.183
17.207
18.212
19.198
20.164
21.11
22.033
22.934
23.811
24.664
25.492
26.293
27.068
27.816
28.536
29.227
29.888
30.521
31.122
31.693
32.233
32.741
33.217
33.66
34.071
34.449
34.793
35.103
35.379
35.622
35.83
36.004
36.143
36.247
36.317
36.351
36.351
36.317
36.247
36.143
36.004
35.83
35.622
35.379
35.103
34.793
34.449
34.071
33.66
33.217
32.741
32.233
31.693
31.122
30.521
29.888
29.227
28.536
27.816
27.068
26.293
25.492
24.664
23.811
22.934
22.033
21.11
20.164
19.198
18.212
17.207
16.183
15.143
14.087
13.016
11.931
10.833
9.724
8.6046
7.476
6.3395
5.1961
4.0472
2.894
1.7376
0.57941
-0.5778
-1.7293
-2.8803
-2.9709
-1.7836
-0.59597
0.59764
1.7923
2.985
4.1745
5.3595
6.5388
7.7112
8.8752
10.03
11.174
12.306
13.425
14.53
15.619
16.692
17.748
18.785
19.802
20.799
21.774
22.726
23.655
24.56
25.44
26.293
27.12
27.919
28.691
29.433
30.146
30.828
31.48
32.101
32.69
33.247
33.771
34.262
34.719
35.143
35.532
35.887
36.207
36.492
36.742
36.957
37.136
37.279
37.387
37.459
37.495
37.495
37.459
37.387
37.279
37.136
36.957
36.742
36.492
36.207
35.887
35.532
35.143
34.719
34.262
33.771
33.247
32.69
32.101
31.48
30.828
30.146
29.433
28.691
27.919
27.12
26.293
25.44
24.56
23.655
22.726
21.774
20.799
19.802
18.785
17.748
16.692
15.619
14.53
13.425
12.306
11.174
10.03
8.8752
7.7112
6.5388
5.3595
4.1745
2.985
1.7923
0.59764
-0.59597
-1.7836
-2.9709
-3.0585
-1.8362
-0.61354
0.61525
1.8451
3.073
4.2975
5.5175
6.7316
7.9384
9.1368
10.325
11.503
12.669
13.821
14.958
16.08
17.184
18.271
19.338
20.386
21.412
22.415
23.396
24.352
25.284
26.189
27.068
27.919
28.742
29.536
30.301
31.034
31.737
32.408
33.047
33.654
34.227
34.766
35.271
35.742
36.178
36.579
36.945
37.274
37.568
37.825
38.046
38.23
38.378
38.489
38.563
38.6
38.6
38.563
38.489
38.378
38.23
38.046
37.825
37.568
37.274
36.945
36.579
36.178
35.742
35.271
34.766
34.227
33.654
33.047
32.408
31.737
31.034
30.301
29.536
28.742
27.919
27.068
26.189
25.284
24.352
23.396
22.415
21.412
20.386
19.338
18.271
17.184
16.08
14.958
13.821
12.669
11.503
10.325
9.1368
7.9384
6.7316
5.5175
4.2975
3.073
1.8451
0.61525
-0.61354
-1.8362
-3.0585
-3.143
-1.8869
-0.63049
0.63225
1.8961
3.1578
4.4162
5.6699
6.9175
8.1577
9.3892
10.611
11.821
13.019
14.202
15.371
16.524
17.659
18.775
19.872
20.949
22.003
23.035
24.042
25.025
25.982
26.913
27.816
28.691
29.536
30.352
31.138
31.892
32.614
33.303
33.96
34.583
35.172
35.726
36.246
36.73
37.178
37.59
37.965
38.304
38.605
38.87
39.097
39.286
39.438
39.552
39.628
39.666
39.666
39.628
39.552
39.438
39.286
39.097
38.87
38.605
38.304
37.965
37.59
37.178
36.73
36.246
35.726
35.172
34.583
33.96
33.303
32.614
31.892
31.138
30.352
29.536
28.691
27.816
26.913
25.982
25.025
24.042
23.035
22.003
20.949
19.872
18.775
17.659
16.524
15.371
14.202
13.019
11.821
10.611
9.3892
8.1577
6.9175
5.6699
4.4162
3.1578
1.8961
0.63225
-0.63049
-1.8869
-3.143
-3.2243
-1.9358
-0.6468
0.6486
1.9451
3.2395
4.5305
5.8166
7.0965
8.3688
9.6321
10.885
12.127
13.355
14.57
15.769
16.951
18.116
19.261
20.387
21.491
22.572
23.631
24.664
25.673
26.655
27.609
28.536
29.433
30.301
31.138
31.943
32.717
33.458
34.165
34.839
35.478
36.082
36.651
37.184
37.68
38.14
38.562
38.947
39.295
39.604
39.876
40.109
40.303
40.459
40.575
40.653
40.692
40.692
40.653
40.575
40.459
40.303
40.109
39.876
39.604
39.295
38.947
38.562
38.14
37.68
37.184
36.651
36.082
35.478
34.839
34.165
33.458
32.717
31.943
31.138
30.301
29.433
28.536
27.609
26.655
25.673
24.664
23.631
22.572
21.491
20.387
19.261
18.116
16.951
15.769
14.57
13.355
12.127
10.885
9.6321
8.3688
7.0965
5.8166
4.5305
3.2395
1.9451
0.6486
-0.6468
-1.9358
-3.2243
-3.3024
-1.9826
-0.66246
0.66431
1.9922
3.318
4.6402
5.9575
7.2683
8.5715
9.8654
11.149
12.42
13.679
14.923
16.151
17.362
18.554
19.728
20.88
22.011
23.119
24.203
25.262
26.294
27.3
28.278
29.227
30.146
31.034
31.892
32.717
33.509
34.268
34.993
35.682
36.337
36.956
37.538
38.084
38.592
39.063
39.496
39.891
40.246
40.563
40.841
41.08
41.279
41.438
41.558
41.638
41.678
41.678
41.638
41.558
41.438
41.279
41.08
40.841
40.563
40.246
39.891
39.496
39.063
38.592
38.084
37.538
36.956
36.337
35.682
34.993
34.268
33.509
32.717
31.892
31.034
30.146
29.227
28.278
27.3
26.294
25.262
24.203
23.119
22.011
20.88
19.728
18.554
17.362
16.151
14.923
13.679
12.42
11.149
9.8654
8.5715
7.2683
5.9575
4.6402
3.318
1.9922
0.66431
-0.66246
-1.9826
-3.3024
-3.3771
-2.0275
-0.67747
0.67936
2.0373
3.3931
4.7453
6.0924
7.4329
8.7656
10.089
11.401
12.702
13.989
15.261
16.516
17.755
18.975
20.174
21.353
22.51
23.642
24.751
25.834
26.89
27.918
28.918
29.888
30.828
31.737
32.614
33.458
34.268
35.044
35.785
36.491
37.16
37.793
38.388
38.946
39.466
39.948
40.39
40.794
41.158
41.482
41.766
42.01
42.214
42.377
42.499
42.581
42.622
42.622
42.581
42.499
42.377
42.214
42.01
41.766
41.482
41.158
40.794
40.39
39.948
39.466
38.946
38.388
37.793
37.16
36.491
35.785
35.044
34.268
33.458
32.614
31.737
30.828
29.888
28.918
27.918
26.89
25.834
24.751
23.642
22.51
21.353
20.174
18.975
17.755
16.516
15.261
13.989
12.702
11.401
10.089
8.7656
7.4329
6.0924
4.7453
3.3931
2.0373
0.67936
-0.67747
-2.0275
-3.3771
-3.4486
-2.0704
-0.69179
0.69372
2.0804
3.4649
4.8456
6.2212
7.5901
8.9509
10.302
11.642
12.97
14.284
15.583
16.866
18.13
19.376
20.601
21.805
22.986
24.142
25.274
26.38
27.458
28.509
29.53
30.521
31.48
32.408
33.303
34.165
34.993
35.785
36.542
37.262
37.946
38.592
39.2
39.77
40.301
40.793
41.245
41.657
42.028
42.359
42.649
42.899
43.106
43.273
43.398
43.481
43.523
43.523
43.481
43.398
43.273
43.106
42.899
42.649
42.359
42.028
41.657
41.245
40.793
40.301
39.77
39.2
38.592
37.946
37.262
36.542
35.785
34.993
34.165
33.303
32.408
31.48
30.521
29.53
28.509
27.458
26.38
25.274
24.142
22.986
21.805
20.601
19.376
18.13
16.866
15.583
14.284
12.97
11.642
10.302
8.9509
7.5901
6.2212
4.8456
3.4649
2.0804
0.69372
-0.69179
-2.0704
-3.4486
-3.5166
-2.1112
-0.70543
0.7074
2.1214
3.5332
4.9412
6.3439
7.7398
9.1274
10.505
11.872
13.226
14.566
15.891
17.198
18.488
19.758
21.007
22.235
23.439
24.618
25.773
26.9
28
29.071
30.112
31.122
32.101
33.047
33.96
34.839
35.682
36.491
37.262
37.997
38.694
39.353
39.973
40.554
41.096
41.597
42.058
42.478
42.857
43.194
43.49
43.744
43.956
44.126
44.254
44.339
44.381
44.381
44.339
44.254
44.126
43.956
43.744
43.49
43.194
42.857
42.478
42.058
41.597
41.096
40.554
39.973
39.353
38.694
37.997
37.262
36.491
35.682
34.839
33.96
33.047
32.101
31.122
30.112
29.071
28
26.9
25.773
24.618
23.439
22.235
21.007
19.758
18.488
17.198
15.891
14.566
13.226
11.872
10.505
9.1274
7.7398
6.3439
4.9412
3.5332
2.1214
0.7074
-0.70543
-2.1112
-3.5166
-3.5811
-2.15
-0.71837
0.72038
2.1604
3.598
5.0318
6.4603
7.8818
9.2949
10.698
12.09
13.469
14.833
16.182
17.514
18.827
20.12
21.393
22.643
23.869
25.07
26.245
27.394
28.513
29.604
30.664
31.693
32.69
33.654
34.583
35.478
36.337
37.16
37.946
38.694
39.404
40.075
40.706
41.298
41.85
42.36
42.829
43.257
43.643
43.987
44.288
44.547
44.763
44.936
45.065
45.152
45.195
45.195
45.152
45.065
44.936
44.763
44.547
44.288
43.987
43.643
43.257
42.829
42.36
41.85
41.298
40.706
40.075
39.404
38.694
37.946
37.16
36.337
35.478
34.583
33.654
32.69
31.693
30.664
29.604
28.513
27.394
26.245
25.07
23.869
22.643
21.393
20.12
18.827
17.514
16.182
14.833
13.469
12.09
10.698
9.2949
7.8818
6.4603
5.0318
3.598
2.1604
0.72038
-0.71837
-2.15
-3.5811
-3.6421
-2.1866
-0.73061
0.73265
2.1972
3.6593
5.1175
6.5703
8.016
9.4531
10.88
12.296
13.698
15.086
16.458
17.812
19.148
20.463
21.757
23.028
24.275
25.497
26.692
27.86
28.999
30.108
31.187
32.233
33.247
34.227
35.172
36.082
36.956
37.793
38.592
39.353
40.075
40.757
41.4
42.001
42.562
43.081
43.559
43.994
44.386
44.736
45.042
45.305
45.525
45.701
45.833
45.921
45.965
45.965
45.921
45.833
45.701
45.525
45.305
45.042
44.736
44.386
43.994
43.559
43.081
42.562
42.001
41.4
40.757
40.075
39.353
38.592
37.793
36.956
36.082
35.172
34.227
33.247
32.233
31.187
30.108
28.999
27.86
26.692
25.497
24.275
23.028
21.757
20.463
19.148
17.812
16.458
15.086
13.698
12.296
10.88
9.4531
8.016
6.5703
5.1175
3.6593
2.1972
0.73265
-0.73061
-2.1866
-3.6421
-3.6995
-2.221
-0.74212
0.74419
2.2318
3.717
5.1982
6.6738
8.1423
9.6021
11.052
12.489
13.914
15.324
16.717
18.093
19.449
20.786
22.1
23.391
24.658
25.899
27.113
28.299
29.456
30.583
31.678
32.741
33.771
34.766
35.726
36.651
37.538
38.388
39.2
39.973
40.706
41.4
42.052
42.663
43.233
43.76
44.245
44.687
45.086
45.441
45.752
46.02
46.243
46.421
46.555
46.645
46.689
46.689
46.645
46.555
46.421
46.243
46.02
45.752
45.441
45.086
44.687
44.245
43.76
43.233
42.663
42.052
41.4
40.706
39.973
39.2
38.388
37.538
36.651
35.726
34.766
33.771
32.741
31.678
30.583
29.456
28.299
27.113
25.899
24.658
23.391
22.1
20.786
19.449
18.093
16.717
15.324
13.914
12.489
11.052
9.6021
8.1423
6.6738
5.1982
3.717
2.2318
0.74419
-0.74212
-2.221
-3.6995
-3.7532
-2.2533
-0.75291
0.75501
2.2642
3.771
5.2737
6.7708
8.2607
9.7417
11.212
12.671
14.116
15.546
16.96
18.356
19.732
21.088
22.421
23.731
25.016
26.275
27.507
28.711
29.884
31.027
32.139
33.217
34.262
35.271
36.246
37.184
38.084
38.946
39.77
40.554
41.298
42.001
42.663
43.284
43.861
44.397
44.888
45.337
45.741
46.102
46.417
46.688
46.915
47.096
47.232
47.323
47.368
47.368
47.323
47.232
47.096
46.915
46.688
46.417
46.102
45.741
45.337
44.888
44.397
43.861
43.284
42.663
42.001
41.298
40.554
39.77
38.946
38.084
37.184
36.246
35.271
34.262
33.217
32.139
31.027
29.884
28.711
27.507
26.275
25.016
23.731
22.421
21.088
19.732
18.356
16.96
15.546
14.116
12.671
11.212
9.7417
8.2607
6.7708
5.2737
3.771
2.2642
0.75501
-0.75291
-2.2533
-3.7532
-3.8033
-2.2834
-0.76296
0.76509
2.2944
3.8213
5.3441
6.8612
8.371
9.8718
11.362
12.84
14.305
15.754
17.186
18.601
19.996
21.369
22.72
24.048
25.35
26.626
27.874
29.094
30.283
31.441
32.568
33.66
34.719
35.742
36.73
37.68
38.592
39.466
40.301
41.096
41.85
42.562
43.233
43.861
44.447
44.989
45.488
45.942
46.352
46.717
47.037
47.312
47.541
47.725
47.862
47.954
48
48
47.954
47.862
47.725
47.541
47.312
47.037
46.717
46.352
45.942
45.488
44.989
44.447
43.861
43.233
42.562
41.85
41.096
40.301
39.466
38.592
37.68
36.73
35.742
34.719
33.66
32.568
31.441
30.283
29.094
27.874
26.626
25.35
24.048
22.72
21.369
19.996
18.601
17.186
15.754
14.305
12.84
11.362
9.8718
8.371
6.8612
5.3441
3.8213
2.2944
0.76509
-0.76296
-2.2834
-3.8033
-3.8497
-2.3113
-0.77227
0.77442
2.3224
3.868
5.4093
6.9449
8.4731
9.9922
11.501
12.997
14.479
15.946
17.396
18.828
20.239
21.63
22.998
24.341
25.659
26.951
28.214
29.449
30.653
31.825
32.965
34.071
35.143
36.178
37.178
38.14
39.063
39.948
40.793
41.597
42.36
43.081
43.76
44.397
44.989
45.538
46.043
46.502
46.917
47.287
47.611
47.889
48.121
48.307
48.446
48.539
48.586
48.586
48.539
48.446
48.307
48.121
47.889
47.611
47.287
46.917
46.502
46.043
45.538
44.989
44.397
43.76
43.081
42.36
41.597
40.793
39.948
39.063
38.14
37.178
36.178
35.143
34.071
32.965
31.825
30.653
29.449
28.214
26.951
25.659
24.341
22.998
21.63
20.239
18.828
17.396
15.946
14.479
12.997
11.501
9.9922
8.4731
6.9449
5.4093
3.868
2.3224
0.77442
-0.77227
-2.3113
-3.8497
-3.8924
-2.3369
-0.78083
0.783
2.3482
3.9108
5.4693
7.0219
8.567
10.103
11.628
13.141
14.64
16.123
17.589
19.036
20.464
21.87
23.252
24.611
25.944
27.25
28.527
29.775
30.992
32.178
33.33
34.449
35.532
36.579
37.59
38.562
39.496
40.39
41.245
42.058
42.829
43.559
44.245
44.888
45.488
46.043
46.553
47.018
47.437
47.811
48.138
48.42
48.654
48.842
48.983
49.077
49.124
49.124
49.077
48.983
48.842
48.654
48.42
48.138
47.811
47.437
47.018
46.553
46.043
45.488
44.888
44.245
43.559
42.829
42.058
41.245
40.39
39.496
38.562
37.59
36.579
35.532
34.449
33.33
32.178
30.992
29.775
28.527
27.25
25.944
24.611
23.252
21.87
20.464
19.036
17.589
16.123
14.64
13.141
11.628
10.103
8.567
7.0219
5.4693
3.9108
2.3482
0.783
-0.78083
-2.3369
-3.8924
-3.9313
-2.3602
-0.78862
0.79082
2.3716
3.9499
5.5239
7.092
8.6525
10.204
11.744
13.272
14.786
16.284
17.765
19.226
20.668
22.088
23.485
24.857
26.203
27.522
28.812
30.072
31.302
32.499
33.663
34.793
35.887
36.945
37.965
38.947
39.891
40.794
41.657
42.478
43.257
43.994
44.687
45.337
45.942
46.502
47.018
47.487
47.911
48.288
48.619
48.903
49.14
49.33
49.472
49.567
49.615
49.615
49.567
49.472
49.33
49.14
48.903
48.619
48.288
47.911
47.487
47.018
46.502
45.942
45.337
44.687
43.994
43.257
42.478
41.657
40.794
39.891
38.947
37.965
36.945
35.887
34.793
33.663
32.499
31.302
30.072
28.812
27.522
26.203
24.857
23.485
22.088
20.668
19.226
17.765
16.284
14.786
13.272
11.744
10.204
8.6525
7.092
5.5239
3.9499
2.3716
0.79082
-0.78862
-2.3602
-3.9313
-3.9663
-2.3813
-0.79566
0.79788
2.3928
3.9851
5.5732
7.1553
8.7297
10.295
11.849
13.39
14.918
16.429
17.923
19.398
20.852
22.285
23.694
25.079
26.437
27.767
29.069
30.341
31.581
32.789
33.963
35.103
36.207
37.274
38.304
39.295
40.246
41.158
42.028
42.857
43.643
44.386
45.086
45.741
46.352
46.917
47.437
47.911
48.338
48.719
49.053
49.339
49.579
49.77
49.914
50.01
50.058
50.058
50.01
49.914
49.77
49.579
49.339
49.053
48.719
48.338
47.911
47.437
46.917
46.352
45.741
45.086
44.386
43.643
42.857
42.028
41.158
40.246
39.295
38.304
37.274
36.207
35.103
33.963
32.789
31.581
30.341
29.069
27.767
26.437
25.079
23.694
22.285
20.852
19.398
17.923
16.429
14.918
13.39
11.849
10.295
8.7297
7.1553
5.5732
3.9851
2.3928
0.79788
-0.79566
-2.3813
-3.9663
-3.9976
-2.4
-0.80193
0.80416
2.4116
4.0165
5.6171
7.2116
8.7985
10.376
11.942
13.496
15.035
16.558
18.064
19.551
21.017
22.461
23.881
25.276
26.645
27.986
29.298
30.58
31.83
33.047
34.231
35.379
36.492
37.568
38.605
39.604
40.563
41.482
42.359
43.194
43.987
44.736
45.441
46.102
46.717
47.287
47.811
48.288
48.719
49.103
49.439
49.728
49.969
50.162
50.307
50.403
50.452
50.452
50.403
50.307
50.162
49.969
49.728
49.439
49.103
48.719
48.288
47.811
47.287
46.717
46.102
45.441
44.736
43.987
43.194
42.359
41.482
40.563
39.604
38.605
37.568
36.492
35.379
34.231
33.047
31.83
30.58
29.298
27.986
26.645
25.276
23.881
22.461
21.017
19.551
18.064
16.558
15.035
13.496
11.942
10.376
8.7985
7.2116
5.6171
4.0165
2.4116
0.80416
-0.80193
-2.4
-3.9976
-4.025
-2.4165
-0.80742
0.80967
2.4281
4.044
5.6556
7.261
8.8588
10.447
12.024
13.588
15.138
16.672
18.188
19.685
21.161
22.614
24.044
25.449
26.827
28.178
29.499
30.789
32.048
33.274
34.465
35.622
36.742
37.825
38.87
39.876
40.841
41.766
42.649
43.49
44.288
45.042
45.752
46.417
47.037
47.611
48.138
48.619
49.053
49.439
49.778
50.069
50.311
50.506
50.651
50.749
50.797
50.797
50.749
50.651
50.506
50.311
50.069
49.778
49.439
49.053
48.619
48.138
47.611
47.037
46.417
45.752
45.042
44.288
43.49
42.649
41.766
40.841
39.876
38.87
37.825
36.742
35.622
34.465
33.274
32.048
30.789
29.499
28.178
26.827
25.449
24.044
22.614
21.161
19.685
18.188
16.672
15.138
13.588
12.024
10.447
8.8588
7.261
5.6556
4.044
2.4281
0.80967
-0.80742
-2.4165
-4.025
-4.0485
-2.4306
-0.81214
0.8144
2.4423
4.0676
5.6886
7.3035
8.9105
10.508
12.094
13.668
15.227
16.769
18.294
19.8
21.284
22.747
24.185
25.598
26.984
28.342
29.671
30.969
32.235
33.468
34.667
35.83
36.957
38.046
39.097
40.109
41.08
42.01
42.899
43.744
44.547
45.305
46.02
46.688
47.312
47.889
48.42
48.903
49.339
49.728
50.069
50.361
50.605
50.801
50.947
51.045
51.094
51.094
51.045
50.947
50.801
50.605
50.361
50.069
49.728
49.339
48.903
48.42
47.889
47.312
46.688
46.02
45.305
44.547
43.744
42.899
42.01
41.08
40.109
39.097
38.046
36.957
35.83
34.667
33.468
32.235
30.969
29.671
28.342
26.984
25.598
24.185
22.747
21.284
19.8
18.294
16.769
15.227
13.668
12.094
10.508
8.9105
7.3035
5.6886
4.0676
2.4423
0.8144
-0.81214
-2.4306
-4.0485
-4.0681
-2.4424
-0.81607
0.81835
2.4542
4.0874
5.7162
7.3388
8.9537
10.559
12.153
13.734
15.3
16.851
18.383
19.896
21.387
22.857
24.302
25.722
27.115
28.48
29.815
31.119
32.391
33.63
34.835
36.004
37.136
38.23
39.286
40.303
41.279
42.214
43.106
43.956
44.763
45.525
46.243
46.915
47.541
48.121
48.654
49.14
49.579
49.969
50.311
50.605
50.85
51.047
51.194
51.293
51.342
51.342
51.293
51.194
51.047
50.85
50.605
50.311
49.969
49.579
49.14
48.654
48.121
47.541
46.915
46.243
45.525
44.763
43.956
43.106
42.214
41.279
40.303
39.286
38.23
37.136
36.004
34.835
33.63
32.391
31.119
29.815
28.48
27.115
25.722
24.302
22.857
21.387
19.896
18.383
16.851
15.3
13.734
12.153
10.559
8.9537
7.3388
5.7162
4.0874
2.4542
0.81835
-0.81607
-2.4424
-4.0681
-4.0838
-2.4518
-0.81922
0.82151
2.4636
4.1031
5.7382
7.3672
8.9883
10.6
12.2
13.787
15.359
16.916
18.454
19.972
21.47
22.945
24.396
25.821
27.22
28.59
29.93
31.239
32.516
33.76
34.969
36.143
37.279
38.378
39.438
40.459
41.438
42.377
43.273
44.126
44.936
45.701
46.421
47.096
47.725
48.307
48.842
49.33
49.77
50.162
50.506
50.801
51.047
51.244
51.392
51.491
51.54
51.54
51.491
51.392
51.244
51.047
50.801
50.506
50.162
49.77
49.33
48.842
48.307
47.725
47.096
46.421
45.701
44.936
44.126
43.273
42.377
41.438
40.459
39.438
38.378
37.279
36.143
34.969
33.76
32.516
31.239
29.93
28.59
27.22
25.821
24.396
22.945
21.47
19.972
18.454
16.916
15.359
13.787
12.2
10.6
8.9883
7.3672
5.7382
4.1031
2.4636
0.82151
-0.81922
-2.4518
-4.0838
-4.0956
-2.4589
-0.82159
0.82388
2.4708
4.115
5.7548
7.3885
9.0142
10.63
12.235
13.827
15.404
16.964
18.507
20.03
21.532
23.011
24.466
25.896
27.298
28.672
30.016
31.329
32.61
33.858
35.07
36.247
37.387
38.489
39.552
40.575
41.558
42.499
43.398
44.254
45.065
45.833
46.555
47.232
47.862
48.446
48.983
49.472
49.914
50.307
50.651
50.947
51.194
51.392
51.54
51.639
51.689
51.689
51.639
51.54
51.392
51.194
50.947
50.651
50.307
49.914
49.472
48.983
48.446
47.862
47.232
46.555
45.833
45.065
44.254
43.398
42.499
41.558
40.575
39.552
38.489
37.387
36.247
35.07
33.858
32.61
31.329
30.016
28.672
27.298
25.896
24.466
23.011
21.532
20.03
18.507
16.964
15.404
13.827
12.235
10.63
9.0142
7.3885
5.7548
4.115
2.4708
0.82388
-0.82159
-2.4589
-4.0956
-4.1035
-2.4636
-0.82317
0.82546
2.4755
4.1229
5.7659
7.4027
9.0315
10.651
12.259
13.853
15.433
16.997
18.543
20.069
21.573
23.056
24.513
25.946
27.351
28.727
30.074
31.39
32.673
33.923
35.138
36.317
37.459
38.563
39.628
40.653
41.638
42.581
43.481
44.339
45.152
45.921
46.645
47.323
47.954
48.539
49.077
49.567
50.01
50.403
50.749
51.045
51.293
51.491
51.639
51.739
51.788
51.788
51.739
51.639
51.491
51.293
51.045
50.749
50.403
50.01
49.567
49.077
48.539
47.954
47.323
46.645
45.921
45.152
44.339
43.481
42.581
41.638
40.653
39.628
38.563
37.459
36.317
35.138
33.923
32.673
31.39
30.074
28.727
27.351
25.946
24.513
23.056
21.573
20.069
18.543
16.997
15.433
13.853
12.259
10.651
9.0315
7.4027
5.7659
4.1229
2.4755
0.82546
-0.82317
-2.4636
-4.1035
-4.1074
-2.466
-0.82396
0.82625
2.4779
4.1268
5.7714
7.4098
9.0402
10.661
12.27
13.867
15.448
17.013
18.56
20.088
21.594
23.078
24.537
25.97
27.377
28.755
30.103
31.42
32.704
33.955
35.171
36.351
37.495
38.6
39.666
40.692
41.678
42.622
43.523
44.381
45.195
45.965
46.689
47.368
48
48.586
49.124
49.615
50.058
50.452
50.797
51.094
51.342
51.54
51.689
51.788
51.838
51.838
51.788
51.689
51.54
51.342
51.094
50.797
50.452
50.058
49.615
49.124
48.586
48
47.368
46.689
45.965
45.195
44.381
43.523
42.622
41.678
40.692
39.666
38.6
37.495
36.351
35.171
33.955
32.704
31.42
30.103
28.755
27.377
25.97
24.537
23.078
21.594
20.088
18.56
17.013
15.448
13.867
12.27
10.661
9.0402
7.4098
5.7714
4.1268
2.4779
0.82625
-0.82396
-2.466
-4.1074
-4.1074
-2.466
-0.82396
0.82625
2.4779
4.1268
5.7714
7.4098
9.0402
10.661
12.27
13.867
15.448
17.013
18.56
20.088
21.594
23.078
24.537
25.97
27.377
28.755
30.103
31.42
32.704
33.955
35.171
36.351
37.495
38.6
39.666
40.692
41.678
42.622
43.523
44.381
45.195
45.965
46.689
47.368
48
48.586
49.124
49.615
50.058
50.452
50.797
51.094
51.342
51.54
51.689
51.788
51.838
51.838
51.788
51.689
51.54
51.342
51.094
50.797
50.452
50.058
49.615
49.124
48.586
48
47.368
46.689
45.965
45.195
44.381
43.523
42.622
41.678
40.692
39.666
38.6
37.495
36.351
35.171
33.955
32.704
31.42
30.103
28.755
27.377
25.97
24.537
23.078
21.594
20.088
18.56
17.013
15.448
13.867
12.27
10.661
9.0402
7.4098
5.7714
4.1268
2.4779
0.82625
-0.82396
-2.466
-4.1074
-4.1035
-2.4636
-0.82317
0.82546
2.4755
4.1229
5.7659
7.4027
9.0315
10.651
12.259
13.853
15.433
16.997
18.543
20.069
21.573
23.056
24.513
25.946
27.351
28.727
30.074
31.39
32.673
33.923
35.138
36.317
37.459
38.563
39.628
40.653
41.638
42.581
43.481
44.339
45.152
45.921
46.645
47.323
47.954
48.539
49.077
49.567
50.01
50.403
50.749
51.045
51.293
51.491
51.639
51.739
51.788
51.788
51.739
51.639
51.491
51.293
51.045
50.749
50.403
50.01
49.567
49.077
48.539
47.954
47.323
46.645
45.921
45.152
44.339
43.481
42.581
41.638
40.653
39.628
38.563
37.459
36.317
35.138
33.923
32.673
31.39
30.074
28.727
27.351
25.946
24.513
23.056
21.573
20.069
18.543
16.997
15.433
13.853
12.259
10.651
9.0315
7.4027
5.7659
4.1229
2.4755
0.82546
-0.82317
-2.4636
-4.1035
-4.0956
-2.4589
-0.82159
0.82388
2.4708
4.115
5.7548
7.3885
9.0142
10.63
12.235
13.827
15.404
16.964
18.507
20.03
21.532
23.011
24.466
25.896
27.298
28.672
30.016
31.329
32.61
33.858
35.07
36.247
37.387
38.489
39.552
40.575
41.558
42.499
43.398
44.254
45.065
45.833
46.555
47.232
47.862
48.446
48.983
49.472
49.914
50.307
50.651
50.947
51.194
51.392
51.54
51.639
51.689
51.689
51.639
51.54
51.392
51.194
50.947
50.651
50.307
49.914
49.472
48.983
48.446
47.862
47.232
46.555
45.833
45.065
44.254
43.398
42.499
41.558
40.575
39.552
38.489
37.387
36.247
35.07
33.858
32.61
31.329
30.016
28.672
27.298
25.896
24.466
23.011
21.532
20.03
18.507
16.964
15.404
13.827
12.235
10.63
9.0142
7.3885
5.7548
4.115
2.4708
0.82388
-0.82159
-2.4589
-4.0956
-4.0838
-2.4518
-0.81922
0.82151
2.4636
4.1031
5.7382
7.3672
8.9883
10.6
12.2
13.787
15.359
16.916
18.454
19.972
21.47
22.945
24.396
25.821
27.22
28.59
29.93
31.239
32.516
33.76
34.969
36.143
37.279
38.378
39.438
40.459
41.438
42.377
43.273
44.126
44.936
45.701
46.421
47.096
47.725
48.307
48.842
49.33
49.77
50.162
50.506
50.801
51.047
51.244
51.392
51.491
51.54
51.54
51.491
51.392
51.244
51.047
50.801
50.506
50.162
49.77
49.33
48.842
48.307
47.725
47.096
46.421
45.701
44.936
44.126
43.273
42.377
41.438
40.459
39.438
38.378
37.279
36.143
34.969
33.76
32.516
31.239
29.93
28.59
27.22
25.821
24.396
22.945
21.47
19.972
18.454
16.916
15.359
13.787
12.2
10.6
8.9883
7.3672
5.7382
4.1031
2.4636
0.82151
-0.81922
-2.4518
-4.0838
-4.0681
-2.4424
-0.81607
0.81835
2.4542
4.0874
5.7162
7.3388
8.9537
10.559
12.153
13.734
15.3
16.851
18.383
19.896
21.387
22.857
24.302
25.722
27.115
28.48
29.815
31.119
32.391
33.63
34.835
36.004
37.136
38.23
39.286
40.303
41.279
42.214
43.106
43.956
44.763
45.525
46.243
46.915
47.541
48.121
48.654
49.14
49.579
49.969
50.311
50.605
50.85
51.047
51.194
51.293
51.342
51.342
51.293
51.194
51.047
50.85
50.605
50.311
49.969
49.579
49.14
48.654
48.121
47.541
46.915
46.243
45.525
44.763
43.956
43.106
42.214
41.279
40.303
39.286
38.23
37.136
36.004
34.835
33.63
32.391
31.119
29.815
28.48
27.115
25.722
24.302
22.857
21.387
19.896
18.383
16.851
15.3
13.734
12.153
10.559
8.9537
7.3388
5.7162
4.0874
2.4542
0.81835
-0.81607
-2.4424
-4.0681
-4.0485
-2.4306
-0.81214
0.8144
2.4423
4.0676
5.6886
7.3035
8.9105
10.508
12.094
13.668
15.227
16.769
18.294
19.8
21.284
22.747
24.185
25.598
26.984
28.342
29.671
30.969
32.235
33.468
34.667
35.83
36.957
38.046
39.097
40.109
41.08
42.01
42.899
43.744
44.547
45.305
46.02
46.688
47.312
47.889
48.42
48.903
49.339
49.728
50.069
50.361
50.605
50.801
50.947
51.045
51.094
51.094
51.045
50.947
50.801
50.605
50.361
50.069
49.728
49.339
48.903
48.42
47.889
47.312
46.688
46.02
45.305
44.547
43.744
42.899
42.01
41.08
40.109
39.097
38.046
36.957
35.83
34.667
33.468
32.235
30.969
29.671
28.342
26.984
25.598
24.185
22.747
21.284
19.8
18.294
16.769
15.227
13.668
12.094
10.508
8.9105
7.3035
5.6886
4.0676
2.4423
0.8144
-0.81214
-2.4306
-4.0485
-4.025
-2.4165
-0.80742
0.80967
2.4281
4.044
5.6556
7.261
8.8588
10.447
12.024
13.588
15.138
16.672
18.188
19.685
21.161
22.614
24.044
25.449
26.827
28.178
29.499
30.789
32.048
33.274
34.465
35.622
36.742
37.825
38.87
39.876
40.841
41.766
42.649
43.49
44.288
45.042
45.752
46.417
47.037
47.611
48.138
48.619
49.053
49.439
49.778
50.069
50.311
50.506
50.651
50.749
50.797
50.797
50.749
50.651
50.506
50.311
50.069
49.778
49.439
49.053
48.619
48.138
47.611
47.037
46.417
45.752
45.042
44.288
43.49
42.649
41.766
40.841
39.876
38.87
37.825
36.742
35.622
34.465
33.274
32.048
30.789
29.499
28.178
26.827
25.449
24.044
22.614
21.161
19.685
18.188
16.672
15.138
13.588
12.024
10.447
8.8588
7.261
5.6556
4.044
2.4281
0.80967
-0.80742
-2.4165
-4.025
-3.9976
-2.4
-0.80193
0.80416
2.4116
4.0165
5.6171
7.2116
8.7985
10.376
11.942
13.496
15.035
16.558
18.064
19.551
21.017
22.461
23.881
25.276
26.645
27.986
29.298
30.58
31.83
33.047
34.231
35.379
36.492
37.568
38.605
39.604
40.563
41.482
42.359
43.194
43.987
44.736
45.441
46.102
46.717
47.287
47.811
48.288
48.719
49.103
49.439
49.728
49.969
50.162
50.307
50.403
50.452
50.452
50.403
50.307
50.162
49.969
49.728
49.439
49.103
48.719
48.288
47.811
47.287
46.717
46.102
45.441
44.736
43.987
43.194
42.359
41.482
40.563
39.604
38.605
37.568
36.492
35.379
34.231
33.047
31.83
30.58
29.298
27.986
26.645
25.276
23.881
22.461
21.017
19.551
18.064
16.558
15.035
13.496
11.942
10.376
8.7985
7.2116
5.6171
4.0165
2.4116
0.80416
-0.80193
-2.4
-3.9976
-3.9663
-2.3813
-0.79566
0.79788
2.3928
3.9851
5.5732
7.1553
8.7297
10.295
11.849
13.39
14.918
16.429
17.923
19.398
20.852
22.285
23.694
25.079
26.437
27.767
29.069
30.341
31.581
32.789
33.963
35.103
36.207
37.274
38.304
39.295
40.246
41.158
42.028
42.857
43.643
44.386
45.086
45.741
46.352
46.917
47.437
47.911
48.338
48.719
49.053
49.339
49.579
49.77
49.914
50.01
50.058
50.058
50.01
49.914
49.77
49.579
49.339
49.053
48.719
48.338
47.911
47.437
46.917
46.352
45.741
45.086
44.386
43.643
42.857
42.028
41.158
40.246
39.295
38.304
37.274
36.207
35.103
33.963
32.789
31.581
30.341
29.069
27.767
26.437
25.079
23.694
22.285
20.852
19.398
17.923
16.429
14.918
13.39
11.849
10.295
8.7297
7.1553
5.5732
3.9851
2.3928
0.79788
-0.79566
-2.3813
-3.9663
-3.9313
-2.3602
-0.78862
0.79082
2.3716
3.9499
5.5239
7.092
8.6525
10.204
11.744
13.272
14.786
16.284
17.765
19.226
20.668
22.088
23.485
24.857
26.203
27.522
28.812
30.072
31.302
32.499
33.663
34.793
35.887
36.945
37.965
38.947
39.891
40.794
41.657
42.478
43.257
43.994
44.687
45.337
45.942
46.502
47.018
47.487
47.911
48.288
48.619
48.903
49.14
49.33
49.472
49.567
49.615
49.615
49.567
49.472
49.33
49.14
48.903
48.619
48.288
47.911
47.487
47.018
46.502
45.942
45.337
44.687
43.994
43.257
42.478
41.657
40.794
39.891
38.947
37.965
36.945
35.887
34.793
33.663
32.499
31.302
30.072
28.812
27.522
26.203
24.857
23.485
22.088
20.668
19.226
17.765
16.284
14.786
13.272
11.744
10.204
8.6525
7.092
5.5239
3.9499
2.3716
0.79082
-0.78862
-2.3602
-3.9313
-3.8924
-2.3369
-0.78083
0.783
2.3482
3.9108
5.4693
7.0219
8.567
10.103
11.628
13.141
14.64
16.123
17.589
19.036
20.464
21.87
23.252
24.611
25.944
27.25
28.527
29.775
30.992
32.178
33.33
34.449
35.532
36.579
37.59
38.562
39.496
40.39
41.245
42.058
42.829
43.559
44.245
44.888
45.488
46.043
46.553
47.018
47.437
47.811
48.138
48.42
48.654
48.842
48.983
49.077
49.124
49.124
49.077
48.983
48.842
48.654
48.42
48.138
47.811
47.437
47.018
46.553
46.043
45.488
44.888
44.245
43.559
42.829
42.058
41.245
40.39
39.496
38.562
37.59
36.579
35.532
34.449
33.33
32.178
30.992
29.775
28.527
27.25
25.944
24.611
23.252
21.87
20.464
19.036
17.589
16.123
14.64
13.141
11.628
10.103
8.567
7.0219
5.4693
3.9108
2.3482
0.783
-0.78083
-2.3369
-3.8924
-3.8497
-2.3113
-0.77227
0.77442
2.3224
3.868
5.4093
6.9449
8.4731
9.9922
11.501
12.997
14.479
15.946
17.396
18.828
20.239
21.63
22.998
24.341
25.659
26.951
28.214
29.449
30.653
31.825
32.965
34.071
35.143
36.178
37.178
38.14
39.063
39.948
40.793
41.597
42.36
43.081
43.76
44.397
44.989
45.538
46.043
46.502
46.917
47.287
47.611
47.889
48.121
48.307
48.446
48.539
48.586
48.586
48.539
48.446
48.307
48.121
47.889
47.611
47.287
46.917
46.502
46.043
45.538
44.989
44.397
43.76
43.081
42.36
41.597
40.793
39.948
39.063
38.14
37.178
36.178
35.143
34.071
32.965
31.825
30.653
29.449
28.214
26.951
25.659
24.341
22.998
21.63
20.239
18.828
17.396
15.946
14.479
12.997
11.501
9.9922
8.4731
6.9449
5.4093
3.868
2.3224
0.77442
-0.77227
-2.3113
-3.8497
-3.8033
-2.2834
-0.76296
0.76509
2.2944
3.8213
5.3441
6.8612
8.371
9.8718
11.362
12.84
14.305
15.754
17.186
18.601
19.996
21.369
22.72
24.048
25.35
26.626
27.874
29.094
30.283
31.441
32.568
33.66
34.719
35.742
36.73
37.68
38.592
39.466
40.301
41.096
41.85
42.562
43.233
43.861
44.447
44.989
45.488
45.942
46.352
46.717
47.037
47.312
47.541
47.725
47.862
47.954
48
48
47.954
47.862
47.725
47.541
47.312
47.037
46.717
46.352
45.942
45.488
44.989
44.447
43.861
43.233
42.562
41.85
41.096
40.301
39.466
38.592
37.68
36.73
35.742
34.719
33.66
32.568
31.441
30.283
29.094
27.874
26.626
25.35
24.048
22.72
21.369
19.996
18.601
17.186
15.754
14.305
12.84
11.362
9.8718
8.371
6.8612
5.3441
3.8213
2.2944
0.76509
-0.76296
-2.2834
-3.8033
-3.7532
-2.2533
-0.75291
0.75501
2.2642
3.771
5.2737
6.7708
8.2607
9.7417
11.212
12.671
14.116
15.546
16.96
18.356
19.732
21.088
22.421
23.731
25.016
26.275
27.507
28.711
29.884
31.027
32.139
33.217
34.262
35.271
36.246
37.184
38.084
38.946
39.77
40.554
41.298
42.001
42.663
43.284
43.861
44.397
44.888
45.337
45.741
46.102
46.417
46.688
46.915
47.096
47.232
47.323
47.368
47.368
47.323
47.232
47.096
46.915
46.688
46.417
46.102
45.741
45.337
44.888
44.397
43.861
43.284
42.663
42.001
41.298
40.554
39.77
38.946
38.084
37.184
36.246
35.271
34.262
33.217
32.139
31.027
29.884
28.711
27.507
26.275
25.016
23.731
22.421
21.088
19.732
18.356
16.96
15.546
14.116
12.671
11.212
9.7417
8.2607
6.7708
5.2737
3.771
2.2642
0.75501
-0.75291
-2.2533
-3.7532
-3.6995
-2.221
-0.74212
0.74419
2.2318
3.717
5.1982
6.6738
8.1423
9.6021
11.052
12.489
13.914
15.324
16.717
18.093
19.449
20.786
22.1
23.391
24.658
25.899
27.113
28.299
29.456
30.583
31.678
32.741
33.771
34.766
35.726
36.651
37.538
38.388
39.2
39.973
40.706
41.4
42.052
42.663
43.233
43.76
44.245
44.687
45.086
45.441
45.752
46.02
46.243
46.421
46.555
46.645
46.689
46.689
46.645
46.555
46.421
46.243
46.02
45.752
45.441
45.086
44.687
44.245
43.76
43.233
42.663
42.052
41.4
40.706
39.973
39.2
38.388
37.538
36.651
35.726
34.766
33.771
32.741
31.678
30.583
29.456
28.299
27.113
25.899
24.658
23.391
22.1
20.786
19.449
18.093
16.717
15.324
13.914
12.489
11.052
9.6021
8.1423
6.6738
5.1982
3.717
2.2318
0.74419
-0.74212
-2.221
-3.6995
-3.6421
-2.1866
-0.73061
0.73265
2.1972
3.6593
5.1175
6.5703
8.016
9.4531
10.88
12.296
13.698
15.086
16.458
17.812
19.148
20.463
21.757
23.028
24.275
25.497
26.692
27.86
28.999
30.108
31.187
32.233
33.247
34.227
35.172
36.082
36.956
37.793
38.592
39.353
40.075
40.757
41.4
42.001
42.562
43.081
43.559
43.994
44.386
44.736
45.042
45.305
45.525
45.701
45.833
45.921
45.965
45.965
45.921
45.833
45.701
45.525
45.305
45.042
44.736
44.386
43.994
43.559
43.081
42.562
42.001
41.4
40.757
40.075
39.353
38.592
37.793
36.956
36.082
35.172
34.227
33.247
32.233
31.187
30.108
28.999
27.86
26.692
25.497
24.275
23.028
21.757
20.463
19.148
17.812
16.458
15.086
13.698
12.296
10.88
9.4531
8.016
6.5703
5.1175
3.6593
2.1972
0.73265
-0.73061
-2.1866
-3.6421
-3.5811
-2.15
-0.71837
0.72038
2.1604
3.598
5.0318
6.4603
7.8818
9.2949
10.698
12.09
13.469
14.833
16.182
17.514
18.827
20.12
21.393
22.643
23.869
25.07
26.245
27.394
28.513
29.604
30.664
31.693
32.69
33.654
34.583
35.478
36.337
37.16
37.946
38.694
39.404
40.075
40.706
41.298
41.85
42.36
42.829
43.257
43.643
43.987
44.288
44.547
44.763
44.936
45.065
45.152
45.195
45.195
45.152
45.065
44.936
44.763
44.547
44.288
43.987
43.643
43.257
42.829
42.36
41.85
41.298
40.706
40.075
39.404
38.694
37.946
37.16
36.337
35.478
34.583
33.654
32.69
31.693
30.664
29.604
28.513
27.394
26.245
25.07
23.869
22.643
21.393
20.12
18.827
17.514
16.182
14.833
13.469
12.09
10.698
9.2949
7.8818
6.4603
5.0318
3.598
2.1604
0.72038
-0.71837
-2.15
-3.5811
-3.5166
-2.1112
-0.70543
0.7074
2.1214
3.5332
4.9412
6.3439
7.7398
9.1274
10.505
11.872
13.226
14.566
15.891
17.198
18.488
19.758
21.007
22.235
23.439
24.618
25.773
26.9
28
29.071
30.112
31.122
32.101
33.047
33.96
34.839
35.682
36.491
37.262
37.997
38.694
39.353
39.973
40.554
41.096
41.597
42.058
42.478
42.857
43.194
43.49
43.744
43.956
44.126
44.254
44.339
44.381
44.381
44.339
44.254
44.126
43.956
43.744
43.49
43.194
42.857
42.478
42.058
41.597
41.096
40.554
39.973
39.353
38.694
37.997
37.262
36.491
35.682
34.839
33.96
33.047
32.101
31.122
30.112
29.071
28
26.9
25.773
24.618
23.439
22.235
21.007
19.758
18.488
17.198
15.891
14.566
13.226
11.872
10.505
9.1274
7.7398
6.3439
4.9412
3.5332
2.1214
0.7074
-0.70543
-2.1112
-3.5166
-3.4486
-2.0704
-0.69179
0.69372
2.0804
3.4649
4.8456
6.2212
7.5901
8.9509
10.302
11.642
12.97
14.284
15.583
16.866
18.13
19.376
20.601
21.805
22.986
24.142
25.274
26.38
27.458
28.509
29.53
30.521
31.48
32.408
33.303
34.165
34.993
35.785
36.542
37.262
37.946
38.592
39.2
39.77
40.301
40.793
41.245
41.657
42.028
42.359
42.649
42.899
43.106
43.273
43.398
43.481
43.523
43.523
43.481
43.398
43.273
43.106
42.899
42.649
42.359
42.028
41.657
41.245
40.793
40.301
39.77
39.2
38.592
37.946
37.262
36.542
35.785
34.993
34.165
33.303
32.408
31.48
30.521
29.53
28.509
27.458
26.38
25.274
24.142
22.986
21.805
20.601
19.376
18.13
16.866
15.583
14.284
12.97
11.642
10.302
8.9509
7.5901
6.2212
4.8456
3.4649
2.0804
0.69372
-0.69179
-2.0704
-3.4486
-3.3771
-2.0275
-0.67747
0.67936
2.0373
3.3931
4.7453
6.0924
7.4329
8.7656
10.089
11.401
12.702
13.989
15.261
16.516
17.755
18.975
20.174
21.353
22.51
23.642
24.751
25.834
26.89
27.918
28.918
29.888
30.828
31.737
32.614
33.458
34.268
35.044
35.785
36.491
37.16
37.793
38.388
38.946
39.466
39.948
40.39
40.794
41.158
41.482
41.766
42.01
42.214
42.377
42.499
42.581
42.622
42.622
42.581
42.499
42.377
42.214
42.01
41.766
41.482
41.158
40.794
40.39
39.948
39.466
38.946
38.388
37.793
37.16
36.491
35.785
35.044
34.268
33.458
32.614
31.737
30.828
29.888
28.918
27.918
26.89
25.834
24.751
23.642
22.51
21.353
20.174
18.975
17.755
16.516
15.261
13.989
12.702
11.401
10.089
8.7656
7.4329
6.0924
4.7453
3.3931
2.0373
0.67936
-0.67747
-2.0275
-3.3771
-3.3024
-1.9826
-0.66246
0.66431
1.9922
3.318
4.6402
5.9575
7.2683
8.5715
9.8654
11.149
12.42
13.679
14.923
16.151
17.362
18.554
19.728
20.88
22.011
23.119
24.203
25.262
26.294
27.3
28.278
29.227
30.146
31.034
31.892
32.717
33.509
34.268
34.993
35.682
36.337
36.956
37.538
38.084
38.592
39.063
39.496
39.891
40.246
40.563
40.841
41.08
41.279
41.438
41.558
41.638
41.678
41.678
41.638
41.558
41.438
41.279
41.08
40.841
40.563
40.246
39.891
39.496
39.063
38.592
38.084
37.538
36.956
36.337
35.682
34.993
34.268
33.509
32.717
31.892
31.034
30.146
29.227
28.278
27.3
26.294
25.262
24.203
23.119
22.011
20.88
19.728
18.554
17.362
16.151
14.923
13.679
12.42
11.149
9.8654
8.5715
7.2683
5.9575
4.6402
3.318
1.9922
0.66431
-0.66246
-1.9826
-3.3024
-3.2243
-1.9358
-0.6468
0.6486
1.9451
3.2395
4.5305
5.8166
7.0965
8.3688
9.6321
10.885
12.127
13.355
14.57
15.769
16.951
18.116
19.261
20.387
21.491
22.572
23.631
24.664
25.673
26.655
27.609
28.536
29.433
30.301
31.138
31.943
32.717
33.458
34.165
34.839
35.478
36.082
36.651
37.184
37.68
38.14
38.562
38.947
39.295
39.604
39.876
40.109
40.303
40.459
40.575
40.653
40.692
40.692
40.653
40.575
40.459
40.303
40.109
39.876
39.604
39.295
38.947
38.562
38.14
37.68
37.184
36.651
36.082
35.478
34.839
34.165
33.458
32.717
31.943
31.138
30.301
29.433
28.536
27.609
26.655
25.673
24.664
23.631
22.572
21.491
20.387
19.261
18.116
16.951
15.769
14.57
13.355
12.127
10.885
9.6321
8.3688
7.0965
5.8166
4.5305
3.2395
1.9451
0.6486
-0.6468
-1.9358
-3.2243
-3.143
-1.8869
-0.63049
0.63225
1.8961
3.1578
4.4162
5.6699
6.9175
8.1577
9.3892
10.611
11.821
13.019
14.202
15.371
16.524
17.659
18.775
19.872
20.949
22.003
23.035
24.042
25.025
25.982
26.913
27.816
28.691
29.536
30.352
31.138
31.892
32.614
33.303
33.96
34.583
35.172
35.726
36.246
36.73
37.178
37.59
37.965
38.304
38.605
38.87
39.097
39.286
39.438
39.552
39.628
39.666
39.666
39.628
39.552
39.438
39.286
39.097
38.87
38.605
38.304
37.965
37.59
37.178
36.73
36.246
35.726
35.172
34.583
33.96
33.303
32.614
31.892
31.138
30.352
29.536
28.691
27.816
26.913
25.982
25.025
24.042
23.035
22.003
20.949
19.872
18.775
17.659
16.524
15.371
14.202
13.019
11.821
10.611
9.3892
8.1577
6.9175
5.6699
4.4162
3.1578
1.8961
0.63225
-0.63049
-1.8869
-3.143
-3.0585
-1.8362
-0.61354
0.61525
1.8451
3.073
4.2975
5.5175
6.7316
7.9384
9.1368
10.325
11.503
12.669
13.821
14.958
16.08
17.184
18.271
19.338
20.386
21.412
22.415
23.396
24.352
25.284
26.189
27.068
27.919
28.742
29.536
30.301
31.034
31.737
32.408
33.047
33.654
34.227
34.766
35.271
35.742
36.178
36.579
36.945
37.274
37.568
37.825
38.046
38.23
38.378
38.489
38.563
38.6
38.6
38.563
38.489
38.378
38.23
38.046
37.825
37.568
37.274
36.945
36.579
36.178
35.742
35.271
34.766
34.227
33.654
33.047
32.408
31.737
31.034
30.301
29.536
28.742
27.919
27.068
26.189
25.284
24.352
23.396
22.415
21.412
20.386
19.338
18.271
17.184
16.08
14.958
13.821
12.669
11.503
10.325
9.1368
7.9384
6.7316
5.5175
4.2975
3.073
1.8451
0.61525
-0.61354
-1.8362
-3.0585
-2.9709
-1.7836
-0.59597
0.59764
1.7923
2.985
4.1745
5.3595
6.5388
7.7112
8.8752
10.03
11.174
12.306
13.425
14.53
15.619
16.692
17.748
18.785
19.802
20.799
21.774
22.726
23.655
24.56
25.44
26.293
27.12
27.919
28.691
29.433
30.146
30.828
31.48
32.101
32.69
33.247
33.771
34.262
34.719
35.143
35.532
35.887
36.207
36.492
36.742
36.957
37.136
37.279
37.387
37.459
37.495
37.495
37.459
37.387
37.279
37.136
36.957
36.742
36.492
36.207
35.887
35.532
35.143
34.719
34.262
33.771
33.247
32.69
32.101
31.48
30.828
30.146
29.433
28.691
27.919
27.12
26.293
25.44
24.56
23.655
22.726
21.774
20.799
19.802
18.785
17.748
16.692
15.619
14.53
13.425
12.306
11.174
10.03
8.8752
7.7112
6.5388
5.3595
4.1745
2.985
1.7923
0.59764
-0.59597
-1.7836
-2.9709
-2.8803
-1.7293
-0.5778
0.57941
1.7376
2.894
4.0472
5.1961
6.3395
7.476
8.6046
9.724
10.833
11.931
13.016
14.087
15.143
16.183
17.207
18.212
19.198
20.164
21.11
22.033
22.934
23.811
24.664
25.492
26.293
27.068
27.816
28.536
29.227
29.888
30.521
31.122
31.693
32.233
32.741
33.217
33.66
34.071
34.449
34.793
35.103
35.379
35.622
35.83
36.004
36.143
36.247
36.317
36.351
36.351
36.317
36.247
36.143
36.004
35.83
35.622
35.379
35.103
34.793
34.449
34.071
33.66
33.217
32.741
32.233
31.693
31.122
30.521
29.888
29.227
28.536
27.816
27.068
26.293
25.492
24.664
23.811
22.934
22.033
21.11
20.164
19.198
18.212
17.207
16.183
15.143
14.087
13.016
11.931
10.833
9.724
8.6046
7.476
6.3395
5.1961
4.0472
2.894
1.7376
0.57941
-0.5778
-1.7293
-2.8803
-2.7868
-1.6731
-0.55904
0.5606
1.6812
2.8
3.9158
5.0274
6.1337
7.2333
8.3253
9.4083
10.481
11.543
12.593
13.629
14.651
15.658
16.648
17.621
18.575
19.51
20.424
21.318
22.189
23.038
23.863
24.664
25.44
26.189
26.913
27.609
28.278
28.918
29.53
30.112
30.664
31.187
31.678
32.139
32.568
32.965
33.33
33.663
33.963
34.231
34.465
34.667
34.835
34.969
35.07
35.138
35.171
35.171
35.138
35.07
34.969
34.835
34.667
34.465
34.231
33.963
33.663
33.33
32.965
32.568
32.139
31.678
31.187
30.664
30.112
29.53
28.918
28.278
27.609
26.913
26.189
25.44
24.664
23.863
23.038
22.189
21.318
20.424
19.51
18.575
17.621
16.648
15.658
14.651
13.629
12.593
11.543
10.481
9.4083
8.3253
7.2333
6.1337
5.0274
3.9158
2.8
1.6812
0.5606
-0.55904
-1.6731
-2.7868
-2.6905
-1.6153
-0.53971
0.54122
1.6231
2.7032
3.7804
4.8536
5.9216
6.9832
8.0374
9.083
10.119
11.144
12.158
13.158
14.145
15.116
16.072
17.011
17.933
18.835
19.718
20.581
21.422
22.242
23.038
23.811
24.56
25.284
25.982
26.655
27.3
27.918
28.509
29.071
29.604
30.108
30.583
31.027
31.441
31.825
32.178
32.499
32.789
33.047
33.274
33.468
33.63
33.76
33.858
33.923
33.955
33.955
33.923
33.858
33.76
33.63
33.468
33.274
33.047
32.789
32.499
32.178
31.825
31.441
31.027
30.583
30.108
29.604
29.071
28.509
27.918
27.3
26.655
25.982
25.284
24.56
23.811
23.038
22.242
21.422
20.581
19.718
18.835
17.933
17.011
16.072
15.116
14.145
13.158
12.158
11.144
10.119
9.083
8.0374
6.9832
5.9216
4.8536
3.7804
2.7032
1.6231
0.54122
-0.53971
-1.6153
-2.6905
-2.5913
-1.5558
-0.51983
0.52128
1.5633
2.6036
3.6412
4.6748
5.7034
6.726
7.7413
8.7484
9.7462
10.734
11.71
12.673
13.624
14.56
15.48
16.385
17.272
18.141
18.992
19.823
20.633
21.422
22.189
22.934
23.655
24.352
25.025
25.673
26.294
26.89
27.458
28
28.513
28.999
29.456
29.884
30.283
30.653
30.992
31.302
31.581
31.83
32.048
32.235
32.391
32.516
32.61
32.673
32.704
32.704
32.673
32.61
32.516
32.391
32.235
32.048
31.83
31.581
31.302
30.992
30.653
30.283
29.884
29.456
28.999
28.513
28
27.458
26.89
26.294
25.673
25.025
24.352
23.655
22.934
22.189
21.422
20.633
19.823
18.992
18.141
17.272
16.385
15.48
14.56
13.624
12.673
11.71
10.734
9.7462
8.7484
7.7413
6.726
5.7034
4.6748
3.6412
2.6036
1.5633
0.52128
-0.51983
-1.5558
-2.5913
-2.4896
-1.4947
-0.49942
0.50081
1.5019
2.5014
3.4981
4.4912
5.4794
6.4618
7.4373
8.4048
9.3634
10.312
11.25
12.176
13.089
13.988
14.872
15.741
16.594
17.429
18.246
19.044
19.823
20.581
21.318
22.033
22.726
23.396
24.042
24.664
25.262
25.834
26.38
26.9
27.394
27.86
28.299
28.711
29.094
29.449
29.775
30.072
30.341
30.58
30.789
30.969
31.119
31.239
31.329
31.39
31.42
31.42
31.39
31.329
31.239
31.119
30.969
30.789
30.58
30.341
30.072
29.775
29.449
29.094
28.711
28.299
27.86
27.394
26.9
26.38
25.834
25.262
24.664
24.042
23.396
22.726
22.033
21.318
20.581
19.823
19.044
18.246
17.429
16.594
15.741
14.872
13.988
13.089
12.176
11.25
10.312
9.3634
8.4048
7.4373
6.4618
5.4794
4.4912
3.4981
2.5014
1.5019
0.50081
-0.49942
-1.4947
-2.4896
-2.3852
-1.432
-0.47848
0.47982
1.4389
2.3965
3.3515
4.3029
5.2498
6.191
7.1256
8.0525
8.971
9.8799
10.778
11.665
12.54
13.401
14.249
15.081
15.898
16.698
17.481
18.246
18.992
19.718
20.424
21.11
21.774
22.415
23.035
23.631
24.203
24.751
25.274
25.773
26.245
26.692
27.113
27.507
27.874
28.214
28.527
28.812
29.069
29.298
29.499
29.671
29.815
29.93
30.016
30.074
30.103
30.103
30.074
30.016
29.93
29.815
29.671
29.499
29.298
29.069
28.812
28.527
28.214
27.874
27.507
27.113
26.692
26.245
25.773
25.274
24.751
24.203
23.631
23.035
22.415
21.774
21.11
20.424
19.718
18.992
18.246
17.481
16.698
15.898
15.081
14.249
13.401
12.54
11.665
10.778
9.8799
8.971
8.0525
7.1256
6.191
5.2498
4.3029
3.3515
2.3965
1.4389
0.47982
-0.47848
-1.432
-2.3852
-2.2784
-1.3679
-0.45706
0.45833
1.3745
2.2892
3.2014
4.1102
5.0147
5.9137
6.8065
7.6919
8.5692
9.4374
10.296
11.143
11.978
12.801
13.611
14.406
15.186
15.95
16.698
17.429
18.141
18.835
19.51
20.164
20.799
21.412
22.003
22.572
23.119
23.642
24.142
24.618
25.07
25.497
25.899
26.275
26.626
26.951
27.25
27.522
27.767
27.986
28.178
28.342
28.48
28.59
28.672
28.727
28.755
28.755
28.727
28.672
28.59
28.48
28.342
28.178
27.986
27.767
27.522
27.25
26.951
26.626
26.275
25.899
25.497
25.07
24.618
24.142
23.642
23.119
22.572
22.003
21.412
20.799
20.164
19.51
18.835
18.141
17.429
16.698
15.95
15.186
14.406
13.611
12.801
11.978
11.143
10.296
9.4374
8.5692
7.6919
6.8065
5.9137
5.0147
4.1102
3.2014
2.2892
1.3745
0.45833
-0.45706
-1.3679
-2.2784
-2.1692
-1.3023
-0.43515
0.43637
1.3086
2.1795
3.048
3.9133
4.7744
5.6303
6.4803
7.3233
8.1586
8.9852
9.8022
10.609
11.404
12.188
12.959
13.716
14.458
15.186
15.898
16.594
17.272
17.933
18.575
19.198
19.802
20.386
20.949
21.491
22.011
22.51
22.986
23.439
23.869
24.275
24.658
25.016
25.35
25.659
25.944
26.203
26.437
26.645
26.827
26.984
27.115
27.22
27.298
27.351
27.377
27.377
27.351
27.298
27.22
27.115
26.984
26.827
26.645
26.437
26.203
25.944
25.659
25.35
25.016
24.658
24.275
23.869
23.439
22.986
22.51
22.011
21.491
20.949
20.386
19.802
19.198
18.575
17.933
17.272
16.594
15.898
15.186
14.458
13.716
12.959
12.188
11.404
10.609
9.8022
8.9852
8.1586
7.3233
6.4803
5.6303
4.7744
3.9133
3.048
2.1795
1.3086
0.43637
-0.43515
-1.3023
-2.1692
-2.0578
-1.2354
-0.4128
0.41395
1.2414
2.0675
2.8914
3.7123
4.5291
5.3411
6.1474
6.9471
7.7395
8.5236
9.2987
10.064
10.819
11.562
12.293
13.011
13.716
14.406
15.081
15.741
16.385
17.011
17.621
18.212
18.785
19.338
19.872
20.387
20.88
21.353
21.805
22.235
22.643
23.028
23.391
23.731
24.048
24.341
24.611
24.857
25.079
25.276
25.449
25.598
25.722
25.821
25.896
25.946
25.97
25.97
25.946
25.896
25.821
25.722
25.598
25.449
25.276
25.079
24.857
24.611
24.341
24.048
23.731
23.391
23.028
22.643
22.235
21.805
21.353
20.88
20.387
19.872
19.338
18.785
18.212
17.621
17.011
16.385
15.741
15.081
14.406
13.716
13.011
12.293
11.562
10.819
10.064
9.2987
8.5236
7.7395
6.9471
6.1474
5.3411
4.5291
3.7123
2.8914
2.0675
1.2414
0.41395
-0.4128
-1.2354
-2.0578
-1.9442
-1.1672
-0.39001
0.3911
1.1729
1.9534
2.7318
3.5073
4.2791
5.0463
5.8081
6.5637
7.3123
8.0531
8.7854
9.5084
10.221
10.924
11.614
12.293
12.959
13.611
14.249
14.872
15.48
16.072
16.648
17.207
17.748
18.271
18.775
19.261
19.728
20.174
20.601
21.007
21.393
21.757
22.1
22.421
22.72
22.998
23.252
23.485
23.694
23.881
24.044
24.185
24.302
24.396
24.466
24.513
24.537
24.537
24.513
24.466
24.396
24.302
24.185
24.044
23.881
23.694
23.485
23.252
22.998
22.72
22.421
22.1
21.757
21.393
21.007
20.601
20.174
19.728
19.261
18.775
18.271
17.748
17.207
16.648
16.072
15.48
14.872
14.249
13.611
12.959
12.293
11.614
10.924
10.221
9.5084
8.7854
8.0531
7.3123
6.5637
5.8081
5.0463
4.2791
3.5073
2.7318
1.9534
1.1729
0.3911
-0.39001
-1.1672
-1.9442
-1.8286
-1.0978
-0.36682
0.36784
1.1031
1.8372
2.5694
3.2987
4.0246
4.7462
5.4626
6.1733
6.8774
7.5742
8.2629
8.9429
9.6135
10.274
10.924
11.562
12.188
12.801
13.401
13.988
14.56
15.116
15.658
16.183
16.692
17.184
17.659
18.116
18.554
18.975
19.376
19.758
20.12
20.463
20.786
21.088
21.369
21.63
21.87
22.088
22.285
22.461
22.614
22.747
22.857
22.945
23.011
23.056
23.078
23.078
23.056
23.011
22.945
22.857
22.747
22.614
22.461
22.285
22.088
21.87
21.63
21.369
21.088
20.786
20.463
20.12
19.758
19.376
18.975
18.554
18.116
17.659
17.184
16.692
16.183
15.658
15.116
14.56
13.988
13.401
12.801
12.188
11.562
10.924
10.274
9.6135
8.9429
8.2629
7.5742
6.8774
6.1733
5.4626
4.7462
4.0246
3.2987
2.5694
1.8372
1.1031
0.36784
-0.36682
-1.0978
-1.8286
-1.711
-1.0272
-0.34324
0.34419
1.0322
1.7191
2.4042
3.0867
3.7659
4.4411
5.1115
5.7765
6.4353
7.0873
7.7318
8.368
8.9955
9.6135
10.221
10.819
11.404
11.978
12.54
13.089
13.624
14.145
14.651
15.143
15.619
16.08
16.524
16.951
17.362
17.755
18.13
18.488
18.827
19.148
19.449
19.732
19.996
20.239
20.464
20.668
20.852
21.017
21.161
21.284
21.387
21.47
21.532
21.573
21.594
21.594
21.573
21.532
21.47
21.387
21.284
21.161
21.017
20.852
20.668
20.464
20.239
19.996
19.732
19.449
19.148
18.827
18.488
18.13
17.755
17.362
16.951
16.524
16.08
15.619
15.143
14.651
14.145
13.624
13.089
12.54
11.978
11.404
10.819
10.221
9.6135
8.9955
8.368
7.7318
7.0873
6.4353
5.7765
5.1115
4.4411
3.7659
3.0867
2.4042
1.7191
1.0322
0.34419
-0.34324
-1.0272
-1.711
-1.5917
-0.9556
-0.3193
0.32019
0.96022
1.5992
2.2365
2.8714
3.5032
4.1313
4.7549
5.3735
5.9864
6.5929
7.1924
7.7844
8.368
8.9429
9.5084
10.064
10.609
11.143
11.665
12.176
12.673
13.158
13.629
14.087
14.53
14.958
15.371
15.769
16.151
16.516
16.866
17.198
17.514
17.812
18.093
18.356
18.601
18.828
19.036
19.226
19.398
19.551
19.685
19.8
19.896
19.972
20.03
20.069
20.088
20.088
20.069
20.03
19.972
19.896
19.8
19.685
19.551
19.398
19.226
19.036
18.828
18.601
18.356
18.093
17.812
17.514
17.198
16.866
16.516
16.151
15.769
15.371
14.958
14.53
14.087
13.629
13.158
12.673
12.176
11.665
11.143
10.609
10.064
9.5084
8.9429
8.368
7.7844
7.1924
6.5929
5.9864
5.3735
4.7549
4.1313
3.5032
2.8714
2.2365
1.5992
0.96022
0.32019
-0.3193
-0.9556
-1.5917
-1.4707
-0.88293
-0.29502
0.29584
0.8872
1.4776
2.0664
2.6531
3.2368
3.8171
4.3934
4.9649
5.5312
6.0916
6.6455
7.1924
7.7318
8.2629
8.7854
9.2987
9.8022
10.296
10.778
11.25
11.71
12.158
12.593
13.016
13.425
13.821
14.202
14.57
14.923
15.261
15.583
15.891
16.182
16.458
16.717
16.96
17.186
17.396
17.589
17.765
17.923
18.064
18.188
18.294
18.383
18.454
18.507
18.543
18.56
18.56
18.543
18.507
18.454
18.383
18.294
18.188
18.064
17.923
17.765
17.589
17.396
17.186
16.96
16.717
16.458
16.182
15.891
15.583
15.261
14.923
14.57
14.202
13.821
13.425
13.016
12.593
12.158
11.71
11.25
10.778
10.296
9.8022
9.2987
8.7854
8.2629
7.7318
7.1924
6.6455
6.0916
5.5312
4.9649
4.3934
3.8171
3.2368
2.6531
2.0664
1.4776
0.8872
0.29584
-0.29502
-0.88293
-1.4707
-1.3481
-0.80934
-0.27043
0.27118
0.81325
1.3544
1.8942
2.4319
2.967
3.499
4.0272
4.5511
5.0702
5.5838
6.0916
6.5929
7.0873
7.5742
8.0531
8.5236
8.9852
9.4374
9.8799
10.312
10.734
11.144
11.543
11.931
12.306
12.669
13.019
13.355
13.679
13.989
14.284
14.566
14.833
15.086
15.324
15.546
15.754
15.946
16.123
16.284
16.429
16.558
16.672
16.769
16.851
16.916
16.964
16.997
17.013
17.013
16.997
16.964
16.916
16.851
16.769
16.672
16.558
16.429
16.284
16.123
15.946
15.754
15.546
15.324
15.086
14.833
14.566
14.284
13.989
13.679
13.355
13.019
12.669
12.306
11.931
11.543
11.144
10.734
10.312
9.8799
9.4374
8.9852
8.5236
8.0531
7.5742
7.0873
6.5929
6.0916
5.5838
5.0702
4.5511
4.0272
3.499
2.967
2.4319
1.8942
1.3544
0.81325
0.27118
-0.27043
-0.80934
-1.3481
-1.2241
-0.73488
-0.24555
0.24623
0.73844
1.2298
1.7199
2.2082
2.6941
3.1771
3.6567
4.1324
4.6037
5.0702
5.5312
5.9864
6.4353
6.8774
7.3123
7.7395
8.1586
8.5692
8.971
9.3634
9.7462
10.119
10.481
10.833
11.174
11.503
11.821
12.127
12.42
12.702
12.97
13.226
13.469
13.698
13.914
14.116
14.305
14.479
14.64
14.786
14.918
15.035
15.138
15.227
15.3
15.359
15.404
15.433
15.448
15.448
15.433
15.404
15.359
15.3
15.227
15.138
15.035
14.918
14.786
14.64
14.479
14.305
14.116
13.914
13.698
13.469
13.226
12.97
12.702
12.42
12.127
11.821
11.503
11.174
10.833
10.481
10.119
9.7462
9.3634
8.971
8.5692
8.1586
7.7395
7.3123
6.8774
6.4353
5.9864
5.5312
5.0702
4.6037
4.1324
3.6567
3.1771
2.6941
2.2082
1.7199
1.2298
0.73844
0.24623
-0.24555
-0.73488
-1.2241
-1.0987
-0.65965
-0.22041
0.22102
0.66284
1.1039
1.5439
1.9821
2.4183
2.8518
3.2823
3.7094
4.1324
4.5511
4.9649
5.3735
5.7765
6.1733
6.5637
6.9471
7.3233
7.6919
8.0525
8.4048
8.7484
9.083
9.4083
9.724
10.03
10.325
10.611
10.885
11.149
11.401
11.642
11.872
12.09
12.296
12.489
12.671
12.84
12.997
13.141
13.272
13.39
13.496
13.588
13.668
13.734
13.787
13.827
13.853
13.867
13.867
13.853
13.827
13.787
13.734
13.668
13.588
13.496
13.39
13.272
13.141
12.997
12.84
12.671
12.489
12.296
12.09
11.872
11.642
11.401
11.149
10.885
10.611
10.325
10.03
9.724
9.4083
9.083
8.7484
8.4048
8.0525
7.6919
7.3233
6.9471
6.5637
6.1733
5.7765
5.3735
4.9649
4.5511
4.1324
3.7094
3.2823
2.8518
2.4183
1.9821
1.5439
1.1039
0.66284
0.22102
-0.22041
-0.65965
-1.0987
-0.97225
-0.58371
-0.19504
0.19558
0.58653
0.97686
1.3661
1.7539
2.1399
2.5235
2.9045
3.2823
3.6567
4.0272
4.3934
4.7549
5.1115
5.4626
5.8081
6.1474
6.4803
6.8065
7.1256
7.4373
7.7413
8.0374
8.3253
8.6046
8.8752
9.1368
9.3892
9.6321
9.8654
10.089
10.302
10.505
10.698
10.88
11.052
11.212
11.362
11.501
11.628
11.744
11.849
11.942
12.024
12.094
12.153
12.2
12.235
12.259
12.27
12.27
12.259
12.235
12.2
12.153
12.094
12.024
11.942
11.849
11.744
11.628
11.501
11.362
11.212
11.052
10.88
10.698
10.505
10.302
10.089
9.8654
9.6321
9.3892
9.1368
8.8752
8.6046
8.3253
8.0374
7.7413
7.4373
7.1256
6.8065
6.4803
6.1474
5.8081
5.4626
5.1115
4.7549
4.3934
4.0272
3.6567
3.2823
2.9045
2.5235
2.1399
1.7539
1.3661
0.97686
0.58653
0.19558
-0.19504
-0.58371
-0.97225
-0.84473
-0.50715
-0.16946
0.16993
0.5096
0.84873
1.1869
1.5239
1.8592
2.1925
2.5235
2.8518
3.1771
3.499
3.8171
4.1313
4.4411
4.7462
5.0463
5.3411
5.6303
5.9137
6.191
6.4618
6.726
6.9832
7.2333
7.476
7.7112
7.9384
8.1577
8.3688
8.5715
8.7656
8.9509
9.1274
9.2949
9.4531
9.6021
9.7417
9.8718
9.9922
10.103
10.204
10.295
10.376
10.447
10.508
10.559
10.6
10.63
10.651
10.661
10.661
10.651
10.63
10.6
10.559
10.508
10.447
10.376
10.295
10.204
10.103
9.9922
9.8718
9.7417
9.6021
9.4531
9.2949
9.1274
8.9509
8.7656
8.5715
8.3688
8.1577
7.9384
7.7112
7.476
7.2333
6.9832
6.726
6.4618
6.191
5.9137
5.6303
5.3411
5.0463
4.7462
4.4411
4.1313
3.8171
3.499
3.1771
2.8518
2.5235
2.1925
1.8592
1.5239
1.1869
0.84873
0.5096
0.16993
-0.16946
-0.50715
-0.84473
-0.71631
-0.43005
-0.14369
0.14409
0.43213
0.7197
1.0065
1.2922
1.5766
1.8592
2.1399
2.4183
2.6941
2.967
3.2368
3.5032
3.7659
4.0246
4.2791
4.5291
4.7744
5.0147
5.2498
5.4794
5.7034
5.9216
6.1337
6.3395
6.5388
6.7316
6.9175
7.0965
7.2683
7.4329
7.5901
7.7398
7.8818
8.016
8.1423
8.2607
8.371
8.4731
8.567
8.6525
8.7297
8.7985
8.8588
8.9105
8.9537
8.9883
9.0142
9.0315
9.0402
9.0402
9.0315
9.0142
8.9883
8.9537
8.9105
8.8588
8.7985
8.7297
8.6525
8.567
8.4731
8.371
8.2607
8.1423
8.016
7.8818
7.7398
7.5901
7.4329
7.2683
7.0965
6.9175
6.7316
6.5388
6.3395
6.1337
5.9216
5.7034
5.4794
5.2498
5.0147
4.7744
4.5291
4.2791
4.0246
3.7659
3.5032
3.2368
2.967
2.6941
2.4183
2.1399
1.8592
1.5766
1.2922
1.0065
0.7197
0.43213
0.14409
-0.14369
-0.43005
-0.71631
-0.58712
-0.35249
-0.11778
0.11811
0.35419
0.5899
0.82497
1.0592
1.2922
1.5239
1.7539
1.9821
2.2082
2.4319
2.6531
2.8714
3.0867
3.2987
3.5073
3.7123
3.9133
4.1102
4.3029
4.4912
4.6748
4.8536
5.0274
5.1961
5.3595
5.5175
5.6699
5.8166
5.9575
6.0924
6.2212
6.3439
6.4603
6.5703
6.6738
6.7708
6.8612
6.9449
7.0219
7.092
7.1553
7.2116
7.261
7.3035
7.3388
7.3672
7.3885
7.4027
7.4098
7.4098
7.4027
7.3885
7.3672
7.3388
7.3035
7.261
7.2116
7.1553
7.092
7.0219
6.9449
6.8612
6.7708
6.6738
6.5703
6.4603
6.3439
6.2212
6.0924
5.9575
5.8166
5.6699
5.5175
5.3595
5.1961
5.0274
4.8536
4.6748
4.4912
4.3029
4.1102
3.9133
3.7123
3.5073
3.2987
3.0867
2.8714
2.6531
2.4319
2.2082
1.9821
1.7539
1.5239
1.2922
1.0592
0.82497
0.5899
0.35419
0.11811
-0.11778
-0.35249
-0.58712
-0.4573
-0.27455
-0.091736
0.091992
0.27588
0.45947
0.64256
0.82497
1.0065
1.1869
1.3661
1.5439
1.7199
1.8942
2.0664
2.2365
2.4042
2.5694
2.7318
2.8914
3.048
3.2014
3.3515
3.4981
3.6412
3.7804
3.9158
4.0472
4.1745
4.2975
4.4162
4.5305
4.6402
4.7453
4.8456
4.9412
5.0318
5.1175
5.1982
5.2737
5.3441
5.4093
5.4693
5.5239
5.5732
5.6171
5.6556
5.6886
5.7162
5.7382
5.7548
5.7659
5.7714
5.7714
5.7659
5.7548
5.7382
5.7162
5.6886
5.6556
5.6171
5.5732
5.5239
5.4693
5.4093
5.3441
5.2737
5.1982
5.1175
5.0318
4.9412
4.8456
4.7453
4.6402
4.5305
4.4162
4.2975
4.1745
4.0472
3.9158
3.7804
3.6412
3.4981
3.3515
3.2014
3.048
2.8914
2.7318
2.5694
2.4042
2.2365
2.0664
1.8942
1.7199
1.5439
1.3661
1.1869
1.0065
0.82497
0.64256
0.45947
0.27588
0.091992
-0.091736
-0.27455
-0.4573
-0.32699
-0.19632
-0.065596
0.065779
0.19727
0.32854
0.45947
0.5899
0.7197
0.84873
0.97686
1.1039
1.2298
1.3544
1.4776
1.5992
1.7191
1.8372
1.9534
2.0675
2.1795
2.2892
2.3965
2.5014
2.6036
2.7032
2.8
2.894
2.985
3.073
3.1578
3.2395
3.318
3.3931
3.4649
3.5332
3.598
3.6593
3.717
3.771
3.8213
3.868
3.9108
3.9499
3.9851
4.0165
4.044
4.0676
4.0874
4.1031
4.115
4.1229
4.1268
4.1268
4.1229
4.115
4.1031
4.0874
4.0676
4.044
4.0165
3.9851
3.9499
3.9108
3.868
3.8213
3.771
3.717
3.6593
3.598
3.5332
3.4649
3.3931
3.318
3.2395
3.1578
3.073
2.985
2.894
2.8
2.7032
2.6036
2.5014
2.3965
2.2892
2.1795
2.0675
1.9534
1.8372
1.7191
1.5992
1.4776
1.3544
1.2298
1.1039
0.97686
0.84873
0.7197
0.5899
0.45947
0.32854
0.19727
0.065779
-0.065596
-0.19632
-0.32699
-0.19634
-0.11787
-0.039386
0.039496
0.11844
0.19727
0.27588
0.35419
0.43213
0.5096
0.58653
0.66284
0.73844
0.81325
0.8872
0.96022
1.0322
1.1031
1.1729
1.2414
1.3086
1.3745
1.4389
1.5019
1.5633
1.6231
1.6812
1.7376
1.7923
1.8451
1.8961
1.9451
1.9922
2.0373
2.0804
2.1214
2.1604
2.1972
2.2318
2.2642
2.2944
2.3224
2.3482
2.3716
2.3928
2.4116
2.4281
2.4423
2.4542
2.4636
2.4708
2.4755
2.4779
2.4779
2.4755
2.4708
2.4636
2.4542
2.4423
2.4281
2.4116
2.3928
2.3716
2.3482
2.3224
2.2944
2.2642
2.2318
2.1972
2.1604
2.1214
2.0804
2.0373
1.9922
1.9451
1.8961
1.8451
1.7923
1.7376
1.6812
1.6231
1.5633
1.5019
1.4389
1.3745
1.3086
1.2414
1.1729
1.1031
1.0322
0.96022
0.8872
0.81325
0.73844
0.66284
0.58653
0.5096
0.43213
0.35419
0.27588
0.19727
0.11844
0.039496
-0.039386
-0.11787
-0.19634
-0.065469
-0.039306
-0.013133
0.01317
0.039496
0.065779
0.091992
0.11811
0.14409
0.16993
0.19558
0.22102
0.24623
0.27118
0.29584
0.32019
0.34419
0.36784
0.3911
0.41395
0.43637
0.45833
0.47982
0.50081
0.52128
0.54122
0.5606
0.57941
0.59764
0.61525
0.63225
0.6486
0.66431
0.67936
0.69372
0.7074
0.72038
0.73265
0.74419
0.75501
0.76509
0.77442
0.783
0.79082
0.79788
0.80416
0.80967
0.8144
0.81835
0.82151
0.82388
0.82546
0.82625
0.82625
0.82546
0.82388
0.82151
0.81835
0.8144
0.80967
0.80416
0.79788
0.79082
0.783
0.77442
0.76509
0.75501
0.74419
0.73265
0.72038
0.7074
0.69372
0.67936
0.66431
0.6486
0.63225
0.61525
0.59764
0.57941
0.5606
0.54122
0.52128
0.50081
0.47982
0.45833
0.43637
0.41395
0.3911
0.36784
0.34419
0.32019
0.29584
0.27118
0.24623
0.22102
0.19558
0.16993
0.14409
0.11811
0.091992
0.065779
0.039496
0.01317
-0.013133
-0.039306
-0.065469
0.065286
0.039196
0.013097
-0.013133
-0.039386
-0.065596
-0.091736
-0.11778
-0.14369
-0.16946
-0.19504
-0.22041
-0.24555
-0.27043
-0.29502
-0.3193
-0.34324
-0.36682
-0.39001
-0.4128
-0.43515
-0.45706
-0.47848
-0.49942
-0.51983
-0.53971
-0.55904
-0.5778
-0.59597
-0.61354
-0.63049
-0.6468
-0.66246
-0.67747
-0.69179
-0.70543
-0.71837
-0.73061
-0.74212
-0.75291
-0.76296
-0.77227
-0.78083
-0.78862
-0.79566
-0.80193
-0.80742
-0.81214
-0.81607
-0.81922
-0.82159
-0.82317
-0.82396
-0.82396
-0.82317
-0.82159
-0.81922
-0.81607
-0.81214
-0.80742
-0.80193
-0.79566
-0.78862
-0.78083
-0.77227
-0.76296
-0.75291
-0.74212
-0.73061
-0.71837
-0.70543
-0.69179
-0.67747
-0.66246
-0.6468
-0.63049
-0.61354
-0.59597
-0.5778
-0.55904
-0.53971
-0.51983
-0.49942
-0.47848
-0.45706
-0.43515
-0.4128
-0.39001
-0.36682
-0.34324
-0.3193
-0.29502
-0.27043
-0.24555
-0.22041
-0.19504
-0.16946
-0.14369
-0.11778
-0.091736
-0.065596
-0.039386
-0.013133
0.013097
0.039196
0.065286
0.19598
0.11756
0.039196
-0.039306
-0.11787
-0.19632
-0.27455
-0.35249
-0.43005
-0.50715
-0.58371
-0.65965
-0.73488
-0.80934
-0.88293
-0.9556
-1.0272
-1.0978
-1.1672
-1.2354
-1.3023
-1.3679
-1.432
-1.4947
-1.5558
-1.6153
-1.6731
-1.7293
-1.7836
-1.8362
-1.8869
-1.9358
-1.9826
-2.0275
-2.0704
-2.1112
-2.15
-2.1866
-2.221
-2.2533
-2.2834
-2.3113
-2.3369
-2.3602
-2.3813
-2.4
-2.4165
-2.4306
-2.4424
-2.4518
-2.4589
-2.4636
-2.466
-2.466
-2.4636
-2.4589
-2.4518
-2.4424
-2.4306
-2.4165
-2.4
-2.3813
-2.3602
-2.3369
-2.3113
-2.2834
-2.2533
-2.221
-2.1866
-2.15
-2.1112
-2.0704
-2.0275
-1.9826
-1.9358
-1.8869
-1.8362
-1.7836
-1.7293
-1.6731
-1.6153
-1.5558
-1.4947
-1.432
-1.3679
-1.3023
-1.2354
-1.1672
-1.0978
-1.0272
-0.9556
-0.88293
-0.80934
-0.73488
-0.65965
-0.58371
-0.50715
-0.43005
-0.35249
-0.27455
-0.19632
-0.11787
-0.039306
0.039196
0.11756
0.19598
0.32674
0.19598
0.065286
-0.065469
-0.19634
-0.32699
-0.4573
-0.58712
-0.71631
-0.84473
-0.97225
-1.0987
-1.2241
-1.3481
-1.4707
-1.5917
-1.711
-1.8286
-1.9442
-2.0578
-2.1692
-2.2784
-2.3852
-2.4896
-2.5913
-2.6905
-2.7868
-2.8803
-2.9709
-3.0585
-3.143
-3.2243
-3.3024
-3.3771
-3.4486
-3.5166
-3.5811
-3.6421
-3.6995
-3.7532
-3.8033
-3.8497
-3.8924
-3.9313
-3.9663
-3.9976
-4.025
-4.0485
-4.0681
-4.0838
-4.0956
-4.1035
-4.1074
-4.1074
-4.1035
-4.0956
-4.0838
-4.0681
-4.0485
-4.025
-3.9976
-3.9663
-3.9313
-3.8924
-3.8497
-3.8033
-3.7532
-3.6995
-3.6421
-3.5811
-3.5166
-3.4486
-3.3771
-3.3024
-3.2243
-3.143
-3.0585
-2.9709
-2.8803
-2.7868
-2.6905
-2.5913
-2.4896
-2.3852
-2.2784
-2.1692
-2.0578
-1.9442
-1.8286
-1.711
-1.5917
-1.4707
-1.3481
-1.2241
-1.0987
-0.97225
-0.84473
-0.71631
-0.58712
-0.4573
-0.32699
-0.19634
-0.065469
0.065286
0.19598
0.32674
