0.45344
0.272
0.090619
-0.090873
-0.2725
-0.4538
-0.63452
-0.81446
-0.99339
-1.1711
-1.3474
-1.522
-1.6947
-1.8654
-2.0338
-2.1998
-2.3631
-2.5237
-2.6812
-2.8356
-2.9867
-3.1344
-3.2785
-3.4189
-3.5554
-3.688
-3.8165
-3.9408
-4.0609
-4.1766
-4.288
-4.3948
-4.4971
-4.5948
-4.6878
-4.776
-4.8596
-4.9383
-5.0123
-5.0814
-5.1456
-5.2049
-5.2593
-5.3089
-5.3534
-5.3931
-5.4278
-5.4576
-5.4824
-5.5022
-5.5171
-5.527
-5.532
-5.532
-5.527
-5.5171
-5.5022
-5.4824
-5.4576
-5.4278
-5.3931
-5.3534
-5.3089
-5.2593
-5.2049
-5.1456
-5.0814
-5.0123
-4.9383
-4.8596
-4.776
-4.6878
-4.5948
-4.4971
-4.3948
-4.288
-4.1766
-4.0609
-3.9408
-3.8165
-3.688
-3.5554
-3.4189
-3.2785
-3.1344
-2.9867
-2.8356
-2.6812
-2.5237
-2.3631
-2.1998
-2.0338
-1.8654
-1.6947
-1.522
-1.3474
-1.1711
-0.99339
-0.81446
-0.63452
-0.4538
-0.2725
-0.090873
0.090619
0.272
0.45344
0.272
0.16319
0.054411
-0.054563
-0.16362
-0.27248
-0.38099
-0.48903
-0.59647
-0.70317
-0.809
-0.91384
-1.0176
-1.12
-1.2212
-1.3208
-1.4189
-1.5153
-1.6099
-1.7026
-1.7933
-1.882
-1.9685
-2.0528
-2.1348
-2.2144
-2.2915
-2.3662
-2.4383
-2.5078
-2.5747
-2.6388
-2.7002
-2.7589
-2.8147
-2.8677
-2.9179
-2.9652
-3.0096
-3.051
-3.0896
-3.1252
-3.1579
-3.1876
-3.2144
-3.2382
-3.2591
-3.2769
-3.2918
-3.3037
-3.3127
-3.3186
-3.3216
-3.3216
-3.3186
-3.3127
-3.3037
-3.2918
-3.2769
-3.2591
-3.2382
-3.2144
-3.1876
-3.1579
-3.1252
-3.0896
-3.051
-3.0096
-2.9652
-2.9179
-2.8677
-2.8147
-2.7589
-2.7002
-2.6388
-2.5747
-2.5078
-2.4383
-2.3662
-2.2915
-2.2144
-2.1348
-2.0528
-1.9685
-1.882
-1.7933
-1.7026
-1.6099
-1.5153
-1.4189
-1.3208
-1.2212
-1.12
-1.0176
-0.91384
-0.809
-0.70317
-0.59647
-0.48903
-0.38099
-0.27248
-0.16362
-0.054563
0.054411
0.16319
0.272
0.090619
0.054411
0.018182
-0.018232
-0.054674
-0.091048
-0.12731
-0.16341
-0.19931
-0.23497
-0.27033
-0.30536
-0.34002
-0.37427
-0.40806
-0.44136
-0.47413
-0.50634
-0.53795
-0.56893
-0.59925
-0.62888
-0.65779
-0.68595
-0.71334
-0.73994
-0.76573
-0.79067
-0.81477
-0.83799
-0.86033
-0.88176
-0.90228
-0.92188
-0.94054
-0.95825
-0.97501
-0.99081
-1.0056
-1.0195
-1.0324
-1.0443
-1.0552
-1.0652
-1.0741
-1.0821
-1.089
-1.095
-1.1
-1.1039
-1.1069
-1.1089
-1.1099
-1.1099
-1.1089
-1.1069
-1.1039
-1.1
-1.095
-1.089
-1.0821
-1.0741
-1.0652
-1.0552
-1.0443
-1.0324
-1.0195
-1.0056
-0.99081
-0.97501
-0.95825
-0.94054
-0.92188
-0.90228
-0.88176
-0.86033
-0.83799
-0.81477
-0.79067
-0.76573
-0.73994
-0.71334
-0.68595
-0.65779
-0.62888
-0.59925
-0.56893
-0.53795
-0.50634
-0.47413
-0.44136
-0.40806
-0.37427
-0.34002
-0.30536
-0.27033
-0.23497
-0.19931
-0.16341
-0.12731
-0.091048
-0.054674
-0.018232
0.018182
0.054411
0.090619
-0.090873
-0.054563
-0.018232
0.018283
0.054827
0.091302
0.12766
0.16387
0.19987
0.23562
0.27108
0.30621
0.34097
0.37531
0.40919
0.44259
0.47545
0.50775
0.53945
0.57052
0.60092
0.63063
0.65962
0.68786
0.71533
0.742
0.76786
0.79288
0.81704
0.84033
0.86272
0.88422
0.9048
0.92445
0.94316
0.96092
0.97773
0.99358
1.0085
1.0224
1.0353
1.0472
1.0582
1.0681
1.0771
1.0851
1.0921
1.098
1.103
1.107
1.11
1.112
1.113
1.113
1.112
1.11
1.107
1.103
1.098
1.0921
1.0851
1.0771
1.0681
1.0582
1.0472
1.0353
1.0224
1.0085
0.99358
0.97773
0.96092
0.94316
0.92445
0.9048
0.88422
0.86272
0.84033
0.81704
0.79288
0.76786
0.742
0.71533
0.68786
0.65962
0.63063
0.60092
0.57052
0.53945
0.50775
0.47545
0.44259
0.40919
0.37531
0.34097
0.30621
0.27108
0.23562
0.19987
0.16387
0.12766
0.091302
0.054827
0.018283
-0.018232
-0.054563
-0.090873
-0.2725
-0.16362
-0.054674
0.054827
0.16441
0.27379
0.38283
0.4914
0.59935
0.70657
0.81291
0.91826
1.0225
1.1255
1.2271
1.3272
1.4258
1.5226
1.6177
1.7108
1.802
1.8911
1.978
2.0627
2.1451
2.2251
2.3026
2.3776
2.4501
2.5199
2.5871
2.6516
2.7133
2.7722
2.8283
2.8816
2.932
2.9795
3.0241
3.0658
3.1045
3.1403
3.1732
3.203
3.2299
3.2539
3.2748
3.2928
3.3077
3.3197
3.3287
3.3347
3.3377
3.3377
3.3347
3.3287
3.3197
3.3077
3.2928
3.2748
3.2539
3.2299
3.203
3.1732
3.1403
3.1045
3.0658
3.0241
2.9795
2.932
2.8816
2.8283
2.7722
2.7133
2.6516
2.5871
2.5199
2.4501
2.3776
2.3026
2.2251
2.1451
2.0627
1.978
1.8911
1.802
1.7108
1.6177
1.5226
1.4258
1.3272
1.2271
1.1255
1.0225
0.91826
0.81291
0.70657
0.59935
0.4914
0.38283
0.27379
0.16441
0.054827
-0.054674
-0.16362
-0.2725
-0.4538
-0.27248
-0.091048
0.091302
0.27379
0.45594
0.63752
0.81831
0.99809
1.1766
1.3537
1.5292
1.7027
1.8742
2.0434
2.2102
2.3743
2.5356
2.6939
2.849
3.0009
3.1492
3.294
3.435
3.5722
3.7054
3.8345
3.9594
4.0801
4.1964
4.3083
4.4156
4.5184
4.6165
4.7099
4.7986
4.8826
4.9617
5.036
5.1054
5.1699
5.2295
5.2842
5.334
5.3788
5.4186
5.4535
5.4834
5.5083
5.5282
5.5432
5.5532
5.5581
5.5581
5.5532
5.5432
5.5282
5.5083
5.4834
5.4535
5.4186
5.3788
5.334
5.2842
5.2295
5.1699
5.1054
5.036
4.9617
4.8826
4.7986
4.7099
4.6165
4.5184
4.4156
4.3083
4.1964
4.0801
3.9594
3.8345
3.7054
3.5722
3.435
3.294
3.1492
3.0009
2.849
2.6939
2.5356
2.3743
2.2102
2.0434
1.8742
1.7027
1.5292
1.3537
1.1766
0.99809
0.81831
0.63752
0.45594
0.27379
0.091302
-0.091048
-0.27248
-0.4538
-0.63452
-0.38099
-0.12731
0.12766
0.38283
0.63752
0.89142
1.1442
1.3956
1.6452
1.8929
2.1382
2.3808
2.6206
2.8572
3.0904
3.3199
3.5454
3.7667
3.9837
4.196
4.4034
4.6058
4.803
4.9949
5.1811
5.3616
5.5363
5.705
5.8676
6.024
6.1741
6.3178
6.455
6.5857
6.7097
6.8271
6.9377
7.0416
7.1387
7.2289
7.3122
7.3887
7.4583
7.5209
7.5766
7.6254
7.6672
7.702
7.7299
7.7508
7.7647
7.7717
7.7717
7.7647
7.7508
7.7299
7.702
7.6672
7.6254
7.5766
7.5209
7.4583
7.3887
7.3122
7.2289
7.1387
7.0416
6.9377
6.8271
6.7097
6.5857
6.455
6.3178
6.1741
6.024
5.8676
5.705
5.5363
5.3616
5.1811
4.9949
4.803
4.6058
4.4034
4.196
3.9837
3.7667
3.5454
3.3199
3.0904
2.8572
2.6206
2.3808
2.1382
1.8929
1.6452
1.3956
1.1442
0.89142
0.63752
0.38283
0.12766
-0.12731
-0.38099
-0.63452
-0.81446
-0.48903
-0.16341
0.16387
0.4914
0.81831
1.1442
1.4687
1.7914
2.1118
2.4296
2.7445
3.056
3.3638
3.6675
3.9668
4.2613
4.5508
4.8349
5.1134
5.3859
5.6522
5.912
6.1651
6.4113
6.6504
6.8821
7.1063
7.3229
7.5316
7.7324
7.925
8.1094
8.2856
8.4533
8.6125
8.7631
8.9051
9.0385
9.163
9.2789
9.3858
9.484
9.5733
9.6537
9.7252
9.7878
9.8414
9.8862
9.922
9.9488
9.9667
9.9756
9.9756
9.9667
9.9488
9.922
9.8862
9.8414
9.7878
9.7252
9.6537
9.5733
9.484
9.3858
9.2789
9.163
9.0385
8.9051
8.7631
8.6125
8.4533
8.2856
8.1094
7.925
7.7324
7.5316
7.3229
7.1063
6.8821
6.6504
6.4113
6.1651
5.912
5.6522
5.3859
5.1134
4.8349
4.5508
4.2613
3.9668
3.6675
3.3638
3.056
2.7445
2.4296
2.1118
1.7914
1.4687
1.1442
0.81831
0.4914
0.16387
-0.16341
-0.48903
-0.81446
-0.99339
-0.59647
-0.19931
0.19987
0.59935
0.99809
1.3956
1.7914
2.1849
2.5757
2.9634
3.3474
3.7274
4.1028
4.4732
4.8383
5.1975
5.5506
5.8971
6.2367
6.5691
6.8939
7.2108
7.5195
7.8198
8.1114
8.394
8.6675
8.9317
9.1862
9.4311
9.6661
9.891
10.106
10.31
10.505
10.688
10.862
11.024
11.176
11.317
11.448
11.568
11.676
11.775
11.862
11.938
12.004
12.058
12.102
12.134
12.156
12.167
12.167
12.156
12.134
12.102
12.058
12.004
11.938
11.862
11.775
11.676
11.568
11.448
11.317
11.176
11.024
10.862
10.688
10.505
10.31
10.106
9.891
9.6661
9.4311
9.1862
8.9317
8.6675
8.394
8.1114
7.8198
7.5195
7.2108
6.8939
6.5691
6.2367
5.8971
5.5506
5.1975
4.8383
4.4732
4.1028
3.7274
3.3474
2.9634
2.5757
2.1849
1.7914
1.3956
0.99809
0.59935
0.19987
-0.19931
-0.59647
-0.99339
-1.1711
-0.70317
-0.23497
0.23562
0.70657
1.1766
1.6452
2.1118
2.5757
3.0365
3.4935
3.9462
4.3941
4.8367
5.2734
5.7037
6.1273
6.5435
6.952
7.3524
7.7442
8.1271
8.5007
8.8646
9.2186
9.5624
9.8956
10.218
10.529
10.829
11.118
11.395
11.66
11.914
12.155
12.384
12.6
12.804
12.996
13.175
13.342
13.496
13.637
13.765
13.881
13.984
14.074
14.151
14.215
14.267
14.305
14.331
14.344
14.344
14.331
14.305
14.267
14.215
14.151
14.074
13.984
13.881
13.765
13.637
13.496
13.342
13.175
12.996
12.804
12.6
12.384
12.155
11.914
11.66
11.395
11.118
10.829
10.529
10.218
9.8956
9.5624
9.2186
8.8646
8.5007
8.1271
7.7442
7.3524
6.952
6.5435
6.1273
5.7037
5.2734
4.8367
4.3941
3.9462
3.4935
3.0365
2.5757
2.1118
1.6452
1.1766
0.70657
0.23562
-0.23497
-0.70317
-1.1711
-1.3474
-0.809
-0.27033
0.27108
0.81291
1.3537
1.8929
2.4296
2.9634
3.4935
4.0193
4.5402
5.0555
5.5646
6.0671
6.5622
7.0495
7.5283
7.9983
8.459
8.9098
9.3503
9.7801
10.199
10.606
11.002
11.385
11.756
12.114
12.459
12.792
13.11
13.415
13.707
13.984
14.248
14.497
14.732
14.952
15.158
15.35
15.527
15.689
15.837
15.97
16.088
16.192
16.281
16.355
16.414
16.458
16.488
16.503
16.503
16.488
16.458
16.414
16.355
16.281
16.192
16.088
15.97
15.837
15.689
15.527
15.35
15.158
14.952
14.732
14.497
14.248
13.984
13.707
13.415
13.11
12.792
12.459
12.114
11.756
11.385
11.002
10.606
10.199
9.7801
9.3503
8.9098
8.459
7.9983
7.5283
7.0495
6.5622
6.0671
5.5646
5.0555
4.5402
4.0193
3.4935
2.9634
2.4296
1.8929
1.3537
0.81291
0.27108
-0.27033
-0.809
-1.3474
-1.522
-0.91384
-0.30536
0.30621
0.91826
1.5292
2.1382
2.7445
3.3474
3.9462
4.5402
5.1285
5.7106
6.2858
6.8533
7.4126
7.963
8.504
9.0349
9.5552
10.064
10.562
11.048
11.521
11.981
12.427
12.86
13.279
13.684
14.074
14.449
14.809
15.154
15.483
15.796
16.094
16.375
16.641
16.89
17.123
17.339
17.539
17.722
17.889
18.04
18.173
18.29
18.39
18.474
18.541
18.591
18.624
18.641
18.641
18.624
18.591
18.541
18.474
18.39
18.29
18.173
18.04
17.889
17.722
17.539
17.339
17.123
16.89
16.641
16.375
16.094
15.796
15.483
15.154
14.809
14.449
14.074
13.684
13.279
12.86
12.427
11.981
11.521
11.048
10.562
10.064
9.5552
9.0349
8.504
7.963
7.4126
6.8533
6.2858
5.7106
5.1285
4.5402
3.9462
3.3474
2.7445
2.1382
1.5292
0.91826
0.30621
-0.30536
-0.91384
-1.522
-1.6947
-1.0176
-0.34002
0.34097
1.0225
1.7027
2.3808
3.056
3.7274
4.3941
5.0555
5.7106
6.3588
6.9992
7.6312
8.2539
8.8668
9.4692
10.06
10.64
11.207
11.761
12.301
12.828
13.34
13.838
14.32
14.787
15.237
15.671
16.089
16.49
16.874
17.24
17.589
17.921
18.234
18.529
18.807
19.066
19.307
19.53
19.734
19.92
20.087
20.236
20.366
20.478
20.571
20.645
20.701
20.738
20.757
20.757
20.738
20.701
20.645
20.571
20.478
20.366
20.236
20.087
19.92
19.734
19.53
19.307
19.066
18.807
18.529
18.234
17.921
17.589
17.24
16.874
16.49
16.089
15.671
15.237
14.787
14.32
13.838
13.34
12.828
12.301
11.761
11.207
10.64
10.06
9.4692
8.8668
8.2539
7.6312
6.9992
6.3588
5.7106
5.0555
4.3941
3.7274
3.056
2.3808
1.7027
1.0225
0.34097
-0.34002
-1.0176
-1.6947
-1.8654
-1.12
-0.37427
0.37531
1.1255
1.8742
2.6206
3.3638
4.1028
4.8367
5.5646
6.2858
6.9992
7.7041
8.3997
9.0852
9.7598
10.423
11.074
11.711
12.335
12.945
13.54
14.12
14.684
15.232
15.762
16.276
16.772
17.25
17.71
18.151
18.573
18.977
19.361
19.725
20.07
20.396
20.701
20.986
21.252
21.497
21.721
21.926
22.11
22.274
22.417
22.54
22.643
22.725
22.786
22.827
22.847
22.847
22.827
22.786
22.725
22.643
22.54
22.417
22.274
22.11
21.926
21.721
21.497
21.252
20.986
20.701
20.396
20.07
19.725
19.361
18.977
18.573
18.151
17.71
17.25
16.772
16.276
15.762
15.232
14.684
14.12
13.54
12.945
12.335
11.711
11.074
10.423
9.7598
9.0852
8.3997
7.7041
6.9992
6.2858
5.5646
4.8367
4.1028
3.3638
2.6206
1.8742
1.1255
0.37531
-0.37427
-1.12
-1.8654
-2.0338
-1.2212
-0.40806
0.40919
1.2271
2.0434
2.8572
3.6675
4.4732
5.2734
6.0671
6.8533
7.6312
8.3997
9.1581
9.9055
10.641
11.364
12.073
12.769
13.449
14.114
14.763
15.395
16.01
16.607
17.185
17.745
18.286
18.807
19.309
19.79
20.25
20.69
21.109
21.506
21.883
22.237
22.57
22.881
23.17
23.438
23.683
23.906
24.106
24.285
24.441
24.575
24.687
24.776
24.843
24.888
24.91
24.91
24.888
24.843
24.776
24.687
24.575
24.441
24.285
24.106
23.906
23.683
23.438
23.17
22.881
22.57
22.237
21.883
21.506
21.109
20.69
20.25
19.79
19.309
18.807
18.286
17.745
17.185
16.607
16.01
15.395
14.763
14.114
13.449
12.769
12.073
11.364
10.641
9.9055
9.1581
8.3997
7.6312
6.8533
6.0671
5.2734
4.4732
3.6675
2.8572
2.0434
1.2271
0.40919
-0.40806
-1.2212
-2.0338
-2.1998
-1.3208
-0.44136
0.44259
1.3272
2.2102
3.0904
3.9668
4.8383
5.7037
6.5622
7.4126
8.2539
9.0852
9.9055
10.714
11.509
12.291
13.059
13.811
14.547
15.266
15.968
16.651
17.316
17.962
18.588
19.194
19.778
20.342
20.884
21.405
21.903
22.379
22.831
23.261
23.668
24.052
24.412
24.749
25.061
25.35
25.615
25.857
26.074
26.267
26.436
26.581
26.702
26.798
26.871
26.919
26.943
26.943
26.919
26.871
26.798
26.702
26.581
26.436
26.267
26.074
25.857
25.615
25.35
25.061
24.749
24.412
24.052
23.668
23.261
22.831
22.379
21.903
21.405
20.884
20.342
19.778
19.194
18.588
17.962
17.316
16.651
15.968
15.266
14.547
13.811
13.059
12.291
11.509
10.714
9.9055
9.0852
8.2539
7.4126
6.5622
5.7037
4.8383
3.9668
3.0904
2.2102
1.3272
0.44259
-0.44136
-1.3208
-2.1998
-2.3631
-1.4189
-0.47413
0.47545
1.4258
2.3743
3.3199
4.2613
5.1975
6.1273
7.0495
7.963
8.8668
9.7598
10.641
11.509
12.364
13.204
14.028
14.836
15.627
16.399
17.153
17.888
18.602
19.296
19.968
20.619
21.247
21.853
22.435
22.994
23.529
24.04
24.527
24.989
25.426
25.838
26.225
26.586
26.922
27.233
27.517
27.777
28.01
28.217
28.399
28.555
28.684
28.788
28.866
28.918
28.944
28.944
28.918
28.866
28.788
28.684
28.555
28.399
28.217
28.01
27.777
27.517
27.233
26.922
26.586
26.225
25.838
25.426
24.989
24.527
24.04
23.529
22.994
22.435
21.853
21.247
20.619
19.968
19.296
18.602
17.888
17.153
16.399
15.627
14.836
14.028
13.204
12.364
11.509
10.641
9.7598
8.8668
7.963
7.0495
6.1273
5.1975
4.2613
3.3199
2.3743
1.4258
0.47545
-0.47413
-1.4189
-2.3631
-2.5237
-1.5153
-0.50634
0.50775
1.5226
2.5356
3.5454
4.5508
5.5506
6.5435
7.5283
8.504
9.4692
10.423
11.364
12.291
13.204
14.101
14.981
15.844
16.688
17.514
18.319
19.103
19.866
20.607
21.325
22.019
22.69
23.337
23.959
24.556
25.128
25.673
26.193
26.686
27.153
27.593
28.006
28.392
28.751
29.083
29.387
29.663
29.913
30.134
30.328
30.494
30.633
30.744
30.827
30.882
30.91
30.91
30.882
30.827
30.744
30.633
30.494
30.328
30.134
29.913
29.663
29.387
29.083
28.751
28.392
28.006
27.593
27.153
26.686
26.193
25.673
25.128
24.556
23.959
23.337
22.69
22.019
21.325
20.607
19.866
19.103
18.319
17.514
16.688
15.844
14.981
14.101
13.204
12.291
11.364
10.423
9.4692
8.504
7.5283
6.5435
5.5506
4.5508
3.5454
2.5356
1.5226
0.50775
-0.50634
-1.5153
-2.5237
-2.6812
-1.6099
-0.53795
0.53945
1.6177
2.6939
3.7667
4.8349
5.8971
6.952
7.9983
9.0349
10.06
11.074
12.073
13.059
14.028
14.981
15.917
16.833
17.73
18.607
19.462
20.296
21.106
21.893
22.656
23.394
24.107
24.794
25.455
26.089
26.696
27.276
27.828
28.352
28.848
29.316
29.755
30.165
30.546
30.898
31.221
31.515
31.78
32.015
32.222
32.398
32.545
32.663
32.752
32.811
32.84
32.84
32.811
32.752
32.663
32.545
32.398
32.222
32.015
31.78
31.515
31.221
30.898
30.546
30.165
29.755
29.316
28.848
28.352
27.828
27.276
26.696
26.089
25.455
24.794
24.107
23.394
22.656
21.893
21.106
20.296
19.462
18.607
17.73
16.833
15.917
14.981
14.028
13.059
12.073
11.074
10.06
9.0349
7.9983
6.952
5.8971
4.8349
3.7667
2.6939
1.6177
0.53945
-0.53795
-1.6099
-2.6812
-2.8356
-1.7026
-0.56893
0.57052
1.7108
2.849
3.9837
5.1134
6.2367
7.3524
8.459
9.5552
10.64
11.711
12.769
13.811
14.836
15.844
16.833
17.803
18.751
19.678
20.583
21.464
22.322
23.154
23.961
24.741
25.495
26.222
26.921
27.592
28.234
28.847
29.431
29.985
30.51
31.004
31.468
31.902
32.305
32.678
33.02
33.33
33.61
33.859
34.077
34.264
34.42
34.544
34.638
34.7
34.731
34.731
34.7
34.638
34.544
34.42
34.264
34.077
33.859
33.61
33.33
33.02
32.678
32.305
31.902
31.468
31.004
30.51
29.985
29.431
28.847
28.234
27.592
26.921
26.222
25.495
24.741
23.961
23.154
22.322
21.464
20.583
19.678
18.751
17.803
16.833
15.844
14.836
13.811
12.769
11.711
10.64
9.5552
8.459
7.3524
6.2367
5.1134
3.9837
2.849
1.7108
0.57052
-0.56893
-1.7026
-2.8356
-2.9867
-1.7933
-0.59925
0.60092
1.802
3.0009
4.196
5.3859
6.5691
7.7442
8.9098
10.064
11.207
12.335
13.449
14.547
15.627
16.688
17.73
18.751
19.751
20.727
21.68
22.608
23.511
24.388
25.238
26.06
26.854
27.619
28.356
29.062
29.738
30.384
30.999
31.583
32.136
32.656
33.145
33.602
34.027
34.419
34.779
35.107
35.402
35.664
35.893
36.09
36.254
36.385
36.484
36.549
36.582
36.582
36.549
36.484
36.385
36.254
36.09
35.893
35.664
35.402
35.107
34.779
34.419
34.027
33.602
33.145
32.656
32.136
31.583
30.999
30.384
29.738
29.062
28.356
27.619
26.854
26.06
25.238
24.388
23.511
22.608
21.68
20.727
19.751
18.751
17.73
16.688
15.627
14.547
13.449
12.335
11.207
10.064
8.9098
7.7442
6.5691
5.3859
4.196
3.0009
1.802
0.60092
-0.59925
-1.7933
-2.9867
-3.1344
-1.882
-0.62888
0.63063
1.8911
3.1492
4.4034
5.6522
6.8939
8.1271
9.3503
10.562
11.761
12.945
14.114
15.266
16.399
17.514
18.607
19.678
20.727
21.752
22.752
23.726
24.674
25.594
26.485
27.348
28.182
28.985
29.758
30.499
31.209
31.887
32.532
33.145
33.724
34.271
34.784
35.264
35.709
36.121
36.499
36.842
37.152
37.427
37.668
37.874
38.047
38.184
38.288
38.356
38.391
38.391
38.356
38.288
38.184
38.047
37.874
37.668
37.427
37.152
36.842
36.499
36.121
35.709
35.264
34.784
34.271
33.724
33.145
32.532
31.887
31.209
30.499
29.758
28.985
28.182
27.348
26.485
25.594
24.674
23.726
22.752
21.752
20.727
19.678
18.607
17.514
16.399
15.266
14.114
12.945
11.761
10.562
9.3503
8.1271
6.8939
5.6522
4.4034
3.1492
1.8911
0.63063
-0.62888
-1.882
-3.1344
-3.2785
-1.9685
-0.65779
0.65962
1.978
3.294
4.6058
5.912
7.2108
8.5007
9.7801
11.048
12.301
13.54
14.763
15.968
17.153
18.319
19.462
20.583
21.68
22.752
23.798
24.817
25.808
26.77
27.703
28.606
29.477
30.317
31.126
31.901
32.643
33.352
34.028
34.668
35.275
35.846
36.383
36.885
37.351
37.782
38.177
38.536
38.86
39.148
39.4
39.616
39.796
39.94
40.048
40.12
40.156
40.156
40.12
40.048
39.94
39.796
39.616
39.4
39.148
38.86
38.536
38.177
37.782
37.351
36.885
36.383
35.846
35.275
34.668
34.028
33.352
32.643
31.901
31.126
30.317
29.477
28.606
27.703
26.77
25.808
24.817
23.798
22.752
21.68
20.583
19.462
18.319
17.153
15.968
14.763
13.54
12.301
11.048
9.7801
8.5007
7.2108
5.912
4.6058
3.294
1.978
0.65962
-0.65779
-1.9685
-3.2785
-3.4189
-2.0528
-0.68595
0.68786
2.0627
3.435
4.803
6.1651
7.5195
8.8646
10.199
11.521
12.828
14.12
15.395
16.651
17.888
19.103
20.296
21.464
22.608
23.726
24.817
25.879
26.913
27.916
28.889
29.83
30.739
31.615
32.458
33.267
34.041
34.78
35.484
36.153
36.785
37.381
37.941
38.464
38.95
39.399
39.811
40.186
40.524
40.824
41.086
41.312
41.499
41.65
41.762
41.837
41.875
41.875
41.837
41.762
41.65
41.499
41.312
41.086
40.824
40.524
40.186
39.811
39.399
38.95
38.464
37.941
37.381
36.785
36.153
35.484
34.78
34.041
33.267
32.458
31.615
30.739
29.83
28.889
27.916
26.913
25.879
24.817
23.726
22.608
21.464
20.296
19.103
17.888
16.651
15.395
14.12
12.828
11.521
10.199
8.8646
7.5195
6.1651
4.803
3.435
2.0627
0.68786
-0.68595
-2.0528
-3.4189
-3.5554
-2.1348
-0.71334
0.71533
2.1451
3.5722
4.9949
6.4113
7.8198
9.2186
10.606
11.981
13.34
14.684
16.01
17.316
18.602
19.866
21.106
22.322
23.511
24.674
25.808
26.913
27.987
29.031
30.043
31.022
31.967
32.878
33.754
34.595
35.401
36.169
36.901
37.597
38.254
38.874
39.456
40
40.506
40.973
41.401
41.791
42.142
42.454
42.727
42.961
43.157
43.313
43.43
43.508
43.547
43.547
43.508
43.43
43.313
43.157
42.961
42.727
42.454
42.142
41.791
41.401
40.973
40.506
40
39.456
38.874
38.254
37.597
36.901
36.169
35.401
34.595
33.754
32.878
31.967
31.022
30.043
29.031
27.987
26.913
25.808
24.674
23.511
22.322
21.106
19.866
18.602
17.316
16.01
14.684
13.34
11.981
10.606
9.2186
7.8198
6.4113
4.9949
3.5722
2.1451
0.71533
-0.71334
-2.1348
-3.5554
-3.688
-2.2144
-0.73994
0.742
2.2251
3.7054
5.1811
6.6504
8.1114
9.5624
11.002
12.427
13.838
15.232
16.607
17.962
19.296
20.607
21.893
23.154
24.388
25.594
26.77
27.916
29.031
30.114
31.163
32.178
33.159
34.104
35.013
35.885
36.721
37.518
38.277
38.998
39.681
40.324
40.927
41.492
42.016
42.5
42.945
43.349
43.713
44.037
44.32
44.563
44.766
44.928
45.05
45.131
45.171
45.171
45.131
45.05
44.928
44.766
44.563
44.32
44.037
43.713
43.349
42.945
42.5
42.016
41.492
40.927
40.324
39.681
38.998
38.277
37.518
36.721
35.885
35.013
34.104
33.159
32.178
31.163
30.114
29.031
27.916
26.77
25.594
24.388
23.154
21.893
20.607
19.296
17.962
16.607
15.232
13.838
12.427
11.002
9.5624
8.1114
6.6504
5.1811
3.7054
2.2251
0.742
-0.73994
-2.2144
-3.688
-3.8165
-2.2915
-0.76573
0.76786
2.3026
3.8345
5.3616
6.8821
8.394
9.8956
11.385
12.86
14.32
15.762
17.185
18.588
19.968
21.325
22.656
23.961
25.238
26.485
27.703
28.889
30.043
31.163
32.249
33.3
34.314
35.292
36.233
37.136
38
38.825
39.611
40.357
41.063
41.729
42.354
42.937
43.48
43.981
44.441
44.86
45.237
45.572
45.865
46.116
46.326
46.494
46.619
46.703
46.745
46.745
46.703
46.619
46.494
46.326
46.116
45.865
45.572
45.237
44.86
44.441
43.981
43.48
42.937
42.354
41.729
41.063
40.357
39.611
38.825
38
37.136
36.233
35.292
34.314
33.3
32.249
31.163
30.043
28.889
27.703
26.485
25.238
23.961
22.656
21.325
19.968
18.588
17.185
15.762
14.32
12.86
11.385
9.8956
8.394
6.8821
5.3616
3.8345
2.3026
0.76786
-0.76573
-2.2915
-3.8165
-3.9408
-2.3662
-0.79067
0.79288
2.3776
3.9594
5.5363
7.1063
8.6675
10.218
11.756
13.279
14.787
16.276
17.745
19.194
20.619
22.019
23.394
24.741
26.06
27.348
28.606
29.83
31.022
32.178
33.3
34.385
35.432
36.442
37.414
38.346
39.238
40.09
40.902
41.672
42.401
43.088
43.734
44.336
44.897
45.414
45.889
46.321
46.71
47.056
47.359
47.619
47.835
48.009
48.138
48.225
48.268
48.268
48.225
48.138
48.009
47.835
47.619
47.359
47.056
46.71
46.321
45.889
45.414
44.897
44.336
43.734
43.088
42.401
41.672
40.902
40.09
39.238
38.346
37.414
36.442
35.432
34.385
33.3
32.178
31.022
29.83
28.606
27.348
26.06
24.741
23.394
22.019
20.619
19.194
17.745
16.276
14.787
13.279
11.756
10.218
8.6675
7.1063
5.5363
3.9594
2.3776
0.79288
-0.79067
-2.3662
-3.9408
-4.0609
-2.4383
-0.81477
0.81704
2.4501
4.0801
5.705
7.3229
8.9317
10.529
12.114
13.684
15.237
16.772
18.286
19.778
21.247
22.69
24.107
25.495
26.854
28.182
29.477
30.739
31.967
33.159
34.314
35.432
36.512
37.553
38.554
39.514
40.434
41.312
42.148
42.942
43.693
44.401
45.066
45.687
46.265
46.798
47.288
47.733
48.134
48.49
48.803
49.07
49.293
49.472
49.605
49.695
49.739
49.739
49.695
49.605
49.472
49.293
49.07
48.803
48.49
48.134
47.733
47.288
46.798
46.265
45.687
45.066
44.401
43.693
42.942
42.148
41.312
40.434
39.514
38.554
37.553
36.512
35.432
34.314
33.159
31.967
30.739
29.477
28.182
26.854
25.495
24.107
22.69
21.247
19.778
18.286
16.772
15.237
13.684
12.114
10.529
8.9317
7.3229
5.705
4.0801
2.4501
0.81704
-0.81477
-2.4383
-4.0609
-4.1766
-2.5078
-0.83799
0.84033
2.5199
4.1964
5.8676
7.5316
9.1862
10.829
12.459
14.074
15.671
17.25
18.807
20.342
21.853
23.337
24.794
26.222
27.619
28.985
30.317
31.615
32.878
34.104
35.292
36.442
37.553
38.623
39.653
40.641
41.587
42.49
43.35
44.166
44.939
45.667
46.351
46.99
47.584
48.132
48.636
49.094
49.506
49.873
50.194
50.469
50.698
50.882
51.019
51.111
51.157
51.157
51.111
51.019
50.882
50.698
50.469
50.194
49.873
49.506
49.094
48.636
48.132
47.584
46.99
46.351
45.667
44.939
44.166
43.35
42.49
41.587
40.641
39.653
38.623
37.553
36.442
35.292
34.104
32.878
31.615
30.317
28.985
27.619
26.222
24.794
23.337
21.853
20.342
18.807
17.25
15.671
14.074
12.459
10.829
9.1862
7.5316
5.8676
4.1964
2.5199
0.84033
-0.83799
-2.5078
-4.1766
-4.288
-2.5747
-0.86033
0.86272
2.5871
4.3083
6.024
7.7324
9.4311
11.118
12.792
14.449
16.089
17.71
19.309
20.884
22.435
23.959
25.455
26.921
28.356
29.758
31.126
32.458
33.754
35.013
36.233
37.414
38.554
39.653
40.71
41.724
42.695
43.622
44.505
45.343
46.137
46.884
47.586
48.242
48.852
49.415
49.932
50.402
50.826
51.202
51.531
51.814
52.05
52.238
52.379
52.473
52.521
52.521
52.473
52.379
52.238
52.05
51.814
51.531
51.202
50.826
50.402
49.932
49.415
48.852
48.242
47.586
46.884
46.137
45.343
44.505
43.622
42.695
41.724
40.71
39.653
38.554
37.414
36.233
35.013
33.754
32.458
31.126
29.758
28.356
26.921
25.455
23.959
22.435
20.884
19.309
17.71
16.089
14.449
12.792
11.118
9.4311
7.7324
6.024
4.3083
2.5871
0.86272
-0.86033
-2.5747
-4.288
-4.3948
-2.6388
-0.88176
0.88422
2.6516
4.4156
6.1741
7.925
9.6661
11.395
13.11
14.809
16.49
18.151
19.79
21.405
22.994
24.556
26.089
27.592
29.062
30.499
31.901
33.267
34.595
35.885
37.136
38.346
39.514
40.641
41.724
42.764
43.759
44.709
45.614
46.473
47.286
48.052
48.772
49.444
50.069
50.647
51.176
51.658
52.092
52.478
52.815
53.105
53.346
53.539
53.684
53.781
53.829
53.829
53.781
53.684
53.539
53.346
53.105
52.815
52.478
52.092
51.658
51.176
50.647
50.069
49.444
48.772
48.052
47.286
46.473
45.614
44.709
43.759
42.764
41.724
40.641
39.514
38.346
37.136
35.885
34.595
33.267
31.901
30.499
29.062
27.592
26.089
24.556
22.994
21.405
19.79
18.151
16.49
14.809
13.11
11.395
9.6661
7.925
6.1741
4.4156
2.6516
0.88422
-0.88176
-2.6388
-4.3948
-4.4971
-2.7002
-0.90228
0.9048
2.7133
4.5184
6.3178
8.1094
9.891
11.66
13.415
15.154
16.874
18.573
20.25
21.903
23.529
25.128
26.696
28.234
29.738
31.209
32.643
34.041
35.401
36.721
38
39.238
40.434
41.587
42.695
43.759
44.777
45.75
46.676
47.555
48.387
49.171
49.907
50.595
51.234
51.825
52.367
52.86
53.304
53.699
54.045
54.341
54.588
54.786
54.934
55.033
55.082
55.082
55.033
54.934
54.786
54.588
54.341
54.045
53.699
53.304
52.86
52.367
51.825
51.234
50.595
49.907
49.171
48.387
47.555
46.676
45.75
44.777
43.759
42.695
41.587
40.434
39.238
38
36.721
35.401
34.041
32.643
31.209
29.738
28.234
26.696
25.128
23.529
21.903
20.25
18.573
16.874
15.154
13.415
11.66
9.891
8.1094
6.3178
4.5184
2.7133
0.9048
-0.90228
-2.7002
-4.4971
-4.5948
-2.7589
-0.92188
0.92445
2.7722
4.6165
6.455
8.2856
10.106
11.914
13.707
15.483
17.24
18.977
20.69
22.379
24.04
25.673
27.276
28.847
30.384
31.887
33.352
34.78
36.169
37.518
38.825
40.09
41.312
42.49
43.622
44.709
45.75
46.743
47.689
48.588
49.438
50.239
50.991
51.694
52.347
52.951
53.505
54.008
54.462
54.865
55.218
55.521
55.774
55.975
56.127
56.228
56.278
56.278
56.228
56.127
55.975
55.774
55.521
55.218
54.865
54.462
54.008
53.505
52.951
52.347
51.694
50.991
50.239
49.438
48.588
47.689
46.743
45.75
44.709
43.622
42.49
41.312
40.09
38.825
37.518
36.169
34.78
33.352
31.887
30.384
28.847
27.276
25.673
24.04
22.379
20.69
18.977
17.24
15.483
13.707
11.914
10.106
8.2856
6.455
4.6165
2.7722
0.92445
-0.92188
-2.7589
-4.5948
-4.6878
-2.8147
-0.94054
0.94316
2.8283
4.7099
6.5857
8.4533
10.31
12.155
13.984
15.796
17.589
19.361
21.109
22.831
24.527
26.193
27.828
29.431
30.999
32.532
34.028
35.484
36.901
38.277
39.611
40.902
42.148
43.35
44.505
45.614
46.676
47.689
48.655
49.571
50.438
51.256
52.023
52.74
53.407
54.023
54.588
55.102
55.564
55.976
56.336
56.645
56.902
57.108
57.263
57.366
57.418
57.418
57.366
57.263
57.108
56.902
56.645
56.336
55.976
55.564
55.102
54.588
54.023
53.407
52.74
52.023
51.256
50.438
49.571
48.655
47.689
46.676
45.614
44.505
43.35
42.148
40.902
39.611
38.277
36.901
35.484
34.028
32.532
30.999
29.431
27.828
26.193
24.527
22.831
21.109
19.361
17.589
15.796
13.984
12.155
10.31
8.4533
6.5857
4.7099
2.8283
0.94316
-0.94054
-2.8147
-4.6878
-4.776
-2.8677
-0.95825
0.96092
2.8816
4.7986
6.7097
8.6125
10.505
12.384
14.248
16.094
17.921
19.725
21.506
23.261
24.989
26.686
28.352
29.985
31.583
33.145
34.668
36.153
37.597
38.998
40.357
41.672
42.942
44.166
45.343
46.473
47.555
48.588
49.571
50.505
51.388
52.221
53.003
53.734
54.413
55.04
55.616
56.139
56.611
57.03
57.397
57.712
57.974
58.184
58.342
58.447
58.499
58.499
58.447
58.342
58.184
57.974
57.712
57.397
57.03
56.611
56.139
55.616
55.04
54.413
53.734
53.003
52.221
51.388
50.505
49.571
48.588
47.555
46.473
45.343
44.166
42.942
41.672
40.357
38.998
37.597
36.153
34.668
33.145
31.583
29.985
28.352
26.686
24.989
23.261
21.506
19.725
17.921
16.094
14.248
12.384
10.505
8.6125
6.7097
4.7986
2.8816
0.96092
-0.95825
-2.8677
-4.776
-4.8596
-2.9179
-0.97501
0.97773
2.932
4.8826
6.8271
8.7631
10.688
12.6
14.497
16.375
18.234
20.07
21.883
23.668
25.426
27.153
28.848
30.51
32.136
33.724
35.275
36.785
38.254
39.681
41.063
42.401
43.693
44.939
46.137
47.286
48.387
49.438
50.438
51.388
52.287
53.135
53.93
54.673
55.364
56.003
56.589
57.121
57.601
58.028
58.401
58.721
58.988
59.202
59.362
59.469
59.522
59.522
59.469
59.362
59.202
58.988
58.721
58.401
58.028
57.601
57.121
56.589
56.003
55.364
54.673
53.93
53.135
52.287
51.388
50.438
49.438
48.387
47.286
46.137
44.939
43.693
42.401
41.063
39.681
38.254
36.785
35.275
33.724
32.136
30.51
28.848
27.153
25.426
23.668
21.883
20.07
18.234
16.375
14.497
12.6
10.688
8.7631
6.8271
4.8826
2.932
0.97773
-0.97501
-2.9179
-4.8596
-4.9383
-2.9652
-0.99081
0.99358
2.9795
4.9617
6.9377
8.9051
10.862
12.804
14.732
16.641
18.529
20.396
22.237
24.052
25.838
27.593
29.316
31.004
32.656
34.271
35.846
37.381
38.874
40.324
41.729
43.088
44.401
45.667
46.884
48.052
49.171
50.239
51.256
52.221
53.135
53.996
54.804
55.56
56.262
56.911
57.506
58.047
58.535
58.968
59.348
59.673
59.944
60.161
60.324
60.433
60.487
60.487
60.433
60.324
60.161
59.944
59.673
59.348
58.968
58.535
58.047
57.506
56.911
56.262
55.56
54.804
53.996
53.135
52.221
51.256
50.239
49.171
48.052
46.884
45.667
44.401
43.088
41.729
40.324
38.874
37.381
35.846
34.271
32.656
31.004
29.316
27.593
25.838
24.052
22.237
20.396
18.529
16.641
14.732
12.804
10.862
8.9051
6.9377
4.9617
2.9795
0.99358
-0.99081
-2.9652
-4.9383
-5.0123
-3.0096
-1.0056
1.0085
3.0241
5.036
7.0416
9.0385
11.024
12.996
14.952
16.89
18.807
20.701
22.57
24.412
26.225
28.006
29.755
31.468
33.145
34.784
36.383
37.941
39.456
40.927
42.354
43.734
45.066
46.351
47.586
48.772
49.907
50.991
52.023
53.003
53.93
54.804
55.625
56.391
57.104
57.763
58.367
58.916
59.411
59.851
60.236
60.567
60.842
61.062
61.227
61.337
61.393
61.393
61.337
61.227
61.062
60.842
60.567
60.236
59.851
59.411
58.916
58.367
57.763
57.104
56.391
55.625
54.804
53.93
53.003
52.023
50.991
49.907
48.772
47.586
46.351
45.066
43.734
42.354
40.927
39.456
37.941
36.383
34.784
33.145
31.468
29.755
28.006
26.225
24.412
22.57
20.701
18.807
16.89
14.952
12.996
11.024
9.0385
7.0416
5.036
3.0241
1.0085
-1.0056
-3.0096
-5.0123
-5.0814
-3.051
-1.0195
1.0224
3.0658
5.1054
7.1387
9.163
11.176
13.175
15.158
17.123
19.066
20.986
22.881
24.749
26.586
28.392
30.165
31.902
33.602
35.264
36.885
38.464
40
41.492
42.937
44.336
45.687
46.99
48.242
49.444
50.595
51.694
52.74
53.734
54.673
55.56
56.391
57.169
57.891
58.559
59.171
59.728
60.23
60.676
61.067
61.401
61.681
61.904
62.071
62.183
62.239
62.239
62.183
62.071
61.904
61.681
61.401
61.067
60.676
60.23
59.728
59.171
58.559
57.891
57.169
56.391
55.56
54.673
53.734
52.74
51.694
50.595
49.444
48.242
46.99
45.687
44.336
42.937
41.492
40
38.464
36.885
35.264
33.602
31.902
30.165
28.392
26.586
24.749
22.881
20.986
19.066
17.123
15.158
13.175
11.176
9.163
7.1387
5.1054
3.0658
1.0224
-1.0195
-3.051
-5.0814
-5.1456
-3.0896
-1.0324
1.0353
3.1045
5.1699
7.2289
9.2789
11.317
13.342
15.35
17.339
19.307
21.252
23.17
25.061
26.922
28.751
30.546
32.305
34.027
35.709
37.351
38.95
40.506
42.016
43.48
44.897
46.265
47.584
48.852
50.069
51.234
52.347
53.407
54.413
55.364
56.262
57.104
57.891
58.623
59.299
59.919
60.483
60.991
61.443
61.839
62.178
62.46
62.686
62.856
62.969
63.026
63.026
62.969
62.856
62.686
62.46
62.178
61.839
61.443
60.991
60.483
59.919
59.299
58.623
57.891
57.104
56.262
55.364
54.413
53.407
52.347
51.234
50.069
48.852
47.584
46.265
44.897
43.48
42.016
40.506
38.95
37.351
35.709
34.027
32.305
30.546
28.751
26.922
25.061
23.17
21.252
19.307
17.339
15.35
13.342
11.317
9.2789
7.2289
5.1699
3.1045
1.0353
-1.0324
-3.0896
-5.1456
-5.2049
-3.1252
-1.0443
1.0472
3.1403
5.2295
7.3122
9.3858
11.448
13.496
15.527
17.539
19.53
21.497
23.438
25.35
27.233
29.083
30.898
32.678
34.419
36.121
37.782
39.399
40.973
42.5
43.981
45.414
46.798
48.132
49.415
50.647
51.825
52.951
54.023
55.04
56.003
56.911
57.763
58.559
59.299
59.983
60.61
61.181
61.695
62.152
62.552
62.895
63.18
63.409
63.581
63.695
63.752
63.752
63.695
63.581
63.409
63.18
62.895
62.552
62.152
61.695
61.181
60.61
59.983
59.299
58.559
57.763
56.911
56.003
55.04
54.023
52.951
51.825
50.647
49.415
48.132
46.798
45.414
43.981
42.5
40.973
39.399
37.782
36.121
34.419
32.678
30.898
29.083
27.233
25.35
23.438
21.497
19.53
17.539
15.527
13.496
11.448
9.3858
7.3122
5.2295
3.1403
1.0472
-1.0443
-3.1252
-5.2049
-5.2593
-3.1579
-1.0552
1.0582
3.1732
5.2842
7.3887
9.484
11.568
13.637
15.689
17.722
19.734
21.721
23.683
25.615
27.517
29.387
31.221
33.02
34.779
36.499
38.177
39.811
41.401
42.945
44.441
45.889
47.288
48.636
49.932
51.176
52.367
53.505
54.588
55.616
56.589
57.506
58.367
59.171
59.919
60.61
61.244
61.821
62.34
62.802
63.206
63.552
63.841
64.072
64.246
64.361
64.419
64.419
64.361
64.246
64.072
63.841
63.552
63.206
62.802
62.34
61.821
61.244
60.61
59.919
59.171
58.367
57.506
56.589
55.616
54.588
53.505
52.367
51.176
49.932
48.636
47.288
45.889
44.441
42.945
41.401
39.811
38.177
36.499
34.779
33.02
31.221
29.387
27.517
25.615
23.683
21.721
19.734
17.722
15.689
13.637
11.568
9.484
7.3887
5.2842
3.1732
1.0582
-1.0552
-3.1579
-5.2593
-5.3089
-3.1876
-1.0652
1.0681
3.203
5.334
7.4583
9.5733
11.676
13.765
15.837
17.889
19.92
21.926
23.906
25.857
27.777
29.663
31.515
33.33
35.107
36.842
38.536
40.186
41.791
43.349
44.86
46.321
47.733
49.094
50.402
51.658
52.86
54.008
55.102
56.139
57.121
58.047
58.916
59.728
60.483
61.181
61.821
62.403
62.927
63.393
63.801
64.151
64.442
64.676
64.851
64.967
65.026
65.026
64.967
64.851
64.676
64.442
64.151
63.801
63.393
62.927
62.403
61.821
61.181
60.483
59.728
58.916
58.047
57.121
56.139
55.102
54.008
52.86
51.658
50.402
49.094
47.733
46.321
44.86
43.349
41.791
40.186
38.536
36.842
35.107
33.33
31.515
29.663
27.777
25.857
23.906
21.926
19.92
17.889
15.837
13.765
11.676
9.5733
7.4583
5.334
3.203
1.0681
-1.0652
-3.1876
-5.3089
-5.3534
-3.2144
-1.0741
1.0771
3.2299
5.3788
7.5209
9.6537
11.775
13.881
15.97
18.04
20.087
22.11
24.106
26.074
28.01
29.913
31.78
33.61
35.402
37.152
38.86
40.524
42.142
43.713
45.237
46.71
48.134
49.506
50.826
52.092
53.304
54.462
55.564
56.611
57.601
58.535
59.411
60.23
60.991
61.695
62.34
62.927
63.455
63.925
64.337
64.69
64.984
65.219
65.395
65.513
65.572
65.572
65.513
65.395
65.219
64.984
64.69
64.337
63.925
63.455
62.927
62.34
61.695
60.991
60.23
59.411
58.535
57.601
56.611
55.564
54.462
53.304
52.092
50.826
49.506
48.134
46.71
45.237
43.713
42.142
40.524
38.86
37.152
35.402
33.61
31.78
29.913
28.01
26.074
24.106
22.11
20.087
18.04
15.97
13.881
11.775
9.6537
7.5209
5.3788
3.2299
1.0771
-1.0741
-3.2144
-5.3534
-5.3931
-3.2382
-1.0821
1.0851
3.2539
5.4186
7.5766
9.7252
11.862
13.984
16.088
18.173
20.236
22.274
24.285
26.267
28.217
30.134
32.015
33.859
35.664
37.427
39.148
40.824
42.454
44.037
45.572
47.056
48.49
49.873
51.202
52.478
53.699
54.865
55.976
57.03
58.028
58.968
59.851
60.676
61.443
62.152
62.802
63.393
63.925
64.399
64.813
65.169
65.465
65.702
65.88
65.998
66.057
66.057
65.998
65.88
65.702
65.465
65.169
64.813
64.399
63.925
63.393
62.802
62.152
61.443
60.676
59.851
58.968
58.028
57.03
55.976
54.865
53.699
52.478
51.202
49.873
48.49
47.056
45.572
44.037
42.454
40.824
39.148
37.427
35.664
33.859
32.015
30.134
28.217
26.267
24.285
22.274
20.236
18.173
16.088
13.984
11.862
9.7252
7.5766
5.4186
3.2539
1.0851
-1.0821
-3.2382
-5.3931
-5.4278
-3.2591
-1.089
1.0921
3.2748
5.4535
7.6254
9.7878
11.938
14.074
16.192
18.29
20.366
22.417
24.441
26.436
28.399
30.328
32.222
34.077
35.893
37.668
39.4
41.086
42.727
44.32
45.865
47.359
48.803
50.194
51.531
52.815
54.045
55.218
56.336
57.397
58.401
59.348
60.236
61.067
61.839
62.552
63.206
63.801
64.337
64.813
65.23
65.588
65.886
66.125
66.304
66.423
66.483
66.483
66.423
66.304
66.125
65.886
65.588
65.23
64.813
64.337
63.801
63.206
62.552
61.839
61.067
60.236
59.348
58.401
57.397
56.336
55.218
54.045
52.815
51.531
50.194
48.803
47.359
45.865
44.32
42.727
41.086
39.4
37.668
35.893
34.077
32.222
30.328
28.399
26.436
24.441
22.417
20.366
18.29
16.192
14.074
11.938
9.7878
7.6254
5.4535
3.2748
1.0921
-1.089
-3.2591
-5.4278
-5.4576
-3.2769
-1.095
1.098
3.2928
5.4834
7.6672
9.8414
12.004
14.151
16.281
18.39
20.478
22.54
24.575
26.581
28.555
30.494
32.398
34.264
36.09
37.874
39.616
41.312
42.961
44.563
46.116
47.619
49.07
50.469
51.814
53.105
54.341
55.521
56.645
57.712
58.721
59.673
60.567
61.401
62.178
62.895
63.552
64.151
64.69
65.169
65.588
65.948
66.247
66.487
66.667
66.787
66.847
66.847
66.787
66.667
66.487
66.247
65.948
65.588
65.169
64.69
64.151
63.552
62.895
62.178
61.401
60.567
59.673
58.721
57.712
56.645
55.521
54.341
53.105
51.814
50.469
49.07
47.619
46.116
44.563
42.961
41.312
39.616
37.874
36.09
34.264
32.398
30.494
28.555
26.581
24.575
22.54
20.478
18.39
16.281
14.151
12.004
9.8414
7.6672
5.4834
3.2928
1.098
-1.095
-3.2769
-5.4576
-5.4824
-3.2918
-1.1
1.103
3.3077
5.5083
7.702
9.8862
12.058
14.215
16.355
18.474
20.571
22.643
24.687
26.702
28.684
30.633
32.545
34.42
36.254
38.047
39.796
41.499
43.157
44.766
46.326
47.835
49.293
50.698
52.05
53.346
54.588
55.774
56.902
57.974
58.988
59.944
60.842
61.681
62.46
63.18
63.841
64.442
64.984
65.465
65.886
66.247
66.549
66.789
66.97
67.091
67.151
67.151
67.091
66.97
66.789
66.549
66.247
65.886
65.465
64.984
64.442
63.841
63.18
62.46
61.681
60.842
59.944
58.988
57.974
56.902
55.774
54.588
53.346
52.05
50.698
49.293
47.835
46.326
44.766
43.157
41.499
39.796
38.047
36.254
34.42
32.545
30.633
28.684
26.702
24.687
22.643
20.571
18.474
16.355
14.215
12.058
9.8862
7.702
5.5083
3.3077
1.103
-1.1
-3.2918
-5.4824
-5.5022
-3.3037
-1.1039
1.107
3.3197
5.5282
7.7299
9.922
12.102
14.267
16.414
18.541
20.645
22.725
24.776
26.798
28.788
30.744
32.663
34.544
36.385
38.184
39.94
41.65
43.313
44.928
46.494
48.009
49.472
50.882
52.238
53.539
54.786
55.975
57.108
58.184
59.202
60.161
61.062
61.904
62.686
63.409
64.072
64.676
65.219
65.702
66.125
66.487
66.789
67.031
67.213
67.334
67.394
67.394
67.334
67.213
67.031
66.789
66.487
66.125
65.702
65.219
64.676
64.072
63.409
62.686
61.904
61.062
60.161
59.202
58.184
57.108
55.975
54.786
53.539
52.238
50.882
49.472
48.009
46.494
44.928
43.313
41.65
39.94
38.184
36.385
34.544
32.663
30.744
28.788
26.798
24.776
22.725
20.645
18.541
16.414
14.267
12.102
9.922
7.7299
5.5282
3.3197
1.107
-1.1039
-3.3037
-5.5022
-5.5171
-3.3127
-1.1069
1.11
3.3287
5.5432
7.7508
9.9488
12.134
14.305
16.458
18.591
20.701
22.786
24.843
26.871
28.866
30.827
32.752
34.638
36.484
38.288
40.048
41.762
43.43
45.05
46.619
48.138
49.605
51.019
52.379
53.684
54.934
56.127
57.263
58.342
59.362
60.324
61.227
62.071
62.856
63.581
64.246
64.851
65.395
65.88
66.304
66.667
66.97
67.213
67.394
67.516
67.576
67.576
67.516
67.394
67.213
66.97
66.667
66.304
65.88
65.395
64.851
64.246
63.581
62.856
62.071
61.227
60.324
59.362
58.342
57.263
56.127
54.934
53.684
52.379
51.019
49.605
48.138
46.619
45.05
43.43
41.762
40.048
38.288
36.484
34.638
32.752
30.827
28.866
26.871
24.843
22.786
20.701
18.591
16.458
14.305
12.134
9.9488
7.7508
5.5432
3.3287
1.11
-1.1069
-3.3127
-5.5171
-5.527
-3.3186
-1.1089
1.112
3.3347
5.5532
7.7647
9.9667
12.156
14.331
16.488
18.624
20.738
22.827
24.888
26.919
28.918
30.882
32.811
34.7
36.549
38.356
40.12
41.837
43.508
45.131
46.703
48.225
49.695
51.111
52.473
53.781
55.033
56.228
57.366
58.447
59.469
60.433
61.337
62.183
62.969
63.695
64.361
64.967
65.513
65.998
66.423
66.787
67.091
67.334
67.516
67.637
67.698
67.698
67.637
67.516
67.334
67.091
66.787
66.423
65.998
65.513
64.967
64.361
63.695
62.969
62.183
61.337
60.433
59.469
58.447
57.366
56.228
55.033
53.781
52.473
51.111
49.695
48.225
46.703
45.131
43.508
41.837
40.12
38.356
36.549
34.7
32.811
30.882
28.918
26.919
24.888
22.827
20.738
18.624
16.488
14.331
12.156
9.9667
7.7647
5.5532
3.3347
1.112
-1.1089
-3.3186
-5.527
-5.532
-3.3216
-1.1099
1.113
3.3377
5.5581
7.7717
9.9756
12.167
14.344
16.503
18.641
20.757
22.847
24.91
26.943
28.944
30.91
32.84
34.731
36.582
38.391
40.156
41.875
43.547
45.171
46.745
48.268
49.739
51.157
52.521
53.829
55.082
56.278
57.418
58.499
59.522
60.487
61.393
62.239
63.026
63.752
64.419
65.026
65.572
66.057
66.483
66.847
67.151
67.394
67.576
67.698
67.759
67.759
67.698
67.576
67.394
67.151
66.847
66.483
66.057
65.572
65.026
64.419
63.752
63.026
62.239
61.393
60.487
59.522
58.499
57.418
56.278
55.082
53.829
52.521
51.157
49.739
48.268
46.745
45.171
43.547
41.875
40.156
38.391
36.582
34.731
32.84
30.91
28.944
26.943
24.91
22.847
20.757
18.641
16.503
14.344
12.167
9.9756
7.7717
5.5581
3.3377
1.113
-1.1099
-3.3216
-5.532
-5.532
-3.3216
-1.1099
1.113
3.3377
5.5581
7.7717
9.9756
12.167
14.344
16.503
18.641
20.757
22.847
24.91
26.943
28.944
30.91
32.84
34.731
36.582
38.391
40.156
41.875
43.547
45.171
46.745
48.268
49.739
51.157
52.521
53.829
55.082
56.278
57.418
58.499
59.522
60.487
61.393
62.239
63.026
63.752
64.419
65.026
65.572
66.057
66.483
66.847
67.151
67.394
67.576
67.698
67.759
67.759
67.698
67.576
67.394
67.151
66.847
66.483
66.057
65.572
65.026
64.419
63.752
63.026
62.239
61.393
60.487
59.522
58.499
57.418
56.278
55.082
53.829
52.521
51.157
49.739
48.268
46.745
45.171
43.547
41.875
40.156
38.391
36.582
34.731
32.84
30.91
28.944
26.943
24.91
22.847
20.757
18.641
16.503
14.344
12.167
9.9756
7.7717
5.5581
3.3377
1.113
-1.1099
-3.3216
-5.532
-5.527
-3.3186
-1.1089
1.112
3.3347
5.5532
7.7647
9.9667
12.156
14.331
16.488
18.624
20.738
22.827
24.888
26.919
28.918
30.882
32.811
34.7
36.549
38.356
40.12
41.837
43.508
45.131
46.703
48.225
49.695
51.111
52.473
53.781
55.033
56.228
57.366
58.447
59.469
60.433
61.337
62.183
62.969
63.695
64.361
64.967
65.513
65.998
66.423
66.787
67.091
67.334
67.516
67.637
67.698
67.698
67.637
67.516
67.334
67.091
66.787
66.423
65.998
65.513
64.967
64.361
63.695
62.969
62.183
61.337
60.433
59.469
58.447
57.366
56.228
55.033
53.781
52.473
51.111
49.695
48.225
46.703
45.131
43.508
41.837
40.12
38.356
36.549
34.7
32.811
30.882
28.918
26.919
24.888
22.827
20.738
18.624
16.488
14.331
12.156
9.9667
7.7647
5.5532
3.3347
1.112
-1.1089
-3.3186
-5.527
-5.5171
-3.3127
-1.1069
1.11
3.3287
5.5432
7.7508
9.9488
12.134
14.305
16.458
18.591
20.701
22.786
24.843
26.871
28.866
30.827
32.752
34.638
36.484
38.288
40.048
41.762
43.43
45.05
46.619
48.138
49.605
51.019
52.379
53.684
54.934
56.127
57.263
58.342
59.362
60.324
61.227
62.071
62.856
63.581
64.246
64.851
65.395
65.88
66.304
66.667
66.97
67.213
67.394
67.516
67.576
67.576
67.516
67.394
67.213
66.97
66.667
66.304
65.88
65.395
64.851
64.246
63.581
62.856
62.071
61.227
60.324
59.362
58.342
57.263
56.127
54.934
53.684
52.379
51.019
49.605
48.138
46.619
45.05
43.43
41.762
40.048
38.288
36.484
34.638
32.752
30.827
28.866
26.871
24.843
22.786
20.701
18.591
16.458
14.305
12.134
9.9488
7.7508
5.5432
3.3287
1.11
-1.1069
-3.3127
-5.5171
-5.5022
-3.3037
-1.1039
1.107
3.3197
5.5282
7.7299
9.922
12.102
14.267
16.414
18.541
20.645
22.725
24.776
26.798
28.788
30.744
32.663
34.544
36.385
38.184
39.94
41.65
43.313
44.928
46.494
48.009
49.472
50.882
52.238
53.539
54.786
55.975
57.108
58.184
59.202
60.161
61.062
61.904
62.686
63.409
64.072
64.676
65.219
65.702
66.125
66.487
66.789
67.031
67.213
67.334
67.394
67.394
67.334
67.213
67.031
66.789
66.487
66.125
65.702
65.219
64.676
64.072
63.409
62.686
61.904
61.062
60.161
59.202
58.184
57.108
55.975
54.786
53.539
52.238
50.882
49.472
48.009
46.494
44.928
43.313
41.65
39.94
38.184
36.385
34.544
32.663
30.744
28.788
26.798
24.776
22.725
20.645
18.541
16.414
14.267
12.102
9.922
7.7299
5.5282
3.3197
1.107
-1.1039
-3.3037
-5.5022
-5.4824
-3.2918
-1.1
1.103
3.3077
5.5083
7.702
9.8862
12.058
14.215
16.355
18.474
20.571
22.643
24.687
26.702
28.684
30.633
32.545
34.42
36.254
38.047
39.796
41.499
43.157
44.766
46.326
47.835
49.293
50.698
52.05
53.346
54.588
55.774
56.902
57.974
58.988
59.944
60.842
61.681
62.46
63.18
63.841
64.442
64.984
65.465
65.886
66.247
66.549
66.789
66.97
67.091
67.151
67.151
67.091
66.97
66.789
66.549
66.247
65.886
65.465
64.984
64.442
63.841
63.18
62.46
61.681
60.842
59.944
58.988
57.974
56.902
55.774
54.588
53.346
52.05
50.698
49.293
47.835
46.326
44.766
43.157
41.499
39.796
38.047
36.254
34.42
32.545
30.633
28.684
26.702
24.687
22.643
20.571
18.474
16.355
14.215
12.058
9.8862
7.702
5.5083
3.3077
1.103
-1.1
-3.2918
-5.4824
-5.4576
-3.2769
-1.095
1.098
3.2928
5.4834
7.6672
9.8414
12.004
14.151
16.281
18.39
20.478
22.54
24.575
26.581
28.555
30.494
32.398
34.264
36.09
37.874
39.616
41.312
42.961
44.563
46.116
47.619
49.07
50.469
51.814
53.105
54.341
55.521
56.645
57.712
58.721
59.673
60.567
61.401
62.178
62.895
63.552
64.151
64.69
65.169
65.588
65.948
66.247
66.487
66.667
66.787
66.847
66.847
66.787
66.667
66.487
66.247
65.948
65.588
65.169
64.69
64.151
63.552
62.895
62.178
61.401
60.567
59.673
58.721
57.712
56.645
55.521
54.341
53.105
51.814
50.469
49.07
47.619
46.116
44.563
42.961
41.312
39.616
37.874
36.09
34.264
32.398
30.494
28.555
26.581
24.575
22.54
20.478
18.39
16.281
14.151
12.004
9.8414
7.6672
5.4834
3.2928
1.098
-1.095
-3.2769
-5.4576
-5.4278
-3.2591
-1.089
1.0921
3.2748
5.4535
7.6254
9.7878
11.938
14.074
16.192
18.29
20.366
22.417
24.441
26.436
28.399
30.328
32.222
34.077
35.893
37.668
39.4
41.086
42.727
44.32
45.865
47.359
48.803
50.194
51.531
52.815
54.045
55.218
56.336
57.397
58.401
59.348
60.236
61.067
61.839
62.552
63.206
63.801
64.337
64.813
65.23
65.588
65.886
66.125
66.304
66.423
66.483
66.483
66.423
66.304
66.125
65.886
65.588
65.23
64.813
64.337
63.801
63.206
62.552
61.839
61.067
60.236
59.348
58.401
57.397
56.336
55.218
54.045
52.815
51.531
50.194
48.803
47.359
45.865
44.32
42.727
41.086
39.4
37.668
35.893
34.077
32.222
30.328
28.399
26.436
24.441
22.417
20.366
18.29
16.192
14.074
11.938
9.7878
7.6254
5.4535
3.2748
1.0921
-1.089
-3.2591
-5.4278
-5.3931
-3.2382
-1.0821
1.0851
3.2539
5.4186
7.5766
9.7252
11.862
13.984
16.088
18.173
20.236
22.274
24.285
26.267
28.217
30.134
32.015
33.859
35.664
37.427
39.148
40.824
42.454
44.037
45.572
47.056
48.49
49.873
51.202
52.478
53.699
54.865
55.976
57.03
58.028
58.968
59.851
60.676
61.443
62.152
62.802
63.393
63.925
64.399
64.813
65.169
65.465
65.702
65.88
65.998
66.057
66.057
65.998
65.88
65.702
65.465
65.169
64.813
64.399
63.925
63.393
62.802
62.152
61.443
60.676
59.851
58.968
58.028
57.03
55.976
54.865
53.699
52.478
51.202
49.873
48.49
47.056
45.572
44.037
42.454
40.824
39.148
37.427
35.664
33.859
32.015
30.134
28.217
26.267
24.285
22.274
20.236
18.173
16.088
13.984
11.862
9.7252
7.5766
5.4186
3.2539
1.0851
-1.0821
-3.2382
-5.3931
-5.3534
-3.2144
-1.0741
1.0771
3.2299
5.3788
7.5209
9.6537
11.775
13.881
15.97
18.04
20.087
22.11
24.106
26.074
28.01
29.913
31.78
33.61
35.402
37.152
38.86
40.524
42.142
43.713
45.237
46.71
48.134
49.506
50.826
52.092
53.304
54.462
55.564
56.611
57.601
58.535
59.411
60.23
60.991
61.695
62.34
62.927
63.455
63.925
64.337
64.69
64.984
65.219
65.395
65.513
65.572
65.572
65.513
65.395
65.219
64.984
64.69
64.337
63.925
63.455
62.927
62.34
61.695
60.991
60.23
59.411
58.535
57.601
56.611
55.564
54.462
53.304
52.092
50.826
49.506
48.134
46.71
45.237
43.713
42.142
40.524
38.86
37.152
35.402
33.61
31.78
29.913
28.01
26.074
24.106
22.11
20.087
18.04
15.97
13.881
11.775
9.6537
7.5209
5.3788
3.2299
1.0771
-1.0741
-3.2144
-5.3534
-5.3089
-3.1876
-1.0652
1.0681
3.203
5.334
7.4583
9.5733
11.676
13.765
15.837
17.889
19.92
21.926
23.906
25.857
27.777
29.663
31.515
33.33
35.107
36.842
38.536
40.186
41.791
43.349
44.86
46.321
47.733
49.094
50.402
51.658
52.86
54.008
55.102
56.139
57.121
58.047
58.916
59.728
60.483
61.181
61.821
62.403
62.927
63.393
63.801
64.151
64.442
64.676
64.851
64.967
65.026
65.026
64.967
64.851
64.676
64.442
64.151
63.801
63.393
62.927
62.403
61.821
61.181
60.483
59.728
58.916
58.047
57.121
56.139
55.102
54.008
52.86
51.658
50.402
49.094
47.733
46.321
44.86
43.349
41.791
40.186
38.536
36.842
35.107
33.33
31.515
29.663
27.777
25.857
23.906
21.926
19.92
17.889
15.837
13.765
11.676
9.5733
7.4583
5.334
3.203
1.0681
-1.0652
-3.1876
-5.3089
-5.2593
-3.1579
-1.0552
1.0582
3.1732
5.2842
7.3887
9.484
11.568
13.637
15.689
17.722
19.734
21.721
23.683
25.615
27.517
29.387
31.221
33.02
34.779
36.499
38.177
39.811
41.401
42.945
44.441
45.889
47.288
48.636
49.932
51.176
52.367
53.505
54.588
55.616
56.589
57.506
58.367
59.171
59.919
60.61
61.244
61.821
62.34
62.802
63.206
63.552
63.841
64.072
64.246
64.361
64.419
64.419
64.361
64.246
64.072
63.841
63.552
63.206
62.802
62.34
61.821
61.244
60.61
59.919
59.171
58.367
57.506
56.589
55.616
54.588
53.505
52.367
51.176
49.932
48.636
47.288
45.889
44.441
42.945
41.401
39.811
38.177
36.499
34.779
33.02
31.221
29.387
27.517
25.615
23.683
21.721
19.734
17.722
15.689
13.637
11.568
9.484
7.3887
5.2842
3.1732
1.0582
-1.0552
-3.1579
-5.2593
-5.2049
-3.1252
-1.0443
1.0472
3.1403
5.2295
7.3122
9.3858
11.448
13.496
15.527
17.539
19.53
21.497
23.438
25.35
27.233
29.083
30.898
32.678
34.419
36.121
37.782
39.399
40.973
42.5
43.981
45.414
46.798
48.132
49.415
50.647
51.825
52.951
54.023
55.04
56.003
56.911
57.763
58.559
59.299
59.983
60.61
61.181
61.695
62.152
62.552
62.895
63.18
63.409
63.581
63.695
63.752
63.752
63.695
63.581
63.409
63.18
62.895
62.552
62.152
61.695
61.181
60.61
59.983
59.299
58.559
57.763
56.911
56.003
55.04
54.023
52.951
51.825
50.647
49.415
48.132
46.798
45.414
43.981
42.5
40.973
39.399
37.782
36.121
34.419
32.678
30.898
29.083
27.233
25.35
23.438
21.497
19.53
17.539
15.527
13.496
11.448
9.3858
7.3122
5.2295
3.1403
1.0472
-1.0443
-3.1252
-5.2049
-5.1456
-3.0896
-1.0324
1.0353
3.1045
5.1699
7.2289
9.2789
11.317
13.342
15.35
17.339
19.307
21.252
23.17
25.061
26.922
28.751
30.546
32.305
34.027
35.709
37.351
38.95
40.506
42.016
43.48
44.897
46.265
47.584
48.852
50.069
51.234
52.347
53.407
54.413
55.364
56.262
57.104
57.891
58.623
59.299
59.919
60.483
60.991
61.443
61.839
62.178
62.46
62.686
62.856
62.969
63.026
63.026
62.969
62.856
62.686
62.46
62.178
61.839
61.443
60.991
60.483
59.919
59.299
58.623
57.891
57.104
56.262
55.364
54.413
53.407
52.347
51.234
50.069
48.852
47.584
46.265
44.897
43.48
42.016
40.506
38.95
37.351
35.709
34.027
32.305
30.546
28.751
26.922
25.061
23.17
21.252
19.307
17.339
15.35
13.342
11.317
9.2789
7.2289
5.1699
3.1045
1.0353
-1.0324
-3.0896
-5.1456
-5.0814
-3.051
-1.0195
1.0224
3.0658
5.1054
7.1387
9.163
11.176
13.175
15.158
17.123
19.066
20.986
22.881
24.749
26.586
28.392
30.165
31.902
33.602
35.264
36.885
38.464
40
41.492
42.937
44.336
45.687
46.99
48.242
49.444
50.595
51.694
52.74
53.734
54.673
55.56
56.391
57.169
57.891
58.559
59.171
59.728
60.23
60.676
61.067
61.401
61.681
61.904
62.071
62.183
62.239
62.239
62.183
62.071
61.904
61.681
61.401
61.067
60.676
60.23
59.728
59.171
58.559
57.891
57.169
56.391
55.56
54.673
53.734
52.74
51.694
50.595
49.444
48.242
46.99
45.687
44.336
42.937
41.492
40
38.464
36.885
35.264
33.602
31.902
30.165
28.392
26.586
24.749
22.881
20.986
19.066
17.123
15.158
13.175
11.176
9.163
7.1387
5.1054
3.0658
1.0224
-1.0195
-3.051
-5.0814
-5.0123
-3.0096
-1.0056
1.0085
3.0241
5.036
7.0416
9.0385
11.024
12.996
14.952
16.89
18.807
20.701
22.57
24.412
26.225
28.006
29.755
31.468
33.145
34.784
36.383
37.941
39.456
40.927
42.354
43.734
45.066
46.351
47.586
48.772
49.907
50.991
52.023
53.003
53.93
54.804
55.625
56.391
57.104
57.763
58.367
58.916
59.411
59.851
60.236
60.567
60.842
61.062
61.227
61.337
61.393
61.393
61.337
61.227
61.062
60.842
60.567
60.236
59.851
59.411
58.916
58.367
57.763
57.104
56.391
55.625
54.804
53.93
53.003
52.023
50.991
49.907
48.772
47.586
46.351
45.066
43.734
42.354
40.927
39.456
37.941
36.383
34.784
33.145
31.468
29.755
28.006
26.225
24.412
22.57
20.701
18.807
16.89
14.952
12.996
11.024
9.0385
7.0416
5.036
3.0241
1.0085
-1.0056
-3.0096
-5.0123
-4.9383
-2.9652
-0.99081
0.99358
2.9795
4.9617
6.9377
8.9051
10.862
12.804
14.732
16.641
18.529
20.396
22.237
24.052
25.838
27.593
29.316
31.004
32.656
34.271
35.846
37.381
38.874
40.324
41.729
43.088
44.401
45.667
46.884
48.052
49.171
50.239
51.256
52.221
53.135
53.996
54.804
55.56
56.262
56.911
57.506
58.047
58.535
58.968
59.348
59.673
59.944
60.161
60.324
60.433
60.487
60.487
60.433
60.324
60.161
59.944
59.673
59.348
58.968
58.535
58.047
57.506
56.911
56.262
55.56
54.804
53.996
53.135
52.221
51.256
50.239
49.171
48.052
46.884
45.667
44.401
43.088
41.729
40.324
38.874
37.381
35.846
34.271
32.656
31.004
29.316
27.593
25.838
24.052
22.237
20.396
18.529
16.641
14.732
12.804
10.862
8.9051
6.9377
4.9617
2.9795
0.99358
-0.99081
-2.9652
-4.9383
-4.8596
-2.9179
-0.97501
0.97773
2.932
4.8826
6.8271
8.7631
10.688
12.6
14.497
16.375
18.234
20.07
21.883
23.668
25.426
27.153
28.848
30.51
32.136
33.724
35.275
36.785
38.254
39.681
41.063
42.401
43.693
44.939
46.137
47.286
48.387
49.438
50.438
51.388
52.287
53.135
53.93
54.673
55.364
56.003
56.589
57.121
57.601
58.028
58.401
58.721
58.988
59.202
59.362
59.469
59.522
59.522
59.469
59.362
59.202
58.988
58.721
58.401
58.028
57.601
57.121
56.589
56.003
55.364
54.673
53.93
53.135
52.287
51.388
50.438
49.438
48.387
47.286
46.137
44.939
43.693
42.401
41.063
39.681
38.254
36.785
35.275
33.724
32.136
30.51
28.848
27.153
25.426
23.668
21.883
20.07
18.234
16.375
14.497
12.6
10.688
8.7631
6.8271
4.8826
2.932
0.97773
-0.97501
-2.9179
-4.8596
-4.776
-2.8677
-0.95825
0.96092
2.8816
4.7986
6.7097
8.6125
10.505
12.384
14.248
16.094
17.921
19.725
21.506
23.261
24.989
26.686
28.352
29.985
31.583
33.145
34.668
36.153
37.597
38.998
40.357
41.672
42.942
44.166
45.343
46.473
47.555
48.588
49.571
50.505
51.388
52.221
53.003
53.734
54.413
55.04
55.616
56.139
56.611
57.03
57.397
57.712
57.974
58.184
58.342
58.447
58.499
58.499
58.447
58.342
58.184
57.974
57.712
57.397
57.03
56.611
56.139
55.616
55.04
54.413
53.734
53.003
52.221
51.388
50.505
49.571
48.588
47.555
46.473
45.343
44.166
42.942
41.672
40.357
38.998
37.597
36.153
34.668
33.145
31.583
29.985
28.352
26.686
24.989
23.261
21.506
19.725
17.921
16.094
14.248
12.384
10.505
8.6125
6.7097
4.7986
2.8816
0.96092
-0.95825
-2.8677
-4.776
-4.6878
-2.8147
-0.94054
0.94316
2.8283
4.7099
6.5857
8.4533
10.31
12.155
13.984
15.796
17.589
19.361
21.109
22.831
24.527
26.193
27.828
29.431
30.999
32.532
34.028
35.484
36.901
38.277
39.611
40.902
42.148
43.35
44.505
45.614
46.676
47.689
48.655
49.571
50.438
51.256
52.023
52.74
53.407
54.023
54.588
55.102
55.564
55.976
56.336
56.645
56.902
57.108
57.263
57.366
57.418
57.418
57.366
57.263
57.108
56.902
56.645
56.336
55.976
55.564
55.102
54.588
54.023
53.407
52.74
52.023
51.256
50.438
49.571
48.655
47.689
46.676
45.614
44.505
43.35
42.148
40.902
39.611
38.277
36.901
35.484
34.028
32.532
30.999
29.431
27.828
26.193
24.527
22.831
21.109
19.361
17.589
15.796
13.984
12.155
10.31
8.4533
6.5857
4.7099
2.8283
0.94316
-0.94054
-2.8147
-4.6878
-4.5948
-2.7589
-0.92188
0.92445
2.7722
4.6165
6.455
8.2856
10.106
11.914
13.707
15.483
17.24
18.977
20.69
22.379
24.04
25.673
27.276
28.847
30.384
31.887
33.352
34.78
36.169
37.518
38.825
40.09
41.312
42.49
43.622
44.709
45.75
46.743
47.689
48.588
49.438
50.239
50.991
51.694
52.347
52.951
53.505
54.008
54.462
54.865
55.218
55.521
55.774
55.975
56.127
56.228
56.278
56.278
56.228
56.127
55.975
55.774
55.521
55.218
54.865
54.462
54.008
53.505
52.951
52.347
51.694
50.991
50.239
49.438
48.588
47.689
46.743
45.75
44.709
43.622
42.49
41.312
40.09
38.825
37.518
36.169
34.78
33.352
31.887
30.384
28.847
27.276
25.673
24.04
22.379
20.69
18.977
17.24
15.483
13.707
11.914
10.106
8.2856
6.455
4.6165
2.7722
0.92445
-0.92188
-2.7589
-4.5948
-4.4971
-2.7002
-0.90228
0.9048
2.7133
4.5184
6.3178
8.1094
9.891
11.66
13.415
15.154
16.874
18.573
20.25
21.903
23.529
25.128
26.696
28.234
29.738
31.209
32.643
34.041
35.401
36.721
38
39.238
40.434
41.587
42.695
43.759
44.777
45.75
46.676
47.555
48.387
49.171
49.907
50.595
51.234
51.825
52.367
52.86
53.304
53.699
54.045
54.341
54.588
54.786
54.934
55.033
55.082
55.082
55.033
54.934
54.786
54.588
54.341
54.045
53.699
53.304
52.86
52.367
51.825
51.234
50.595
49.907
49.171
48.387
47.555
46.676
45.75
44.777
43.759
42.695
41.587
40.434
39.238
38
36.721
35.401
34.041
32.643
31.209
29.738
28.234
26.696
25.128
23.529
21.903
20.25
18.573
16.874
15.154
13.415
11.66
9.891
8.1094
6.3178
4.5184
2.7133
0.9048
-0.90228
-2.7002
-4.4971
-4.3948
-2.6388
-0.88176
0.88422
2.6516
4.4156
6.1741
7.925
9.6661
11.395
13.11
14.809
16.49
18.151
19.79
21.405
22.994
24.556
26.089
27.592
29.062
30.499
31.901
33.267
34.595
35.885
37.136
38.346
39.514
40.641
41.724
42.764
43.759
44.709
45.614
46.473
47.286
48.052
48.772
49.444
50.069
50.647
51.176
51.658
52.092
52.478
52.815
53.105
53.346
53.539
53.684
53.781
53.829
53.829
53.781
53.684
53.539
53.346
53.105
52.815
52.478
52.092
51.658
51.176
50.647
50.069
49.444
48.772
48.052
47.286
46.473
45.614
44.709
43.759
42.764
41.724
40.641
39.514
38.346
37.136
35.885
34.595
33.267
31.901
30.499
29.062
27.592
26.089
24.556
22.994
21.405
19.79
18.151
16.49
14.809
13.11
11.395
9.6661
7.925
6.1741
4.4156
2.6516
0.88422
-0.88176
-2.6388
-4.3948
-4.288
-2.5747
-0.86033
0.86272
2.5871
4.3083
6.024
7.7324
9.4311
11.118
12.792
14.449
16.089
17.71
19.309
20.884
22.435
23.959
25.455
26.921
28.356
29.758
31.126
32.458
33.754
35.013
36.233
37.414
38.554
39.653
40.71
41.724
42.695
43.622
44.505
45.343
46.137
46.884
47.586
48.242
48.852
49.415
49.932
50.402
50.826
51.202
51.531
51.814
52.05
52.238
52.379
52.473
52.521
52.521
52.473
52.379
52.238
52.05
51.814
51.531
51.202
50.826
50.402
49.932
49.415
48.852
48.242
47.586
46.884
46.137
45.343
44.505
43.622
42.695
41.724
40.71
39.653
38.554
37.414
36.233
35.013
33.754
32.458
31.126
29.758
28.356
26.921
25.455
23.959
22.435
20.884
19.309
17.71
16.089
14.449
12.792
11.118
9.4311
7.7324
6.024
4.3083
2.5871
0.86272
-0.86033
-2.5747
-4.288
-4.1766
-2.5078
-0.83799
0.84033
2.5199
4.1964
5.8676
7.5316
9.1862
10.829
12.459
14.074
15.671
17.25
18.807
20.342
21.853
23.337
24.794
26.222
27.619
28.985
30.317
31.615
32.878
34.104
35.292
36.442
37.553
38.623
39.653
40.641
41.587
42.49
43.35
44.166
44.939
45.667
46.351
46.99
47.584
48.132
48.636
49.094
49.506
49.873
50.194
50.469
50.698
50.882
51.019
51.111
51.157
51.157
51.111
51.019
50.882
50.698
50.469
50.194
49.873
49.506
49.094
48.636
48.132
47.584
46.99
46.351
45.667
44.939
44.166
43.35
42.49
41.587
40.641
39.653
38.623
37.553
36.442
35.292
34.104
32.878
31.615
30.317
28.985
27.619
26.222
24.794
23.337
21.853
20.342
18.807
17.25
15.671
14.074
12.459
10.829
9.1862
7.5316
5.8676
4.1964
2.5199
0.84033
-0.83799
-2.5078
-4.1766
-4.0609
-2.4383
-0.81477
0.81704
2.4501
4.0801
5.705
7.3229
8.9317
10.529
12.114
13.684
15.237
16.772
18.286
19.778
21.247
22.69
24.107
25.495
26.854
28.182
29.477
30.739
31.967
33.159
34.314
35.432
36.512
37.553
38.554
39.514
40.434
41.312
42.148
42.942
43.693
44.401
45.066
45.687
46.265
46.798
47.288
47.733
48.134
48.49
48.803
49.07
49.293
49.472
49.605
49.695
49.739
49.739
49.695
49.605
49.472
49.293
49.07
48.803
48.49
48.134
47.733
47.288
46.798
46.265
45.687
45.066
44.401
43.693
42.942
42.148
41.312
40.434
39.514
38.554
37.553
36.512
35.432
34.314
33.159
31.967
30.739
29.477
28.182
26.854
25.495
24.107
22.69
21.247
19.778
18.286
16.772
15.237
13.684
12.114
10.529
8.9317
7.3229
5.705
4.0801
2.4501
0.81704
-0.81477
-2.4383
-4.0609
-3.9408
-2.3662
-0.79067
0.79288
2.3776
3.9594
5.5363
7.1063
8.6675
10.218
11.756
13.279
14.787
16.276
17.745
19.194
20.619
22.019
23.394
24.741
26.06
27.348
28.606
29.83
31.022
32.178
33.3
34.385
35.432
36.442
37.414
38.346
39.238
40.09
40.902
41.672
42.401
43.088
43.734
44.336
44.897
45.414
45.889
46.321
46.71
47.056
47.359
47.619
47.835
48.009
48.138
48.225
48.268
48.268
48.225
48.138
48.009
47.835
47.619
47.359
47.056
46.71
46.321
45.889
45.414
44.897
44.336
43.734
43.088
42.401
41.672
40.902
40.09
39.238
38.346
37.414
36.442
35.432
34.385
33.3
32.178
31.022
29.83
28.606
27.348
26.06
24.741
23.394
22.019
20.619
19.194
17.745
16.276
14.787
13.279
11.756
10.218
8.6675
7.1063
5.5363
3.9594
2.3776
0.79288
-0.79067
-2.3662
-3.9408
-3.8165
-2.2915
-0.76573
0.76786
2.3026
3.8345
5.3616
6.8821
8.394
9.8956
11.385
12.86
14.32
15.762
17.185
18.588
19.968
21.325
22.656
23.961
25.238
26.485
27.703
28.889
30.043
31.163
32.249
33.3
34.314
35.292
36.233
37.136
38
38.825
39.611
40.357
41.063
41.729
42.354
42.937
43.48
43.981
44.441
44.86
45.237
45.572
45.865
46.116
46.326
46.494
46.619
46.703
46.745
46.745
46.703
46.619
46.494
46.326
46.116
45.865
45.572
45.237
44.86
44.441
43.981
43.48
42.937
42.354
41.729
41.063
40.357
39.611
38.825
38
37.136
36.233
35.292
34.314
33.3
32.249
31.163
30.043
28.889
27.703
26.485
25.238
23.961
22.656
21.325
19.968
18.588
17.185
15.762
14.32
12.86
11.385
9.8956
8.394
6.8821
5.3616
3.8345
2.3026
0.76786
-0.76573
-2.2915
-3.8165
-3.688
-2.2144
-0.73994
0.742
2.2251
3.7054
5.1811
6.6504
8.1114
9.5624
11.002
12.427
13.838
15.232
16.607
17.962
19.296
20.607
21.893
23.154
24.388
25.594
26.77
27.916
29.031
30.114
31.163
32.178
33.159
34.104
35.013
35.885
36.721
37.518
38.277
38.998
39.681
40.324
40.927
41.492
42.016
42.5
42.945
43.349
43.713
44.037
44.32
44.563
44.766
44.928
45.05
45.131
45.171
45.171
45.131
45.05
44.928
44.766
44.563
44.32
44.037
43.713
43.349
42.945
42.5
42.016
41.492
40.927
40.324
39.681
38.998
38.277
37.518
36.721
35.885
35.013
34.104
33.159
32.178
31.163
30.114
29.031
27.916
26.77
25.594
24.388
23.154
21.893
20.607
19.296
17.962
16.607
15.232
13.838
12.427
11.002
9.5624
8.1114
6.6504
5.1811
3.7054
2.2251
0.742
-0.73994
-2.2144
-3.688
-3.5554
-2.1348
-0.71334
0.71533
2.1451
3.5722
4.9949
6.4113
7.8198
9.2186
10.606
11.981
13.34
14.684
16.01
17.316
18.602
19.866
21.106
22.322
23.511
24.674
25.808
26.913
27.987
29.031
30.043
31.022
31.967
32.878
33.754
34.595
35.401
36.169
36.901
37.597
38.254
38.874
39.456
40
40.506
40.973
41.401
41.791
42.142
42.454
42.727
42.961
43.157
43.313
43.43
43.508
43.547
43.547
43.508
43.43
43.313
43.157
42.961
42.727
42.454
42.142
41.791
41.401
40.973
40.506
40
39.456
38.874
38.254
37.597
36.901
36.169
35.401
34.595
33.754
32.878
31.967
31.022
30.043
29.031
27.987
26.913
25.808
24.674
23.511
22.322
21.106
19.866
18.602
17.316
16.01
14.684
13.34
11.981
10.606
9.2186
7.8198
6.4113
4.9949
3.5722
2.1451
0.71533
-0.71334
-2.1348
-3.5554
-3.4189
-2.0528
-0.68595
0.68786
2.0627
3.435
4.803
6.1651
7.5195
8.8646
10.199
11.521
12.828
14.12
15.395
16.651
17.888
19.103
20.296
21.464
22.608
23.726
24.817
25.879
26.913
27.916
28.889
29.83
30.739
31.615
32.458
33.267
34.041
34.78
35.484
36.153
36.785
37.381
37.941
38.464
38.95
39.399
39.811
40.186
40.524
40.824
41.086
41.312
41.499
41.65
41.762
41.837
41.875
41.875
41.837
41.762
41.65
41.499
41.312
41.086
40.824
40.524
40.186
39.811
39.399
38.95
38.464
37.941
37.381
36.785
36.153
35.484
34.78
34.041
33.267
32.458
31.615
30.739
29.83
28.889
27.916
26.913
25.879
24.817
23.726
22.608
21.464
20.296
19.103
17.888
16.651
15.395
14.12
12.828
11.521
10.199
8.8646
7.5195
6.1651
4.803
3.435
2.0627
0.68786
-0.68595
-2.0528
-3.4189
-3.2785
-1.9685
-0.65779
0.65962
1.978
3.294
4.6058
5.912
7.2108
8.5007
9.7801
11.048
12.301
13.54
14.763
15.968
17.153
18.319
19.462
20.583
21.68
22.752
23.798
24.817
25.808
26.77
27.703
28.606
29.477
30.317
31.126
31.901
32.643
33.352
34.028
34.668
35.275
35.846
36.383
36.885
37.351
37.782
38.177
38.536
38.86
39.148
39.4
39.616
39.796
39.94
40.048
40.12
40.156
40.156
40.12
40.048
39.94
39.796
39.616
39.4
39.148
38.86
38.536
38.177
37.782
37.351
36.885
36.383
35.846
35.275
34.668
34.028
33.352
32.643
31.901
31.126
30.317
29.477
28.606
27.703
26.77
25.808
24.817
23.798
22.752
21.68
20.583
19.462
18.319
17.153
15.968
14.763
13.54
12.301
11.048
9.7801
8.5007
7.2108
5.912
4.6058
3.294
1.978
0.65962
-0.65779
-1.9685
-3.2785
-3.1344
-1.882
-0.62888
0.63063
1.8911
3.1492
4.4034
5.6522
6.8939
8.1271
9.3503
10.562
11.761
12.945
14.114
15.266
16.399
17.514
18.607
19.678
20.727
21.752
22.752
23.726
24.674
25.594
26.485
27.348
28.182
28.985
29.758
30.499
31.209
31.887
32.532
33.145
33.724
34.271
34.784
35.264
35.709
36.121
36.499
36.842
37.152
37.427
37.668
37.874
38.047
38.184
38.288
38.356
38.391
38.391
38.356
38.288
38.184
38.047
37.874
37.668
37.427
37.152
36.842
36.499
36.121
35.709
35.264
34.784
34.271
33.724
33.145
32.532
31.887
31.209
30.499
29.758
28.985
28.182
27.348
26.485
25.594
24.674
23.726
22.752
21.752
20.727
19.678
18.607
17.514
16.399
15.266
14.114
12.945
11.761
10.562
9.3503
8.1271
6.8939
5.6522
4.4034
3.1492
1.8911
0.63063
-0.62888
-1.882
-3.1344
-2.9867
-1.7933
-0.59925
0.60092
1.802
3.0009
4.196
5.3859
6.5691
7.7442
8.9098
10.064
11.207
12.335
13.449
14.547
15.627
16.688
17.73
18.751
19.751
20.727
21.68
22.608
23.511
24.388
25.238
26.06
26.854
27.619
28.356
29.062
29.738
30.384
30.999
31.583
32.136
32.656
33.145
33.602
34.027
34.419
34.779
35.107
35.402
35.664
35.893
36.09
36.254
36.385
36.484
36.549
36.582
36.582
36.549
36.484
36.385
36.254
36.09
35.893
35.664
35.402
35.107
34.779
34.419
34.027
33.602
33.145
32.656
32.136
31.583
30.999
30.384
29.738
29.062
28.356
27.619
26.854
26.06
25.238
24.388
23.511
22.608
21.68
20.727
19.751
18.751
17.73
16.688
15.627
14.547
13.449
12.335
11.207
10.064
8.9098
7.7442
6.5691
5.3859
4.196
3.0009
1.802
0.60092
-0.59925
-1.7933
-2.9867
-2.8356
-1.7026
-0.56893
0.57052
1.7108
2.849
3.9837
5.1134
6.2367
7.3524
8.459
9.5552
10.64
11.711
12.769
13.811
14.836
15.844
16.833
17.803
18.751
19.678
20.583
21.464
22.322
23.154
23.961
24.741
25.495
26.222
26.921
27.592
28.234
28.847
29.431
29.985
30.51
31.004
31.468
31.902
32.305
32.678
33.02
33.33
33.61
33.859
34.077
34.264
34.42
34.544
34.638
34.7
34.731
34.731
34.7
34.638
34.544
34.42
34.264
34.077
33.859
33.61
33.33
33.02
32.678
32.305
31.902
31.468
31.004
30.51
29.985
29.431
28.847
28.234
27.592
26.921
26.222
25.495
24.741
23.961
23.154
22.322
21.464
20.583
19.678
18.751
17.803
16.833
15.844
14.836
13.811
12.769
11.711
10.64
9.5552
8.459
7.3524
6.2367
5.1134
3.9837
2.849
1.7108
0.57052
-0.56893
-1.7026
-2.8356
-2.6812
-1.6099
-0.53795
0.53945
1.6177
2.6939
3.7667
4.8349
5.8971
6.952
7.9983
9.0349
10.06
11.074
12.073
13.059
14.028
14.981
15.917
16.833
17.73
18.607
19.462
20.296
21.106
21.893
22.656
23.394
24.107
24.794
25.455
26.089
26.696
27.276
27.828
28.352
28.848
29.316
29.755
30.165
30.546
30.898
31.221
31.515
31.78
32.015
32.222
32.398
32.545
32.663
32.752
32.811
32.84
32.84
32.811
32.752
32.663
32.545
32.398
32.222
32.015
31.78
31.515
31.221
30.898
30.546
30.165
29.755
29.316
28.848
28.352
27.828
27.276
26.696
26.089
25.455
24.794
24.107
23.394
22.656
21.893
21.106
20.296
19.462
18.607
17.73
16.833
15.917
14.981
14.028
13.059
12.073
11.074
10.06
9.0349
7.9983
6.952
5.8971
4.8349
3.7667
2.6939
1.6177
0.53945
-0.53795
-1.6099
-2.6812
-2.5237
-1.5153
-0.50634
0.50775
1.5226
2.5356
3.5454
4.5508
5.5506
6.5435
7.5283
8.504
9.4692
10.423
11.364
12.291
13.204
14.101
14.981
15.844
16.688
17.514
18.319
19.103
19.866
20.607
21.325
22.019
22.69
23.337
23.959
24.556
25.128
25.673
26.193
26.686
27.153
27.593
28.006
28.392
28.751
29.083
29.387
29.663
29.913
30.134
30.328
30.494
30.633
30.744
30.827
30.882
30.91
30.91
30.882
30.827
30.744
30.633
30.494
30.328
30.134
29.913
29.663
29.387
29.083
28.751
28.392
28.006
27.593
27.153
26.686
26.193
25.673
25.128
24.556
23.959
23.337
22.69
22.019
21.325
20.607
19.866
19.103
18.319
17.514
16.688
15.844
14.981
14.101
13.204
12.291
11.364
10.423
9.4692
8.504
7.5283
6.5435
5.5506
4.5508
3.5454
2.5356
1.5226
0.50775
-0.50634
-1.5153
-2.5237
-2.3631
-1.4189
-0.47413
0.47545
1.4258
2.3743
3.3199
4.2613
5.1975
6.1273
7.0495
7.963
8.8668
9.7598
10.641
11.509
12.364
13.204
14.028
14.836
15.627
16.399
17.153
17.888
18.602
19.296
19.968
20.619
21.247
21.853
22.435
22.994
23.529
24.04
24.527
24.989
25.426
25.838
26.225
26.586
26.922
27.233
27.517
27.777
28.01
28.217
28.399
28.555
28.684
28.788
28.866
28.918
28.944
28.944
28.918
28.866
28.788
28.684
28.555
28.399
28.217
28.01
27.777
27.517
27.233
26.922
26.586
26.225
25.838
25.426
24.989
24.527
24.04
23.529
22.994
22.435
21.853
21.247
20.619
19.968
19.296
18.602
17.888
17.153
16.399
15.627
14.836
14.028
13.204
12.364
11.509
10.641
9.7598
8.8668
7.963
7.0495
6.1273
5.1975
4.2613
3.3199
2.3743
1.4258
0.47545
-0.47413
-1.4189
-2.3631
-2.1998
-1.3208
-0.44136
0.44259
1.3272
2.2102
3.0904
3.9668
4.8383
5.7037
6.5622
7.4126
8.2539
9.0852
9.9055
10.714
11.509
12.291
13.059
13.811
14.547
15.266
15.968
16.651
17.316
17.962
18.588
19.194
19.778
20.342
20.884
21.405
21.903
22.379
22.831
23.261
23.668
24.052
24.412
24.749
25.061
25.35
25.615
25.857
26.074
26.267
26.436
26.581
26.702
26.798
26.871
26.919
26.943
26.943
26.919
26.871
26.798
26.702
26.581
26.436
26.267
26.074
25.857
25.615
25.35
25.061
24.749
24.412
24.052
23.668
23.261
22.831
22.379
21.903
21.405
20.884
20.342
19.778
19.194
18.588
17.962
17.316
16.651
15.968
15.266
14.547
13.811
13.059
12.291
11.509
10.714
9.9055
9.0852
8.2539
7.4126
6.5622
5.7037
4.8383
3.9668
3.0904
2.2102
1.3272
0.44259
-0.44136
-1.3208
-2.1998
-2.0338
-1.2212
-0.40806
0.40919
1.2271
2.0434
2.8572
3.6675
4.4732
5.2734
6.0671
6.8533
7.6312
8.3997
9.1581
9.9055
10.641
11.364
12.073
12.769
13.449
14.114
14.763
15.395
16.01
16.607
17.185
17.745
18.286
18.807
19.309
19.79
20.25
20.69
21.109
21.506
21.883
22.237
22.57
22.881
23.17
23.438
23.683
23.906
24.106
24.285
24.441
24.575
24.687
24.776
24.843
24.888
24.91
24.91
24.888
24.843
24.776
24.687
24.575
24.441
24.285
24.106
23.906
23.683
23.438
23.17
22.881
22.57
22.237
21.883
21.506
21.109
20.69
20.25
19.79
19.309
18.807
18.286
17.745
17.185
16.607
16.01
15.395
14.763
14.114
13.449
12.769
12.073
11.364
10.641
9.9055
9.1581
8.3997
7.6312
6.8533
6.0671
5.2734
4.4732
3.6675
2.8572
2.0434
1.2271
0.40919
-0.40806
-1.2212
-2.0338
-1.8654
-1.12
-0.37427
0.37531
1.1255
1.8742
2.6206
3.3638
4.1028
4.8367
5.5646
6.2858
6.9992
7.7041
8.3997
9.0852
9.7598
10.423
11.074
11.711
12.335
12.945
13.54
14.12
14.684
15.232
15.762
16.276
16.772
17.25
17.71
18.151
18.573
18.977
19.361
19.725
20.07
20.396
20.701
20.986
21.252
21.497
21.721
21.926
22.11
22.274
22.417
22.54
22.643
22.725
22.786
22.827
22.847
22.847
22.827
22.786
22.725
22.643
22.54
22.417
22.274
22.11
21.926
21.721
21.497
21.252
20.986
20.701
20.396
20.07
19.725
19.361
18.977
18.573
18.151
17.71
17.25
16.772
16.276
15.762
15.232
14.684
14.12
13.54
12.945
12.335
11.711
11.074
10.423
9.7598
9.0852
8.3997
7.7041
6.9992
6.2858
5.5646
4.8367
4.1028
3.3638
2.6206
1.8742
1.1255
0.37531
-0.37427
-1.12
-1.8654
-1.6947
-1.0176
-0.34002
0.34097
1.0225
1.7027
2.3808
3.056
3.7274
4.3941
5.0555
5.7106
6.3588
6.9992
7.6312
8.2539
8.8668
9.4692
10.06
10.64
11.207
11.761
12.301
12.828
13.34
13.838
14.32
14.787
15.237
15.671
16.089
16.49
16.874
17.24
17.589
17.921
18.234
18.529
18.807
19.066
19.307
19.53
19.734
19.92
20.087
20.236
20.366
20.478
20.571
20.645
20.701
20.738
20.757
20.757
20.738
20.701
20.645
20.571
20.478
20.366
20.236
20.087
19.92
19.734
19.53
19.307
19.066
18.807
18.529
18.234
17.921
17.589
17.24
16.874
16.49
16.089
15.671
15.237
14.787
14.32
13.838
13.34
12.828
12.301
11.761
11.207
10.64
10.06
9.4692
8.8668
8.2539
7.6312
6.9992
6.3588
5.7106
5.0555
4.3941
3.7274
3.056
2.3808
1.7027
1.0225
0.34097
-0.34002
-1.0176
-1.6947
-1.522
-0.91384
-0.30536
0.30621
0.91826
1.5292
2.1382
2.7445
3.3474
3.9462
4.5402
5.1285
5.7106
6.2858
6.8533
7.4126
7.963
8.504
9.0349
9.5552
10.064
10.562
11.048
11.521
11.981
12.427
12.86
13.279
13.684
14.074
14.449
14.809
15.154
15.483
15.796
16.094
16.375
16.641
16.89
17.123
17.339
17.539
17.722
17.889
18.04
18.173
18.29
18.39
18.474
18.541
18.591
18.624
18.641
18.641
18.624
18.591
18.541
18.474
18.39
18.29
18.173
18.04
17.889
17.722
17.539
17.339
17.123
16.89
16.641
16.375
16.094
15.796
15.483
15.154
14.809
14.449
14.074
13.684
13.279
12.86
12.427
11.981
11.521
11.048
10.562
10.064
9.5552
9.0349
8.504
7.963
7.4126
6.8533
6.2858
5.7106
5.1285
4.5402
3.9462
3.3474
2.7445
2.1382
1.5292
0.91826
0.30621
-0.30536
-0.91384
-1.522
-1.3474
-0.809
-0.27033
0.27108
0.81291
1.3537
1.8929
2.4296
2.9634
3.4935
4.0193
4.5402
5.0555
5.5646
6.0671
6.5622
7.0495
7.5283
7.9983
8.459
8.9098
9.3503
9.7801
10.199
10.606
11.002
11.385
11.756
12.114
12.459
12.792
13.11
13.415
13.707
13.984
14.248
14.497
14.732
14.952
15.158
15.35
15.527
15.689
15.837
15.97
16.088
16.192
16.281
16.355
16.414
16.458
16.488
16.503
16.503
16.488
16.458
16.414
16.355
16.281
16.192
16.088
15.97
15.837
15.689
15.527
15.35
15.158
14.952
14.732
14.497
14.248
13.984
13.707
13.415
13.11
12.792
12.459
12.114
11.756
11.385
11.002
10.606
10.199
9.7801
9.3503
8.9098
8.459
7.9983
7.5283
7.0495
6.5622
6.0671
5.5646
5.0555
4.5402
4.0193
3.4935
2.9634
2.4296
1.8929
1.3537
0.81291
0.27108
-0.27033
-0.809
-1.3474
-1.1711
-0.70317
-0.23497
0.23562
0.70657
1.1766
1.6452
2.1118
2.5757
3.0365
3.4935
3.9462
4.3941
4.8367
5.2734
5.7037
6.1273
6.5435
6.952
7.3524
7.7442
8.1271
8.5007
8.8646
9.2186
9.5624
9.8956
10.218
10.529
10.829
11.118
11.395
11.66
11.914
12.155
12.384
12.6
12.804
12.996
13.175
13.342
13.496
13.637
13.765
13.881
13.984
14.074
14.151
14.215
14.267
14.305
14.331
14.344
14.344
14.331
14.305
14.267
14.215
14.151
14.074
13.984
13.881
13.765
13.637
13.496
13.342
13.175
12.996
12.804
12.6
12.384
12.155
11.914
11.66
11.395
11.118
10.829
10.529
10.218
9.8956
9.5624
9.2186
8.8646
8.5007
8.1271
7.7442
7.3524
6.952
6.5435
6.1273
5.7037
5.2734
4.8367
4.3941
3.9462
3.4935
3.0365
2.5757
2.1118
1.6452
1.1766
0.70657
0.23562
-0.23497
-0.70317
-1.1711
-0.99339
-0.59647
-0.19931
0.19987
0.59935
0.99809
1.3956
1.7914
2.1849
2.5757
2.9634
3.3474
3.7274
4.1028
4.4732
4.8383
5.1975
5.5506
5.8971
6.2367
6.5691
6.8939
7.2108
7.5195
7.8198
8.1114
8.394
8.6675
8.9317
9.1862
9.4311
9.6661
9.891
10.106
10.31
10.505
10.688
10.862
11.024
11.176
11.317
11.448
11.568
11.676
11.775
11.862
11.938
12.004
12.058
12.102
12.134
12.156
12.167
12.167
12.156
12.134
12.102
12.058
12.004
11.938
11.862
11.775
11.676
11.568
11.448
11.317
11.176
11.024
10.862
10.688
10.505
10.31
10.106
9.891
9.6661
9.4311
9.1862
8.9317
8.6675
8.394
8.1114
7.8198
7.5195
7.2108
6.8939
6.5691
6.2367
5.8971
5.5506
5.1975
4.8383
4.4732
4.1028
3.7274
3.3474
2.9634
2.5757
2.1849
1.7914
1.3956
0.99809
0.59935
0.19987
-0.19931
-0.59647
-0.99339
-0.81446
-0.48903
-0.16341
0.16387
0.4914
0.81831
1.1442
1.4687
1.7914
2.1118
2.4296
2.7445
3.056
3.3638
3.6675
3.9668
4.2613
4.5508
4.8349
5.1134
5.3859
5.6522
5.912
6.1651
6.4113
6.6504
6.8821
7.1063
7.3229
7.5316
7.7324
7.925
8.1094
8.2856
8.4533
8.6125
8.7631
8.9051
9.0385
9.163
9.2789
9.3858
9.484
9.5733
9.6537
9.7252
9.7878
9.8414
9.8862
9.922
9.9488
9.9667
9.9756
9.9756
9.9667
9.9488
9.922
9.8862
9.8414
9.7878
9.7252
9.6537
9.5733
9.484
9.3858
9.2789
9.163
9.0385
8.9051
8.7631
8.6125
8.4533
8.2856
8.1094
7.925
7.7324
7.5316
7.3229
7.1063
6.8821
6.6504
6.4113
6.1651
5.912
5.6522
5.3859
5.1134
4.8349
4.5508
4.2613
3.9668
3.6675
3.3638
3.056
2.7445
2.4296
2.1118
1.7914
1.4687
1.1442
0.81831
0.4914
0.16387
-0.16341
-0.48903
-0.81446
-0.63452
-0.38099
-0.12731
0.12766
0.38283
0.63752
0.89142
1.1442
1.3956
1.6452
1.8929
2.1382
2.3808
2.6206
2.8572
3.0904
3.3199
3.5454
3.7667
3.9837
4.196
4.4034
4.6058
4.803
4.9949
5.1811
5.3616
5.5363
5.705
5.8676
6.024
6.1741
6.3178
6.455
6.5857
6.7097
6.8271
6.9377
7.0416
7.1387
7.2289
7.3122
7.3887
7.4583
7.5209
7.5766
7.6254
7.6672
7.702
7.7299
7.7508
7.7647
7.7717
7.7717
7.7647
7.7508
7.7299
7.702
7.6672
7.6254
7.5766
7.5209
7.4583
7.3887
7.3122
7.2289
7.1387
7.0416
6.9377
6.8271
6.7097
6.5857
6.455
6.3178
6.1741
6.024
5.8676
5.705
5.5363
5.3616
5.1811
4.9949
4.803
4.6058
4.4034
4.196
3.9837
3.7667
3.5454
3.3199
3.0904
2.8572
2.6206
2.3808
2.1382
1.8929
1.6452
1.3956
1.1442
0.89142
0.63752
0.38283
0.12766
-0.12731
-0.38099
-0.63452
-0.4538
-0.27248
-0.091048
0.091302
0.27379
0.45594
0.63752
0.81831
0.99809
1.1766
1.3537
1.5292
1.7027
1.8742
2.0434
2.2102
2.3743
2.5356
2.6939
2.849
3.0009
3.1492
3.294
3.435
3.5722
3.7054
3.8345
3.9594
4.0801
4.1964
4.3083
4.4156
4.5184
4.6165
4.7099
4.7986
4.8826
4.9617
5.036
5.1054
5.1699
5.2295
5.2842
5.334
5.3788
5.4186
5.4535
5.4834
5.5083
5.5282
5.5432
5.5532
5.5581
5.5581
5.5532
5.5432
5.5282
5.5083
5.4834
5.4535
5.4186
5.3788
5.334
5.2842
5.2295
5.1699
5.1054
5.036
4.9617
4.8826
4.7986
4.7099
4.6165
4.5184
4.4156
4.3083
4.1964
4.0801
3.9594
3.8345
3.7054
3.5722
3.435
3.294
3.1492
3.0009
2.849
2.6939
2.5356
2.3743
2.2102
2.0434
1.8742
1.7027
1.5292
1.3537
1.1766
0.99809
0.81831
0.63752
0.45594
0.27379
0.091302
-0.091048
-0.27248
-0.4538
-0.2725
-0.16362
-0.054674
0.054827
0.16441
0.27379
0.38283
0.4914
0.59935
0.70657
0.81291
0.91826
1.0225
1.1255
1.2271
1.3272
1.4258
1.5226
1.6177
1.7108
1.802
1.8911
1.978
2.0627
2.1451
2.2251
2.3026
2.3776
2.4501
2.5199
2.5871
2.6516
2.7133
2.7722
2.8283
2.8816
2.932
2.9795
3.0241
3.0658
3.1045
3.1403
3.1732
3.203
3.2299
3.2539
3.2748
3.2928
3.3077
3.3197
3.3287
3.3347
3.3377
3.3377
3.3347
3.3287
3.3197
3.3077
3.2928
3.2748
3.2539
3.2299
3.203
3.1732
3.1403
3.1045
3.0658
3.0241
2.9795
2.932
2.8816
2.8283
2.7722
2.7133
2.6516
2.5871
2.5199
2.4501
2.3776
2.3026
2.2251
2.1451
2.0627
1.978
1.8911
1.802
1.7108
1.6177
1.5226
1.4258
1.3272
1.2271
1.1255
1.0225
0.91826
0.81291
0.70657
0.59935
0.4914
0.38283
0.27379
0.16441
0.054827
-0.054674
-0.16362
-0.2725
-0.090873
-0.054563
-0.018232
0.018283
0.054827
0.091302
0.12766
0.16387
0.19987
0.23562
0.27108
0.30621
0.34097
0.37531
0.40919
0.44259
0.47545
0.50775
0.53945
0.57052
0.60092
0.63063
0.65962
0.68786
0.71533
0.742
0.76786
0.79288
0.81704
0.84033
0.86272
0.88422
0.9048
0.92445
0.94316
0.96092
0.97773
0.99358
1.0085
1.0224
1.0353
1.0472
1.0582
1.0681
1.0771
1.0851
1.0921
1.098
1.103
1.107
1.11
1.112
1.113
1.113
1.112
1.11
1.107
1.103
1.098
1.0921
1.0851
1.0771
1.0681
1.0582
1.0472
1.0353
1.0224
1.0085
0.99358
0.97773
0.96092
0.94316
0.92445
0.9048
0.88422
0.86272
0.84033
0.81704
0.79288
0.76786
0.742
0.71533
0.68786
0.65962
0.63063
0.60092
0.57052
0.53945
0.50775
0.47545
0.44259
0.40919
0.37531
0.34097
0.30621
0.27108
0.23562
0.19987
0.16387
0.12766
0.091302
0.054827
0.018283
-0.018232
-0.054563
-0.090873
0.090619
0.054411
0.018182
-0.018232
-0.054674
-0.091048
-0.12731
-0.16341
-0.19931
-0.23497
-0.27033
-0.30536
-0.34002
-0.37427
-0.40806
-0.44136
-0.47413
-0.50634
-0.53795
-0.56893
-0.59925
-0.62888
-0.65779
-0.68595
-0.71334
-0.73994
-0.76573
-0.79067
-0.81477
-0.83799
-0.86033
-0.88176
-0.90228
-0.92188
-0.94054
-0.95825
-0.97501
-0.99081
-1.0056
-1.0195
-1.0324
-1.0443
-1.0552
-1.0652
-1.0741
-1.0821
-1.089
-1.095
-1.1
-1.1039
-1.1069
-1.1089
-1.1099
-1.1099
-1.1089
-1.1069
-1.1039
-1.1
-1.095
-1.089
-1.0821
-1.0741
-1.0652
-1.0552
-1.0443
-1.0324
-1.0195
-1.0056
-0.99081
-0.97501
-0.95825
-0.94054
-0.92188
-0.90228
-0.88176
-0.86033
-0.83799
-0.81477
-0.79067
-0.76573
-0.73994
-0.71334
-0.68595
-0.65779
-0.62888
-0.59925
-0.56893
-0.53795
-0.50634
-0.47413
-0.44136
-0.40806
-0.37427
-0.34002
-0.30536
-0.27033
-0.23497
-0.19931
-0.16341
-0.12731
-0.091048
-0.054674
-0.018232
0.018182
0.054411
0.090619
0.272
0.16319
0.054411
-0.054563
-0.16362
-0.27248
-0.38099
-0.48903
-0.59647
-0.70317
-0.809
-0.91384
-1.0176
-1.12
-1.2212
-1.3208
-1.4189
-1.5153
-1.6099
-1.7026
-1.7933
-1.882
-1.9685
-2.0528
-2.1348
-2.2144
-2.2915
-2.3662
-2.4383
-2.5078
-2.5747
-2.6388
-2.7002
-2.7589
-2.8147
-2.8677
-2.9179
-2.9652
-3.0096
-3.051
-3.0896
-3.1252
-3.1579
-3.1876
-3.2144
-3.2382
-3.2591
-3.2769
-3.2918
-3.3037
-3.3127
-3.3186
-3.3216
-3.3216
-3.3186
-3.3127
-3.3037
-3.2918
-3.2769
-3.2591
-3.2382
-3.2144
-3.1876
-3.1579
-3.1252
-3.0896
-3.051
-3.0096
-2.9652
-2.9179
-2.8677
-2.8147
-2.7589
-2.7002
-2.6388
-2.5747
-2.5078
-2.4383
-2.3662
-2.2915
-2.2144
-2.1348
-2.0528
-1.9685
-1.882
-1.7933
-1.7026
-1.6099
-1.5153
-1.4189
-1.3208
-1.2212
-1.12
-1.0176
-0.91384
-0.809
-0.70317
-0.59647
-0.48903
-0.38099
-0.27248
-0.16362
-0.054563
0.054411
0.16319
0.272
0.45344
0.272
0.090619
-0.090873
-0.2725
-0.4538
-0.63452
-0.81446
-0.99339
-1.1711
-1.3474
-1.522
-1.6947
-1.8654
-2.0338
-2.1998
-2.3631
-2.5237
-2.6812
-2.8356
-2.9867
-3.1344
-3.2785
-3.4189
-3.5554
-3.688
-3.8165
-3.9408
-4.0609
-4.1766
-4.288
-4.3948
-4.4971
-4.5948
-4.6878
-4.776
-4.8596
-4.9383
-5.0123
-5.0814
-5.1456
-5.2049
-5.2593
-5.3089
-5.3534
-5.3931
-5.4278
-5.4576
-5.4824
-5.5022
-5.5171
-5.527
-5.532
-5.532
-5.527
-5.5171
-5.5022
-5.4824
-5.4576
-5.4278
-5.3931
-5.3534
-5.3089
-5.2593
-5.2049
-5.1456
-5.0814
-5.0123
-4.9383
-4.8596
-4.776
-4.6878
-4.5948
-4.4971
-4.3948
-4.288
-4.1766
-4.0609
-3.9408
-3.8165
-3.688
-3.5554
-3.4189
-3.2785
-3.1344
-2.9867
-2.8356
-2.6812
-2.5237
-2.3631
-2.1998
-2.0338
-1.8654
-1.6947
-1.522
-1.3474
-1.1711
-0.99339
-0.81446
-0.63452
-0.4538
-0.2725
-0.090873
0.090619
0.272
0.45344
