1.604
0.96404
0.32148
-0.32237
-0.9658
-1.6053
-2.2382
-2.8621
-3.4746
-4.0733
-4.6563
-5.2216
-5.7676
-6.2926
-6.7955
-7.2752
-7.7309
-8.1621
-8.5684
-8.9497
-9.306
-9.6377
-9.9453
-10.229
-10.49
-10.729
-10.948
-11.146
-11.325
-11.487
-11.632
-11.761
-11.877
-11.979
-12.07
-12.149
-12.219
-12.28
-12.333
-12.378
-12.418
-12.451
-12.48
-12.504
-12.525
-12.542
-12.556
-12.568
-12.577
-12.584
-12.589
-12.592
-12.594
-12.594
-12.592
-12.589
-12.584
-12.577
-12.568
-12.556
-12.542
-12.525
-12.504
-12.48
-12.451
-12.418
-12.378
-12.333
-12.28
-12.219
-12.149
-12.07
-11.979
-11.877
-11.761
-11.632
-11.487
-11.325
-11.146
-10.948
-10.729
-10.49
-10.229
-9.9453
-9.6377
-9.306
-8.9497
-8.5684
-8.1621
-7.7309
-7.2752
-6.7955
-6.2926
-5.7676
-5.2216
-4.6563
-4.0733
-3.4746
-2.8621
-2.2382
-1.6053
-0.9658
-0.32237
0.32148
0.96404
1.604
0.96404
0.57947
0.19339
-0.19393
-0.58099
-0.96567
-1.3464
-1.7217
-2.0902
-2.4504
-2.8011
-3.1411
-3.4696
-3.7854
-4.0879
-4.3765
-4.6506
-4.91
-5.1544
-5.3838
-5.5982
-5.7977
-5.9827
-6.1535
-6.3106
-6.4545
-6.5857
-6.7049
-6.8128
-6.91
-6.9973
-7.0753
-7.1447
-7.2063
-7.2607
-7.3086
-7.3505
-7.3871
-7.4189
-7.4464
-7.47
-7.4903
-7.5076
-7.5223
-7.5346
-7.5449
-7.5534
-7.5603
-7.5658
-7.57
-7.5731
-7.5751
-7.576
-7.576
-7.5751
-7.5731
-7.57
-7.5658
-7.5603
-7.5534
-7.5449
-7.5346
-7.5223
-7.5076
-7.4903
-7.47
-7.4464
-7.4189
-7.3871
-7.3505
-7.3086
-7.2607
-7.2063
-7.1447
-7.0753
-6.9973
-6.91
-6.8128
-6.7049
-6.5857
-6.4545
-6.3106
-6.1535
-5.9827
-5.7977
-5.5982
-5.3838
-5.1544
-4.91
-4.6506
-4.3765
-4.0879
-3.7854
-3.4696
-3.1411
-2.8011
-2.4504
-2.0902
-1.7217
-1.3464
-0.96567
-0.58099
-0.19393
0.19339
0.57947
0.96404
0.32148
0.19339
0.064681
-0.06486
-0.19431
-0.32297
-0.45032
-0.57584
-0.69907
-0.81954
-0.93684
-1.0506
-1.1604
-1.2661
-1.3672
-1.4637
-1.5554
-1.6422
-1.7239
-1.8007
-1.8724
-1.9391
-2.001
-2.0581
-2.1106
-2.1588
-2.2026
-2.2425
-2.2786
-2.3111
-2.3403
-2.3664
-2.3896
-2.4102
-2.4284
-2.4444
-2.4585
-2.4707
-2.4813
-2.4905
-2.4984
-2.5052
-2.511
-2.5159
-2.52
-2.5235
-2.5263
-2.5286
-2.5305
-2.5319
-2.5329
-2.5336
-2.5339
-2.5339
-2.5336
-2.5329
-2.5319
-2.5305
-2.5286
-2.5263
-2.5235
-2.52
-2.5159
-2.511
-2.5052
-2.4984
-2.4905
-2.4813
-2.4707
-2.4585
-2.4444
-2.4284
-2.4102
-2.3896
-2.3664
-2.3403
-2.3111
-2.2786
-2.2425
-2.2026
-2.1588
-2.1106
-2.0581
-2.001
-1.9391
-1.8724
-1.8007
-1.7239
-1.6422
-1.5554
-1.4637
-1.3672
-1.2661
-1.1604
-1.0506
-0.93684
-0.81954
-0.69907
-0.57584
-0.45032
-0.32297
-0.19431
-0.06486
0.064681
0.19339
0.32148
-0.32237
-0.19393
-0.06486
0.06504
0.19485
0.32387
0.45156
0.57744
0.701
0.82181
0.93943
1.0535
1.1636
1.2696
1.371
1.4678
1.5597
1.6467
1.7287
1.8056
1.8775
1.9445
2.0065
2.0638
2.1165
2.1647
2.2087
2.2487
2.2849
2.3175
2.3468
2.373
2.3962
2.4169
2.4352
2.4512
2.4653
2.4775
2.4882
2.4974
2.5054
2.5122
2.518
2.5229
2.527
2.5305
2.5333
2.5356
2.5375
2.5389
2.5399
2.5406
2.5409
2.5409
2.5406
2.5399
2.5389
2.5375
2.5356
2.5333
2.5305
2.527
2.5229
2.518
2.5122
2.5054
2.4974
2.4882
2.4775
2.4653
2.4512
2.4352
2.4169
2.3962
2.373
2.3468
2.3175
2.2849
2.2487
2.2087
2.1647
2.1165
2.0638
2.0065
1.9445
1.8775
1.8056
1.7287
1.6467
1.5597
1.4678
1.371
1.2696
1.1636
1.0535
0.93943
0.82181
0.701
0.57744
0.45156
0.32387
0.19485
0.06504
-0.06486
-0.19393
-0.32237
-0.9658
-0.58099
-0.19431
0.19485
0.58376
0.97027
1.3528
1.7299
2.1001
2.4621
2.8144
3.1561
3.4861
3.8035
4.1074
4.3974
4.6728
4.9335
5.1791
5.4095
5.6249
5.8254
6.0113
6.183
6.3408
6.4853
6.6172
6.737
6.8454
6.9431
7.0307
7.1091
7.1789
7.2408
7.2955
7.3436
7.3857
7.4225
7.4544
7.482
7.5058
7.5262
7.5436
7.5583
7.5707
7.5811
7.5896
7.5965
7.602
7.6063
7.6094
7.6114
7.6124
7.6124
7.6114
7.6094
7.6063
7.602
7.5965
7.5896
7.5811
7.5707
7.5583
7.5436
7.5262
7.5058
7.482
7.4544
7.4225
7.3857
7.3436
7.2955
7.2408
7.1789
7.1091
7.0307
6.9431
6.8454
6.737
6.6172
6.4853
6.3408
6.183
6.0113
5.8254
5.6249
5.4095
5.1791
4.9335
4.6728
4.3974
4.1074
3.8035
3.4861
3.1561
2.8144
2.4621
2.1001
1.7299
1.3528
0.97027
0.58376
0.19485
-0.19431
-0.58099
-0.9658
-1.6053
-0.96567
-0.32297
0.32387
0.97027
1.6127
2.2486
2.8754
3.4907
4.0922
4.6779
5.2459
5.7943
6.3218
6.827
7.309
7.7668
8.2
8.6082
8.9913
9.3493
9.6826
9.9915
10.277
10.539
10.779
10.999
11.198
11.378
11.54
11.686
11.816
11.932
12.035
12.126
12.206
12.276
12.337
12.39
12.436
12.476
12.51
12.538
12.563
12.583
12.601
12.615
12.626
12.636
12.643
12.648
12.651
12.653
12.653
12.651
12.648
12.643
12.636
12.626
12.615
12.601
12.583
12.563
12.538
12.51
12.476
12.436
12.39
12.337
12.276
12.206
12.126
12.035
11.932
11.816
11.686
11.54
11.378
11.198
10.999
10.779
10.539
10.277
9.9915
9.6826
9.3493
8.9913
8.6082
8.2
7.7668
7.309
6.827
6.3218
5.7943
5.2459
4.6779
4.0922
3.4907
2.8754
2.2486
1.6127
0.97027
0.32387
-0.32297
-0.96567
-1.6053
-2.2382
-1.3464
-0.45032
0.45156
1.3528
2.2486
3.1352
4.0091
4.867
5.7057
6.5224
7.3142
8.0789
8.8144
9.5188
10.191
10.829
11.433
12.002
12.536
13.036
13.5
13.931
14.329
14.695
15.03
15.335
15.613
15.864
16.09
16.294
16.475
16.637
16.781
16.907
17.019
17.116
17.202
17.276
17.34
17.395
17.442
17.482
17.516
17.545
17.569
17.589
17.605
17.618
17.628
17.635
17.639
17.642
17.642
17.639
17.635
17.628
17.618
17.605
17.589
17.569
17.545
17.516
17.482
17.442
17.395
17.34
17.276
17.202
17.116
17.019
16.907
16.781
16.637
16.475
16.294
16.09
15.864
15.613
15.335
15.03
14.695
14.329
13.931
13.5
13.036
12.536
12.002
11.433
10.829
10.191
9.5188
8.8144
8.0789
7.3142
6.5224
5.7057
4.867
4.0091
3.1352
2.2486
1.3528
0.45156
-0.45032
-1.3464
-2.2382
-2.8621
-1.7217
-0.57584
0.57744
1.7299
2.8754
4.0091
5.1266
6.2237
7.2962
8.3405
9.3531
10.331
11.271
12.172
13.032
13.848
14.62
15.348
16.031
16.669
17.264
17.815
18.323
18.791
19.219
19.61
19.965
20.286
20.576
20.836
21.068
21.275
21.458
21.62
21.763
21.888
21.997
22.091
22.173
22.244
22.304
22.356
22.399
22.436
22.467
22.492
22.513
22.529
22.542
22.551
22.557
22.56
22.56
22.557
22.551
22.542
22.529
22.513
22.492
22.467
22.436
22.399
22.356
22.304
22.244
22.173
22.091
21.997
21.888
21.763
21.62
21.458
21.275
21.068
20.836
20.576
20.286
19.965
19.61
19.219
18.791
18.323
17.815
17.264
16.669
16.031
15.348
14.62
13.848
13.032
12.172
11.271
10.331
9.3531
8.3405
7.2962
6.2237
5.1266
4.0091
2.8754
1.7299
0.57744
-0.57584
-1.7217
-2.8621
-3.4746
-2.0902
-0.69907
0.701
2.1001
3.4907
4.867
6.2237
7.5555
8.8575
10.125
11.355
12.542
13.683
14.777
15.82
16.811
17.749
18.632
19.462
20.237
20.958
21.627
22.244
22.812
23.332
23.807
24.238
24.628
24.979
25.295
25.577
25.828
26.051
26.247
26.42
26.572
26.704
26.819
26.919
27.004
27.078
27.14
27.193
27.238
27.275
27.306
27.331
27.35
27.366
27.377
27.384
27.388
27.388
27.384
27.377
27.366
27.35
27.331
27.306
27.275
27.238
27.193
27.14
27.078
27.004
26.919
26.819
26.704
26.572
26.42
26.247
26.051
25.828
25.577
25.295
24.979
24.628
24.238
23.807
23.332
22.812
22.244
21.627
20.958
20.237
19.462
18.632
17.749
16.811
15.82
14.777
13.683
12.542
11.355
10.125
8.8575
7.5555
6.2237
4.867
3.4907
2.1001
0.701
-0.69907
-2.0902
-3.4746
-4.0733
-2.4504
-0.81954
0.82181
2.4621
4.0922
5.7057
7.2962
8.8575
10.384
11.87
13.311
14.703
16.042
17.324
18.547
19.708
20.808
21.844
22.816
23.724
24.57
25.354
26.078
26.744
27.354
27.91
28.415
28.872
29.284
29.654
29.985
30.279
30.541
30.771
30.974
31.152
31.307
31.442
31.558
31.659
31.745
31.818
31.88
31.932
31.976
32.012
32.041
32.065
32.082
32.095
32.104
32.108
32.108
32.104
32.095
32.082
32.065
32.041
32.012
31.976
31.932
31.88
31.818
31.745
31.659
31.558
31.442
31.307
31.152
30.974
30.771
30.541
30.279
29.985
29.654
29.284
28.872
28.415
27.91
27.354
26.744
26.078
25.354
24.57
23.724
22.816
21.844
20.808
19.708
18.547
17.324
16.042
14.703
13.311
11.87
10.384
8.8575
7.2962
5.7057
4.0922
2.4621
0.82181
-0.81954
-2.4504
-4.0733
-4.6563
-2.8011
-0.93684
0.93943
2.8144
4.6779
6.5224
8.3405
10.125
11.87
13.569
15.217
16.808
18.338
19.803
21.201
22.529
23.786
24.97
26.081
27.12
28.087
28.983
29.811
30.572
31.269
31.905
32.482
33.005
33.476
33.899
34.277
34.614
34.912
35.176
35.408
35.611
35.788
35.943
36.076
36.191
36.289
36.373
36.444
36.504
36.553
36.595
36.628
36.655
36.675
36.69
36.7
36.704
36.704
36.7
36.69
36.675
36.655
36.628
36.595
36.553
36.504
36.444
36.373
36.289
36.191
36.076
35.943
35.788
35.611
35.408
35.176
34.912
34.614
34.277
33.899
33.476
33.005
32.482
31.905
31.269
30.572
29.811
28.983
28.087
27.12
26.081
24.97
23.786
22.529
21.201
19.803
18.338
16.808
15.217
13.569
11.87
10.125
8.3405
6.5224
4.6779
2.8144
0.93943
-0.93684
-2.8011
-4.6563
-5.2216
-3.1411
-1.0506
1.0535
3.1561
5.2459
7.3142
9.3531
11.355
13.311
15.217
17.064
18.848
20.564
22.208
23.775
25.265
26.674
28.002
29.248
30.413
31.497
32.502
33.431
34.284
35.066
35.779
36.427
37.013
37.541
38.015
38.439
38.817
39.152
39.447
39.708
39.936
40.134
40.307
40.457
40.585
40.696
40.79
40.869
40.936
40.992
41.039
41.076
41.106
41.129
41.146
41.156
41.162
41.162
41.156
41.146
41.129
41.106
41.076
41.039
40.992
40.936
40.869
40.79
40.696
40.585
40.457
40.307
40.134
39.936
39.708
39.447
39.152
38.817
38.439
38.015
37.541
37.013
36.427
35.779
35.066
34.284
33.431
32.502
31.497
30.413
29.248
28.002
26.674
25.265
23.775
22.208
20.564
18.848
17.064
15.217
13.311
11.355
9.3531
7.3142
5.2459
3.1561
1.0535
-1.0506
-3.1411
-5.2216
-5.7676
-3.4696
-1.1604
1.1636
3.4861
5.7943
8.0789
10.331
12.542
14.703
16.808
18.848
20.819
22.714
24.53
26.261
27.906
29.463
30.93
32.306
33.593
34.791
35.901
36.926
37.869
38.732
39.52
40.236
40.883
41.467
41.991
42.459
42.876
43.246
43.573
43.86
44.112
44.332
44.522
44.688
44.83
44.952
45.056
45.144
45.218
45.279
45.33
45.372
45.405
45.43
45.449
45.461
45.467
45.467
45.461
45.449
45.43
45.405
45.372
45.33
45.279
45.218
45.144
45.056
44.952
44.83
44.688
44.522
44.332
44.112
43.86
43.573
43.246
42.876
42.459
41.991
41.467
40.883
40.236
39.52
38.732
37.869
36.926
35.901
34.791
33.593
32.306
30.93
29.463
27.906
26.261
24.53
22.714
20.819
18.848
16.808
14.703
12.542
10.331
8.0789
5.7943
3.4861
1.1636
-1.1604
-3.4696
-5.7676
-6.2926
-3.7854
-1.2661
1.2696
3.8035
6.3218
8.8144
11.271
13.683
16.042
18.338
20.564
22.714
24.782
26.763
28.652
30.447
32.145
33.746
35.248
36.651
37.958
39.17
40.288
41.317
42.259
43.119
43.899
44.606
45.243
45.814
46.326
46.781
47.184
47.541
47.854
48.129
48.369
48.577
48.757
48.912
49.045
49.159
49.255
49.335
49.403
49.459
49.504
49.54
49.567
49.588
49.601
49.607
49.607
49.601
49.588
49.567
49.54
49.504
49.459
49.403
49.335
49.255
49.159
49.045
48.912
48.757
48.577
48.369
48.129
47.854
47.541
47.184
46.781
46.326
45.814
45.243
44.606
43.899
43.119
42.259
41.317
40.288
39.17
37.958
36.651
35.248
33.746
32.145
30.447
28.652
26.763
24.782
22.714
20.564
18.338
16.042
13.683
11.271
8.8144
6.3218
3.8035
1.2696
-1.2661
-3.7854
-6.2926
-6.7955
-4.0879
-1.3672
1.371
4.1074
6.827
9.5188
12.172
14.777
17.324
19.803
22.208
24.53
26.763
28.902
30.942
32.881
34.715
36.443
38.065
39.581
40.992
42.301
43.509
44.62
45.637
46.566
47.409
48.172
48.86
49.477
50.029
50.52
50.956
51.341
51.68
51.977
52.236
52.461
52.655
52.823
52.967
53.089
53.193
53.28
53.353
53.413
53.462
53.501
53.531
53.552
53.567
53.573
53.573
53.567
53.552
53.531
53.501
53.462
53.413
53.353
53.28
53.193
53.089
52.967
52.823
52.655
52.461
52.236
51.977
51.68
51.341
50.956
50.52
50.029
49.477
48.86
48.172
47.409
46.566
45.637
44.62
43.509
42.301
40.992
39.581
38.065
36.443
34.715
32.881
30.942
28.902
26.763
24.53
22.208
19.803
17.324
14.777
12.172
9.5188
6.827
4.1074
1.371
-1.3672
-4.0879
-6.7955
-7.2752
-4.3765
-1.4637
1.4678
4.3974
7.309
10.191
13.032
15.82
18.547
21.201
23.775
26.261
28.652
30.942
33.127
35.202
37.166
39.016
40.753
42.376
43.887
45.288
46.581
47.77
48.86
49.854
50.757
51.574
52.31
52.971
53.562
54.088
54.555
54.967
55.33
55.648
55.925
56.166
56.374
56.554
56.708
56.839
56.95
57.043
57.121
57.186
57.238
57.28
57.312
57.335
57.35
57.357
57.357
57.35
57.335
57.312
57.28
57.238
57.186
57.121
57.043
56.95
56.839
56.708
56.554
56.374
56.166
55.925
55.648
55.33
54.967
54.555
54.088
53.562
52.971
52.31
51.574
50.757
49.854
48.86
47.77
46.581
45.288
43.887
42.376
40.753
39.016
37.166
35.202
33.127
30.942
28.652
26.261
23.775
21.201
18.547
15.82
13.032
10.191
7.309
4.3974
1.4678
-1.4637
-4.3765
-7.2752
-7.7309
-4.6506
-1.5554
1.5597
4.6728
7.7668
10.829
13.848
16.811
19.708
22.529
25.265
27.906
30.447
32.881
35.202
37.407
39.494
41.461
43.306
45.031
46.637
48.125
49.5
50.764
51.922
52.978
53.937
54.806
55.588
56.291
56.919
57.478
57.974
58.412
58.798
59.136
59.43
59.686
59.908
60.098
60.262
60.401
60.519
60.619
60.702
60.77
60.826
60.87
60.904
60.929
60.945
60.953
60.953
60.945
60.929
60.904
60.87
60.826
60.77
60.702
60.619
60.519
60.401
60.262
60.098
59.908
59.686
59.43
59.136
58.798
58.412
57.974
57.478
56.919
56.291
55.588
54.806
53.937
52.978
51.922
50.764
49.5
48.125
46.637
45.031
43.306
41.461
39.494
37.407
35.202
32.881
30.447
27.906
25.265
22.529
19.708
16.811
13.848
10.829
7.7668
4.6728
1.5597
-1.5554
-4.6506
-7.7309
-8.1621
-4.91
-1.6422
1.6467
4.9335
8.2
11.433
14.62
17.749
20.808
23.786
26.674
29.463
32.145
34.715
37.166
39.494
41.697
43.774
45.722
47.543
49.239
50.81
52.262
53.596
54.819
55.934
56.947
57.864
58.69
59.432
60.095
60.686
61.21
61.672
62.079
62.436
62.747
63.017
63.251
63.453
63.625
63.773
63.897
64.002
64.09
64.162
64.221
64.268
64.304
64.33
64.347
64.355
64.355
64.347
64.33
64.304
64.268
64.221
64.162
64.09
64.002
63.897
63.773
63.625
63.453
63.251
63.017
62.747
62.436
62.079
61.672
61.21
60.686
60.095
59.432
58.69
57.864
56.947
55.934
54.819
53.596
52.262
50.81
49.239
47.543
45.722
43.774
41.697
39.494
37.166
34.715
32.145
29.463
26.674
23.786
20.808
17.749
14.62
11.433
8.2
4.9335
1.6467
-1.6422
-4.91
-8.1621
-8.5684
-5.1544
-1.7239
1.7287
5.1791
8.6082
12.002
15.348
18.632
21.844
24.97
28.002
30.93
33.746
36.443
39.016
41.461
43.774
45.953
47.999
49.911
51.69
53.341
54.864
56.265
57.549
58.72
59.783
60.746
61.614
62.392
63.089
63.709
64.259
64.744
65.172
65.546
65.873
66.157
66.402
66.614
66.795
66.95
67.081
67.191
67.283
67.359
67.42
67.47
67.507
67.535
67.553
67.561
67.561
67.553
67.535
67.507
67.47
67.42
67.359
67.283
67.191
67.081
66.95
66.795
66.614
66.402
66.157
65.873
65.546
65.172
64.744
64.259
63.709
63.089
62.392
61.614
60.746
59.783
58.72
57.549
56.265
54.864
53.341
51.69
49.911
47.999
45.953
43.774
41.461
39.016
36.443
33.746
30.93
28.002
24.97
21.844
18.632
15.348
12.002
8.6082
5.1791
1.7287
-1.7239
-5.1544
-8.5684
-8.9497
-5.3838
-1.8007
1.8056
5.4095
8.9913
12.536
16.031
19.462
22.816
26.081
29.248
32.306
35.248
38.065
40.753
43.306
45.722
47.999
50.135
52.132
53.992
55.715
57.307
58.771
60.111
61.334
62.445
63.451
64.357
65.171
65.898
66.546
67.12
67.628
68.074
68.466
68.807
69.103
69.36
69.581
69.77
69.932
70.069
70.184
70.28
70.359
70.424
70.475
70.514
70.543
70.562
70.571
70.571
70.562
70.543
70.514
70.475
70.424
70.359
70.28
70.184
70.069
69.932
69.77
69.581
69.36
69.103
68.807
68.466
68.074
67.628
67.12
66.546
65.898
65.171
64.357
63.451
62.445
61.334
60.111
58.771
57.307
55.715
53.992
52.132
50.135
47.999
45.722
43.306
40.753
38.065
35.248
32.306
29.248
26.081
22.816
19.462
16.031
12.536
8.9913
5.4095
1.8056
-1.8007
-5.3838
-8.9497
-9.306
-5.5982
-1.8724
1.8775
5.6249
9.3493
13.036
16.669
20.237
23.724
27.12
30.413
33.593
36.651
39.581
42.376
45.031
47.543
49.911
52.132
54.209
56.142
57.935
59.59
61.112
62.506
63.778
64.934
65.979
66.922
67.768
68.524
69.198
69.796
70.323
70.788
71.194
71.549
71.858
72.125
72.355
72.552
72.719
72.862
72.982
73.082
73.164
73.231
73.284
73.325
73.355
73.375
73.384
73.384
73.375
73.355
73.325
73.284
73.231
73.164
73.082
72.982
72.862
72.719
72.552
72.355
72.125
71.858
71.549
71.194
70.788
70.323
69.796
69.198
68.524
67.768
66.922
65.979
64.934
63.778
62.506
61.112
59.59
57.935
56.142
54.209
52.132
49.911
47.543
45.031
42.376
39.581
36.651
33.593
30.413
27.12
23.724
20.237
16.669
13.036
9.3493
5.6249
1.8775
-1.8724
-5.5982
-9.306
-9.6377
-5.7977
-1.9391
1.9445
5.8254
9.6826
13.5
17.264
20.958
24.57
28.087
31.497
34.791
37.958
40.992
43.887
46.637
49.239
51.69
53.992
56.142
58.145
60.001
61.715
63.292
64.736
66.053
67.25
68.333
69.309
70.186
70.969
71.667
72.286
72.833
73.314
73.735
74.103
74.422
74.699
74.937
75.141
75.315
75.462
75.586
75.69
75.775
75.845
75.9
75.942
75.973
75.993
76.003
76.003
75.993
75.973
75.942
75.9
75.845
75.775
75.69
75.586
75.462
75.315
75.141
74.937
74.699
74.422
74.103
73.735
73.314
72.833
72.286
71.667
70.969
70.186
69.309
68.333
67.25
66.053
64.736
63.292
61.715
60.001
58.145
56.142
53.992
51.69
49.239
46.637
43.887
40.992
37.958
34.791
31.497
28.087
24.57
20.958
17.264
13.5
9.6826
5.8254
1.9445
-1.9391
-5.7977
-9.6377
-9.9453
-5.9827
-2.001
2.0065
6.0113
9.9915
13.931
17.815
21.627
25.354
28.983
32.502
35.901
39.17
42.301
45.288
48.125
50.81
53.341
55.715
57.935
60.001
61.917
63.686
65.313
66.803
68.163
69.398
70.516
71.523
72.428
73.236
73.956
74.595
75.159
75.656
76.091
76.47
76.8
77.085
77.331
77.542
77.721
77.873
78.002
78.108
78.197
78.268
78.325
78.369
78.401
78.422
78.432
78.432
78.422
78.401
78.369
78.325
78.268
78.197
78.108
78.002
77.873
77.721
77.542
77.331
77.085
76.8
76.47
76.091
75.656
75.159
74.595
73.956
73.236
72.428
71.523
70.516
69.398
68.163
66.803
65.313
63.686
61.917
60.001
57.935
55.715
53.341
50.81
48.125
45.288
42.301
39.17
35.901
32.502
28.983
25.354
21.627
17.815
13.931
9.9915
6.0113
2.0065
-2.001
-5.9827
-9.9453
-10.229
-6.1535
-2.0581
2.0638
6.183
10.277
14.329
18.323
22.244
26.078
29.811
33.431
36.926
40.288
43.509
46.581
49.5
52.262
54.864
57.307
59.59
61.715
63.686
65.506
67.179
68.712
70.111
71.381
72.531
73.568
74.498
75.33
76.071
76.728
77.308
77.819
78.266
78.657
78.996
79.289
79.542
79.759
79.944
80.1
80.232
80.342
80.433
80.507
80.565
80.61
80.643
80.664
80.675
80.675
80.664
80.643
80.61
80.565
80.507
80.433
80.342
80.232
80.1
79.944
79.759
79.542
79.289
78.996
78.657
78.266
77.819
77.308
76.728
76.071
75.33
74.498
73.568
72.531
71.381
70.111
68.712
67.179
65.506
63.686
61.715
59.59
57.307
54.864
52.262
49.5
46.581
43.509
40.288
36.926
33.431
29.811
26.078
22.244
18.323
14.329
10.277
6.183
2.0638
-2.0581
-6.1535
-10.229
-10.49
-6.3106
-2.1106
2.1165
6.3408
10.539
14.695
18.791
22.812
26.744
30.572
34.284
37.869
41.317
44.62
47.77
50.764
53.596
56.265
58.771
61.112
63.292
65.313
67.179
68.896
70.468
71.902
73.205
74.385
75.448
76.402
77.255
78.015
78.689
79.284
79.808
80.267
80.668
81.016
81.317
81.576
81.798
81.988
82.148
82.284
82.396
82.489
82.565
82.625
82.672
82.705
82.727
82.738
82.738
82.727
82.705
82.672
82.625
82.565
82.489
82.396
82.284
82.148
81.988
81.798
81.576
81.317
81.016
80.668
80.267
79.808
79.284
78.689
78.015
77.255
76.402
75.448
74.385
73.205
71.902
70.468
68.896
67.179
65.313
63.292
61.112
58.771
56.265
53.596
50.764
47.77
44.62
41.317
37.869
34.284
30.572
26.744
22.812
18.791
14.695
10.539
6.3408
2.1165
-2.1106
-6.3106
-10.49
-10.729
-6.4545
-2.1588
2.1647
6.4853
10.779
15.03
19.219
23.332
27.354
31.269
35.066
38.732
42.259
45.637
48.86
51.922
54.819
57.549
60.111
62.506
64.736
66.803
68.712
70.468
72.076
73.543
74.876
76.083
77.17
78.146
79.019
79.796
80.486
81.095
81.63
82.1
82.51
82.866
83.174
83.439
83.666
83.86
84.025
84.163
84.278
84.374
84.451
84.513
84.56
84.594
84.617
84.628
84.628
84.617
84.594
84.56
84.513
84.451
84.374
84.278
84.163
84.025
83.86
83.666
83.439
83.174
82.866
82.51
82.1
81.63
81.095
80.486
79.796
79.019
78.146
77.17
76.083
74.876
73.543
72.076
70.468
68.712
66.803
64.736
62.506
60.111
57.549
54.819
51.922
48.86
45.637
42.259
38.732
35.066
31.269
27.354
23.332
19.219
15.03
10.779
6.4853
2.1647
-2.1588
-6.4545
-10.729
-10.948
-6.5857
-2.2026
2.2087
6.6172
10.999
15.335
19.61
23.807
27.91
31.905
35.779
39.52
43.119
46.566
49.854
52.978
55.934
58.72
61.334
63.778
66.053
68.163
70.111
71.902
73.543
75.04
76.401
77.632
78.741
79.737
80.628
81.421
82.125
82.746
83.293
83.772
84.19
84.554
84.868
85.139
85.371
85.569
85.736
85.878
85.995
86.093
86.172
86.235
86.283
86.318
86.341
86.352
86.352
86.341
86.318
86.283
86.235
86.172
86.093
85.995
85.878
85.736
85.569
85.371
85.139
84.868
84.554
84.19
83.772
83.293
82.746
82.125
81.421
80.628
79.737
78.741
77.632
76.401
75.04
73.543
71.902
70.111
68.163
66.053
63.778
61.334
58.72
55.934
52.978
49.854
46.566
43.119
39.52
35.779
31.905
27.91
23.807
19.61
15.335
10.999
6.6172
2.2087
-2.2026
-6.5857
-10.948
-11.146
-6.7049
-2.2425
2.2487
6.737
11.198
15.613
19.965
24.238
28.415
32.482
36.427
40.236
43.899
47.409
50.757
53.937
56.947
59.783
62.445
64.934
67.25
69.398
71.381
73.205
74.876
76.401
77.786
79.039
80.169
81.183
82.09
82.898
83.614
84.247
84.804
85.292
85.718
86.088
86.408
86.683
86.92
87.121
87.292
87.436
87.556
87.655
87.735
87.799
87.849
87.884
87.908
87.919
87.919
87.908
87.884
87.849
87.799
87.735
87.655
87.556
87.436
87.292
87.121
86.92
86.683
86.408
86.088
85.718
85.292
84.804
84.247
83.614
82.898
82.09
81.183
80.169
79.039
77.786
76.401
74.876
73.205
71.381
69.398
67.25
64.934
62.445
59.783
56.947
53.937
50.757
47.409
43.899
40.236
36.427
32.482
28.415
24.238
19.965
15.613
11.198
6.737
2.2487
-2.2425
-6.7049
-11.146
-11.325
-6.8128
-2.2786
2.2849
6.8454
11.378
15.864
20.286
24.628
28.872
33.005
37.013
40.883
44.606
48.172
51.574
54.806
57.864
60.746
63.451
65.979
68.333
70.516
72.531
74.385
76.083
77.632
79.039
80.313
81.461
82.492
83.413
84.234
84.962
85.605
86.171
86.667
87.1
87.476
87.801
88.081
88.322
88.526
88.7
88.846
88.968
89.069
89.15
89.216
89.266
89.302
89.326
89.337
89.337
89.326
89.302
89.266
89.216
89.15
89.069
88.968
88.846
88.7
88.526
88.322
88.081
87.801
87.476
87.1
86.667
86.171
85.605
84.962
84.234
83.413
82.492
81.461
80.313
79.039
77.632
76.083
74.385
72.531
70.516
68.333
65.979
63.451
60.746
57.864
54.806
51.574
48.172
44.606
40.883
37.013
33.005
28.872
24.628
20.286
15.864
11.378
6.8454
2.2849
-2.2786
-6.8128
-11.325
-11.487
-6.91
-2.3111
2.3175
6.9431
11.54
16.09
20.576
24.979
29.284
33.476
37.541
41.467
45.243
48.86
52.31
55.588
58.69
61.614
64.357
66.922
69.309
71.523
73.568
75.448
77.17
78.741
80.169
81.461
82.626
83.671
84.606
85.439
86.177
86.83
87.404
87.907
88.346
88.727
89.057
89.342
89.585
89.793
89.969
90.117
90.241
90.343
90.426
90.492
90.543
90.58
90.604
90.616
90.616
90.604
90.58
90.543
90.492
90.426
90.343
90.241
90.117
89.969
89.793
89.585
89.342
89.057
88.727
88.346
87.907
87.404
86.83
86.177
85.439
84.606
83.671
82.626
81.461
80.169
78.741
77.17
75.448
73.568
71.523
69.309
66.922
64.357
61.614
58.69
55.588
52.31
48.86
45.243
41.467
37.541
33.476
29.284
24.979
20.576
16.09
11.54
6.9431
2.3175
-2.3111
-6.91
-11.487
-11.632
-6.9973
-2.3403
2.3468
7.0307
11.686
16.294
20.836
25.295
29.654
33.899
38.015
41.991
45.814
49.477
52.971
56.291
59.432
62.392
65.171
67.768
70.186
72.428
74.498
76.402
78.146
79.737
81.183
82.492
83.671
84.73
85.677
86.52
87.268
87.929
88.51
89.02
89.464
89.851
90.185
90.473
90.72
90.93
91.109
91.259
91.384
91.487
91.572
91.638
91.69
91.727
91.752
91.764
91.764
91.752
91.727
91.69
91.638
91.572
91.487
91.384
91.259
91.109
90.93
90.72
90.473
90.185
89.851
89.464
89.02
88.51
87.929
87.268
86.52
85.677
84.73
83.671
82.492
81.183
79.737
78.146
76.402
74.498
72.428
70.186
67.768
65.171
62.392
59.432
56.291
52.971
49.477
45.814
41.991
38.015
33.899
29.654
25.295
20.836
16.294
11.686
7.0307
2.3468
-2.3403
-6.9973
-11.632
-11.761
-7.0753
-2.3664
2.373
7.1091
11.816
16.475
21.068
25.577
29.985
34.277
38.439
42.459
46.326
50.029
53.562
56.919
60.095
63.089
65.898
68.524
70.969
73.236
75.33
77.255
79.019
80.628
82.09
83.413
84.606
85.677
86.634
87.487
88.244
88.912
89.5
90.015
90.465
90.855
91.193
91.485
91.734
91.947
92.128
92.279
92.406
92.511
92.596
92.663
92.715
92.753
92.778
92.79
92.79
92.778
92.753
92.715
92.663
92.596
92.511
92.406
92.279
92.128
91.947
91.734
91.485
91.193
90.855
90.465
90.015
89.5
88.912
88.244
87.487
86.634
85.677
84.606
83.413
82.09
80.628
79.019
77.255
75.33
73.236
70.969
68.524
65.898
63.089
60.095
56.919
53.562
50.029
46.326
42.459
38.439
34.277
29.985
25.577
21.068
16.475
11.816
7.1091
2.373
-2.3664
-7.0753
-11.761
-11.877
-7.1447
-2.3896
2.3962
7.1789
11.932
16.637
21.275
25.828
30.279
34.614
38.817
42.876
46.781
50.52
54.088
57.478
60.686
63.709
66.546
69.198
71.667
73.956
76.071
78.015
79.796
81.421
82.898
84.234
85.439
86.52
87.487
88.348
89.112
89.787
90.381
90.901
91.356
91.75
92.092
92.386
92.638
92.853
93.035
93.189
93.317
93.422
93.508
93.576
93.629
93.667
93.692
93.704
93.704
93.692
93.667
93.629
93.576
93.508
93.422
93.317
93.189
93.035
92.853
92.638
92.386
92.092
91.75
91.356
90.901
90.381
89.787
89.112
88.348
87.487
86.52
85.439
84.234
82.898
81.421
79.796
78.015
76.071
73.956
71.667
69.198
66.546
63.709
60.686
57.478
54.088
50.52
46.781
42.876
38.817
34.614
30.279
25.828
21.275
16.637
11.932
7.1789
2.3962
-2.3896
-7.1447
-11.877
-11.979
-7.2063
-2.4102
2.4169
7.2408
12.035
16.781
21.458
26.051
30.541
34.912
39.152
43.246
47.184
50.956
54.555
57.974
61.21
64.259
67.12
69.796
72.286
74.595
76.728
78.689
80.486
82.125
83.614
84.962
86.177
87.268
88.244
89.112
89.883
90.564
91.163
91.688
92.146
92.544
92.888
93.185
93.439
93.656
93.84
93.995
94.124
94.231
94.317
94.386
94.439
94.478
94.503
94.515
94.515
94.503
94.478
94.439
94.386
94.317
94.231
94.124
93.995
93.84
93.656
93.439
93.185
92.888
92.544
92.146
91.688
91.163
90.564
89.883
89.112
88.244
87.268
86.177
84.962
83.614
82.125
80.486
78.689
76.728
74.595
72.286
69.796
67.12
64.259
61.21
57.974
54.555
50.956
47.184
43.246
39.152
34.912
30.541
26.051
21.458
16.781
12.035
7.2408
2.4169
-2.4102
-7.2063
-11.979
-12.07
-7.2607
-2.4284
2.4352
7.2955
12.126
16.907
21.62
26.247
30.771
35.176
39.447
43.573
47.541
51.341
54.967
58.412
61.672
64.744
67.628
70.323
72.833
75.159
77.308
79.284
81.095
82.746
84.247
85.605
86.83
87.929
88.912
89.787
90.564
91.25
91.853
92.382
92.844
93.245
93.592
93.891
94.148
94.366
94.551
94.707
94.838
94.945
95.032
95.102
95.155
95.194
95.219
95.232
95.232
95.219
95.194
95.155
95.102
95.032
94.945
94.838
94.707
94.551
94.366
94.148
93.891
93.592
93.245
92.844
92.382
91.853
91.25
90.564
89.787
88.912
87.929
86.83
85.605
84.247
82.746
81.095
79.284
77.308
75.159
72.833
70.323
67.628
64.744
61.672
58.412
54.967
51.341
47.541
43.573
39.447
35.176
30.771
26.247
21.62
16.907
12.126
7.2955
2.4352
-2.4284
-7.2607
-12.07
-12.149
-7.3086
-2.4444
2.4512
7.3436
12.206
17.019
21.763
26.42
30.974
35.408
39.708
43.86
47.854
51.68
55.33
58.798
62.079
65.172
68.074
70.788
73.314
75.656
77.819
79.808
81.63
83.293
84.804
86.171
87.404
88.51
89.5
90.381
91.163
91.853
92.461
92.994
93.458
93.862
94.212
94.513
94.771
94.991
95.177
95.334
95.465
95.574
95.661
95.731
95.785
95.824
95.85
95.862
95.862
95.85
95.824
95.785
95.731
95.661
95.574
95.465
95.334
95.177
94.991
94.771
94.513
94.212
93.862
93.458
92.994
92.461
91.853
91.163
90.381
89.5
88.51
87.404
86.171
84.804
83.293
81.63
79.808
77.819
75.656
73.314
70.788
68.074
65.172
62.079
58.798
55.33
51.68
47.854
43.86
39.708
35.408
30.974
26.42
21.763
17.019
12.206
7.3436
2.4512
-2.4444
-7.3086
-12.149
-12.219
-7.3505
-2.4585
2.4653
7.3857
12.276
17.116
21.888
26.572
31.152
35.611
39.936
44.112
48.129
51.977
55.648
59.136
62.436
65.546
68.466
71.194
73.735
76.091
78.266
80.267
82.1
83.772
85.292
86.667
87.907
89.02
90.015
90.901
91.688
92.382
92.994
93.529
93.997
94.403
94.755
95.057
95.317
95.538
95.726
95.884
96.016
96.124
96.213
96.283
96.337
96.377
96.402
96.415
96.415
96.402
96.377
96.337
96.283
96.213
96.124
96.016
95.884
95.726
95.538
95.317
95.057
94.755
94.403
93.997
93.529
92.994
92.382
91.688
90.901
90.015
89.02
87.907
86.667
85.292
83.772
82.1
80.267
78.266
76.091
73.735
71.194
68.466
65.546
62.436
59.136
55.648
51.977
48.129
44.112
39.936
35.611
31.152
26.572
21.888
17.116
12.276
7.3857
2.4653
-2.4585
-7.3505
-12.219
-12.28
-7.3871
-2.4707
2.4775
7.4225
12.337
17.202
21.997
26.704
31.307
35.788
40.134
44.332
48.369
52.236
55.925
59.43
62.747
65.873
68.807
71.549
74.103
76.47
78.657
80.668
82.51
84.19
85.718
87.1
88.346
89.464
90.465
91.356
92.146
92.844
93.458
93.997
94.467
94.875
95.228
95.533
95.794
96.016
96.205
96.363
96.496
96.605
96.694
96.765
96.819
96.859
96.884
96.897
96.897
96.884
96.859
96.819
96.765
96.694
96.605
96.496
96.363
96.205
96.016
95.794
95.533
95.228
94.875
94.467
93.997
93.458
92.844
92.146
91.356
90.465
89.464
88.346
87.1
85.718
84.19
82.51
80.668
78.657
76.47
74.103
71.549
68.807
65.873
62.747
59.43
55.925
52.236
48.369
44.332
40.134
35.788
31.307
26.704
21.997
17.202
12.337
7.4225
2.4775
-2.4707
-7.3871
-12.28
-12.333
-7.4189
-2.4813
2.4882
7.4544
12.39
17.276
22.091
26.819
31.442
35.943
40.307
44.522
48.577
52.461
56.166
59.686
63.017
66.157
69.103
71.858
74.422
76.8
78.996
81.016
82.866
84.554
86.088
87.476
88.727
89.851
90.855
91.75
92.544
93.245
93.862
94.403
94.875
95.285
95.64
95.946
96.208
96.431
96.621
96.78
96.913
97.023
97.112
97.183
97.238
97.278
97.303
97.316
97.316
97.303
97.278
97.238
97.183
97.112
97.023
96.913
96.78
96.621
96.431
96.208
95.946
95.64
95.285
94.875
94.403
93.862
93.245
92.544
91.75
90.855
89.851
88.727
87.476
86.088
84.554
82.866
81.016
78.996
76.8
74.422
71.858
69.103
66.157
63.017
59.686
56.166
52.461
48.577
44.522
40.307
35.943
31.442
26.819
22.091
17.276
12.39
7.4544
2.4882
-2.4813
-7.4189
-12.333
-12.378
-7.4464
-2.4905
2.4974
7.482
12.436
17.34
22.173
26.919
31.558
36.076
40.457
44.688
48.757
52.655
56.374
59.908
63.251
66.402
69.36
72.125
74.699
77.085
79.289
81.317
83.174
84.868
86.408
87.801
89.057
90.185
91.193
92.092
92.888
93.592
94.212
94.755
95.228
95.64
95.996
96.303
96.566
96.79
96.981
97.141
97.274
97.385
97.474
97.545
97.6
97.64
97.666
97.679
97.679
97.666
97.64
97.6
97.545
97.474
97.385
97.274
97.141
96.981
96.79
96.566
96.303
95.996
95.64
95.228
94.755
94.212
93.592
92.888
92.092
91.193
90.185
89.057
87.801
86.408
84.868
83.174
81.317
79.289
77.085
74.699
72.125
69.36
66.402
63.251
59.908
56.374
52.655
48.757
44.688
40.457
36.076
31.558
26.919
22.173
17.34
12.436
7.482
2.4974
-2.4905
-7.4464
-12.378
-12.418
-7.47
-2.4984
2.5054
7.5058
12.476
17.395
22.244
27.004
31.659
36.191
40.585
44.83
48.912
52.823
56.554
60.098
63.453
66.614
69.581
72.355
74.937
77.331
79.542
81.576
83.439
85.139
86.683
88.081
89.342
90.473
91.485
92.386
93.185
93.891
94.513
95.057
95.533
95.946
96.303
96.611
96.875
97.1
97.291
97.451
97.585
97.696
97.786
97.857
97.912
97.952
97.978
97.991
97.991
97.978
97.952
97.912
97.857
97.786
97.696
97.585
97.451
97.291
97.1
96.875
96.611
96.303
95.946
95.533
95.057
94.513
93.891
93.185
92.386
91.485
90.473
89.342
88.081
86.683
85.139
83.439
81.576
79.542
77.331
74.937
72.355
69.581
66.614
63.453
60.098
56.554
52.823
48.912
44.83
40.585
36.191
31.659
27.004
22.244
17.395
12.476
7.5058
2.5054
-2.4984
-7.47
-12.418
-12.451
-7.4903
-2.5052
2.5122
7.5262
12.51
17.442
22.304
27.078
31.745
36.289
40.696
44.952
49.045
52.967
56.708
60.262
63.625
66.795
69.77
72.552
75.141
77.542
79.759
81.798
83.666
85.371
86.92
88.322
89.585
90.72
91.734
92.638
93.439
94.148
94.771
95.317
95.794
96.208
96.566
96.875
97.14
97.365
97.557
97.718
97.852
97.963
98.053
98.125
98.18
98.22
98.246
98.259
98.259
98.246
98.22
98.18
98.125
98.053
97.963
97.852
97.718
97.557
97.365
97.14
96.875
96.566
96.208
95.794
95.317
94.771
94.148
93.439
92.638
91.734
90.72
89.585
88.322
86.92
85.371
83.666
81.798
79.759
77.542
75.141
72.552
69.77
66.795
63.625
60.262
56.708
52.967
49.045
44.952
40.696
36.289
31.745
27.078
22.304
17.442
12.51
7.5262
2.5122
-2.5052
-7.4903
-12.451
-12.48
-7.5076
-2.511
2.518
7.5436
12.538
17.482
22.356
27.14
31.818
36.373
40.79
45.056
49.159
53.089
56.839
60.401
63.773
66.95
69.932
72.719
75.315
77.721
79.944
81.988
83.86
85.569
87.121
88.526
89.793
90.93
91.947
92.853
93.656
94.366
94.991
95.538
96.016
96.431
96.79
97.1
97.365
97.592
97.783
97.945
98.079
98.191
98.281
98.353
98.408
98.448
98.475
98.488
98.488
98.475
98.448
98.408
98.353
98.281
98.191
98.079
97.945
97.783
97.592
97.365
97.1
96.79
96.431
96.016
95.538
94.991
94.366
93.656
92.853
91.947
90.93
89.793
88.526
87.121
85.569
83.86
81.988
79.944
77.721
75.315
72.719
69.932
66.95
63.773
60.401
56.839
53.089
49.159
45.056
40.79
36.373
31.818
27.14
22.356
17.482
12.538
7.5436
2.518
-2.511
-7.5076
-12.48
-12.504
-7.5223
-2.5159
2.5229
7.5583
12.563
17.516
22.399
27.193
31.88
36.444
40.869
45.144
49.255
53.193
56.95
60.519
63.897
67.081
70.069
72.862
75.462
77.873
80.1
82.148
84.025
85.736
87.292
88.7
89.969
91.109
92.128
93.035
93.84
94.551
95.177
95.726
96.205
96.621
96.981
97.291
97.557
97.783
97.975
98.137
98.272
98.384
98.474
98.546
98.602
98.642
98.668
98.681
98.681
98.668
98.642
98.602
98.546
98.474
98.384
98.272
98.137
97.975
97.783
97.557
97.291
96.981
96.621
96.205
95.726
95.177
94.551
93.84
93.035
92.128
91.109
89.969
88.7
87.292
85.736
84.025
82.148
80.1
77.873
75.462
72.862
70.069
67.081
63.897
60.519
56.95
53.193
49.255
45.144
40.869
36.444
31.88
27.193
22.399
17.516
12.563
7.5583
2.5229
-2.5159
-7.5223
-12.504
-12.525
-7.5346
-2.52
2.527
7.5707
12.583
17.545
22.436
27.238
31.932
36.504
40.936
45.218
49.335
53.28
57.043
60.619
64.002
67.191
70.184
72.982
75.586
78.002
80.232
82.284
84.163
85.878
87.436
88.846
90.117
91.259
92.279
93.189
93.995
94.707
95.334
95.884
96.363
96.78
97.141
97.451
97.718
97.945
98.137
98.299
98.435
98.546
98.637
98.709
98.765
98.805
98.831
98.844
98.844
98.831
98.805
98.765
98.709
98.637
98.546
98.435
98.299
98.137
97.945
97.718
97.451
97.141
96.78
96.363
95.884
95.334
94.707
93.995
93.189
92.279
91.259
90.117
88.846
87.436
85.878
84.163
82.284
80.232
78.002
75.586
72.982
70.184
67.191
64.002
60.619
57.043
53.28
49.335
45.218
40.936
36.504
31.932
27.238
22.436
17.545
12.583
7.5707
2.527
-2.52
-7.5346
-12.525
-12.542
-7.5449
-2.5235
2.5305
7.5811
12.601
17.569
22.467
27.275
31.976
36.553
40.992
45.279
49.403
53.353
57.121
60.702
64.09
67.283
70.28
73.082
75.69
78.108
80.342
82.396
84.278
85.995
87.556
88.968
90.241
91.384
92.406
93.317
94.124
94.838
95.465
96.016
96.496
96.913
97.274
97.585
97.852
98.079
98.272
98.435
98.57
98.682
98.773
98.845
98.9
98.941
98.967
98.98
98.98
98.967
98.941
98.9
98.845
98.773
98.682
98.57
98.435
98.272
98.079
97.852
97.585
97.274
96.913
96.496
96.016
95.465
94.838
94.124
93.317
92.406
91.384
90.241
88.968
87.556
85.995
84.278
82.396
80.342
78.108
75.69
73.082
70.28
67.283
64.09
60.702
57.121
53.353
49.403
45.279
40.992
36.553
31.976
27.275
22.467
17.569
12.601
7.5811
2.5305
-2.5235
-7.5449
-12.542
-12.556
-7.5534
-2.5263
2.5333
7.5896
12.615
17.589
22.492
27.306
32.012
36.595
41.039
45.33
49.459
53.413
57.186
60.77
64.162
67.359
70.359
73.164
75.775
78.197
80.433
82.489
84.374
86.093
87.655
89.069
90.343
91.487
92.511
93.422
94.231
94.945
95.574
96.124
96.605
97.023
97.385
97.696
97.963
98.191
98.384
98.546
98.682
98.794
98.885
98.957
99.013
99.053
99.079
99.092
99.092
99.079
99.053
99.013
98.957
98.885
98.794
98.682
98.546
98.384
98.191
97.963
97.696
97.385
97.023
96.605
96.124
95.574
94.945
94.231
93.422
92.511
91.487
90.343
89.069
87.655
86.093
84.374
82.489
80.433
78.197
75.775
73.164
70.359
67.359
64.162
60.77
57.186
53.413
49.459
45.33
41.039
36.595
32.012
27.306
22.492
17.589
12.615
7.5896
2.5333
-2.5263
-7.5534
-12.556
-12.568
-7.5603
-2.5286
2.5356
7.5965
12.626
17.605
22.513
27.331
32.041
36.628
41.076
45.372
49.504
53.462
57.238
60.826
64.221
67.42
70.424
73.231
75.845
78.268
80.507
82.565
84.451
86.172
87.735
89.15
90.426
91.572
92.596
93.508
94.317
95.032
95.661
96.213
96.694
97.112
97.474
97.786
98.053
98.281
98.474
98.637
98.773
98.885
98.976
99.048
99.104
99.144
99.171
99.184
99.184
99.171
99.144
99.104
99.048
98.976
98.885
98.773
98.637
98.474
98.281
98.053
97.786
97.474
97.112
96.694
96.213
95.661
95.032
94.317
93.508
92.596
91.572
90.426
89.15
87.735
86.172
84.451
82.565
80.507
78.268
75.845
73.231
70.424
67.42
64.221
60.826
57.238
53.462
49.504
45.372
41.076
36.628
32.041
27.331
22.513
17.605
12.626
7.5965
2.5356
-2.5286
-7.5603
-12.568
-12.577
-7.5658
-2.5305
2.5375
7.602
12.636
17.618
22.529
27.35
32.065
36.655
41.106
45.405
49.54
53.501
57.28
60.87
64.268
67.47
70.475
73.284
75.9
78.325
80.565
82.625
84.513
86.235
87.799
89.216
90.492
91.638
92.663
93.576
94.386
95.102
95.731
96.283
96.765
97.183
97.545
97.857
98.125
98.353
98.546
98.709
98.845
98.957
99.048
99.121
99.176
99.217
99.243
99.256
99.256
99.243
99.217
99.176
99.121
99.048
98.957
98.845
98.709
98.546
98.353
98.125
97.857
97.545
97.183
96.765
96.283
95.731
95.102
94.386
93.576
92.663
91.638
90.492
89.216
87.799
86.235
84.513
82.625
80.565
78.325
75.9
73.284
70.475
67.47
64.268
60.87
57.28
53.501
49.54
45.405
41.106
36.655
32.065
27.35
22.529
17.618
12.636
7.602
2.5375
-2.5305
-7.5658
-12.577
-12.584
-7.57
-2.5319
2.5389
7.6063
12.643
17.628
22.542
27.366
32.082
36.675
41.129
45.43
49.567
53.531
57.312
60.904
64.304
67.507
70.514
73.325
75.942
78.369
80.61
82.672
84.56
86.283
87.849
89.266
90.543
91.69
92.715
93.629
94.439
95.155
95.785
96.337
96.819
97.238
97.6
97.912
98.18
98.408
98.602
98.765
98.9
99.013
99.104
99.176
99.232
99.273
99.299
99.312
99.312
99.299
99.273
99.232
99.176
99.104
99.013
98.9
98.765
98.602
98.408
98.18
97.912
97.6
97.238
96.819
96.337
95.785
95.155
94.439
93.629
92.715
91.69
90.543
89.266
87.849
86.283
84.56
82.672
80.61
78.369
75.942
73.325
70.514
67.507
64.304
60.904
57.312
53.531
49.567
45.43
41.129
36.675
32.082
27.366
22.542
17.628
12.643
7.6063
2.5389
-2.5319
-7.57
-12.584
-12.589
-7.5731
-2.5329
2.5399
7.6094
12.648
17.635
22.551
27.377
32.095
36.69
41.146
45.449
49.588
53.552
57.335
60.929
64.33
67.535
70.543
73.355
75.973
78.401
80.643
82.705
84.594
86.318
87.884
89.302
90.58
91.727
92.753
93.667
94.478
95.194
95.824
96.377
96.859
97.278
97.64
97.952
98.22
98.448
98.642
98.805
98.941
99.053
99.144
99.217
99.273
99.313
99.34
99.353
99.353
99.34
99.313
99.273
99.217
99.144
99.053
98.941
98.805
98.642
98.448
98.22
97.952
97.64
97.278
96.859
96.377
95.824
95.194
94.478
93.667
92.753
91.727
90.58
89.302
87.884
86.318
84.594
82.705
80.643
78.401
75.973
73.355
70.543
67.535
64.33
60.929
57.335
53.552
49.588
45.449
41.146
36.69
32.095
27.377
22.551
17.635
12.648
7.6094
2.5399
-2.5329
-7.5731
-12.589
-12.592
-7.5751
-2.5336
2.5406
7.6114
12.651
17.639
22.557
27.384
32.104
36.7
41.156
45.461
49.601
53.567
57.35
60.945
64.347
67.553
70.562
73.375
75.993
78.422
80.664
82.727
84.617
86.341
87.908
89.326
90.604
91.752
92.778
93.692
94.503
95.219
95.85
96.402
96.884
97.303
97.666
97.978
98.246
98.475
98.668
98.831
98.967
99.079
99.171
99.243
99.299
99.34
99.366
99.379
99.379
99.366
99.34
99.299
99.243
99.171
99.079
98.967
98.831
98.668
98.475
98.246
97.978
97.666
97.303
96.884
96.402
95.85
95.219
94.503
93.692
92.778
91.752
90.604
89.326
87.908
86.341
84.617
82.727
80.664
78.422
75.993
73.375
70.562
67.553
64.347
60.945
57.35
53.567
49.601
45.461
41.156
36.7
32.104
27.384
22.557
17.639
12.651
7.6114
2.5406
-2.5336
-7.5751
-12.592
-12.594
-7.576
-2.5339
2.5409
7.6124
12.653
17.642
22.56
27.388
32.108
36.704
41.162
45.467
49.607
53.573
57.357
60.953
64.355
67.561
70.571
73.384
76.003
78.432
80.675
82.738
84.628
86.352
87.919
89.337
90.616
91.764
92.79
93.704
94.515
95.232
95.862
96.415
96.897
97.316
97.679
97.991
98.259
98.488
98.681
98.844
98.98
99.092
99.184
99.256
99.312
99.353
99.379
99.392
99.392
99.379
99.353
99.312
99.256
99.184
99.092
98.98
98.844
98.681
98.488
98.259
97.991
97.679
97.316
96.897
96.415
95.862
95.232
94.515
93.704
92.79
91.764
90.616
89.337
87.919
86.352
84.628
82.738
80.675
78.432
76.003
73.384
70.571
67.561
64.355
60.953
57.357
53.573
49.607
45.467
41.162
36.704
32.108
27.388
22.56
17.642
12.653
7.6124
2.5409
-2.5339
-7.576
-12.594
-12.594
-7.576
-2.5339
2.5409
7.6124
12.653
17.642
22.56
27.388
32.108
36.704
41.162
45.467
49.607
53.573
57.357
60.953
64.355
67.561
70.571
73.384
76.003
78.432
80.675
82.738
84.628
86.352
87.919
89.337
90.616
91.764
92.79
93.704
94.515
95.232
95.862
96.415
96.897
97.316
97.679
97.991
98.259
98.488
98.681
98.844
98.98
99.092
99.184
99.256
99.312
99.353
99.379
99.392
99.392
99.379
99.353
99.312
99.256
99.184
99.092
98.98
98.844
98.681
98.488
98.259
97.991
97.679
97.316
96.897
96.415
95.862
95.232
94.515
93.704
92.79
91.764
90.616
89.337
87.919
86.352
84.628
82.738
80.675
78.432
76.003
73.384
70.571
67.561
64.355
60.953
57.357
53.573
49.607
45.467
41.162
36.704
32.108
27.388
22.56
17.642
12.653
7.6124
2.5409
-2.5339
-7.576
-12.594
-12.592
-7.5751
-2.5336
2.5406
7.6114
12.651
17.639
22.557
27.384
32.104
36.7
41.156
45.461
49.601
53.567
57.35
60.945
64.347
67.553
70.562
73.375
75.993
78.422
80.664
82.727
84.617
86.341
87.908
89.326
90.604
91.752
92.778
93.692
94.503
95.219
95.85
96.402
96.884
97.303
97.666
97.978
98.246
98.475
98.668
98.831
98.967
99.079
99.171
99.243
99.299
99.34
99.366
99.379
99.379
99.366
99.34
99.299
99.243
99.171
99.079
98.967
98.831
98.668
98.475
98.246
97.978
97.666
97.303
96.884
96.402
95.85
95.219
94.503
93.692
92.778
91.752
90.604
89.326
87.908
86.341
84.617
82.727
80.664
78.422
75.993
73.375
70.562
67.553
64.347
60.945
57.35
53.567
49.601
45.461
41.156
36.7
32.104
27.384
22.557
17.639
12.651
7.6114
2.5406
-2.5336
-7.5751
-12.592
-12.589
-7.5731
-2.5329
2.5399
7.6094
12.648
17.635
22.551
27.377
32.095
36.69
41.146
45.449
49.588
53.552
57.335
60.929
64.33
67.535
70.543
73.355
75.973
78.401
80.643
82.705
84.594
86.318
87.884
89.302
90.58
91.727
92.753
93.667
94.478
95.194
95.824
96.377
96.859
97.278
97.64
97.952
98.22
98.448
98.642
98.805
98.941
99.053
99.144
99.217
99.273
99.313
99.34
99.353
99.353
99.34
99.313
99.273
99.217
99.144
99.053
98.941
98.805
98.642
98.448
98.22
97.952
97.64
97.278
96.859
96.377
95.824
95.194
94.478
93.667
92.753
91.727
90.58
89.302
87.884
86.318
84.594
82.705
80.643
78.401
75.973
73.355
70.543
67.535
64.33
60.929
57.335
53.552
49.588
45.449
41.146
36.69
32.095
27.377
22.551
17.635
12.648
7.6094
2.5399
-2.5329
-7.5731
-12.589
-12.584
-7.57
-2.5319
2.5389
7.6063
12.643
17.628
22.542
27.366
32.082
36.675
41.129
45.43
49.567
53.531
57.312
60.904
64.304
67.507
70.514
73.325
75.942
78.369
80.61
82.672
84.56
86.283
87.849
89.266
90.543
91.69
92.715
93.629
94.439
95.155
95.785
96.337
96.819
97.238
97.6
97.912
98.18
98.408
98.602
98.765
98.9
99.013
99.104
99.176
99.232
99.273
99.299
99.312
99.312
99.299
99.273
99.232
99.176
99.104
99.013
98.9
98.765
98.602
98.408
98.18
97.912
97.6
97.238
96.819
96.337
95.785
95.155
94.439
93.629
92.715
91.69
90.543
89.266
87.849
86.283
84.56
82.672
80.61
78.369
75.942
73.325
70.514
67.507
64.304
60.904
57.312
53.531
49.567
45.43
41.129
36.675
32.082
27.366
22.542
17.628
12.643
7.6063
2.5389
-2.5319
-7.57
-12.584
-12.577
-7.5658
-2.5305
2.5375
7.602
12.636
17.618
22.529
27.35
32.065
36.655
41.106
45.405
49.54
53.501
57.28
60.87
64.268
67.47
70.475
73.284
75.9
78.325
80.565
82.625
84.513
86.235
87.799
89.216
90.492
91.638
92.663
93.576
94.386
95.102
95.731
96.283
96.765
97.183
97.545
97.857
98.125
98.353
98.546
98.709
98.845
98.957
99.048
99.121
99.176
99.217
99.243
99.256
99.256
99.243
99.217
99.176
99.121
99.048
98.957
98.845
98.709
98.546
98.353
98.125
97.857
97.545
97.183
96.765
96.283
95.731
95.102
94.386
93.576
92.663
91.638
90.492
89.216
87.799
86.235
84.513
82.625
80.565
78.325
75.9
73.284
70.475
67.47
64.268
60.87
57.28
53.501
49.54
45.405
41.106
36.655
32.065
27.35
22.529
17.618
12.636
7.602
2.5375
-2.5305
-7.5658
-12.577
-12.568
-7.5603
-2.5286
2.5356
7.5965
12.626
17.605
22.513
27.331
32.041
36.628
41.076
45.372
49.504
53.462
57.238
60.826
64.221
67.42
70.424
73.231
75.845
78.268
80.507
82.565
84.451
86.172
87.735
89.15
90.426
91.572
92.596
93.508
94.317
95.032
95.661
96.213
96.694
97.112
97.474
97.786
98.053
98.281
98.474
98.637
98.773
98.885
98.976
99.048
99.104
99.144
99.171
99.184
99.184
99.171
99.144
99.104
99.048
98.976
98.885
98.773
98.637
98.474
98.281
98.053
97.786
97.474
97.112
96.694
96.213
95.661
95.032
94.317
93.508
92.596
91.572
90.426
89.15
87.735
86.172
84.451
82.565
80.507
78.268
75.845
73.231
70.424
67.42
64.221
60.826
57.238
53.462
49.504
45.372
41.076
36.628
32.041
27.331
22.513
17.605
12.626
7.5965
2.5356
-2.5286
-7.5603
-12.568
-12.556
-7.5534
-2.5263
2.5333
7.5896
12.615
17.589
22.492
27.306
32.012
36.595
41.039
45.33
49.459
53.413
57.186
60.77
64.162
67.359
70.359
73.164
75.775
78.197
80.433
82.489
84.374
86.093
87.655
89.069
90.343
91.487
92.511
93.422
94.231
94.945
95.574
96.124
96.605
97.023
97.385
97.696
97.963
98.191
98.384
98.546
98.682
98.794
98.885
98.957
99.013
99.053
99.079
99.092
99.092
99.079
99.053
99.013
98.957
98.885
98.794
98.682
98.546
98.384
98.191
97.963
97.696
97.385
97.023
96.605
96.124
95.574
94.945
94.231
93.422
92.511
91.487
90.343
89.069
87.655
86.093
84.374
82.489
80.433
78.197
75.775
73.164
70.359
67.359
64.162
60.77
57.186
53.413
49.459
45.33
41.039
36.595
32.012
27.306
22.492
17.589
12.615
7.5896
2.5333
-2.5263
-7.5534
-12.556
-12.542
-7.5449
-2.5235
2.5305
7.5811
12.601
17.569
22.467
27.275
31.976
36.553
40.992
45.279
49.403
53.353
57.121
60.702
64.09
67.283
70.28
73.082
75.69
78.108
80.342
82.396
84.278
85.995
87.556
88.968
90.241
91.384
92.406
93.317
94.124
94.838
95.465
96.016
96.496
96.913
97.274
97.585
97.852
98.079
98.272
98.435
98.57
98.682
98.773
98.845
98.9
98.941
98.967
98.98
98.98
98.967
98.941
98.9
98.845
98.773
98.682
98.57
98.435
98.272
98.079
97.852
97.585
97.274
96.913
96.496
96.016
95.465
94.838
94.124
93.317
92.406
91.384
90.241
88.968
87.556
85.995
84.278
82.396
80.342
78.108
75.69
73.082
70.28
67.283
64.09
60.702
57.121
53.353
49.403
45.279
40.992
36.553
31.976
27.275
22.467
17.569
12.601
7.5811
2.5305
-2.5235
-7.5449
-12.542
-12.525
-7.5346
-2.52
2.527
7.5707
12.583
17.545
22.436
27.238
31.932
36.504
40.936
45.218
49.335
53.28
57.043
60.619
64.002
67.191
70.184
72.982
75.586
78.002
80.232
82.284
84.163
85.878
87.436
88.846
90.117
91.259
92.279
93.189
93.995
94.707
95.334
95.884
96.363
96.78
97.141
97.451
97.718
97.945
98.137
98.299
98.435
98.546
98.637
98.709
98.765
98.805
98.831
98.844
98.844
98.831
98.805
98.765
98.709
98.637
98.546
98.435
98.299
98.137
97.945
97.718
97.451
97.141
96.78
96.363
95.884
95.334
94.707
93.995
93.189
92.279
91.259
90.117
88.846
87.436
85.878
84.163
82.284
80.232
78.002
75.586
72.982
70.184
67.191
64.002
60.619
57.043
53.28
49.335
45.218
40.936
36.504
31.932
27.238
22.436
17.545
12.583
7.5707
2.527
-2.52
-7.5346
-12.525
-12.504
-7.5223
-2.5159
2.5229
7.5583
12.563
17.516
22.399
27.193
31.88
36.444
40.869
45.144
49.255
53.193
56.95
60.519
63.897
67.081
70.069
72.862
75.462
77.873
80.1
82.148
84.025
85.736
87.292
88.7
89.969
91.109
92.128
93.035
93.84
94.551
95.177
95.726
96.205
96.621
96.981
97.291
97.557
97.783
97.975
98.137
98.272
98.384
98.474
98.546
98.602
98.642
98.668
98.681
98.681
98.668
98.642
98.602
98.546
98.474
98.384
98.272
98.137
97.975
97.783
97.557
97.291
96.981
96.621
96.205
95.726
95.177
94.551
93.84
93.035
92.128
91.109
89.969
88.7
87.292
85.736
84.025
82.148
80.1
77.873
75.462
72.862
70.069
67.081
63.897
60.519
56.95
53.193
49.255
45.144
40.869
36.444
31.88
27.193
22.399
17.516
12.563
7.5583
2.5229
-2.5159
-7.5223
-12.504
-12.48
-7.5076
-2.511
2.518
7.5436
12.538
17.482
22.356
27.14
31.818
36.373
40.79
45.056
49.159
53.089
56.839
60.401
63.773
66.95
69.932
72.719
75.315
77.721
79.944
81.988
83.86
85.569
87.121
88.526
89.793
90.93
91.947
92.853
93.656
94.366
94.991
95.538
96.016
96.431
96.79
97.1
97.365
97.592
97.783
97.945
98.079
98.191
98.281
98.353
98.408
98.448
98.475
98.488
98.488
98.475
98.448
98.408
98.353
98.281
98.191
98.079
97.945
97.783
97.592
97.365
97.1
96.79
96.431
96.016
95.538
94.991
94.366
93.656
92.853
91.947
90.93
89.793
88.526
87.121
85.569
83.86
81.988
79.944
77.721
75.315
72.719
69.932
66.95
63.773
60.401
56.839
53.089
49.159
45.056
40.79
36.373
31.818
27.14
22.356
17.482
12.538
7.5436
2.518
-2.511
-7.5076
-12.48
-12.451
-7.4903
-2.5052
2.5122
7.5262
12.51
17.442
22.304
27.078
31.745
36.289
40.696
44.952
49.045
52.967
56.708
60.262
63.625
66.795
69.77
72.552
75.141
77.542
79.759
81.798
83.666
85.371
86.92
88.322
89.585
90.72
91.734
92.638
93.439
94.148
94.771
95.317
95.794
96.208
96.566
96.875
97.14
97.365
97.557
97.718
97.852
97.963
98.053
98.125
98.18
98.22
98.246
98.259
98.259
98.246
98.22
98.18
98.125
98.053
97.963
97.852
97.718
97.557
97.365
97.14
96.875
96.566
96.208
95.794
95.317
94.771
94.148
93.439
92.638
91.734
90.72
89.585
88.322
86.92
85.371
83.666
81.798
79.759
77.542
75.141
72.552
69.77
66.795
63.625
60.262
56.708
52.967
49.045
44.952
40.696
36.289
31.745
27.078
22.304
17.442
12.51
7.5262
2.5122
-2.5052
-7.4903
-12.451
-12.418
-7.47
-2.4984
2.5054
7.5058
12.476
17.395
22.244
27.004
31.659
36.191
40.585
44.83
48.912
52.823
56.554
60.098
63.453
66.614
69.581
72.355
74.937
77.331
79.542
81.576
83.439
85.139
86.683
88.081
89.342
90.473
91.485
92.386
93.185
93.891
94.513
95.057
95.533
95.946
96.303
96.611
96.875
97.1
97.291
97.451
97.585
97.696
97.786
97.857
97.912
97.952
97.978
97.991
97.991
97.978
97.952
97.912
97.857
97.786
97.696
97.585
97.451
97.291
97.1
96.875
96.611
96.303
95.946
95.533
95.057
94.513
93.891
93.185
92.386
91.485
90.473
89.342
88.081
86.683
85.139
83.439
81.576
79.542
77.331
74.937
72.355
69.581
66.614
63.453
60.098
56.554
52.823
48.912
44.83
40.585
36.191
31.659
27.004
22.244
17.395
12.476
7.5058
2.5054
-2.4984
-7.47
-12.418
-12.378
-7.4464
-2.4905
2.4974
7.482
12.436
17.34
22.173
26.919
31.558
36.076
40.457
44.688
48.757
52.655
56.374
59.908
63.251
66.402
69.36
72.125
74.699
77.085
79.289
81.317
83.174
84.868
86.408
87.801
89.057
90.185
91.193
92.092
92.888
93.592
94.212
94.755
95.228
95.64
95.996
96.303
96.566
96.79
96.981
97.141
97.274
97.385
97.474
97.545
97.6
97.64
97.666
97.679
97.679
97.666
97.64
97.6
97.545
97.474
97.385
97.274
97.141
96.981
96.79
96.566
96.303
95.996
95.64
95.228
94.755
94.212
93.592
92.888
92.092
91.193
90.185
89.057
87.801
86.408
84.868
83.174
81.317
79.289
77.085
74.699
72.125
69.36
66.402
63.251
59.908
56.374
52.655
48.757
44.688
40.457
36.076
31.558
26.919
22.173
17.34
12.436
7.482
2.4974
-2.4905
-7.4464
-12.378
-12.333
-7.4189
-2.4813
2.4882
7.4544
12.39
17.276
22.091
26.819
31.442
35.943
40.307
44.522
48.577
52.461
56.166
59.686
63.017
66.157
69.103
71.858
74.422
76.8
78.996
81.016
82.866
84.554
86.088
87.476
88.727
89.851
90.855
91.75
92.544
93.245
93.862
94.403
94.875
95.285
95.64
95.946
96.208
96.431
96.621
96.78
96.913
97.023
97.112
97.183
97.238
97.278
97.303
97.316
97.316
97.303
97.278
97.238
97.183
97.112
97.023
96.913
96.78
96.621
96.431
96.208
95.946
95.64
95.285
94.875
94.403
93.862
93.245
92.544
91.75
90.855
89.851
88.727
87.476
86.088
84.554
82.866
81.016
78.996
76.8
74.422
71.858
69.103
66.157
63.017
59.686
56.166
52.461
48.577
44.522
40.307
35.943
31.442
26.819
22.091
17.276
12.39
7.4544
2.4882
-2.4813
-7.4189
-12.333
-12.28
-7.3871
-2.4707
2.4775
7.4225
12.337
17.202
21.997
26.704
31.307
35.788
40.134
44.332
48.369
52.236
55.925
59.43
62.747
65.873
68.807
71.549
74.103
76.47
78.657
80.668
82.51
84.19
85.718
87.1
88.346
89.464
90.465
91.356
92.146
92.844
93.458
93.997
94.467
94.875
95.228
95.533
95.794
96.016
96.205
96.363
96.496
96.605
96.694
96.765
96.819
96.859
96.884
96.897
96.897
96.884
96.859
96.819
96.765
96.694
96.605
96.496
96.363
96.205
96.016
95.794
95.533
95.228
94.875
94.467
93.997
93.458
92.844
92.146
91.356
90.465
89.464
88.346
87.1
85.718
84.19
82.51
80.668
78.657
76.47
74.103
71.549
68.807
65.873
62.747
59.43
55.925
52.236
48.369
44.332
40.134
35.788
31.307
26.704
21.997
17.202
12.337
7.4225
2.4775
-2.4707
-7.3871
-12.28
-12.219
-7.3505
-2.4585
2.4653
7.3857
12.276
17.116
21.888
26.572
31.152
35.611
39.936
44.112
48.129
51.977
55.648
59.136
62.436
65.546
68.466
71.194
73.735
76.091
78.266
80.267
82.1
83.772
85.292
86.667
87.907
89.02
90.015
90.901
91.688
92.382
92.994
93.529
93.997
94.403
94.755
95.057
95.317
95.538
95.726
95.884
96.016
96.124
96.213
96.283
96.337
96.377
96.402
96.415
96.415
96.402
96.377
96.337
96.283
96.213
96.124
96.016
95.884
95.726
95.538
95.317
95.057
94.755
94.403
93.997
93.529
92.994
92.382
91.688
90.901
90.015
89.02
87.907
86.667
85.292
83.772
82.1
80.267
78.266
76.091
73.735
71.194
68.466
65.546
62.436
59.136
55.648
51.977
48.129
44.112
39.936
35.611
31.152
26.572
21.888
17.116
12.276
7.3857
2.4653
-2.4585
-7.3505
-12.219
-12.149
-7.3086
-2.4444
2.4512
7.3436
12.206
17.019
21.763
26.42
30.974
35.408
39.708
43.86
47.854
51.68
55.33
58.798
62.079
65.172
68.074
70.788
73.314
75.656
77.819
79.808
81.63
83.293
84.804
86.171
87.404
88.51
89.5
90.381
91.163
91.853
92.461
92.994
93.458
93.862
94.212
94.513
94.771
94.991
95.177
95.334
95.465
95.574
95.661
95.731
95.785
95.824
95.85
95.862
95.862
95.85
95.824
95.785
95.731
95.661
95.574
95.465
95.334
95.177
94.991
94.771
94.513
94.212
93.862
93.458
92.994
92.461
91.853
91.163
90.381
89.5
88.51
87.404
86.171
84.804
83.293
81.63
79.808
77.819
75.656
73.314
70.788
68.074
65.172
62.079
58.798
55.33
51.68
47.854
43.86
39.708
35.408
30.974
26.42
21.763
17.019
12.206
7.3436
2.4512
-2.4444
-7.3086
-12.149
-12.07
-7.2607
-2.4284
2.4352
7.2955
12.126
16.907
21.62
26.247
30.771
35.176
39.447
43.573
47.541
51.341
54.967
58.412
61.672
64.744
67.628
70.323
72.833
75.159
77.308
79.284
81.095
82.746
84.247
85.605
86.83
87.929
88.912
89.787
90.564
91.25
91.853
92.382
92.844
93.245
93.592
93.891
94.148
94.366
94.551
94.707
94.838
94.945
95.032
95.102
95.155
95.194
95.219
95.232
95.232
95.219
95.194
95.155
95.102
95.032
94.945
94.838
94.707
94.551
94.366
94.148
93.891
93.592
93.245
92.844
92.382
91.853
91.25
90.564
89.787
88.912
87.929
86.83
85.605
84.247
82.746
81.095
79.284
77.308
75.159
72.833
70.323
67.628
64.744
61.672
58.412
54.967
51.341
47.541
43.573
39.447
35.176
30.771
26.247
21.62
16.907
12.126
7.2955
2.4352
-2.4284
-7.2607
-12.07
-11.979
-7.2063
-2.4102
2.4169
7.2408
12.035
16.781
21.458
26.051
30.541
34.912
39.152
43.246
47.184
50.956
54.555
57.974
61.21
64.259
67.12
69.796
72.286
74.595
76.728
78.689
80.486
82.125
83.614
84.962
86.177
87.268
88.244
89.112
89.883
90.564
91.163
91.688
92.146
92.544
92.888
93.185
93.439
93.656
93.84
93.995
94.124
94.231
94.317
94.386
94.439
94.478
94.503
94.515
94.515
94.503
94.478
94.439
94.386
94.317
94.231
94.124
93.995
93.84
93.656
93.439
93.185
92.888
92.544
92.146
91.688
91.163
90.564
89.883
89.112
88.244
87.268
86.177
84.962
83.614
82.125
80.486
78.689
76.728
74.595
72.286
69.796
67.12
64.259
61.21
57.974
54.555
50.956
47.184
43.246
39.152
34.912
30.541
26.051
21.458
16.781
12.035
7.2408
2.4169
-2.4102
-7.2063
-11.979
-11.877
-7.1447
-2.3896
2.3962
7.1789
11.932
16.637
21.275
25.828
30.279
34.614
38.817
42.876
46.781
50.52
54.088
57.478
60.686
63.709
66.546
69.198
71.667
73.956
76.071
78.015
79.796
81.421
82.898
84.234
85.439
86.52
87.487
88.348
89.112
89.787
90.381
90.901
91.356
91.75
92.092
92.386
92.638
92.853
93.035
93.189
93.317
93.422
93.508
93.576
93.629
93.667
93.692
93.704
93.704
93.692
93.667
93.629
93.576
93.508
93.422
93.317
93.189
93.035
92.853
92.638
92.386
92.092
91.75
91.356
90.901
90.381
89.787
89.112
88.348
87.487
86.52
85.439
84.234
82.898
81.421
79.796
78.015
76.071
73.956
71.667
69.198
66.546
63.709
60.686
57.478
54.088
50.52
46.781
42.876
38.817
34.614
30.279
25.828
21.275
16.637
11.932
7.1789
2.3962
-2.3896
-7.1447
-11.877
-11.761
-7.0753
-2.3664
2.373
7.1091
11.816
16.475
21.068
25.577
29.985
34.277
38.439
42.459
46.326
50.029
53.562
56.919
60.095
63.089
65.898
68.524
70.969
73.236
75.33
77.255
79.019
80.628
82.09
83.413
84.606
85.677
86.634
87.487
88.244
88.912
89.5
90.015
90.465
90.855
91.193
91.485
91.734
91.947
92.128
92.279
92.406
92.511
92.596
92.663
92.715
92.753
92.778
92.79
92.79
92.778
92.753
92.715
92.663
92.596
92.511
92.406
92.279
92.128
91.947
91.734
91.485
91.193
90.855
90.465
90.015
89.5
88.912
88.244
87.487
86.634
85.677
84.606
83.413
82.09
80.628
79.019
77.255
75.33
73.236
70.969
68.524
65.898
63.089
60.095
56.919
53.562
50.029
46.326
42.459
38.439
34.277
29.985
25.577
21.068
16.475
11.816
7.1091
2.373
-2.3664
-7.0753
-11.761
-11.632
-6.9973
-2.3403
2.3468
7.0307
11.686
16.294
20.836
25.295
29.654
33.899
38.015
41.991
45.814
49.477
52.971
56.291
59.432
62.392
65.171
67.768
70.186
72.428
74.498
76.402
78.146
79.737
81.183
82.492
83.671
84.73
85.677
86.52
87.268
87.929
88.51
89.02
89.464
89.851
90.185
90.473
90.72
90.93
91.109
91.259
91.384
91.487
91.572
91.638
91.69
91.727
91.752
91.764
91.764
91.752
91.727
91.69
91.638
91.572
91.487
91.384
91.259
91.109
90.93
90.72
90.473
90.185
89.851
89.464
89.02
88.51
87.929
87.268
86.52
85.677
84.73
83.671
82.492
81.183
79.737
78.146
76.402
74.498
72.428
70.186
67.768
65.171
62.392
59.432
56.291
52.971
49.477
45.814
41.991
38.015
33.899
29.654
25.295
20.836
16.294
11.686
7.0307
2.3468
-2.3403
-6.9973
-11.632
-11.487
-6.91
-2.3111
2.3175
6.9431
11.54
16.09
20.576
24.979
29.284
33.476
37.541
41.467
45.243
48.86
52.31
55.588
58.69
61.614
64.357
66.922
69.309
71.523
73.568
75.448
77.17
78.741
80.169
81.461
82.626
83.671
84.606
85.439
86.177
86.83
87.404
87.907
88.346
88.727
89.057
89.342
89.585
89.793
89.969
90.117
90.241
90.343
90.426
90.492
90.543
90.58
90.604
90.616
90.616
90.604
90.58
90.543
90.492
90.426
90.343
90.241
90.117
89.969
89.793
89.585
89.342
89.057
88.727
88.346
87.907
87.404
86.83
86.177
85.439
84.606
83.671
82.626
81.461
80.169
78.741
77.17
75.448
73.568
71.523
69.309
66.922
64.357
61.614
58.69
55.588
52.31
48.86
45.243
41.467
37.541
33.476
29.284
24.979
20.576
16.09
11.54
6.9431
2.3175
-2.3111
-6.91
-11.487
-11.325
-6.8128
-2.2786
2.2849
6.8454
11.378
15.864
20.286
24.628
28.872
33.005
37.013
40.883
44.606
48.172
51.574
54.806
57.864
60.746
63.451
65.979
68.333
70.516
72.531
74.385
76.083
77.632
79.039
80.313
81.461
82.492
83.413
84.234
84.962
85.605
86.171
86.667
87.1
87.476
87.801
88.081
88.322
88.526
88.7
88.846
88.968
89.069
89.15
89.216
89.266
89.302
89.326
89.337
89.337
89.326
89.302
89.266
89.216
89.15
89.069
88.968
88.846
88.7
88.526
88.322
88.081
87.801
87.476
87.1
86.667
86.171
85.605
84.962
84.234
83.413
82.492
81.461
80.313
79.039
77.632
76.083
74.385
72.531
70.516
68.333
65.979
63.451
60.746
57.864
54.806
51.574
48.172
44.606
40.883
37.013
33.005
28.872
24.628
20.286
15.864
11.378
6.8454
2.2849
-2.2786
-6.8128
-11.325
-11.146
-6.7049
-2.2425
2.2487
6.737
11.198
15.613
19.965
24.238
28.415
32.482
36.427
40.236
43.899
47.409
50.757
53.937
56.947
59.783
62.445
64.934
67.25
69.398
71.381
73.205
74.876
76.401
77.786
79.039
80.169
81.183
82.09
82.898
83.614
84.247
84.804
85.292
85.718
86.088
86.408
86.683
86.92
87.121
87.292
87.436
87.556
87.655
87.735
87.799
87.849
87.884
87.908
87.919
87.919
87.908
87.884
87.849
87.799
87.735
87.655
87.556
87.436
87.292
87.121
86.92
86.683
86.408
86.088
85.718
85.292
84.804
84.247
83.614
82.898
82.09
81.183
80.169
79.039
77.786
76.401
74.876
73.205
71.381
69.398
67.25
64.934
62.445
59.783
56.947
53.937
50.757
47.409
43.899
40.236
36.427
32.482
28.415
24.238
19.965
15.613
11.198
6.737
2.2487
-2.2425
-6.7049
-11.146
-10.948
-6.5857
-2.2026
2.2087
6.6172
10.999
15.335
19.61
23.807
27.91
31.905
35.779
39.52
43.119
46.566
49.854
52.978
55.934
58.72
61.334
63.778
66.053
68.163
70.111
71.902
73.543
75.04
76.401
77.632
78.741
79.737
80.628
81.421
82.125
82.746
83.293
83.772
84.19
84.554
84.868
85.139
85.371
85.569
85.736
85.878
85.995
86.093
86.172
86.235
86.283
86.318
86.341
86.352
86.352
86.341
86.318
86.283
86.235
86.172
86.093
85.995
85.878
85.736
85.569
85.371
85.139
84.868
84.554
84.19
83.772
83.293
82.746
82.125
81.421
80.628
79.737
78.741
77.632
76.401
75.04
73.543
71.902
70.111
68.163
66.053
63.778
61.334
58.72
55.934
52.978
49.854
46.566
43.119
39.52
35.779
31.905
27.91
23.807
19.61
15.335
10.999
6.6172
2.2087
-2.2026
-6.5857
-10.948
-10.729
-6.4545
-2.1588
2.1647
6.4853
10.779
15.03
19.219
23.332
27.354
31.269
35.066
38.732
42.259
45.637
48.86
51.922
54.819
57.549
60.111
62.506
64.736
66.803
68.712
70.468
72.076
73.543
74.876
76.083
77.17
78.146
79.019
79.796
80.486
81.095
81.63
82.1
82.51
82.866
83.174
83.439
83.666
83.86
84.025
84.163
84.278
84.374
84.451
84.513
84.56
84.594
84.617
84.628
84.628
84.617
84.594
84.56
84.513
84.451
84.374
84.278
84.163
84.025
83.86
83.666
83.439
83.174
82.866
82.51
82.1
81.63
81.095
80.486
79.796
79.019
78.146
77.17
76.083
74.876
73.543
72.076
70.468
68.712
66.803
64.736
62.506
60.111
57.549
54.819
51.922
48.86
45.637
42.259
38.732
35.066
31.269
27.354
23.332
19.219
15.03
10.779
6.4853
2.1647
-2.1588
-6.4545
-10.729
-10.49
-6.3106
-2.1106
2.1165
6.3408
10.539
14.695
18.791
22.812
26.744
30.572
34.284
37.869
41.317
44.62
47.77
50.764
53.596
56.265
58.771
61.112
63.292
65.313
67.179
68.896
70.468
71.902
73.205
74.385
75.448
76.402
77.255
78.015
78.689
79.284
79.808
80.267
80.668
81.016
81.317
81.576
81.798
81.988
82.148
82.284
82.396
82.489
82.565
82.625
82.672
82.705
82.727
82.738
82.738
82.727
82.705
82.672
82.625
82.565
82.489
82.396
82.284
82.148
81.988
81.798
81.576
81.317
81.016
80.668
80.267
79.808
79.284
78.689
78.015
77.255
76.402
75.448
74.385
73.205
71.902
70.468
68.896
67.179
65.313
63.292
61.112
58.771
56.265
53.596
50.764
47.77
44.62
41.317
37.869
34.284
30.572
26.744
22.812
18.791
14.695
10.539
6.3408
2.1165
-2.1106
-6.3106
-10.49
-10.229
-6.1535
-2.0581
2.0638
6.183
10.277
14.329
18.323
22.244
26.078
29.811
33.431
36.926
40.288
43.509
46.581
49.5
52.262
54.864
57.307
59.59
61.715
63.686
65.506
67.179
68.712
70.111
71.381
72.531
73.568
74.498
75.33
76.071
76.728
77.308
77.819
78.266
78.657
78.996
79.289
79.542
79.759
79.944
80.1
80.232
80.342
80.433
80.507
80.565
80.61
80.643
80.664
80.675
80.675
80.664
80.643
80.61
80.565
80.507
80.433
80.342
80.232
80.1
79.944
79.759
79.542
79.289
78.996
78.657
78.266
77.819
77.308
76.728
76.071
75.33
74.498
73.568
72.531
71.381
70.111
68.712
67.179
65.506
63.686
61.715
59.59
57.307
54.864
52.262
49.5
46.581
43.509
40.288
36.926
33.431
29.811
26.078
22.244
18.323
14.329
10.277
6.183
2.0638
-2.0581
-6.1535
-10.229
-9.9453
-5.9827
-2.001
2.0065
6.0113
9.9915
13.931
17.815
21.627
25.354
28.983
32.502
35.901
39.17
42.301
45.288
48.125
50.81
53.341
55.715
57.935
60.001
61.917
63.686
65.313
66.803
68.163
69.398
70.516
71.523
72.428
73.236
73.956
74.595
75.159
75.656
76.091
76.47
76.8
77.085
77.331
77.542
77.721
77.873
78.002
78.108
78.197
78.268
78.325
78.369
78.401
78.422
78.432
78.432
78.422
78.401
78.369
78.325
78.268
78.197
78.108
78.002
77.873
77.721
77.542
77.331
77.085
76.8
76.47
76.091
75.656
75.159
74.595
73.956
73.236
72.428
71.523
70.516
69.398
68.163
66.803
65.313
63.686
61.917
60.001
57.935
55.715
53.341
50.81
48.125
45.288
42.301
39.17
35.901
32.502
28.983
25.354
21.627
17.815
13.931
9.9915
6.0113
2.0065
-2.001
-5.9827
-9.9453
-9.6377
-5.7977
-1.9391
1.9445
5.8254
9.6826
13.5
17.264
20.958
24.57
28.087
31.497
34.791
37.958
40.992
43.887
46.637
49.239
51.69
53.992
56.142
58.145
60.001
61.715
63.292
64.736
66.053
67.25
68.333
69.309
70.186
70.969
71.667
72.286
72.833
73.314
73.735
74.103
74.422
74.699
74.937
75.141
75.315
75.462
75.586
75.69
75.775
75.845
75.9
75.942
75.973
75.993
76.003
76.003
75.993
75.973
75.942
75.9
75.845
75.775
75.69
75.586
75.462
75.315
75.141
74.937
74.699
74.422
74.103
73.735
73.314
72.833
72.286
71.667
70.969
70.186
69.309
68.333
67.25
66.053
64.736
63.292
61.715
60.001
58.145
56.142
53.992
51.69
49.239
46.637
43.887
40.992
37.958
34.791
31.497
28.087
24.57
20.958
17.264
13.5
9.6826
5.8254
1.9445
-1.9391
-5.7977
-9.6377
-9.306
-5.5982
-1.8724
1.8775
5.6249
9.3493
13.036
16.669
20.237
23.724
27.12
30.413
33.593
36.651
39.581
42.376
45.031
47.543
49.911
52.132
54.209
56.142
57.935
59.59
61.112
62.506
63.778
64.934
65.979
66.922
67.768
68.524
69.198
69.796
70.323
70.788
71.194
71.549
71.858
72.125
72.355
72.552
72.719
72.862
72.982
73.082
73.164
73.231
73.284
73.325
73.355
73.375
73.384
73.384
73.375
73.355
73.325
73.284
73.231
73.164
73.082
72.982
72.862
72.719
72.552
72.355
72.125
71.858
71.549
71.194
70.788
70.323
69.796
69.198
68.524
67.768
66.922
65.979
64.934
63.778
62.506
61.112
59.59
57.935
56.142
54.209
52.132
49.911
47.543
45.031
42.376
39.581
36.651
33.593
30.413
27.12
23.724
20.237
16.669
13.036
9.3493
5.6249
1.8775
-1.8724
-5.5982
-9.306
-8.9497
-5.3838
-1.8007
1.8056
5.4095
8.9913
12.536
16.031
19.462
22.816
26.081
29.248
32.306
35.248
38.065
40.753
43.306
45.722
47.999
50.135
52.132
53.992
55.715
57.307
58.771
60.111
61.334
62.445
63.451
64.357
65.171
65.898
66.546
67.12
67.628
68.074
68.466
68.807
69.103
69.36
69.581
69.77
69.932
70.069
70.184
70.28
70.359
70.424
70.475
70.514
70.543
70.562
70.571
70.571
70.562
70.543
70.514
70.475
70.424
70.359
70.28
70.184
70.069
69.932
69.77
69.581
69.36
69.103
68.807
68.466
68.074
67.628
67.12
66.546
65.898
65.171
64.357
63.451
62.445
61.334
60.111
58.771
57.307
55.715
53.992
52.132
50.135
47.999
45.722
43.306
40.753
38.065
35.248
32.306
29.248
26.081
22.816
19.462
16.031
12.536
8.9913
5.4095
1.8056
-1.8007
-5.3838
-8.9497
-8.5684
-5.1544
-1.7239
1.7287
5.1791
8.6082
12.002
15.348
18.632
21.844
24.97
28.002
30.93
33.746
36.443
39.016
41.461
43.774
45.953
47.999
49.911
51.69
53.341
54.864
56.265
57.549
58.72
59.783
60.746
61.614
62.392
63.089
63.709
64.259
64.744
65.172
65.546
65.873
66.157
66.402
66.614
66.795
66.95
67.081
67.191
67.283
67.359
67.42
67.47
67.507
67.535
67.553
67.561
67.561
67.553
67.535
67.507
67.47
67.42
67.359
67.283
67.191
67.081
66.95
66.795
66.614
66.402
66.157
65.873
65.546
65.172
64.744
64.259
63.709
63.089
62.392
61.614
60.746
59.783
58.72
57.549
56.265
54.864
53.341
51.69
49.911
47.999
45.953
43.774
41.461
39.016
36.443
33.746
30.93
28.002
24.97
21.844
18.632
15.348
12.002
8.6082
5.1791
1.7287
-1.7239
-5.1544
-8.5684
-8.1621
-4.91
-1.6422
1.6467
4.9335
8.2
11.433
14.62
17.749
20.808
23.786
26.674
29.463
32.145
34.715
37.166
39.494
41.697
43.774
45.722
47.543
49.239
50.81
52.262
53.596
54.819
55.934
56.947
57.864
58.69
59.432
60.095
60.686
61.21
61.672
62.079
62.436
62.747
63.017
63.251
63.453
63.625
63.773
63.897
64.002
64.09
64.162
64.221
64.268
64.304
64.33
64.347
64.355
64.355
64.347
64.33
64.304
64.268
64.221
64.162
64.09
64.002
63.897
63.773
63.625
63.453
63.251
63.017
62.747
62.436
62.079
61.672
61.21
60.686
60.095
59.432
58.69
57.864
56.947
55.934
54.819
53.596
52.262
50.81
49.239
47.543
45.722
43.774
41.697
39.494
37.166
34.715
32.145
29.463
26.674
23.786
20.808
17.749
14.62
11.433
8.2
4.9335
1.6467
-1.6422
-4.91
-8.1621
-7.7309
-4.6506
-1.5554
1.5597
4.6728
7.7668
10.829
13.848
16.811
19.708
22.529
25.265
27.906
30.447
32.881
35.202
37.407
39.494
41.461
43.306
45.031
46.637
48.125
49.5
50.764
51.922
52.978
53.937
54.806
55.588
56.291
56.919
57.478
57.974
58.412
58.798
59.136
59.43
59.686
59.908
60.098
60.262
60.401
60.519
60.619
60.702
60.77
60.826
60.87
60.904
60.929
60.945
60.953
60.953
60.945
60.929
60.904
60.87
60.826
60.77
60.702
60.619
60.519
60.401
60.262
60.098
59.908
59.686
59.43
59.136
58.798
58.412
57.974
57.478
56.919
56.291
55.588
54.806
53.937
52.978
51.922
50.764
49.5
48.125
46.637
45.031
43.306
41.461
39.494
37.407
35.202
32.881
30.447
27.906
25.265
22.529
19.708
16.811
13.848
10.829
7.7668
4.6728
1.5597
-1.5554
-4.6506
-7.7309
-7.2752
-4.3765
-1.4637
1.4678
4.3974
7.309
10.191
13.032
15.82
18.547
21.201
23.775
26.261
28.652
30.942
33.127
35.202
37.166
39.016
40.753
42.376
43.887
45.288
46.581
47.77
48.86
49.854
50.757
51.574
52.31
52.971
53.562
54.088
54.555
54.967
55.33
55.648
55.925
56.166
56.374
56.554
56.708
56.839
56.95
57.043
57.121
57.186
57.238
57.28
57.312
57.335
57.35
57.357
57.357
57.35
57.335
57.312
57.28
57.238
57.186
57.121
57.043
56.95
56.839
56.708
56.554
56.374
56.166
55.925
55.648
55.33
54.967
54.555
54.088
53.562
52.971
52.31
51.574
50.757
49.854
48.86
47.77
46.581
45.288
43.887
42.376
40.753
39.016
37.166
35.202
33.127
30.942
28.652
26.261
23.775
21.201
18.547
15.82
13.032
10.191
7.309
4.3974
1.4678
-1.4637
-4.3765
-7.2752
-6.7955
-4.0879
-1.3672
1.371
4.1074
6.827
9.5188
12.172
14.777
17.324
19.803
22.208
24.53
26.763
28.902
30.942
32.881
34.715
36.443
38.065
39.581
40.992
42.301
43.509
44.62
45.637
46.566
47.409
48.172
48.86
49.477
50.029
50.52
50.956
51.341
51.68
51.977
52.236
52.461
52.655
52.823
52.967
53.089
53.193
53.28
53.353
53.413
53.462
53.501
53.531
53.552
53.567
53.573
53.573
53.567
53.552
53.531
53.501
53.462
53.413
53.353
53.28
53.193
53.089
52.967
52.823
52.655
52.461
52.236
51.977
51.68
51.341
50.956
50.52
50.029
49.477
48.86
48.172
47.409
46.566
45.637
44.62
43.509
42.301
40.992
39.581
38.065
36.443
34.715
32.881
30.942
28.902
26.763
24.53
22.208
19.803
17.324
14.777
12.172
9.5188
6.827
4.1074
1.371
-1.3672
-4.0879
-6.7955
-6.2926
-3.7854
-1.2661
1.2696
3.8035
6.3218
8.8144
11.271
13.683
16.042
18.338
20.564
22.714
24.782
26.763
28.652
30.447
32.145
33.746
35.248
36.651
37.958
39.17
40.288
41.317
42.259
43.119
43.899
44.606
45.243
45.814
46.326
46.781
47.184
47.541
47.854
48.129
48.369
48.577
48.757
48.912
49.045
49.159
49.255
49.335
49.403
49.459
49.504
49.54
49.567
49.588
49.601
49.607
49.607
49.601
49.588
49.567
49.54
49.504
49.459
49.403
49.335
49.255
49.159
49.045
48.912
48.757
48.577
48.369
48.129
47.854
47.541
47.184
46.781
46.326
45.814
45.243
44.606
43.899
43.119
42.259
41.317
40.288
39.17
37.958
36.651
35.248
33.746
32.145
30.447
28.652
26.763
24.782
22.714
20.564
18.338
16.042
13.683
11.271
8.8144
6.3218
3.8035
1.2696
-1.2661
-3.7854
-6.2926
-5.7676
-3.4696
-1.1604
1.1636
3.4861
5.7943
8.0789
10.331
12.542
14.703
16.808
18.848
20.819
22.714
24.53
26.261
27.906
29.463
30.93
32.306
33.593
34.791
35.901
36.926
37.869
38.732
39.52
40.236
40.883
41.467
41.991
42.459
42.876
43.246
43.573
43.86
44.112
44.332
44.522
44.688
44.83
44.952
45.056
45.144
45.218
45.279
45.33
45.372
45.405
45.43
45.449
45.461
45.467
45.467
45.461
45.449
45.43
45.405
45.372
45.33
45.279
45.218
45.144
45.056
44.952
44.83
44.688
44.522
44.332
44.112
43.86
43.573
43.246
42.876
42.459
41.991
41.467
40.883
40.236
39.52
38.732
37.869
36.926
35.901
34.791
33.593
32.306
30.93
29.463
27.906
26.261
24.53
22.714
20.819
18.848
16.808
14.703
12.542
10.331
8.0789
5.7943
3.4861
1.1636
-1.1604
-3.4696
-5.7676
-5.2216
-3.1411
-1.0506
1.0535
3.1561
5.2459
7.3142
9.3531
11.355
13.311
15.217
17.064
18.848
20.564
22.208
23.775
25.265
26.674
28.002
29.248
30.413
31.497
32.502
33.431
34.284
35.066
35.779
36.427
37.013
37.541
38.015
38.439
38.817
39.152
39.447
39.708
39.936
40.134
40.307
40.457
40.585
40.696
40.79
40.869
40.936
40.992
41.039
41.076
41.106
41.129
41.146
41.156
41.162
41.162
41.156
41.146
41.129
41.106
41.076
41.039
40.992
40.936
40.869
40.79
40.696
40.585
40.457
40.307
40.134
39.936
39.708
39.447
39.152
38.817
38.439
38.015
37.541
37.013
36.427
35.779
35.066
34.284
33.431
32.502
31.497
30.413
29.248
28.002
26.674
25.265
23.775
22.208
20.564
18.848
17.064
15.217
13.311
11.355
9.3531
7.3142
5.2459
3.1561
1.0535
-1.0506
-3.1411
-5.2216
-4.6563
-2.8011
-0.93684
0.93943
2.8144
4.6779
6.5224
8.3405
10.125
11.87
13.569
15.217
16.808
18.338
19.803
21.201
22.529
23.786
24.97
26.081
27.12
28.087
28.983
29.811
30.572
31.269
31.905
32.482
33.005
33.476
33.899
34.277
34.614
34.912
35.176
35.408
35.611
35.788
35.943
36.076
36.191
36.289
36.373
36.444
36.504
36.553
36.595
36.628
36.655
36.675
36.69
36.7
36.704
36.704
36.7
36.69
36.675
36.655
36.628
36.595
36.553
36.504
36.444
36.373
36.289
36.191
36.076
35.943
35.788
35.611
35.408
35.176
34.912
34.614
34.277
33.899
33.476
33.005
32.482
31.905
31.269
30.572
29.811
28.983
28.087
27.12
26.081
24.97
23.786
22.529
21.201
19.803
18.338
16.808
15.217
13.569
11.87
10.125
8.3405
6.5224
4.6779
2.8144
0.93943
-0.93684
-2.8011
-4.6563
-4.0733
-2.4504
-0.81954
0.82181
2.4621
4.0922
5.7057
7.2962
8.8575
10.384
11.87
13.311
14.703
16.042
17.324
18.547
19.708
20.808
21.844
22.816
23.724
24.57
25.354
26.078
26.744
27.354
27.91
28.415
28.872
29.284
29.654
29.985
30.279
30.541
30.771
30.974
31.152
31.307
31.442
31.558
31.659
31.745
31.818
31.88
31.932
31.976
32.012
32.041
32.065
32.082
32.095
32.104
32.108
32.108
32.104
32.095
32.082
32.065
32.041
32.012
31.976
31.932
31.88
31.818
31.745
31.659
31.558
31.442
31.307
31.152
30.974
30.771
30.541
30.279
29.985
29.654
29.284
28.872
28.415
27.91
27.354
26.744
26.078
25.354
24.57
23.724
22.816
21.844
20.808
19.708
18.547
17.324
16.042
14.703
13.311
11.87
10.384
8.8575
7.2962
5.7057
4.0922
2.4621
0.82181
-0.81954
-2.4504
-4.0733
-3.4746
-2.0902
-0.69907
0.701
2.1001
3.4907
4.867
6.2237
7.5555
8.8575
10.125
11.355
12.542
13.683
14.777
15.82
16.811
17.749
18.632
19.462
20.237
20.958
21.627
22.244
22.812
23.332
23.807
24.238
24.628
24.979
25.295
25.577
25.828
26.051
26.247
26.42
26.572
26.704
26.819
26.919
27.004
27.078
27.14
27.193
27.238
27.275
27.306
27.331
27.35
27.366
27.377
27.384
27.388
27.388
27.384
27.377
27.366
27.35
27.331
27.306
27.275
27.238
27.193
27.14
27.078
27.004
26.919
26.819
26.704
26.572
26.42
26.247
26.051
25.828
25.577
25.295
24.979
24.628
24.238
23.807
23.332
22.812
22.244
21.627
20.958
20.237
19.462
18.632
17.749
16.811
15.82
14.777
13.683
12.542
11.355
10.125
8.8575
7.5555
6.2237
4.867
3.4907
2.1001
0.701
-0.69907
-2.0902
-3.4746
-2.8621
-1.7217
-0.57584
0.57744
1.7299
2.8754
4.0091
5.1266
6.2237
7.2962
8.3405
9.3531
10.331
11.271
12.172
13.032
13.848
14.62
15.348
16.031
16.669
17.264
17.815
18.323
18.791
19.219
19.61
19.965
20.286
20.576
20.836
21.068
21.275
21.458
21.62
21.763
21.888
21.997
22.091
22.173
22.244
22.304
22.356
22.399
22.436
22.467
22.492
22.513
22.529
22.542
22.551
22.557
22.56
22.56
22.557
22.551
22.542
22.529
22.513
22.492
22.467
22.436
22.399
22.356
22.304
22.244
22.173
22.091
21.997
21.888
21.763
21.62
21.458
21.275
21.068
20.836
20.576
20.286
19.965
19.61
19.219
18.791
18.323
17.815
17.264
16.669
16.031
15.348
14.62
13.848
13.032
12.172
11.271
10.331
9.3531
8.3405
7.2962
6.2237
5.1266
4.0091
2.8754
1.7299
0.57744
-0.57584
-1.7217
-2.8621
-2.2382
-1.3464
-0.45032
0.45156
1.3528
2.2486
3.1352
4.0091
4.867
5.7057
6.5224
7.3142
8.0789
8.8144
9.5188
10.191
10.829
11.433
12.002
12.536
13.036
13.5
13.931
14.329
14.695
15.03
15.335
15.613
15.864
16.09
16.294
16.475
16.637
16.781
16.907
17.019
17.116
17.202
17.276
17.34
17.395
17.442
17.482
17.516
17.545
17.569
17.589
17.605
17.618
17.628
17.635
17.639
17.642
17.642
17.639
17.635
17.628
17.618
17.605
17.589
17.569
17.545
17.516
17.482
17.442
17.395
17.34
17.276
17.202
17.116
17.019
16.907
16.781
16.637
16.475
16.294
16.09
15.864
15.613
15.335
15.03
14.695
14.329
13.931
13.5
13.036
12.536
12.002
11.433
10.829
10.191
9.5188
8.8144
8.0789
7.3142
6.5224
5.7057
4.867
4.0091
3.1352
2.2486
1.3528
0.45156
-0.45032
-1.3464
-2.2382
-1.6053
-0.96567
-0.32297
0.32387
0.97027
1.6127
2.2486
2.8754
3.4907
4.0922
4.6779
5.2459
5.7943
6.3218
6.827
7.309
7.7668
8.2
8.6082
8.9913
9.3493
9.6826
9.9915
10.277
10.539
10.779
10.999
11.198
11.378
11.54
11.686
11.816
11.932
12.035
12.126
12.206
12.276
12.337
12.39
12.436
12.476
12.51
12.538
12.563
12.583
12.601
12.615
12.626
12.636
12.643
12.648
12.651
12.653
12.653
12.651
12.648
12.643
12.636
12.626
12.615
12.601
12.583
12.563
12.538
12.51
12.476
12.436
12.39
12.337
12.276
12.206
12.126
12.035
11.932
11.816
11.686
11.54
11.378
11.198
10.999
10.779
10.539
10.277
9.9915
9.6826
9.3493
8.9913
8.6082
8.2
7.7668
7.309
6.827
6.3218
5.7943
5.2459
4.6779
4.0922
3.4907
2.8754
2.2486
1.6127
0.97027
0.32387
-0.32297
-0.96567
-1.6053
-0.9658
-0.58099
-0.19431
0.19485
0.58376
0.97027
1.3528
1.7299
2.1001
2.4621
2.8144
3.1561
3.4861
3.8035
4.1074
4.3974
4.6728
4.9335
5.1791
5.4095
5.6249
5.8254
6.0113
6.183
6.3408
6.4853
6.6172
6.737
6.8454
6.9431
7.0307
7.1091
7.1789
7.2408
7.2955
7.3436
7.3857
7.4225
7.4544
7.482
7.5058
7.5262
7.5436
7.5583
7.5707
7.5811
7.5896
7.5965
7.602
7.6063
7.6094
7.6114
7.6124
7.6124
7.6114
7.6094
7.6063
7.602
7.5965
7.5896
7.5811
7.5707
7.5583
7.5436
7.5262
7.5058
7.482
7.4544
7.4225
7.3857
7.3436
7.2955
7.2408
7.1789
7.1091
7.0307
6.9431
6.8454
6.737
6.6172
6.4853
6.3408
6.183
6.0113
5.8254
5.6249
5.4095
5.1791
4.9335
4.6728
4.3974
4.1074
3.8035
3.4861
3.1561
2.8144
2.4621
2.1001
1.7299
1.3528
0.97027
0.58376
0.19485
-0.19431
-0.58099
-0.9658
-0.32237
-0.19393
-0.06486
0.06504
0.19485
0.32387
0.45156
0.57744
0.701
0.82181
0.93943
1.0535
1.1636
1.2696
1.371
1.4678
1.5597
1.6467
1.7287
1.8056
1.8775
1.9445
2.0065
2.0638
2.1165
2.1647
2.2087
2.2487
2.2849
2.3175
2.3468
2.373
2.3962
2.4169
2.4352
2.4512
2.4653
2.4775
2.4882
2.4974
2.5054
2.5122
2.518
2.5229
2.527
2.5305
2.5333
2.5356
2.5375
2.5389
2.5399
2.5406
2.5409
2.5409
2.5406
2.5399
2.5389
2.5375
2.5356
2.5333
2.5305
2.527
2.5229
2.518
2.5122
2.5054
2.4974
2.4882
2.4775
2.4653
2.4512
2.4352
2.4169
2.3962
2.373
2.3468
2.3175
2.2849
2.2487
2.2087
2.1647
2.1165
2.0638
2.0065
1.9445
1.8775
1.8056
1.7287
1.6467
1.5597
1.4678
1.371
1.2696
1.1636
1.0535
0.93943
0.82181
0.701
0.57744
0.45156
0.32387
0.19485
0.06504
-0.06486
-0.19393
-0.32237
0.32148
0.19339
0.064681
-0.06486
-0.19431
-0.32297
-0.45032
-0.57584
-0.69907
-0.81954
-0.93684
-1.0506
-1.1604
-1.2661
-1.3672
-1.4637
-1.5554
-1.6422
-1.7239
-1.8007
-1.8724
-1.9391
-2.001
-2.0581
-2.1106
-2.1588
-2.2026
-2.2425
-2.2786
-2.3111
-2.3403
-2.3664
-2.3896
-2.4102
-2.4284
-2.4444
-2.4585
-2.4707
-2.4813
-2.4905
-2.4984
-2.5052
-2.511
-2.5159
-2.52
-2.5235
-2.5263
-2.5286
-2.5305
-2.5319
-2.5329
-2.5336
-2.5339
-2.5339
-2.5336
-2.5329
-2.5319
-2.5305
-2.5286
-2.5263
-2.5235
-2.52
-2.5159
-2.511
-2.5052
-2.4984
-2.4905
-2.4813
-2.4707
-2.4585
-2.4444
-2.4284
-2.4102
-2.3896
-2.3664
-2.3403
-2.3111
-2.2786
-2.2425
-2.2026
-2.1588
-2.1106
-2.0581
-2.001
-1.9391
-1.8724
-1.8007
-1.7239
-1.6422
-1.5554
-1.4637
-1.3672
-1.2661
-1.1604
-1.0506
-0.93684
-0.81954
-0.69907
-0.57584
-0.45032
-0.32297
-0.19431
-0.06486
0.064681
0.19339
0.32148
0.96404
0.57947
0.19339
-0.19393
-0.58099
-0.96567
-1.3464
-1.7217
-2.0902
-2.4504
-2.8011
-3.1411
-3.4696
-3.7854
-4.0879
-4.3765
-4.6506
-4.91
-5.1544
-5.3838
-5.5982
-5.7977
-5.9827
-6.1535
-6.3106
-6.4545
-6.5857
-6.7049
-6.8128
-6.91
-6.9973
-7.0753
-7.1447
-7.2063
-7.2607
-7.3086
-7.3505
-7.3871
-7.4189
-7.4464
-7.47
-7.4903
-7.5076
-7.5223
-7.5346
-7.5449
-7.5534
-7.5603
-7.5658
-7.57
-7.5731
-7.5751
-7.576
-7.576
-7.5751
-7.5731
-7.57
-7.5658
-7.5603
-7.5534
-7.5449
-7.5346
-7.5223
-7.5076
-7.4903
-7.47
-7.4464
-7.4189
-7.3871
-7.3505
-7.3086
-7.2607
-7.2063
-7.1447
-7.0753
-6.9973
-6.91
-6.8128
-6.7049
-6.5857
-6.4545
-6.3106
-6.1535
-5.9827
-5.7977
-5.5982
-5.3838
-5.1544
-4.91
-4.6506
-4.3765
-4.0879
-3.7854
-3.4696
-3.1411
-2.8011
-2.4504
-2.0902
-1.7217
-1.3464
-0.96567
-0.58099
-0.19393
0.19339
0.57947
0.96404
1.604
0.96404
0.32148
-0.32237
-0.9658
-1.6053
-2.2382
-2.8621
-3.4746
-4.0733
-4.6563
-5.2216
-5.7676
-6.2926
-6.7955
-7.2752
-7.7309
-8.1621
-8.5684
-8.9497
-9.306
-9.6377
-9.9453
-10.229
-10.49
-10.729
-10.948
-11.146
-11.325
-11.487
-11.632
-11.761
-11.877
-11.979
-12.07
-12.149
-12.219
-12.28
-12.333
-12.378
-12.418
-12.451
-12.48
-12.504
-12.525
-12.542
-12.556
-12.568
-12.577
-12.584
-12.589
-12.592
-12.594
-12.594
-12.592
-12.589
-12.584
-12.577
-12.568
-12.556
-12.542
-12.525
-12.504
-12.48
-12.451
-12.418
-12.378
-12.333
-12.28
-12.219
-12.149
-12.07
-11.979
-11.877
-11.761
-11.632
-11.487
-11.325
-11.146
-10.948
-10.729
-10.49
-10.229
-9.9453
-9.6377
-9.306
-8.9497
-8.5684
-8.1621
-7.7309
-7.2752
-6.7955
-6.2926
-5.7676
-5.2216
-4.6563
-4.0733
-3.4746
-2.8621
-2.2382
-1.6053
-0.9658
-0.32237
0.32148
0.96404
1.604
