4.7887
2.8942
0.96788
-0.97052
-2.8993
-4.792
-6.6258
-8.3804
-10.038
-11.585
-13.011
-14.309
-15.476
-16.512
-17.421
-18.208
-18.883
-19.454
-19.932
-20.326
-20.649
-20.909
-21.118
-21.282
-21.41
-21.509
-21.585
-21.642
-21.685
-21.717
-21.74
-21.757
-21.769
-21.778
-21.784
-21.788
-21.791
-21.793
-21.794
-21.795
-21.796
-21.796
-21.796
-21.796
-21.797
-21.797
-21.797
-21.797
-21.797
-21.797
-21.797
-21.797
-21.797
-21.797
-21.797
-21.797
-21.797
-21.797
-21.797
-21.797
-21.797
-21.797
-21.796
-21.796
-21.796
-21.796
-21.795
-21.794
-21.793
-21.791
-21.788
-21.784
-21.778
-21.769
-21.757
-21.74
-21.717
-21.685
-21.642
-21.585
-21.509
-21.41
-21.282
-21.118
-20.909
-20.649
-20.326
-19.932
-19.454
-18.883
-18.208
-17.421
-16.512
-15.476
-14.309
-13.011
-11.585
-10.038
-8.3804
-6.6258
-4.792
-2.8993
-0.97052
0.96788
2.8942
4.7887
2.8942
1.7494
0.58548
-0.58707
-1.7538
-2.8987
-4.008
-5.0694
-6.0723
-7.0081
-7.8705
-8.6555
-9.3612
-9.9879
-10.538
-11.014
-11.422
-11.768
-12.057
-12.295
-12.49
-12.648
-12.774
-12.873
-12.951
-13.011
-13.057
-13.091
-13.117
-13.136
-13.15
-13.161
-13.168
-13.173
-13.177
-13.179
-13.181
-13.182
-13.183
-13.184
-13.184
-13.184
-13.184
-13.184
-13.185
-13.185
-13.185
-13.185
-13.185
-13.185
-13.185
-13.185
-13.185
-13.185
-13.185
-13.185
-13.185
-13.185
-13.185
-13.185
-13.185
-13.185
-13.184
-13.184
-13.184
-13.184
-13.184
-13.183
-13.182
-13.181
-13.179
-13.177
-13.173
-13.168
-13.161
-13.15
-13.136
-13.117
-13.091
-13.057
-13.011
-12.951
-12.873
-12.774
-12.648
-12.49
-12.295
-12.057
-11.768
-11.422
-11.014
-10.538
-9.9879
-9.3612
-8.6555
-7.8705
-7.0081
-6.0723
-5.0694
-4.008
-2.8987
-1.7538
-0.58707
0.58548
1.7494
2.8942
0.96788
0.58548
0.19635
-0.19688
-0.58817
-0.97212
-1.3441
-1.7001
-2.0364
-2.3503
-2.6395
-2.9028
-3.1394
-3.3496
-3.534
-3.6939
-3.8307
-3.9466
-4.0435
-4.1235
-4.189
-4.2418
-4.284
-4.3174
-4.3434
-4.3635
-4.3789
-4.3905
-4.3992
-4.4056
-4.4103
-4.4138
-4.4162
-4.4179
-4.4192
-4.42
-4.4206
-4.421
-4.4213
-4.4215
-4.4216
-4.4217
-4.4217
-4.4218
-4.4218
-4.4218
-4.4218
-4.4218
-4.4218
-4.4218
-4.4218
-4.4218
-4.4218
-4.4218
-4.4218
-4.4218
-4.4218
-4.4218
-4.4218
-4.4218
-4.4218
-4.4218
-4.4218
-4.4217
-4.4217
-4.4216
-4.4215
-4.4213
-4.421
-4.4206
-4.42
-4.4192
-4.4179
-4.4162
-4.4138
-4.4103
-4.4056
-4.3992
-4.3905
-4.3789
-4.3635
-4.3434
-4.3174
-4.284
-4.2418
-4.189
-4.1235
-4.0435
-3.9466
-3.8307
-3.6939
-3.534
-3.3496
-3.1394
-2.9028
-2.6395
-2.3503
-2.0364
-1.7001
-1.3441
-0.97212
-0.58817
-0.19688
0.19635
0.58548
0.96788
-0.97052
-0.58707
-0.19688
0.19742
0.58977
0.97476
1.3478
1.7047
2.042
2.3567
2.6467
2.9107
3.148
3.3587
3.5436
3.7039
3.8412
3.9573
4.0544
4.1347
4.2004
4.2533
4.2957
4.3291
4.3552
4.3754
4.3908
4.4024
4.4111
4.4176
4.4223
4.4257
4.4282
4.4299
4.4312
4.432
4.4326
4.433
4.4333
4.4335
4.4336
4.4337
4.4337
4.4338
4.4338
4.4338
4.4338
4.4338
4.4338
4.4338
4.4338
4.4338
4.4338
4.4338
4.4338
4.4338
4.4338
4.4338
4.4338
4.4338
4.4338
4.4338
4.4338
4.4337
4.4337
4.4336
4.4335
4.4333
4.433
4.4326
4.432
4.4312
4.4299
4.4282
4.4257
4.4223
4.4176
4.4111
4.4024
4.3908
4.3754
4.3552
4.3291
4.2957
4.2533
4.2004
4.1347
4.0544
3.9573
3.8412
3.7039
3.5436
3.3587
3.148
2.9107
2.6467
2.3567
2.042
1.7047
1.3478
0.97476
0.58977
0.19742
-0.19688
-0.58707
-0.97052
-2.8993
-1.7538
-0.58817
0.58977
1.7619
2.912
4.0264
5.0927
6.1002
7.0404
7.9068
8.6954
9.4044
10.034
10.586
11.065
11.475
11.822
12.113
12.352
12.549
12.707
12.833
12.933
13.011
13.071
13.117
13.152
13.178
13.198
13.212
13.222
13.229
13.235
13.238
13.241
13.243
13.244
13.245
13.245
13.246
13.246
13.246
13.246
13.246
13.246
13.246
13.246
13.246
13.246
13.246
13.246
13.246
13.246
13.246
13.246
13.246
13.246
13.246
13.246
13.246
13.246
13.246
13.246
13.246
13.246
13.245
13.245
13.244
13.243
13.241
13.238
13.235
13.229
13.222
13.212
13.198
13.178
13.152
13.117
13.071
13.011
12.933
12.833
12.707
12.549
12.352
12.113
11.822
11.475
11.065
10.586
10.034
9.4044
8.6954
7.9068
7.0404
6.1002
5.0927
4.0264
2.912
1.7619
0.58977
-0.58817
-1.7538
-2.8993
-4.792
-2.8987
-0.97212
0.97476
2.912
4.8129
6.6548
8.4172
10.082
11.636
13.068
14.372
15.544
16.585
17.498
18.289
18.967
19.541
20.02
20.417
20.741
21.003
21.212
21.377
21.506
21.606
21.682
21.739
21.782
21.814
21.838
21.855
21.867
21.875
21.881
21.886
21.889
21.891
21.892
21.893
21.893
21.894
21.894
21.894
21.894
21.894
21.895
21.895
21.895
21.895
21.895
21.895
21.895
21.895
21.895
21.895
21.895
21.895
21.895
21.895
21.894
21.894
21.894
21.894
21.894
21.893
21.893
21.892
21.891
21.889
21.886
21.881
21.875
21.867
21.855
21.838
21.814
21.782
21.739
21.682
21.606
21.506
21.377
21.212
21.003
20.741
20.417
20.02
19.541
18.967
18.289
17.498
16.585
15.544
14.372
13.068
11.636
10.082
8.4172
6.6548
4.8129
2.912
0.97476
-0.97212
-2.8987
-4.792
-6.6258
-4.008
-1.3441
1.3478
4.0264
6.6548
9.2016
11.638
13.941
16.09
18.07
19.872
21.493
22.932
24.195
25.29
26.227
27.02
27.684
28.233
28.681
29.043
29.332
29.561
29.739
29.877
29.982
30.062
30.121
30.165
30.198
30.221
30.238
30.25
30.258
30.264
30.268
30.271
30.273
30.274
30.275
30.276
30.276
30.276
30.276
30.277
30.277
30.277
30.277
30.277
30.277
30.277
30.277
30.277
30.277
30.277
30.277
30.277
30.277
30.277
30.277
30.276
30.276
30.276
30.276
30.275
30.274
30.273
30.271
30.268
30.264
30.258
30.25
30.238
30.221
30.198
30.165
30.121
30.062
29.982
29.877
29.739
29.561
29.332
29.043
28.681
28.233
27.684
27.02
26.227
25.29
24.195
22.932
21.493
19.872
18.07
16.09
13.941
11.638
9.2016
6.6548
4.0264
1.3478
-1.3441
-4.008
-6.6258
-8.3804
-5.0694
-1.7001
1.7047
5.0927
8.4172
11.638
14.721
17.633
20.351
22.856
25.136
27.186
29.007
30.604
31.989
33.175
34.179
35.019
35.713
36.28
36.738
37.104
37.393
37.619
37.794
37.927
38.028
38.103
38.159
38.2
38.23
38.251
38.266
38.277
38.284
38.289
38.293
38.295
38.297
38.298
38.299
38.299
38.299
38.3
38.3
38.3
38.3
38.3
38.3
38.3
38.3
38.3
38.3
38.3
38.3
38.3
38.3
38.3
38.3
38.3
38.3
38.299
38.299
38.299
38.298
38.297
38.295
38.293
38.289
38.284
38.277
38.266
38.251
38.23
38.2
38.159
38.103
38.028
37.927
37.794
37.619
37.393
37.104
36.738
36.28
35.713
35.019
34.179
33.175
31.989
30.604
29.007
27.186
25.136
22.856
20.351
17.633
14.721
11.638
8.4172
5.0927
1.7047
-1.7001
-5.0694
-8.3804
-10.038
-6.0723
-2.0364
2.042
6.1002
10.082
13.941
17.633
21.122
24.378
27.379
30.11
32.566
34.748
36.662
38.321
39.742
40.945
41.951
42.783
43.463
44.012
44.451
44.798
45.068
45.277
45.437
45.558
45.649
45.716
45.765
45.8
45.826
45.844
45.857
45.866
45.872
45.876
45.879
45.881
45.882
45.883
45.884
45.884
45.884
45.884
45.884
45.884
45.884
45.884
45.884
45.884
45.884
45.884
45.884
45.884
45.884
45.884
45.884
45.884
45.884
45.884
45.884
45.884
45.883
45.882
45.881
45.879
45.876
45.872
45.866
45.857
45.844
45.826
45.8
45.765
45.716
45.649
45.558
45.437
45.277
45.068
44.798
44.451
44.012
43.463
42.783
41.951
40.945
39.742
38.321
36.662
34.748
32.566
30.11
27.379
24.378
21.122
17.633
13.941
10.082
6.1002
2.042
-2.0364
-6.0723
-10.038
-11.585
-7.0081
-2.3503
2.3567
7.0404
11.636
16.09
20.351
24.378
28.136
31.599
34.752
37.588
40.106
42.315
44.231
45.872
47.261
48.423
49.383
50.169
50.803
51.31
51.71
52.023
52.265
52.449
52.589
52.693
52.771
52.828
52.869
52.898
52.919
52.934
52.944
52.952
52.956
52.96
52.962
52.963
52.964
52.965
52.965
52.966
52.966
52.966
52.966
52.966
52.966
52.966
52.966
52.966
52.966
52.966
52.966
52.966
52.966
52.966
52.966
52.966
52.966
52.965
52.965
52.964
52.963
52.962
52.96
52.956
52.952
52.944
52.934
52.919
52.898
52.869
52.828
52.771
52.693
52.589
52.449
52.265
52.023
51.71
51.31
50.803
50.169
49.383
48.423
47.261
45.872
44.231
42.315
40.106
37.588
34.752
31.599
28.136
24.378
20.351
16.09
11.636
7.0404
2.3567
-2.3503
-7.0081
-11.585
-13.011
-7.8705
-2.6395
2.6467
7.9068
13.068
18.07
22.856
27.379
31.599
35.49
39.031
42.216
45.045
47.527
49.68
51.523
53.084
54.39
55.469
56.352
57.065
57.634
58.084
58.436
58.708
58.915
59.073
59.19
59.277
59.341
59.387
59.42
59.444
59.461
59.472
59.48
59.486
59.49
59.492
59.494
59.495
59.496
59.496
59.496
59.497
59.497
59.497
59.497
59.497
59.497
59.497
59.497
59.497
59.497
59.497
59.497
59.497
59.497
59.497
59.497
59.496
59.496
59.496
59.495
59.494
59.492
59.49
59.486
59.48
59.472
59.461
59.444
59.42
59.387
59.341
59.277
59.19
59.073
58.915
58.708
58.436
58.084
57.634
57.065
56.352
55.469
54.39
53.084
51.523
49.68
47.527
45.045
42.216
39.031
35.49
31.599
27.379
22.856
18.07
13.068
7.9068
2.6467
-2.6395
-7.8705
-13.011
-14.309
-8.6555
-2.9028
2.9107
8.6954
14.372
19.872
25.136
30.11
34.752
39.031
42.927
46.43
49.542
52.273
54.641
56.669
58.387
59.823
61.012
61.983
62.768
63.395
63.89
64.277
64.577
64.805
64.978
65.108
65.204
65.274
65.325
65.362
65.388
65.406
65.419
65.428
65.434
65.438
65.441
65.442
65.444
65.444
65.445
65.445
65.446
65.446
65.446
65.446
65.446
65.446
65.446
65.446
65.446
65.446
65.446
65.446
65.446
65.446
65.446
65.446
65.445
65.445
65.444
65.444
65.442
65.441
65.438
65.434
65.428
65.419
65.406
65.388
65.362
65.325
65.274
65.204
65.108
64.978
64.805
64.577
64.277
63.89
63.395
62.768
61.983
61.012
59.823
58.387
56.669
54.641
52.273
49.542
46.43
42.927
39.031
34.752
30.11
25.136
19.872
14.372
8.6954
2.9107
-2.9028
-8.6555
-14.309
-15.476
-9.3612
-3.1394
3.148
9.4044
15.544
21.493
27.186
32.566
37.588
42.216
46.43
50.22
53.587
56.541
59.103
61.298
63.157
64.712
65.998
67.049
67.899
68.578
69.114
69.533
69.857
70.105
70.292
70.433
70.537
70.613
70.668
70.708
70.736
70.756
70.77
70.779
70.786
70.79
70.793
70.795
70.797
70.798
70.798
70.798
70.799
70.799
70.799
70.799
70.799
70.799
70.799
70.799
70.799
70.799
70.799
70.799
70.799
70.799
70.799
70.799
70.798
70.798
70.798
70.797
70.795
70.793
70.79
70.786
70.779
70.77
70.756
70.736
70.708
70.668
70.613
70.537
70.433
70.292
70.105
69.857
69.533
69.114
68.578
67.899
67.049
65.998
64.712
63.157
61.298
59.103
56.541
53.587
50.22
46.43
42.216
37.588
32.566
27.186
21.493
15.544
9.4044
3.148
-3.1394
-9.3612
-15.476
-16.512
-9.9879
-3.3496
3.3587
10.034
16.585
22.932
29.007
34.748
40.106
45.045
49.542
53.587
57.18
60.334
63.068
65.411
67.395
69.056
70.429
71.551
72.459
73.184
73.757
74.205
74.551
74.816
75.016
75.166
75.277
75.359
75.418
75.46
75.49
75.512
75.526
75.537
75.544
75.548
75.552
75.554
75.555
75.556
75.557
75.557
75.557
75.558
75.558
75.558
75.558
75.558
75.558
75.558
75.558
75.558
75.558
75.558
75.558
75.558
75.558
75.557
75.557
75.557
75.556
75.555
75.554
75.552
75.548
75.544
75.537
75.526
75.512
75.49
75.46
75.418
75.359
75.277
75.166
75.016
74.816
74.551
74.205
73.757
73.184
72.459
71.551
70.429
69.056
67.395
65.411
63.068
60.334
57.18
53.587
49.542
45.045
40.106
34.748
29.007
22.932
16.585
10.034
3.3587
-3.3496
-9.9879
-16.512
-17.421
-10.538
-3.534
3.5436
10.586
17.498
24.195
30.604
36.662
42.315
47.527
52.273
56.541
60.334
63.662
66.549
69.022
71.117
72.869
74.319
75.505
76.463
77.229
77.834
78.307
78.673
78.953
79.165
79.323
79.44
79.526
79.589
79.634
79.666
79.688
79.704
79.715
79.722
79.727
79.731
79.733
79.734
79.735
79.736
79.736
79.737
79.737
79.737
79.737
79.737
79.737
79.737
79.737
79.737
79.737
79.737
79.737
79.737
79.737
79.737
79.737
79.736
79.736
79.735
79.734
79.733
79.731
79.727
79.722
79.715
79.704
79.688
79.666
79.634
79.589
79.526
79.44
79.323
79.165
78.953
78.673
78.307
77.834
77.229
76.463
75.505
74.319
72.869
71.117
69.022
66.549
63.662
60.334
56.541
52.273
47.527
42.315
36.662
30.604
24.195
17.498
10.586
3.5436
-3.534
-10.538
-17.421
-18.208
-11.014
-3.6939
3.7039
11.065
18.289
25.29
31.989
38.321
44.231
49.68
54.641
59.103
63.068
66.549
69.567
72.154
74.344
76.178
77.694
78.934
79.937
80.738
81.372
81.867
82.25
82.543
82.764
82.93
83.053
83.143
83.209
83.256
83.289
83.313
83.329
83.341
83.348
83.354
83.357
83.36
83.361
83.362
83.363
83.363
83.364
83.364
83.364
83.364
83.364
83.364
83.364
83.364
83.364
83.364
83.364
83.364
83.364
83.364
83.364
83.364
83.363
83.363
83.362
83.361
83.36
83.357
83.354
83.348
83.341
83.329
83.313
83.289
83.256
83.209
83.143
83.053
82.93
82.764
82.543
82.25
81.867
81.372
80.738
79.937
78.934
77.694
76.178
74.344
72.154
69.567
66.549
63.068
59.103
54.641
49.68
44.231
38.321
31.989
25.29
18.289
11.065
3.7039
-3.6939
-11.014
-18.208
-18.883
-11.422
-3.8307
3.8412
11.475
18.967
26.227
33.175
39.742
45.872
51.523
56.669
61.298
65.411
69.022
72.154
74.838
77.111
79.013
80.587
81.875
82.915
83.747
84.405
84.919
85.316
85.621
85.851
86.023
86.151
86.244
86.312
86.361
86.396
86.421
86.438
86.45
86.458
86.463
86.467
86.469
86.471
86.472
86.473
86.473
86.473
86.474
86.474
86.474
86.474
86.474
86.474
86.474
86.474
86.474
86.474
86.474
86.474
86.474
86.474
86.473
86.473
86.473
86.472
86.471
86.469
86.467
86.463
86.458
86.45
86.438
86.421
86.396
86.361
86.312
86.244
86.151
86.023
85.851
85.621
85.316
84.919
84.405
83.747
82.915
81.875
80.587
79.013
77.111
74.838
72.154
69.022
65.411
61.298
56.669
51.523
45.872
39.742
33.175
26.227
18.967
11.475
3.8412
-3.8307
-11.422
-18.883
-19.454
-11.768
-3.9466
3.9573
11.822
19.541
27.02
34.179
40.945
47.261
53.084
58.387
63.157
67.395
71.117
74.344
77.111
79.454
81.415
83.038
84.365
85.438
86.296
86.974
87.505
87.915
88.229
88.466
88.644
88.776
88.872
88.943
88.993
89.029
89.054
89.072
89.084
89.093
89.098
89.102
89.105
89.106
89.107
89.108
89.109
89.109
89.109
89.109
89.109
89.109
89.109
89.109
89.109
89.109
89.109
89.109
89.109
89.109
89.109
89.109
89.109
89.109
89.108
89.107
89.106
89.105
89.102
89.098
89.093
89.084
89.072
89.054
89.029
88.993
88.943
88.872
88.776
88.644
88.466
88.229
87.915
87.505
86.974
86.296
85.438
84.365
83.038
81.415
79.454
77.111
74.344
71.117
67.395
63.157
58.387
53.084
47.261
40.945
34.179
27.02
19.541
11.822
3.9573
-3.9466
-11.768
-19.454
-19.932
-12.057
-4.0435
4.0544
12.113
20.02
27.684
35.019
41.951
48.423
54.39
59.823
64.712
69.056
72.869
76.178
79.013
81.415
83.426
85.09
86.45
87.551
88.431
89.126
89.67
90.091
90.413
90.656
90.839
90.974
91.073
91.145
91.197
91.234
91.26
91.278
91.291
91.299
91.305
91.309
91.312
91.313
91.315
91.315
91.316
91.316
91.316
91.316
91.316
91.316
91.316
91.316
91.316
91.316
91.316
91.316
91.316
91.316
91.316
91.316
91.316
91.316
91.315
91.315
91.313
91.312
91.309
91.305
91.299
91.291
91.278
91.26
91.234
91.197
91.145
91.073
90.974
90.839
90.656
90.413
90.091
89.67
89.126
88.431
87.551
86.45
85.09
83.426
81.415
79.013
76.178
72.869
69.056
64.712
59.823
54.39
48.423
41.951
35.019
27.684
20.02
12.113
4.0544
-4.0435
-12.057
-19.932
-20.326
-12.295
-4.1235
4.1347
12.352
20.417
28.233
35.713
42.783
49.383
55.469
61.012
65.998
70.429
74.319
77.694
80.587
83.038
85.09
86.787
88.176
89.299
90.197
90.907
91.462
91.892
92.22
92.469
92.656
92.794
92.895
92.969
93.022
93.059
93.086
93.105
93.117
93.126
93.132
93.136
93.139
93.141
93.142
93.142
93.143
93.143
93.143
93.144
93.144
93.144
93.144
93.144
93.144
93.144
93.144
93.144
93.144
93.144
93.144
93.143
93.143
93.143
93.142
93.142
93.141
93.139
93.136
93.132
93.126
93.117
93.105
93.086
93.059
93.022
92.969
92.895
92.794
92.656
92.469
92.22
91.892
91.462
90.907
90.197
89.299
88.176
86.787
85.09
83.038
80.587
77.694
74.319
70.429
65.998
61.012
55.469
49.383
42.783
35.713
28.233
20.417
12.352
4.1347
-4.1235
-12.295
-20.326
-20.649
-12.49
-4.189
4.2004
12.549
20.741
28.681
36.28
43.463
50.169
56.352
61.983
67.049
71.551
75.505
78.934
81.875
84.365
86.45
88.176
89.588
90.729
91.642
92.364
92.929
93.366
93.7
93.953
94.142
94.283
94.386
94.461
94.515
94.553
94.58
94.599
94.612
94.621
94.627
94.631
94.634
94.636
94.637
94.638
94.638
94.639
94.639
94.639
94.639
94.639
94.639
94.639
94.639
94.639
94.639
94.639
94.639
94.639
94.639
94.639
94.639
94.638
94.638
94.637
94.636
94.634
94.631
94.627
94.621
94.612
94.599
94.58
94.553
94.515
94.461
94.386
94.283
94.142
93.953
93.7
93.366
92.929
92.364
91.642
90.729
89.588
88.176
86.45
84.365
81.875
78.934
75.505
71.551
67.049
61.983
56.352
50.169
43.463
36.28
28.681
20.741
12.549
4.2004
-4.189
-12.49
-20.649
-20.909
-12.648
-4.2418
4.2533
12.707
21.003
29.043
36.738
44.012
50.803
57.065
62.768
67.899
72.459
76.463
79.937
82.915
85.438
87.551
89.299
90.729
91.886
92.811
93.543
94.115
94.558
94.897
95.153
95.345
95.488
95.592
95.668
95.723
95.762
95.789
95.808
95.822
95.831
95.837
95.841
95.844
95.846
95.847
95.848
95.848
95.848
95.849
95.849
95.849
95.849
95.849
95.849
95.849
95.849
95.849
95.849
95.849
95.849
95.849
95.849
95.848
95.848
95.848
95.847
95.846
95.844
95.841
95.837
95.831
95.822
95.808
95.789
95.762
95.723
95.668
95.592
95.488
95.345
95.153
94.897
94.558
94.115
93.543
92.811
91.886
90.729
89.299
87.551
85.438
82.915
79.937
76.463
72.459
67.899
62.768
57.065
50.803
44.012
36.738
29.043
21.003
12.707
4.2533
-4.2418
-12.648
-20.909
-21.118
-12.774
-4.284
4.2957
12.833
21.212
29.332
37.104
44.451
51.31
57.634
63.395
68.578
73.184
77.229
80.738
83.747
86.296
88.431
90.197
91.642
92.811
93.746
94.486
95.064
95.511
95.854
96.113
96.308
96.452
96.557
96.634
96.689
96.729
96.756
96.776
96.789
96.798
96.805
96.809
96.812
96.814
96.815
96.816
96.816
96.816
96.817
96.817
96.817
96.817
96.817
96.817
96.817
96.817
96.817
96.817
96.817
96.817
96.817
96.817
96.816
96.816
96.816
96.815
96.814
96.812
96.809
96.805
96.798
96.789
96.776
96.756
96.729
96.689
96.634
96.557
96.452
96.308
96.113
95.854
95.511
95.064
94.486
93.746
92.811
91.642
90.197
88.431
86.296
83.747
80.738
77.229
73.184
68.578
63.395
57.634
51.31
44.451
37.104
29.332
21.212
12.833
4.2957
-4.284
-12.774
-21.118
-21.282
-12.873
-4.3174
4.3291
12.933
21.377
29.561
37.393
44.798
51.71
58.084
63.89
69.114
73.757
77.834
81.372
84.405
86.974
89.126
90.907
92.364
93.543
94.486
95.231
95.815
96.266
96.611
96.873
97.069
97.214
97.321
97.398
97.454
97.494
97.522
97.541
97.555
97.564
97.57
97.575
97.577
97.579
97.58
97.581
97.582
97.582
97.582
97.582
97.582
97.583
97.583
97.583
97.583
97.583
97.583
97.583
97.583
97.582
97.582
97.582
97.582
97.582
97.581
97.58
97.579
97.577
97.575
97.57
97.564
97.555
97.541
97.522
97.494
97.454
97.398
97.321
97.214
97.069
96.873
96.611
96.266
95.815
95.231
94.486
93.543
92.364
90.907
89.126
86.974
84.405
81.372
77.834
73.757
69.114
63.89
58.084
51.71
44.798
37.393
29.561
21.377
12.933
4.3291
-4.3174
-12.873
-21.282
-21.41
-12.951
-4.3434
4.3552
13.011
21.506
29.739
37.619
45.068
52.023
58.436
64.277
69.533
74.205
78.307
81.867
84.919
87.505
89.67
91.462
92.929
94.115
95.064
95.815
96.402
96.856
97.204
97.467
97.664
97.811
97.918
97.996
98.052
98.092
98.12
98.14
98.154
98.163
98.169
98.174
98.176
98.178
98.18
98.18
98.181
98.181
98.181
98.182
98.182
98.182
98.182
98.182
98.182
98.182
98.182
98.182
98.182
98.182
98.182
98.181
98.181
98.181
98.18
98.18
98.178
98.176
98.174
98.169
98.163
98.154
98.14
98.12
98.092
98.052
97.996
97.918
97.811
97.664
97.467
97.204
96.856
96.402
95.815
95.064
94.115
92.929
91.462
89.67
87.505
84.919
81.867
78.307
74.205
69.533
64.277
58.436
52.023
45.068
37.619
29.739
21.506
13.011
4.3552
-4.3434
-12.951
-21.41
-21.509
-13.011
-4.3635
4.3754
13.071
21.606
29.877
37.794
45.277
52.265
58.708
64.577
69.857
74.551
78.673
82.25
85.316
87.915
90.091
91.892
93.366
94.558
95.511
96.266
96.856
97.312
97.662
97.927
98.125
98.272
98.38
98.459
98.515
98.555
98.584
98.603
98.617
98.627
98.633
98.637
98.64
98.642
98.643
98.644
98.645
98.645
98.645
98.645
98.645
98.645
98.645
98.645
98.645
98.645
98.645
98.645
98.645
98.645
98.645
98.645
98.645
98.645
98.644
98.643
98.642
98.64
98.637
98.633
98.627
98.617
98.603
98.584
98.555
98.515
98.459
98.38
98.272
98.125
97.927
97.662
97.312
96.856
96.266
95.511
94.558
93.366
91.892
90.091
87.915
85.316
82.25
78.673
74.551
69.857
64.577
58.708
52.265
45.277
37.794
29.877
21.606
13.071
4.3754
-4.3635
-13.011
-21.509
-21.585
-13.057
-4.3789
4.3908
13.117
21.682
29.982
37.927
45.437
52.449
58.915
64.805
70.105
74.816
78.953
82.543
85.621
88.229
90.413
92.22
93.7
94.897
95.854
96.611
97.204
97.662
98.013
98.279
98.478
98.626
98.734
98.813
98.87
98.91
98.938
98.958
98.972
98.981
98.988
98.992
98.995
98.997
98.998
98.999
99
99
99
99
99
99
99
99
99
99
99
99
99
99
99
99
99
99
98.999
98.998
98.997
98.995
98.992
98.988
98.981
98.972
98.958
98.938
98.91
98.87
98.813
98.734
98.626
98.478
98.279
98.013
97.662
97.204
96.611
95.854
94.897
93.7
92.22
90.413
88.229
85.621
82.543
78.953
74.816
70.105
64.805
58.915
52.449
45.437
37.927
29.982
21.682
13.117
4.3908
-4.3789
-13.057
-21.585
-21.642
-13.091
-4.3905
4.4024
13.152
21.739
30.062
38.028
45.558
52.589
59.073
64.978
70.292
75.016
79.165
82.764
85.851
88.466
90.656
92.469
93.953
95.153
96.113
96.873
97.467
97.927
98.279
98.545
98.745
98.893
99.002
99.081
99.138
99.179
99.207
99.227
99.241
99.25
99.257
99.261
99.264
99.266
99.267
99.268
99.268
99.269
99.269
99.269
99.269
99.269
99.269
99.269
99.269
99.269
99.269
99.269
99.269
99.269
99.269
99.269
99.269
99.268
99.268
99.267
99.266
99.264
99.261
99.257
99.25
99.241
99.227
99.207
99.179
99.138
99.081
99.002
98.893
98.745
98.545
98.279
97.927
97.467
96.873
96.113
95.153
93.953
92.469
90.656
88.466
85.851
82.764
79.165
75.016
70.292
64.978
59.073
52.589
45.558
38.028
30.062
21.739
13.152
4.4024
-4.3905
-13.091
-21.642
-21.685
-13.117
-4.3992
4.4111
13.178
21.782
30.121
38.103
45.649
52.693
59.19
65.108
70.433
75.166
79.323
82.93
86.023
88.644
90.839
92.656
94.142
95.345
96.308
97.069
97.664
98.125
98.478
98.745
98.945
99.094
99.203
99.282
99.339
99.38
99.408
99.429
99.442
99.452
99.458
99.463
99.466
99.467
99.469
99.47
99.47
99.47
99.471
99.471
99.471
99.471
99.471
99.471
99.471
99.471
99.471
99.471
99.471
99.471
99.471
99.471
99.47
99.47
99.47
99.469
99.467
99.466
99.463
99.458
99.452
99.442
99.429
99.408
99.38
99.339
99.282
99.203
99.094
98.945
98.745
98.478
98.125
97.664
97.069
96.308
95.345
94.142
92.656
90.839
88.644
86.023
82.93
79.323
75.166
70.433
65.108
59.19
52.693
45.649
38.103
30.121
21.782
13.178
4.4111
-4.3992
-13.117
-21.685
-21.717
-13.136
-4.4056
4.4176
13.198
21.814
30.165
38.159
45.716
52.771
59.277
65.204
70.537
75.277
79.44
83.053
86.151
88.776
90.974
92.794
94.283
95.488
96.452
97.214
97.811
98.272
98.626
98.893
99.094
99.243
99.352
99.431
99.489
99.529
99.558
99.578
99.592
99.601
99.608
99.612
99.615
99.617
99.618
99.619
99.62
99.62
99.62
99.62
99.62
99.62
99.62
99.62
99.62
99.62
99.62
99.62
99.62
99.62
99.62
99.62
99.62
99.62
99.619
99.618
99.617
99.615
99.612
99.608
99.601
99.592
99.578
99.558
99.529
99.489
99.431
99.352
99.243
99.094
98.893
98.626
98.272
97.811
97.214
96.452
95.488
94.283
92.794
90.974
88.776
86.151
83.053
79.44
75.277
70.537
65.204
59.277
52.771
45.716
38.159
30.165
21.814
13.198
4.4176
-4.4056
-13.136
-21.717
-21.74
-13.15
-4.4103
4.4223
13.212
21.838
30.198
38.2
45.765
52.828
59.341
65.274
70.613
75.359
79.526
83.143
86.244
88.872
91.073
92.895
94.386
95.592
96.557
97.321
97.918
98.38
98.734
99.002
99.203
99.352
99.461
99.541
99.598
99.639
99.668
99.688
99.702
99.711
99.718
99.722
99.725
99.727
99.728
99.729
99.729
99.73
99.73
99.73
99.73
99.73
99.73
99.73
99.73
99.73
99.73
99.73
99.73
99.73
99.73
99.73
99.73
99.729
99.729
99.728
99.727
99.725
99.722
99.718
99.711
99.702
99.688
99.668
99.639
99.598
99.541
99.461
99.352
99.203
99.002
98.734
98.38
97.918
97.321
96.557
95.592
94.386
92.895
91.073
88.872
86.244
83.143
79.526
75.359
70.613
65.274
59.341
52.828
45.765
38.2
30.198
21.838
13.212
4.4223
-4.4103
-13.15
-21.74
-21.757
-13.161
-4.4138
4.4257
13.222
21.855
30.221
38.23
45.8
52.869
59.387
65.325
70.668
75.418
79.589
83.209
86.312
88.943
91.145
92.969
94.461
95.668
96.634
97.398
97.996
98.459
98.813
99.081
99.282
99.431
99.541
99.62
99.678
99.718
99.747
99.767
99.781
99.791
99.797
99.802
99.805
99.806
99.808
99.809
99.809
99.809
99.81
99.81
99.81
99.81
99.81
99.81
99.81
99.81
99.81
99.81
99.81
99.81
99.81
99.81
99.809
99.809
99.809
99.808
99.806
99.805
99.802
99.797
99.791
99.781
99.767
99.747
99.718
99.678
99.62
99.541
99.431
99.282
99.081
98.813
98.459
97.996
97.398
96.634
95.668
94.461
92.969
91.145
88.943
86.312
83.209
79.589
75.418
70.668
65.325
59.387
52.869
45.8
38.23
30.221
21.855
13.222
4.4257
-4.4138
-13.161
-21.757
-21.769
-13.168
-4.4162
4.4282
13.229
21.867
30.238
38.251
45.826
52.898
59.42
65.362
70.708
75.46
79.634
83.256
86.361
88.993
91.197
93.022
94.515
95.723
96.689
97.454
98.052
98.515
98.87
99.138
99.339
99.489
99.598
99.678
99.735
99.776
99.805
99.825
99.839
99.848
99.855
99.859
99.862
99.864
99.865
99.866
99.866
99.867
99.867
99.867
99.867
99.867
99.867
99.867
99.867
99.867
99.867
99.867
99.867
99.867
99.867
99.867
99.867
99.866
99.866
99.865
99.864
99.862
99.859
99.855
99.848
99.839
99.825
99.805
99.776
99.735
99.678
99.598
99.489
99.339
99.138
98.87
98.515
98.052
97.454
96.689
95.723
94.515
93.022
91.197
88.993
86.361
83.256
79.634
75.46
70.708
65.362
59.42
52.898
45.826
38.251
30.238
21.867
13.229
4.4282
-4.4162
-13.168
-21.769
-21.778
-13.173
-4.4179
4.4299
13.235
21.875
30.25
38.266
45.844
52.919
59.444
65.388
70.736
75.49
79.666
83.289
86.396
89.029
91.234
93.059
94.553
95.762
96.729
97.494
98.092
98.555
98.91
99.179
99.38
99.529
99.639
99.718
99.776
99.817
99.845
99.866
99.88
99.889
99.896
99.9
99.903
99.905
99.906
99.907
99.907
99.908
99.908
99.908
99.908
99.908
99.908
99.908
99.908
99.908
99.908
99.908
99.908
99.908
99.908
99.908
99.908
99.907
99.907
99.906
99.905
99.903
99.9
99.896
99.889
99.88
99.866
99.845
99.817
99.776
99.718
99.639
99.529
99.38
99.179
98.91
98.555
98.092
97.494
96.729
95.762
94.553
93.059
91.234
89.029
86.396
83.289
79.666
75.49
70.736
65.388
59.444
52.919
45.844
38.266
30.25
21.875
13.235
4.4299
-4.4179
-13.173
-21.778
-21.784
-13.177
-4.4192
4.4312
13.238
21.881
30.258
38.277
45.857
52.934
59.461
65.406
70.756
75.512
79.688
83.313
86.421
89.054
91.26
93.086
94.58
95.789
96.756
97.522
98.12
98.584
98.938
99.207
99.408
99.558
99.668
99.747
99.805
99.845
99.874
99.894
99.908
99.918
99.924
99.929
99.932
99.934
99.935
99.936
99.936
99.937
99.937
99.937
99.937
99.937
99.937
99.937
99.937
99.937
99.937
99.937
99.937
99.937
99.937
99.937
99.937
99.936
99.936
99.935
99.934
99.932
99.929
99.924
99.918
99.908
99.894
99.874
99.845
99.805
99.747
99.668
99.558
99.408
99.207
98.938
98.584
98.12
97.522
96.756
95.789
94.58
93.086
91.26
89.054
86.421
83.313
79.688
75.512
70.756
65.406
59.461
52.934
45.857
38.277
30.258
21.881
13.238
4.4312
-4.4192
-13.177
-21.784
-21.788
-13.179
-4.42
4.432
13.241
21.886
30.264
38.284
45.866
52.944
59.472
65.419
70.77
75.526
79.704
83.329
86.438
89.072
91.278
93.105
94.599
95.808
96.776
97.541
98.14
98.603
98.958
99.227
99.429
99.578
99.688
99.767
99.825
99.866
99.894
99.915
99.928
99.938
99.945
99.949
99.952
99.954
99.955
99.956
99.956
99.957
99.957
99.957
99.957
99.957
99.957
99.957
99.957
99.957
99.957
99.957
99.957
99.957
99.957
99.957
99.957
99.956
99.956
99.955
99.954
99.952
99.949
99.945
99.938
99.928
99.915
99.894
99.866
99.825
99.767
99.688
99.578
99.429
99.227
98.958
98.603
98.14
97.541
96.776
95.808
94.599
93.105
91.278
89.072
86.438
83.329
79.704
75.526
70.77
65.419
59.472
52.944
45.866
38.284
30.264
21.886
13.241
4.432
-4.42
-13.179
-21.788
-21.791
-13.181
-4.4206
4.4326
13.243
21.889
30.268
38.289
45.872
52.952
59.48
65.428
70.779
75.537
79.715
83.341
86.45
89.084
91.291
93.117
94.612
95.822
96.789
97.555
98.154
98.617
98.972
99.241
99.442
99.592
99.702
99.781
99.839
99.88
99.908
99.928
99.942
99.952
99.958
99.963
99.966
99.968
99.969
99.97
99.97
99.971
99.971
99.971
99.971
99.971
99.971
99.971
99.971
99.971
99.971
99.971
99.971
99.971
99.971
99.971
99.971
99.97
99.97
99.969
99.968
99.966
99.963
99.958
99.952
99.942
99.928
99.908
99.88
99.839
99.781
99.702
99.592
99.442
99.241
98.972
98.617
98.154
97.555
96.789
95.822
94.612
93.117
91.291
89.084
86.45
83.341
79.715
75.537
70.779
65.428
59.48
52.952
45.872
38.289
30.268
21.889
13.243
4.4326
-4.4206
-13.181
-21.791
-21.793
-13.182
-4.421
4.433
13.244
21.891
30.271
38.293
45.876
52.956
59.486
65.434
70.786
75.544
79.722
83.348
86.458
89.093
91.299
93.126
94.621
95.831
96.798
97.564
98.163
98.627
98.981
99.25
99.452
99.601
99.711
99.791
99.848
99.889
99.918
99.938
99.952
99.962
99.968
99.972
99.975
99.977
99.979
99.979
99.98
99.98
99.98
99.981
99.981
99.981
99.981
99.981
99.981
99.981
99.981
99.981
99.981
99.981
99.981
99.98
99.98
99.98
99.979
99.979
99.977
99.975
99.972
99.968
99.962
99.952
99.938
99.918
99.889
99.848
99.791
99.711
99.601
99.452
99.25
98.981
98.627
98.163
97.564
96.798
95.831
94.621
93.126
91.299
89.093
86.458
83.348
79.722
75.544
70.786
65.434
59.486
52.956
45.876
38.293
30.271
21.891
13.244
4.433
-4.421
-13.182
-21.793
-21.794
-13.183
-4.4213
4.4333
13.245
21.892
30.273
38.295
45.879
52.96
59.49
65.438
70.79
75.548
79.727
83.354
86.463
89.098
91.305
93.132
94.627
95.837
96.805
97.57
98.169
98.633
98.988
99.257
99.458
99.608
99.718
99.797
99.855
99.896
99.924
99.945
99.958
99.968
99.975
99.979
99.982
99.984
99.985
99.986
99.986
99.987
99.987
99.987
99.987
99.987
99.987
99.987
99.987
99.987
99.987
99.987
99.987
99.987
99.987
99.987
99.987
99.986
99.986
99.985
99.984
99.982
99.979
99.975
99.968
99.958
99.945
99.924
99.896
99.855
99.797
99.718
99.608
99.458
99.257
98.988
98.633
98.169
97.57
96.805
95.837
94.627
93.132
91.305
89.098
86.463
83.354
79.727
75.548
70.79
65.438
59.49
52.96
45.879
38.295
30.273
21.892
13.245
4.4333
-4.4213
-13.183
-21.794
-21.795
-13.184
-4.4215
4.4335
13.245
21.893
30.274
38.297
45.881
52.962
59.492
65.441
70.793
75.552
79.731
83.357
86.467
89.102
91.309
93.136
94.631
95.841
96.809
97.575
98.174
98.637
98.992
99.261
99.463
99.612
99.722
99.802
99.859
99.9
99.929
99.949
99.963
99.972
99.979
99.983
99.986
99.988
99.989
99.99
99.991
99.991
99.991
99.991
99.992
99.992
99.992
99.992
99.992
99.992
99.992
99.992
99.992
99.992
99.991
99.991
99.991
99.991
99.99
99.989
99.988
99.986
99.983
99.979
99.972
99.963
99.949
99.929
99.9
99.859
99.802
99.722
99.612
99.463
99.261
98.992
98.637
98.174
97.575
96.809
95.841
94.631
93.136
91.309
89.102
86.467
83.357
79.731
75.552
70.793
65.441
59.492
52.962
45.881
38.297
30.274
21.893
13.245
4.4335
-4.4215
-13.184
-21.795
-21.796
-13.184
-4.4216
4.4336
13.246
21.893
30.275
38.298
45.882
52.963
59.494
65.442
70.795
75.554
79.733
83.36
86.469
89.105
91.312
93.139
94.634
95.844
96.812
97.577
98.176
98.64
98.995
99.264
99.466
99.615
99.725
99.805
99.862
99.903
99.932
99.952
99.966
99.975
99.982
99.986
99.989
99.991
99.992
99.993
99.994
99.994
99.994
99.994
99.994
99.994
99.995
99.995
99.995
99.995
99.995
99.995
99.994
99.994
99.994
99.994
99.994
99.994
99.993
99.992
99.991
99.989
99.986
99.982
99.975
99.966
99.952
99.932
99.903
99.862
99.805
99.725
99.615
99.466
99.264
98.995
98.64
98.176
97.577
96.812
95.844
94.634
93.139
91.312
89.105
86.469
83.36
79.733
75.554
70.795
65.442
59.494
52.963
45.882
38.298
30.275
21.893
13.246
4.4336
-4.4216
-13.184
-21.796
-21.796
-13.184
-4.4217
4.4337
13.246
21.894
30.276
38.299
45.883
52.964
59.495
65.444
70.797
75.555
79.734
83.361
86.471
89.106
91.313
93.141
94.636
95.846
96.814
97.579
98.178
98.642
98.997
99.266
99.467
99.617
99.727
99.806
99.864
99.905
99.934
99.954
99.968
99.977
99.984
99.988
99.991
99.993
99.994
99.995
99.996
99.996
99.996
99.996
99.996
99.996
99.996
99.996
99.996
99.996
99.996
99.996
99.996
99.996
99.996
99.996
99.996
99.996
99.995
99.994
99.993
99.991
99.988
99.984
99.977
99.968
99.954
99.934
99.905
99.864
99.806
99.727
99.617
99.467
99.266
98.997
98.642
98.178
97.579
96.814
95.846
94.636
93.141
91.313
89.106
86.471
83.361
79.734
75.555
70.797
65.444
59.495
52.964
45.883
38.299
30.276
21.894
13.246
4.4337
-4.4217
-13.184
-21.796
-21.796
-13.184
-4.4217
4.4337
13.246
21.894
30.276
38.299
45.884
52.965
59.496
65.444
70.798
75.556
79.735
83.362
86.472
89.107
91.315
93.142
94.637
95.847
96.815
97.58
98.18
98.643
98.998
99.267
99.469
99.618
99.728
99.808
99.865
99.906
99.935
99.955
99.969
99.979
99.985
99.989
99.992
99.994
99.996
99.996
99.997
99.997
99.997
99.998
99.998
99.998
99.998
99.998
99.998
99.998
99.998
99.998
99.998
99.998
99.998
99.997
99.997
99.997
99.996
99.996
99.994
99.992
99.989
99.985
99.979
99.969
99.955
99.935
99.906
99.865
99.808
99.728
99.618
99.469
99.267
98.998
98.643
98.18
97.58
96.815
95.847
94.637
93.142
91.315
89.107
86.472
83.362
79.735
75.556
70.798
65.444
59.496
52.965
45.884
38.299
30.276
21.894
13.246
4.4337
-4.4217
-13.184
-21.796
-21.796
-13.184
-4.4218
4.4338
13.246
21.894
30.276
38.299
45.884
52.965
59.496
65.445
70.798
75.557
79.736
83.363
86.473
89.108
91.315
93.142
94.638
95.848
96.816
97.581
98.18
98.644
98.999
99.268
99.47
99.619
99.729
99.809
99.866
99.907
99.936
99.956
99.97
99.979
99.986
99.99
99.993
99.995
99.996
99.997
99.998
99.998
99.998
99.998
99.998
99.998
99.999
99.999
99.999
99.999
99.999
99.999
99.998
99.998
99.998
99.998
99.998
99.998
99.997
99.996
99.995
99.993
99.99
99.986
99.979
99.97
99.956
99.936
99.907
99.866
99.809
99.729
99.619
99.47
99.268
98.999
98.644
98.18
97.581
96.816
95.848
94.638
93.142
91.315
89.108
86.473
83.363
79.736
75.557
70.798
65.445
59.496
52.965
45.884
38.299
30.276
21.894
13.246
4.4338
-4.4218
-13.184
-21.796
-21.797
-13.185
-4.4218
4.4338
13.246
21.894
30.276
38.3
45.884
52.966
59.496
65.445
70.798
75.557
79.736
83.363
86.473
89.109
91.316
93.143
94.638
95.848
96.816
97.582
98.181
98.645
99
99.268
99.47
99.62
99.729
99.809
99.866
99.907
99.936
99.956
99.97
99.98
99.986
99.991
99.994
99.996
99.997
99.998
99.998
99.999
99.999
99.999
99.999
99.999
99.999
99.999
99.999
99.999
99.999
99.999
99.999
99.999
99.999
99.999
99.999
99.998
99.998
99.997
99.996
99.994
99.991
99.986
99.98
99.97
99.956
99.936
99.907
99.866
99.809
99.729
99.62
99.47
99.268
99
98.645
98.181
97.582
96.816
95.848
94.638
93.143
91.316
89.109
86.473
83.363
79.736
75.557
70.798
65.445
59.496
52.966
45.884
38.3
30.276
21.894
13.246
4.4338
-4.4218
-13.185
-21.797
-21.797
-13.185
-4.4218
4.4338
13.246
21.894
30.277
38.3
45.884
52.966
59.497
65.446
70.799
75.557
79.737
83.364
86.473
89.109
91.316
93.143
94.639
95.848
96.816
97.582
98.181
98.645
99
99.269
99.47
99.62
99.73
99.809
99.867
99.908
99.937
99.957
99.971
99.98
99.987
99.991
99.994
99.996
99.997
99.998
99.999
99.999
99.999
99.999
99.999
99.999
99.999
99.999
99.999
99.999
99.999
99.999
99.999
99.999
99.999
99.999
99.999
99.999
99.998
99.997
99.996
99.994
99.991
99.987
99.98
99.971
99.957
99.937
99.908
99.867
99.809
99.73
99.62
99.47
99.269
99
98.645
98.181
97.582
96.816
95.848
94.639
93.143
91.316
89.109
86.473
83.364
79.737
75.557
70.799
65.446
59.497
52.966
45.884
38.3
30.277
21.894
13.246
4.4338
-4.4218
-13.185
-21.797
-21.797
-13.185
-4.4218
4.4338
13.246
21.895
30.277
38.3
45.884
52.966
59.497
65.446
70.799
75.558
79.737
83.364
86.474
89.109
91.316
93.143
94.639
95.849
96.817
97.582
98.181
98.645
99
99.269
99.471
99.62
99.73
99.81
99.867
99.908
99.937
99.957
99.971
99.98
99.987
99.991
99.994
99.996
99.997
99.998
99.999
99.999
99.999
99.999
100
100
100
100
100
100
100
100
100
100
99.999
99.999
99.999
99.999
99.998
99.997
99.996
99.994
99.991
99.987
99.98
99.971
99.957
99.937
99.908
99.867
99.81
99.73
99.62
99.471
99.269
99
98.645
98.181
97.582
96.817
95.849
94.639
93.143
91.316
89.109
86.474
83.364
79.737
75.558
70.799
65.446
59.497
52.966
45.884
38.3
30.277
21.895
13.246
4.4338
-4.4218
-13.185
-21.797
-21.797
-13.185
-4.4218
4.4338
13.246
21.895
30.277
38.3
45.884
52.966
59.497
65.446
70.799
75.558
79.737
83.364
86.474
89.109
91.316
93.144
94.639
95.849
96.817
97.582
98.182
98.645
99
99.269
99.471
99.62
99.73
99.81
99.867
99.908
99.937
99.957
99.971
99.981
99.987
99.991
99.994
99.996
99.998
99.998
99.999
99.999
99.999
100
100
100
100
100
100
100
100
100
100
100
100
99.999
99.999
99.999
99.998
99.998
99.996
99.994
99.991
99.987
99.981
99.971
99.957
99.937
99.908
99.867
99.81
99.73
99.62
99.471
99.269
99
98.645
98.182
97.582
96.817
95.849
94.639
93.144
91.316
89.109
86.474
83.364
79.737
75.558
70.799
65.446
59.497
52.966
45.884
38.3
30.277
21.895
13.246
4.4338
-4.4218
-13.185
-21.797
-21.797
-13.185
-4.4218
4.4338
13.246
21.895
30.277
38.3
45.884
52.966
59.497
65.446
70.799
75.558
79.737
83.364
86.474
89.109
91.316
93.144
94.639
95.849
96.817
97.582
98.182
98.645
99
99.269
99.471
99.62
99.73
99.81
99.867
99.908
99.937
99.957
99.971
99.981
99.987
99.992
99.994
99.996
99.998
99.998
99.999
99.999
100
100
100
100
100
100
100
100
100
100
100
100
100
100
99.999
99.999
99.998
99.998
99.996
99.994
99.992
99.987
99.981
99.971
99.957
99.937
99.908
99.867
99.81
99.73
99.62
99.471
99.269
99
98.645
98.182
97.582
96.817
95.849
94.639
93.144
91.316
89.109
86.474
83.364
79.737
75.558
70.799
65.446
59.497
52.966
45.884
38.3
30.277
21.895
13.246
4.4338
-4.4218
-13.185
-21.797
-21.797
-13.185
-4.4218
4.4338
13.246
21.895
30.277
38.3
45.884
52.966
59.497
65.446
70.799
75.558
79.737
83.364
86.474
89.109
91.316
93.144
94.639
95.849
96.817
97.583
98.182
98.645
99
99.269
99.471
99.62
99.73
99.81
99.867
99.908
99.937
99.957
99.971
99.981
99.987
99.992
99.994
99.996
99.998
99.998
99.999
99.999
100
100
100
100
100
100
100
100
100
100
100
100
100
100
99.999
99.999
99.998
99.998
99.996
99.994
99.992
99.987
99.981
99.971
99.957
99.937
99.908
99.867
99.81
99.73
99.62
99.471
99.269
99
98.645
98.182
97.583
96.817
95.849
94.639
93.144
91.316
89.109
86.474
83.364
79.737
75.558
70.799
65.446
59.497
52.966
45.884
38.3
30.277
21.895
13.246
4.4338
-4.4218
-13.185
-21.797
-21.797
-13.185
-4.4218
4.4338
13.246
21.895
30.277
38.3
45.884
52.966
59.497
65.446
70.799
75.558
79.737
83.364
86.474
89.109
91.316
93.144
94.639
95.849
96.817
97.583
98.182
98.645
99
99.269
99.471
99.62
99.73
99.81
99.867
99.908
99.937
99.957
99.971
99.981
99.987
99.992
99.995
99.996
99.998
99.999
99.999
99.999
100
100
100
100
100
100
100
100
100
100
100
100
100
100
99.999
99.999
99.999
99.998
99.996
99.995
99.992
99.987
99.981
99.971
99.957
99.937
99.908
99.867
99.81
99.73
99.62
99.471
99.269
99
98.645
98.182
97.583
96.817
95.849
94.639
93.144
91.316
89.109
86.474
83.364
79.737
75.558
70.799
65.446
59.497
52.966
45.884
38.3
30.277
21.895
13.246
4.4338
-4.4218
-13.185
-21.797
-21.797
-13.185
-4.4218
4.4338
13.246
21.895
30.277
38.3
45.884
52.966
59.497
65.446
70.799
75.558
79.737
83.364
86.474
89.109
91.316
93.144
94.639
95.849
96.817
97.583
98.182
98.645
99
99.269
99.471
99.62
99.73
99.81
99.867
99.908
99.937
99.957
99.971
99.981
99.987
99.992
99.995
99.996
99.998
99.999
99.999
99.999
100
100
100
100
100
100
100
100
100
100
100
100
100
100
99.999
99.999
99.999
99.998
99.996
99.995
99.992
99.987
99.981
99.971
99.957
99.937
99.908
99.867
99.81
99.73
99.62
99.471
99.269
99
98.645
98.182
97.583
96.817
95.849
94.639
93.144
91.316
89.109
86.474
83.364
79.737
75.558
70.799
65.446
59.497
52.966
45.884
38.3
30.277
21.895
13.246
4.4338
-4.4218
-13.185
-21.797
-21.797
-13.185
-4.4218
4.4338
13.246
21.895
30.277
38.3
45.884
52.966
59.497
65.446
70.799
75.558
79.737
83.364
86.474
89.109
91.316
93.144
94.639
95.849
96.817
97.583
98.182
98.645
99
99.269
99.471
99.62
99.73
99.81
99.867
99.908
99.937
99.957
99.971
99.981
99.987
99.992
99.995
99.996
99.998
99.999
99.999
99.999
100
100
100
100
100
100
100
100
100
100
100
100
100
100
99.999
99.999
99.999
99.998
99.996
99.995
99.992
99.987
99.981
99.971
99.957
99.937
99.908
99.867
99.81
99.73
99.62
99.471
99.269
99
98.645
98.182
97.583
96.817
95.849
94.639
93.144
91.316
89.109
86.474
83.364
79.737
75.558
70.799
65.446
59.497
52.966
45.884
38.3
30.277
21.895
13.246
4.4338
-4.4218
-13.185
-21.797
-21.797
-13.185
-4.4218
4.4338
13.246
21.895
30.277
38.3
45.884
52.966
59.497
65.446
70.799
75.558
79.737
83.364
86.474
89.109
91.316
93.144
94.639
95.849
96.817
97.583
98.182
98.645
99
99.269
99.471
99.62
99.73
99.81
99.867
99.908
99.937
99.957
99.971
99.981
99.987
99.992
99.995
99.996
99.998
99.999
99.999
99.999
100
100
100
100
100
100
100
100
100
100
100
100
100
100
99.999
99.999
99.999
99.998
99.996
99.995
99.992
99.987
99.981
99.971
99.957
99.937
99.908
99.867
99.81
99.73
99.62
99.471
99.269
99
98.645
98.182
97.583
96.817
95.849
94.639
93.144
91.316
89.109
86.474
83.364
79.737
75.558
70.799
65.446
59.497
52.966
45.884
38.3
30.277
21.895
13.246
4.4338
-4.4218
-13.185
-21.797
-21.797
-13.185
-4.4218
4.4338
13.246
21.895
30.277
38.3
45.884
52.966
59.497
65.446
70.799
75.558
79.737
83.364
86.474
89.109
91.316
93.144
94.639
95.849
96.817
97.583
98.182
98.645
99
99.269
99.471
99.62
99.73
99.81
99.867
99.908
99.937
99.957
99.971
99.981
99.987
99.992
99.995
99.996
99.998
99.999
99.999
99.999
100
100
100
100
100
100
100
100
100
100
100
100
100
100
99.999
99.999
99.999
99.998
99.996
99.995
99.992
99.987
99.981
99.971
99.957
99.937
99.908
99.867
99.81
99.73
99.62
99.471
99.269
99
98.645
98.182
97.583
96.817
95.849
94.639
93.144
91.316
89.109
86.474
83.364
79.737
75.558
70.799
65.446
59.497
52.966
45.884
38.3
30.277
21.895
13.246
4.4338
-4.4218
-13.185
-21.797
-21.797
-13.185
-4.4218
4.4338
13.246
21.895
30.277
38.3
45.884
52.966
59.497
65.446
70.799
75.558
79.737
83.364
86.474
89.109
91.316
93.144
94.639
95.849
96.817
97.583
98.182
98.645
99
99.269
99.471
99.62
99.73
99.81
99.867
99.908
99.937
99.957
99.971
99.981
99.987
99.992
99.995
99.996
99.998
99.999
99.999
99.999
100
100
100
100
100
100
100
100
100
100
100
100
100
100
99.999
99.999
99.999
99.998
99.996
99.995
99.992
99.987
99.981
99.971
99.957
99.937
99.908
99.867
99.81
99.73
99.62
99.471
99.269
99
98.645
98.182
97.583
96.817
95.849
94.639
93.144
91.316
89.109
86.474
83.364
79.737
75.558
70.799
65.446
59.497
52.966
45.884
38.3
30.277
21.895
13.246
4.4338
-4.4218
-13.185
-21.797
-21.797
-13.185
-4.4218
4.4338
13.246
21.895
30.277
38.3
45.884
52.966
59.497
65.446
70.799
75.558
79.737
83.364
86.474
89.109
91.316
93.144
94.639
95.849
96.817
97.583
98.182
98.645
99
99.269
99.471
99.62
99.73
99.81
99.867
99.908
99.937
99.957
99.971
99.981
99.987
99.992
99.994
99.996
99.998
99.998
99.999
99.999
100
100
100
100
100
100
100
100
100
100
100
100
100
100
99.999
99.999
99.998
99.998
99.996
99.994
99.992
99.987
99.981
99.971
99.957
99.937
99.908
99.867
99.81
99.73
99.62
99.471
99.269
99
98.645
98.182
97.583
96.817
95.849
94.639
93.144
91.316
89.109
86.474
83.364
79.737
75.558
70.799
65.446
59.497
52.966
45.884
38.3
30.277
21.895
13.246
4.4338
-4.4218
-13.185
-21.797
-21.797
-13.185
-4.4218
4.4338
13.246
21.895
30.277
38.3
45.884
52.966
59.497
65.446
70.799
75.558
79.737
83.364
86.474
89.109
91.316
93.144
94.639
95.849
96.817
97.582
98.182
98.645
99
99.269
99.471
99.62
99.73
99.81
99.867
99.908
99.937
99.957
99.971
99.981
99.987
99.992
99.994
99.996
99.998
99.998
99.999
99.999
100
100
100
100
100
100
100
100
100
100
100
100
100
100
99.999
99.999
99.998
99.998
99.996
99.994
99.992
99.987
99.981
99.971
99.957
99.937
99.908
99.867
99.81
99.73
99.62
99.471
99.269
99
98.645
98.182
97.582
96.817
95.849
94.639
93.144
91.316
89.109
86.474
83.364
79.737
75.558
70.799
65.446
59.497
52.966
45.884
38.3
30.277
21.895
13.246
4.4338
-4.4218
-13.185
-21.797
-21.797
-13.185
-4.4218
4.4338
13.246
21.895
30.277
38.3
45.884
52.966
59.497
65.446
70.799
75.558
79.737
83.364
86.474
89.109
91.316
93.144
94.639
95.849
96.817
97.582
98.182
98.645
99
99.269
99.471
99.62
99.73
99.81
99.867
99.908
99.937
99.957
99.971
99.981
99.987
99.991
99.994
99.996
99.998
99.998
99.999
99.999
99.999
100
100
100
100
100
100
100
100
100
100
100
100
99.999
99.999
99.999
99.998
99.998
99.996
99.994
99.991
99.987
99.981
99.971
99.957
99.937
99.908
99.867
99.81
99.73
99.62
99.471
99.269
99
98.645
98.182
97.582
96.817
95.849
94.639
93.144
91.316
89.109
86.474
83.364
79.737
75.558
70.799
65.446
59.497
52.966
45.884
38.3
30.277
21.895
13.246
4.4338
-4.4218
-13.185
-21.797
-21.797
-13.185
-4.4218
4.4338
13.246
21.895
30.277
38.3
45.884
52.966
59.497
65.446
70.799
75.558
79.737
83.364
86.474
89.109
91.316
93.143
94.639
95.849
96.817
97.582
98.181
98.645
99
99.269
99.471
99.62
99.73
99.81
99.867
99.908
99.937
99.957
99.971
99.98
99.987
99.991
99.994
99.996
99.997
99.998
99.999
99.999
99.999
99.999
100
100
100
100
100
100
100
100
100
100
99.999
99.999
99.999
99.999
99.998
99.997
99.996
99.994
99.991
99.987
99.98
99.971
99.957
99.937
99.908
99.867
99.81
99.73
99.62
99.471
99.269
99
98.645
98.181
97.582
96.817
95.849
94.639
93.143
91.316
89.109
86.474
83.364
79.737
75.558
70.799
65.446
59.497
52.966
45.884
38.3
30.277
21.895
13.246
4.4338
-4.4218
-13.185
-21.797
-21.797
-13.185
-4.4218
4.4338
13.246
21.894
30.277
38.3
45.884
52.966
59.497
65.446
70.799
75.557
79.737
83.364
86.473
89.109
91.316
93.143
94.639
95.848
96.816
97.582
98.181
98.645
99
99.269
99.47
99.62
99.73
99.809
99.867
99.908
99.937
99.957
99.971
99.98
99.987
99.991
99.994
99.996
99.997
99.998
99.999
99.999
99.999
99.999
99.999
99.999
99.999
99.999
99.999
99.999
99.999
99.999
99.999
99.999
99.999
99.999
99.999
99.999
99.998
99.997
99.996
99.994
99.991
99.987
99.98
99.971
99.957
99.937
99.908
99.867
99.809
99.73
99.62
99.47
99.269
99
98.645
98.181
97.582
96.816
95.848
94.639
93.143
91.316
89.109
86.473
83.364
79.737
75.557
70.799
65.446
59.497
52.966
45.884
38.3
30.277
21.894
13.246
4.4338
-4.4218
-13.185
-21.797
-21.797
-13.185
-4.4218
4.4338
13.246
21.894
30.276
38.3
45.884
52.966
59.496
65.445
70.798
75.557
79.736
83.363
86.473
89.109
91.316
93.143
94.638
95.848
96.816
97.582
98.181
98.645
99
99.268
99.47
99.62
99.729
99.809
99.866
99.907
99.936
99.956
99.97
99.98
99.986
99.991
99.994
99.996
99.997
99.998
99.998
99.999
99.999
99.999
99.999
99.999
99.999
99.999
99.999
99.999
99.999
99.999
99.999
99.999
99.999
99.999
99.999
99.998
99.998
99.997
99.996
99.994
99.991
99.986
99.98
99.97
99.956
99.936
99.907
99.866
99.809
99.729
99.62
99.47
99.268
99
98.645
98.181
97.582
96.816
95.848
94.638
93.143
91.316
89.109
86.473
83.363
79.736
75.557
70.798
65.445
59.496
52.966
45.884
38.3
30.276
21.894
13.246
4.4338
-4.4218
-13.185
-21.797
-21.796
-13.184
-4.4218
4.4338
13.246
21.894
30.276
38.299
45.884
52.965
59.496
65.445
70.798
75.557
79.736
83.363
86.473
89.108
91.315
93.142
94.638
95.848
96.816
97.581
98.18
98.644
98.999
99.268
99.47
99.619
99.729
99.809
99.866
99.907
99.936
99.956
99.97
99.979
99.986
99.99
99.993
99.995
99.996
99.997
99.998
99.998
99.998
99.998
99.998
99.998
99.999
99.999
99.999
99.999
99.999
99.999
99.998
99.998
99.998
99.998
99.998
99.998
99.997
99.996
99.995
99.993
99.99
99.986
99.979
99.97
99.956
99.936
99.907
99.866
99.809
99.729
99.619
99.47
99.268
98.999
98.644
98.18
97.581
96.816
95.848
94.638
93.142
91.315
89.108
86.473
83.363
79.736
75.557
70.798
65.445
59.496
52.965
45.884
38.299
30.276
21.894
13.246
4.4338
-4.4218
-13.184
-21.796
-21.796
-13.184
-4.4217
4.4337
13.246
21.894
30.276
38.299
45.884
52.965
59.496
65.444
70.798
75.556
79.735
83.362
86.472
89.107
91.315
93.142
94.637
95.847
96.815
97.58
98.18
98.643
98.998
99.267
99.469
99.618
99.728
99.808
99.865
99.906
99.935
99.955
99.969
99.979
99.985
99.989
99.992
99.994
99.996
99.996
99.997
99.997
99.997
99.998
99.998
99.998
99.998
99.998
99.998
99.998
99.998
99.998
99.998
99.998
99.998
99.997
99.997
99.997
99.996
99.996
99.994
99.992
99.989
99.985
99.979
99.969
99.955
99.935
99.906
99.865
99.808
99.728
99.618
99.469
99.267
98.998
98.643
98.18
97.58
96.815
95.847
94.637
93.142
91.315
89.107
86.472
83.362
79.735
75.556
70.798
65.444
59.496
52.965
45.884
38.299
30.276
21.894
13.246
4.4337
-4.4217
-13.184
-21.796
-21.796
-13.184
-4.4217
4.4337
13.246
21.894
30.276
38.299
45.883
52.964
59.495
65.444
70.797
75.555
79.734
83.361
86.471
89.106
91.313
93.141
94.636
95.846
96.814
97.579
98.178
98.642
98.997
99.266
99.467
99.617
99.727
99.806
99.864
99.905
99.934
99.954
99.968
99.977
99.984
99.988
99.991
99.993
99.994
99.995
99.996
99.996
99.996
99.996
99.996
99.996
99.996
99.996
99.996
99.996
99.996
99.996
99.996
99.996
99.996
99.996
99.996
99.996
99.995
99.994
99.993
99.991
99.988
99.984
99.977
99.968
99.954
99.934
99.905
99.864
99.806
99.727
99.617
99.467
99.266
98.997
98.642
98.178
97.579
96.814
95.846
94.636
93.141
91.313
89.106
86.471
83.361
79.734
75.555
70.797
65.444
59.495
52.964
45.883
38.299
30.276
21.894
13.246
4.4337
-4.4217
-13.184
-21.796
-21.796
-13.184
-4.4216
4.4336
13.246
21.893
30.275
38.298
45.882
52.963
59.494
65.442
70.795
75.554
79.733
83.36
86.469
89.105
91.312
93.139
94.634
95.844
96.812
97.577
98.176
98.64
98.995
99.264
99.466
99.615
99.725
99.805
99.862
99.903
99.932
99.952
99.966
99.975
99.982
99.986
99.989
99.991
99.992
99.993
99.994
99.994
99.994
99.994
99.994
99.994
99.995
99.995
99.995
99.995
99.995
99.995
99.994
99.994
99.994
99.994
99.994
99.994
99.993
99.992
99.991
99.989
99.986
99.982
99.975
99.966
99.952
99.932
99.903
99.862
99.805
99.725
99.615
99.466
99.264
98.995
98.64
98.176
97.577
96.812
95.844
94.634
93.139
91.312
89.105
86.469
83.36
79.733
75.554
70.795
65.442
59.494
52.963
45.882
38.298
30.275
21.893
13.246
4.4336
-4.4216
-13.184
-21.796
-21.795
-13.184
-4.4215
4.4335
13.245
21.893
30.274
38.297
45.881
52.962
59.492
65.441
70.793
75.552
79.731
83.357
86.467
89.102
91.309
93.136
94.631
95.841
96.809
97.575
98.174
98.637
98.992
99.261
99.463
99.612
99.722
99.802
99.859
99.9
99.929
99.949
99.963
99.972
99.979
99.983
99.986
99.988
99.989
99.99
99.991
99.991
99.991
99.991
99.992
99.992
99.992
99.992
99.992
99.992
99.992
99.992
99.992
99.992
99.991
99.991
99.991
99.991
99.99
99.989
99.988
99.986
99.983
99.979
99.972
99.963
99.949
99.929
99.9
99.859
99.802
99.722
99.612
99.463
99.261
98.992
98.637
98.174
97.575
96.809
95.841
94.631
93.136
91.309
89.102
86.467
83.357
79.731
75.552
70.793
65.441
59.492
52.962
45.881
38.297
30.274
21.893
13.245
4.4335
-4.4215
-13.184
-21.795
-21.794
-13.183
-4.4213
4.4333
13.245
21.892
30.273
38.295
45.879
52.96
59.49
65.438
70.79
75.548
79.727
83.354
86.463
89.098
91.305
93.132
94.627
95.837
96.805
97.57
98.169
98.633
98.988
99.257
99.458
99.608
99.718
99.797
99.855
99.896
99.924
99.945
99.958
99.968
99.975
99.979
99.982
99.984
99.985
99.986
99.986
99.987
99.987
99.987
99.987
99.987
99.987
99.987
99.987
99.987
99.987
99.987
99.987
99.987
99.987
99.987
99.987
99.986
99.986
99.985
99.984
99.982
99.979
99.975
99.968
99.958
99.945
99.924
99.896
99.855
99.797
99.718
99.608
99.458
99.257
98.988
98.633
98.169
97.57
96.805
95.837
94.627
93.132
91.305
89.098
86.463
83.354
79.727
75.548
70.79
65.438
59.49
52.96
45.879
38.295
30.273
21.892
13.245
4.4333
-4.4213
-13.183
-21.794
-21.793
-13.182
-4.421
4.433
13.244
21.891
30.271
38.293
45.876
52.956
59.486
65.434
70.786
75.544
79.722
83.348
86.458
89.093
91.299
93.126
94.621
95.831
96.798
97.564
98.163
98.627
98.981
99.25
99.452
99.601
99.711
99.791
99.848
99.889
99.918
99.938
99.952
99.962
99.968
99.972
99.975
99.977
99.979
99.979
99.98
99.98
99.98
99.981
99.981
99.981
99.981
99.981
99.981
99.981
99.981
99.981
99.981
99.981
99.981
99.98
99.98
99.98
99.979
99.979
99.977
99.975
99.972
99.968
99.962
99.952
99.938
99.918
99.889
99.848
99.791
99.711
99.601
99.452
99.25
98.981
98.627
98.163
97.564
96.798
95.831
94.621
93.126
91.299
89.093
86.458
83.348
79.722
75.544
70.786
65.434
59.486
52.956
45.876
38.293
30.271
21.891
13.244
4.433
-4.421
-13.182
-21.793
-21.791
-13.181
-4.4206
4.4326
13.243
21.889
30.268
38.289
45.872
52.952
59.48
65.428
70.779
75.537
79.715
83.341
86.45
89.084
91.291
93.117
94.612
95.822
96.789
97.555
98.154
98.617
98.972
99.241
99.442
99.592
99.702
99.781
99.839
99.88
99.908
99.928
99.942
99.952
99.958
99.963
99.966
99.968
99.969
99.97
99.97
99.971
99.971
99.971
99.971
99.971
99.971
99.971
99.971
99.971
99.971
99.971
99.971
99.971
99.971
99.971
99.971
99.97
99.97
99.969
99.968
99.966
99.963
99.958
99.952
99.942
99.928
99.908
99.88
99.839
99.781
99.702
99.592
99.442
99.241
98.972
98.617
98.154
97.555
96.789
95.822
94.612
93.117
91.291
89.084
86.45
83.341
79.715
75.537
70.779
65.428
59.48
52.952
45.872
38.289
30.268
21.889
13.243
4.4326
-4.4206
-13.181
-21.791
-21.788
-13.179
-4.42
4.432
13.241
21.886
30.264
38.284
45.866
52.944
59.472
65.419
70.77
75.526
79.704
83.329
86.438
89.072
91.278
93.105
94.599
95.808
96.776
97.541
98.14
98.603
98.958
99.227
99.429
99.578
99.688
99.767
99.825
99.866
99.894
99.915
99.928
99.938
99.945
99.949
99.952
99.954
99.955
99.956
99.956
99.957
99.957
99.957
99.957
99.957
99.957
99.957
99.957
99.957
99.957
99.957
99.957
99.957
99.957
99.957
99.957
99.956
99.956
99.955
99.954
99.952
99.949
99.945
99.938
99.928
99.915
99.894
99.866
99.825
99.767
99.688
99.578
99.429
99.227
98.958
98.603
98.14
97.541
96.776
95.808
94.599
93.105
91.278
89.072
86.438
83.329
79.704
75.526
70.77
65.419
59.472
52.944
45.866
38.284
30.264
21.886
13.241
4.432
-4.42
-13.179
-21.788
-21.784
-13.177
-4.4192
4.4312
13.238
21.881
30.258
38.277
45.857
52.934
59.461
65.406
70.756
75.512
79.688
83.313
86.421
89.054
91.26
93.086
94.58
95.789
96.756
97.522
98.12
98.584
98.938
99.207
99.408
99.558
99.668
99.747
99.805
99.845
99.874
99.894
99.908
99.918
99.924
99.929
99.932
99.934
99.935
99.936
99.936
99.937
99.937
99.937
99.937
99.937
99.937
99.937
99.937
99.937
99.937
99.937
99.937
99.937
99.937
99.937
99.937
99.936
99.936
99.935
99.934
99.932
99.929
99.924
99.918
99.908
99.894
99.874
99.845
99.805
99.747
99.668
99.558
99.408
99.207
98.938
98.584
98.12
97.522
96.756
95.789
94.58
93.086
91.26
89.054
86.421
83.313
79.688
75.512
70.756
65.406
59.461
52.934
45.857
38.277
30.258
21.881
13.238
4.4312
-4.4192
-13.177
-21.784
-21.778
-13.173
-4.4179
4.4299
13.235
21.875
30.25
38.266
45.844
52.919
59.444
65.388
70.736
75.49
79.666
83.289
86.396
89.029
91.234
93.059
94.553
95.762
96.729
97.494
98.092
98.555
98.91
99.179
99.38
99.529
99.639
99.718
99.776
99.817
99.845
99.866
99.88
99.889
99.896
99.9
99.903
99.905
99.906
99.907
99.907
99.908
99.908
99.908
99.908
99.908
99.908
99.908
99.908
99.908
99.908
99.908
99.908
99.908
99.908
99.908
99.908
99.907
99.907
99.906
99.905
99.903
99.9
99.896
99.889
99.88
99.866
99.845
99.817
99.776
99.718
99.639
99.529
99.38
99.179
98.91
98.555
98.092
97.494
96.729
95.762
94.553
93.059
91.234
89.029
86.396
83.289
79.666
75.49
70.736
65.388
59.444
52.919
45.844
38.266
30.25
21.875
13.235
4.4299
-4.4179
-13.173
-21.778
-21.769
-13.168
-4.4162
4.4282
13.229
21.867
30.238
38.251
45.826
52.898
59.42
65.362
70.708
75.46
79.634
83.256
86.361
88.993
91.197
93.022
94.515
95.723
96.689
97.454
98.052
98.515
98.87
99.138
99.339
99.489
99.598
99.678
99.735
99.776
99.805
99.825
99.839
99.848
99.855
99.859
99.862
99.864
99.865
99.866
99.866
99.867
99.867
99.867
99.867
99.867
99.867
99.867
99.867
99.867
99.867
99.867
99.867
99.867
99.867
99.867
99.867
99.866
99.866
99.865
99.864
99.862
99.859
99.855
99.848
99.839
99.825
99.805
99.776
99.735
99.678
99.598
99.489
99.339
99.138
98.87
98.515
98.052
97.454
96.689
95.723
94.515
93.022
91.197
88.993
86.361
83.256
79.634
75.46
70.708
65.362
59.42
52.898
45.826
38.251
30.238
21.867
13.229
4.4282
-4.4162
-13.168
-21.769
-21.757
-13.161
-4.4138
4.4257
13.222
21.855
30.221
38.23
45.8
52.869
59.387
65.325
70.668
75.418
79.589
83.209
86.312
88.943
91.145
92.969
94.461
95.668
96.634
97.398
97.996
98.459
98.813
99.081
99.282
99.431
99.541
99.62
99.678
99.718
99.747
99.767
99.781
99.791
99.797
99.802
99.805
99.806
99.808
99.809
99.809
99.809
99.81
99.81
99.81
99.81
99.81
99.81
99.81
99.81
99.81
99.81
99.81
99.81
99.81
99.81
99.809
99.809
99.809
99.808
99.806
99.805
99.802
99.797
99.791
99.781
99.767
99.747
99.718
99.678
99.62
99.541
99.431
99.282
99.081
98.813
98.459
97.996
97.398
96.634
95.668
94.461
92.969
91.145
88.943
86.312
83.209
79.589
75.418
70.668
65.325
59.387
52.869
45.8
38.23
30.221
21.855
13.222
4.4257
-4.4138
-13.161
-21.757
-21.74
-13.15
-4.4103
4.4223
13.212
21.838
30.198
38.2
45.765
52.828
59.341
65.274
70.613
75.359
79.526
83.143
86.244
88.872
91.073
92.895
94.386
95.592
96.557
97.321
97.918
98.38
98.734
99.002
99.203
99.352
99.461
99.541
99.598
99.639
99.668
99.688
99.702
99.711
99.718
99.722
99.725
99.727
99.728
99.729
99.729
99.73
99.73
99.73
99.73
99.73
99.73
99.73
99.73
99.73
99.73
99.73
99.73
99.73
99.73
99.73
99.73
99.729
99.729
99.728
99.727
99.725
99.722
99.718
99.711
99.702
99.688
99.668
99.639
99.598
99.541
99.461
99.352
99.203
99.002
98.734
98.38
97.918
97.321
96.557
95.592
94.386
92.895
91.073
88.872
86.244
83.143
79.526
75.359
70.613
65.274
59.341
52.828
45.765
38.2
30.198
21.838
13.212
4.4223
-4.4103
-13.15
-21.74
-21.717
-13.136
-4.4056
4.4176
13.198
21.814
30.165
38.159
45.716
52.771
59.277
65.204
70.537
75.277
79.44
83.053
86.151
88.776
90.974
92.794
94.283
95.488
96.452
97.214
97.811
98.272
98.626
98.893
99.094
99.243
99.352
99.431
99.489
99.529
99.558
99.578
99.592
99.601
99.608
99.612
99.615
99.617
99.618
99.619
99.62
99.62
99.62
99.62
99.62
99.62
99.62
99.62
99.62
99.62
99.62
99.62
99.62
99.62
99.62
99.62
99.62
99.62
99.619
99.618
99.617
99.615
99.612
99.608
99.601
99.592
99.578
99.558
99.529
99.489
99.431
99.352
99.243
99.094
98.893
98.626
98.272
97.811
97.214
96.452
95.488
94.283
92.794
90.974
88.776
86.151
83.053
79.44
75.277
70.537
65.204
59.277
52.771
45.716
38.159
30.165
21.814
13.198
4.4176
-4.4056
-13.136
-21.717
-21.685
-13.117
-4.3992
4.4111
13.178
21.782
30.121
38.103
45.649
52.693
59.19
65.108
70.433
75.166
79.323
82.93
86.023
88.644
90.839
92.656
94.142
95.345
96.308
97.069
97.664
98.125
98.478
98.745
98.945
99.094
99.203
99.282
99.339
99.38
99.408
99.429
99.442
99.452
99.458
99.463
99.466
99.467
99.469
99.47
99.47
99.47
99.471
99.471
99.471
99.471
99.471
99.471
99.471
99.471
99.471
99.471
99.471
99.471
99.471
99.471
99.47
99.47
99.47
99.469
99.467
99.466
99.463
99.458
99.452
99.442
99.429
99.408
99.38
99.339
99.282
99.203
99.094
98.945
98.745
98.478
98.125
97.664
97.069
96.308
95.345
94.142
92.656
90.839
88.644
86.023
82.93
79.323
75.166
70.433
65.108
59.19
52.693
45.649
38.103
30.121
21.782
13.178
4.4111
-4.3992
-13.117
-21.685
-21.642
-13.091
-4.3905
4.4024
13.152
21.739
30.062
38.028
45.558
52.589
59.073
64.978
70.292
75.016
79.165
82.764
85.851
88.466
90.656
92.469
93.953
95.153
96.113
96.873
97.467
97.927
98.279
98.545
98.745
98.893
99.002
99.081
99.138
99.179
99.207
99.227
99.241
99.25
99.257
99.261
99.264
99.266
99.267
99.268
99.268
99.269
99.269
99.269
99.269
99.269
99.269
99.269
99.269
99.269
99.269
99.269
99.269
99.269
99.269
99.269
99.269
99.268
99.268
99.267
99.266
99.264
99.261
99.257
99.25
99.241
99.227
99.207
99.179
99.138
99.081
99.002
98.893
98.745
98.545
98.279
97.927
97.467
96.873
96.113
95.153
93.953
92.469
90.656
88.466
85.851
82.764
79.165
75.016
70.292
64.978
59.073
52.589
45.558
38.028
30.062
21.739
13.152
4.4024
-4.3905
-13.091
-21.642
-21.585
-13.057
-4.3789
4.3908
13.117
21.682
29.982
37.927
45.437
52.449
58.915
64.805
70.105
74.816
78.953
82.543
85.621
88.229
90.413
92.22
93.7
94.897
95.854
96.611
97.204
97.662
98.013
98.279
98.478
98.626
98.734
98.813
98.87
98.91
98.938
98.958
98.972
98.981
98.988
98.992
98.995
98.997
98.998
98.999
99
99
99
99
99
99
99
99
99
99
99
99
99
99
99
99
99
99
98.999
98.998
98.997
98.995
98.992
98.988
98.981
98.972
98.958
98.938
98.91
98.87
98.813
98.734
98.626
98.478
98.279
98.013
97.662
97.204
96.611
95.854
94.897
93.7
92.22
90.413
88.229
85.621
82.543
78.953
74.816
70.105
64.805
58.915
52.449
45.437
37.927
29.982
21.682
13.117
4.3908
-4.3789
-13.057
-21.585
-21.509
-13.011
-4.3635
4.3754
13.071
21.606
29.877
37.794
45.277
52.265
58.708
64.577
69.857
74.551
78.673
82.25
85.316
87.915
90.091
91.892
93.366
94.558
95.511
96.266
96.856
97.312
97.662
97.927
98.125
98.272
98.38
98.459
98.515
98.555
98.584
98.603
98.617
98.627
98.633
98.637
98.64
98.642
98.643
98.644
98.645
98.645
98.645
98.645
98.645
98.645
98.645
98.645
98.645
98.645
98.645
98.645
98.645
98.645
98.645
98.645
98.645
98.645
98.644
98.643
98.642
98.64
98.637
98.633
98.627
98.617
98.603
98.584
98.555
98.515
98.459
98.38
98.272
98.125
97.927
97.662
97.312
96.856
96.266
95.511
94.558
93.366
91.892
90.091
87.915
85.316
82.25
78.673
74.551
69.857
64.577
58.708
52.265
45.277
37.794
29.877
21.606
13.071
4.3754
-4.3635
-13.011
-21.509
-21.41
-12.951
-4.3434
4.3552
13.011
21.506
29.739
37.619
45.068
52.023
58.436
64.277
69.533
74.205
78.307
81.867
84.919
87.505
89.67
91.462
92.929
94.115
95.064
95.815
96.402
96.856
97.204
97.467
97.664
97.811
97.918
97.996
98.052
98.092
98.12
98.14
98.154
98.163
98.169
98.174
98.176
98.178
98.18
98.18
98.181
98.181
98.181
98.182
98.182
98.182
98.182
98.182
98.182
98.182
98.182
98.182
98.182
98.182
98.182
98.181
98.181
98.181
98.18
98.18
98.178
98.176
98.174
98.169
98.163
98.154
98.14
98.12
98.092
98.052
97.996
97.918
97.811
97.664
97.467
97.204
96.856
96.402
95.815
95.064
94.115
92.929
91.462
89.67
87.505
84.919
81.867
78.307
74.205
69.533
64.277
58.436
52.023
45.068
37.619
29.739
21.506
13.011
4.3552
-4.3434
-12.951
-21.41
-21.282
-12.873
-4.3174
4.3291
12.933
21.377
29.561
37.393
44.798
51.71
58.084
63.89
69.114
73.757
77.834
81.372
84.405
86.974
89.126
90.907
92.364
93.543
94.486
95.231
95.815
96.266
96.611
96.873
97.069
97.214
97.321
97.398
97.454
97.494
97.522
97.541
97.555
97.564
97.57
97.575
97.577
97.579
97.58
97.581
97.582
97.582
97.582
97.582
97.582
97.583
97.583
97.583
97.583
97.583
97.583
97.583
97.583
97.582
97.582
97.582
97.582
97.582
97.581
97.58
97.579
97.577
97.575
97.57
97.564
97.555
97.541
97.522
97.494
97.454
97.398
97.321
97.214
97.069
96.873
96.611
96.266
95.815
95.231
94.486
93.543
92.364
90.907
89.126
86.974
84.405
81.372
77.834
73.757
69.114
63.89
58.084
51.71
44.798
37.393
29.561
21.377
12.933
4.3291
-4.3174
-12.873
-21.282
-21.118
-12.774
-4.284
4.2957
12.833
21.212
29.332
37.104
44.451
51.31
57.634
63.395
68.578
73.184
77.229
80.738
83.747
86.296
88.431
90.197
91.642
92.811
93.746
94.486
95.064
95.511
95.854
96.113
96.308
96.452
96.557
96.634
96.689
96.729
96.756
96.776
96.789
96.798
96.805
96.809
96.812
96.814
96.815
96.816
96.816
96.816
96.817
96.817
96.817
96.817
96.817
96.817
96.817
96.817
96.817
96.817
96.817
96.817
96.817
96.817
96.816
96.816
96.816
96.815
96.814
96.812
96.809
96.805
96.798
96.789
96.776
96.756
96.729
96.689
96.634
96.557
96.452
96.308
96.113
95.854
95.511
95.064
94.486
93.746
92.811
91.642
90.197
88.431
86.296
83.747
80.738
77.229
73.184
68.578
63.395
57.634
51.31
44.451
37.104
29.332
21.212
12.833
4.2957
-4.284
-12.774
-21.118
-20.909
-12.648
-4.2418
4.2533
12.707
21.003
29.043
36.738
44.012
50.803
57.065
62.768
67.899
72.459
76.463
79.937
82.915
85.438
87.551
89.299
90.729
91.886
92.811
93.543
94.115
94.558
94.897
95.153
95.345
95.488
95.592
95.668
95.723
95.762
95.789
95.808
95.822
95.831
95.837
95.841
95.844
95.846
95.847
95.848
95.848
95.848
95.849
95.849
95.849
95.849
95.849
95.849
95.849
95.849
95.849
95.849
95.849
95.849
95.849
95.849
95.848
95.848
95.848
95.847
95.846
95.844
95.841
95.837
95.831
95.822
95.808
95.789
95.762
95.723
95.668
95.592
95.488
95.345
95.153
94.897
94.558
94.115
93.543
92.811
91.886
90.729
89.299
87.551
85.438
82.915
79.937
76.463
72.459
67.899
62.768
57.065
50.803
44.012
36.738
29.043
21.003
12.707
4.2533
-4.2418
-12.648
-20.909
-20.649
-12.49
-4.189
4.2004
12.549
20.741
28.681
36.28
43.463
50.169
56.352
61.983
67.049
71.551
75.505
78.934
81.875
84.365
86.45
88.176
89.588
90.729
91.642
92.364
92.929
93.366
93.7
93.953
94.142
94.283
94.386
94.461
94.515
94.553
94.58
94.599
94.612
94.621
94.627
94.631
94.634
94.636
94.637
94.638
94.638
94.639
94.639
94.639
94.639
94.639
94.639
94.639
94.639
94.639
94.639
94.639
94.639
94.639
94.639
94.639
94.639
94.638
94.638
94.637
94.636
94.634
94.631
94.627
94.621
94.612
94.599
94.58
94.553
94.515
94.461
94.386
94.283
94.142
93.953
93.7
93.366
92.929
92.364
91.642
90.729
89.588
88.176
86.45
84.365
81.875
78.934
75.505
71.551
67.049
61.983
56.352
50.169
43.463
36.28
28.681
20.741
12.549
4.2004
-4.189
-12.49
-20.649
-20.326
-12.295
-4.1235
4.1347
12.352
20.417
28.233
35.713
42.783
49.383
55.469
61.012
65.998
70.429
74.319
77.694
80.587
83.038
85.09
86.787
88.176
89.299
90.197
90.907
91.462
91.892
92.22
92.469
92.656
92.794
92.895
92.969
93.022
93.059
93.086
93.105
93.117
93.126
93.132
93.136
93.139
93.141
93.142
93.142
93.143
93.143
93.143
93.144
93.144
93.144
93.144
93.144
93.144
93.144
93.144
93.144
93.144
93.144
93.144
93.143
93.143
93.143
93.142
93.142
93.141
93.139
93.136
93.132
93.126
93.117
93.105
93.086
93.059
93.022
92.969
92.895
92.794
92.656
92.469
92.22
91.892
91.462
90.907
90.197
89.299
88.176
86.787
85.09
83.038
80.587
77.694
74.319
70.429
65.998
61.012
55.469
49.383
42.783
35.713
28.233
20.417
12.352
4.1347
-4.1235
-12.295
-20.326
-19.932
-12.057
-4.0435
4.0544
12.113
20.02
27.684
35.019
41.951
48.423
54.39
59.823
64.712
69.056
72.869
76.178
79.013
81.415
83.426
85.09
86.45
87.551
88.431
89.126
89.67
90.091
90.413
90.656
90.839
90.974
91.073
91.145
91.197
91.234
91.26
91.278
91.291
91.299
91.305
91.309
91.312
91.313
91.315
91.315
91.316
91.316
91.316
91.316
91.316
91.316
91.316
91.316
91.316
91.316
91.316
91.316
91.316
91.316
91.316
91.316
91.316
91.316
91.315
91.315
91.313
91.312
91.309
91.305
91.299
91.291
91.278
91.26
91.234
91.197
91.145
91.073
90.974
90.839
90.656
90.413
90.091
89.67
89.126
88.431
87.551
86.45
85.09
83.426
81.415
79.013
76.178
72.869
69.056
64.712
59.823
54.39
48.423
41.951
35.019
27.684
20.02
12.113
4.0544
-4.0435
-12.057
-19.932
-19.454
-11.768
-3.9466
3.9573
11.822
19.541
27.02
34.179
40.945
47.261
53.084
58.387
63.157
67.395
71.117
74.344
77.111
79.454
81.415
83.038
84.365
85.438
86.296
86.974
87.505
87.915
88.229
88.466
88.644
88.776
88.872
88.943
88.993
89.029
89.054
89.072
89.084
89.093
89.098
89.102
89.105
89.106
89.107
89.108
89.109
89.109
89.109
89.109
89.109
89.109
89.109
89.109
89.109
89.109
89.109
89.109
89.109
89.109
89.109
89.109
89.109
89.109
89.108
89.107
89.106
89.105
89.102
89.098
89.093
89.084
89.072
89.054
89.029
88.993
88.943
88.872
88.776
88.644
88.466
88.229
87.915
87.505
86.974
86.296
85.438
84.365
83.038
81.415
79.454
77.111
74.344
71.117
67.395
63.157
58.387
53.084
47.261
40.945
34.179
27.02
19.541
11.822
3.9573
-3.9466
-11.768
-19.454
-18.883
-11.422
-3.8307
3.8412
11.475
18.967
26.227
33.175
39.742
45.872
51.523
56.669
61.298
65.411
69.022
72.154
74.838
77.111
79.013
80.587
81.875
82.915
83.747
84.405
84.919
85.316
85.621
85.851
86.023
86.151
86.244
86.312
86.361
86.396
86.421
86.438
86.45
86.458
86.463
86.467
86.469
86.471
86.472
86.473
86.473
86.473
86.474
86.474
86.474
86.474
86.474
86.474
86.474
86.474
86.474
86.474
86.474
86.474
86.474
86.474
86.473
86.473
86.473
86.472
86.471
86.469
86.467
86.463
86.458
86.45
86.438
86.421
86.396
86.361
86.312
86.244
86.151
86.023
85.851
85.621
85.316
84.919
84.405
83.747
82.915
81.875
80.587
79.013
77.111
74.838
72.154
69.022
65.411
61.298
56.669
51.523
45.872
39.742
33.175
26.227
18.967
11.475
3.8412
-3.8307
-11.422
-18.883
-18.208
-11.014
-3.6939
3.7039
11.065
18.289
25.29
31.989
38.321
44.231
49.68
54.641
59.103
63.068
66.549
69.567
72.154
74.344
76.178
77.694
78.934
79.937
80.738
81.372
81.867
82.25
82.543
82.764
82.93
83.053
83.143
83.209
83.256
83.289
83.313
83.329
83.341
83.348
83.354
83.357
83.36
83.361
83.362
83.363
83.363
83.364
83.364
83.364
83.364
83.364
83.364
83.364
83.364
83.364
83.364
83.364
83.364
83.364
83.364
83.364
83.364
83.363
83.363
83.362
83.361
83.36
83.357
83.354
83.348
83.341
83.329
83.313
83.289
83.256
83.209
83.143
83.053
82.93
82.764
82.543
82.25
81.867
81.372
80.738
79.937
78.934
77.694
76.178
74.344
72.154
69.567
66.549
63.068
59.103
54.641
49.68
44.231
38.321
31.989
25.29
18.289
11.065
3.7039
-3.6939
-11.014
-18.208
-17.421
-10.538
-3.534
3.5436
10.586
17.498
24.195
30.604
36.662
42.315
47.527
52.273
56.541
60.334
63.662
66.549
69.022
71.117
72.869
74.319
75.505
76.463
77.229
77.834
78.307
78.673
78.953
79.165
79.323
79.44
79.526
79.589
79.634
79.666
79.688
79.704
79.715
79.722
79.727
79.731
79.733
79.734
79.735
79.736
79.736
79.737
79.737
79.737
79.737
79.737
79.737
79.737
79.737
79.737
79.737
79.737
79.737
79.737
79.737
79.737
79.737
79.736
79.736
79.735
79.734
79.733
79.731
79.727
79.722
79.715
79.704
79.688
79.666
79.634
79.589
79.526
79.44
79.323
79.165
78.953
78.673
78.307
77.834
77.229
76.463
75.505
74.319
72.869
71.117
69.022
66.549
63.662
60.334
56.541
52.273
47.527
42.315
36.662
30.604
24.195
17.498
10.586
3.5436
-3.534
-10.538
-17.421
-16.512
-9.9879
-3.3496
3.3587
10.034
16.585
22.932
29.007
34.748
40.106
45.045
49.542
53.587
57.18
60.334
63.068
65.411
67.395
69.056
70.429
71.551
72.459
73.184
73.757
74.205
74.551
74.816
75.016
75.166
75.277
75.359
75.418
75.46
75.49
75.512
75.526
75.537
75.544
75.548
75.552
75.554
75.555
75.556
75.557
75.557
75.557
75.558
75.558
75.558
75.558
75.558
75.558
75.558
75.558
75.558
75.558
75.558
75.558
75.558
75.558
75.557
75.557
75.557
75.556
75.555
75.554
75.552
75.548
75.544
75.537
75.526
75.512
75.49
75.46
75.418
75.359
75.277
75.166
75.016
74.816
74.551
74.205
73.757
73.184
72.459
71.551
70.429
69.056
67.395
65.411
63.068
60.334
57.18
53.587
49.542
45.045
40.106
34.748
29.007
22.932
16.585
10.034
3.3587
-3.3496
-9.9879
-16.512
-15.476
-9.3612
-3.1394
3.148
9.4044
15.544
21.493
27.186
32.566
37.588
42.216
46.43
50.22
53.587
56.541
59.103
61.298
63.157
64.712
65.998
67.049
67.899
68.578
69.114
69.533
69.857
70.105
70.292
70.433
70.537
70.613
70.668
70.708
70.736
70.756
70.77
70.779
70.786
70.79
70.793
70.795
70.797
70.798
70.798
70.798
70.799
70.799
70.799
70.799
70.799
70.799
70.799
70.799
70.799
70.799
70.799
70.799
70.799
70.799
70.799
70.799
70.798
70.798
70.798
70.797
70.795
70.793
70.79
70.786
70.779
70.77
70.756
70.736
70.708
70.668
70.613
70.537
70.433
70.292
70.105
69.857
69.533
69.114
68.578
67.899
67.049
65.998
64.712
63.157
61.298
59.103
56.541
53.587
50.22
46.43
42.216
37.588
32.566
27.186
21.493
15.544
9.4044
3.148
-3.1394
-9.3612
-15.476
-14.309
-8.6555
-2.9028
2.9107
8.6954
14.372
19.872
25.136
30.11
34.752
39.031
42.927
46.43
49.542
52.273
54.641
56.669
58.387
59.823
61.012
61.983
62.768
63.395
63.89
64.277
64.577
64.805
64.978
65.108
65.204
65.274
65.325
65.362
65.388
65.406
65.419
65.428
65.434
65.438
65.441
65.442
65.444
65.444
65.445
65.445
65.446
65.446
65.446
65.446
65.446
65.446
65.446
65.446
65.446
65.446
65.446
65.446
65.446
65.446
65.446
65.446
65.445
65.445
65.444
65.444
65.442
65.441
65.438
65.434
65.428
65.419
65.406
65.388
65.362
65.325
65.274
65.204
65.108
64.978
64.805
64.577
64.277
63.89
63.395
62.768
61.983
61.012
59.823
58.387
56.669
54.641
52.273
49.542
46.43
42.927
39.031
34.752
30.11
25.136
19.872
14.372
8.6954
2.9107
-2.9028
-8.6555
-14.309
-13.011
-7.8705
-2.6395
2.6467
7.9068
13.068
18.07
22.856
27.379
31.599
35.49
39.031
42.216
45.045
47.527
49.68
51.523
53.084
54.39
55.469
56.352
57.065
57.634
58.084
58.436
58.708
58.915
59.073
59.19
59.277
59.341
59.387
59.42
59.444
59.461
59.472
59.48
59.486
59.49
59.492
59.494
59.495
59.496
59.496
59.496
59.497
59.497
59.497
59.497
59.497
59.497
59.497
59.497
59.497
59.497
59.497
59.497
59.497
59.497
59.497
59.497
59.496
59.496
59.496
59.495
59.494
59.492
59.49
59.486
59.48
59.472
59.461
59.444
59.42
59.387
59.341
59.277
59.19
59.073
58.915
58.708
58.436
58.084
57.634
57.065
56.352
55.469
54.39
53.084
51.523
49.68
47.527
45.045
42.216
39.031
35.49
31.599
27.379
22.856
18.07
13.068
7.9068
2.6467
-2.6395
-7.8705
-13.011
-11.585
-7.0081
-2.3503
2.3567
7.0404
11.636
16.09
20.351
24.378
28.136
31.599
34.752
37.588
40.106
42.315
44.231
45.872
47.261
48.423
49.383
50.169
50.803
51.31
51.71
52.023
52.265
52.449
52.589
52.693
52.771
52.828
52.869
52.898
52.919
52.934
52.944
52.952
52.956
52.96
52.962
52.963
52.964
52.965
52.965
52.966
52.966
52.966
52.966
52.966
52.966
52.966
52.966
52.966
52.966
52.966
52.966
52.966
52.966
52.966
52.966
52.966
52.966
52.965
52.965
52.964
52.963
52.962
52.96
52.956
52.952
52.944
52.934
52.919
52.898
52.869
52.828
52.771
52.693
52.589
52.449
52.265
52.023
51.71
51.31
50.803
50.169
49.383
48.423
47.261
45.872
44.231
42.315
40.106
37.588
34.752
31.599
28.136
24.378
20.351
16.09
11.636
7.0404
2.3567
-2.3503
-7.0081
-11.585
-10.038
-6.0723
-2.0364
2.042
6.1002
10.082
13.941
17.633
21.122
24.378
27.379
30.11
32.566
34.748
36.662
38.321
39.742
40.945
41.951
42.783
43.463
44.012
44.451
44.798
45.068
45.277
45.437
45.558
45.649
45.716
45.765
45.8
45.826
45.844
45.857
45.866
45.872
45.876
45.879
45.881
45.882
45.883
45.884
45.884
45.884
45.884
45.884
45.884
45.884
45.884
45.884
45.884
45.884
45.884
45.884
45.884
45.884
45.884
45.884
45.884
45.884
45.884
45.884
45.884
45.883
45.882
45.881
45.879
45.876
45.872
45.866
45.857
45.844
45.826
45.8
45.765
45.716
45.649
45.558
45.437
45.277
45.068
44.798
44.451
44.012
43.463
42.783
41.951
40.945
39.742
38.321
36.662
34.748
32.566
30.11
27.379
24.378
21.122
17.633
13.941
10.082
6.1002
2.042
-2.0364
-6.0723
-10.038
-8.3804
-5.0694
-1.7001
1.7047
5.0927
8.4172
11.638
14.721
17.633
20.351
22.856
25.136
27.186
29.007
30.604
31.989
33.175
34.179
35.019
35.713
36.28
36.738
37.104
37.393
37.619
37.794
37.927
38.028
38.103
38.159
38.2
38.23
38.251
38.266
38.277
38.284
38.289
38.293
38.295
38.297
38.298
38.299
38.299
38.299
38.3
38.3
38.3
38.3
38.3
38.3
38.3
38.3
38.3
38.3
38.3
38.3
38.3
38.3
38.3
38.3
38.3
38.3
38.299
38.299
38.299
38.298
38.297
38.295
38.293
38.289
38.284
38.277
38.266
38.251
38.23
38.2
38.159
38.103
38.028
37.927
37.794
37.619
37.393
37.104
36.738
36.28
35.713
35.019
34.179
33.175
31.989
30.604
29.007
27.186
25.136
22.856
20.351
17.633
14.721
11.638
8.4172
5.0927
1.7047
-1.7001
-5.0694
-8.3804
-6.6258
-4.008
-1.3441
1.3478
4.0264
6.6548
9.2016
11.638
13.941
16.09
18.07
19.872
21.493
22.932
24.195
25.29
26.227
27.02
27.684
28.233
28.681
29.043
29.332
29.561
29.739
29.877
29.982
30.062
30.121
30.165
30.198
30.221
30.238
30.25
30.258
30.264
30.268
30.271
30.273
30.274
30.275
30.276
30.276
30.276
30.276
30.277
30.277
30.277
30.277
30.277
30.277
30.277
30.277
30.277
30.277
30.277
30.277
30.277
30.277
30.277
30.277
30.276
30.276
30.276
30.276
30.275
30.274
30.273
30.271
30.268
30.264
30.258
30.25
30.238
30.221
30.198
30.165
30.121
30.062
29.982
29.877
29.739
29.561
29.332
29.043
28.681
28.233
27.684
27.02
26.227
25.29
24.195
22.932
21.493
19.872
18.07
16.09
13.941
11.638
9.2016
6.6548
4.0264
1.3478
-1.3441
-4.008
-6.6258
-4.792
-2.8987
-0.97212
0.97476
2.912
4.8129
6.6548
8.4172
10.082
11.636
13.068
14.372
15.544
16.585
17.498
18.289
18.967
19.541
20.02
20.417
20.741
21.003
21.212
21.377
21.506
21.606
21.682
21.739
21.782
21.814
21.838
21.855
21.867
21.875
21.881
21.886
21.889
21.891
21.892
21.893
21.893
21.894
21.894
21.894
21.894
21.894
21.895
21.895
21.895
21.895
21.895
21.895
21.895
21.895
21.895
21.895
21.895
21.895
21.895
21.895
21.894
21.894
21.894
21.894
21.894
21.893
21.893
21.892
21.891
21.889
21.886
21.881
21.875
21.867
21.855
21.838
21.814
21.782
21.739
21.682
21.606
21.506
21.377
21.212
21.003
20.741
20.417
20.02
19.541
18.967
18.289
17.498
16.585
15.544
14.372
13.068
11.636
10.082
8.4172
6.6548
4.8129
2.912
0.97476
-0.97212
-2.8987
-4.792
-2.8993
-1.7538
-0.58817
0.58977
1.7619
2.912
4.0264
5.0927
6.1002
7.0404
7.9068
8.6954
9.4044
10.034
10.586
11.065
11.475
11.822
12.113
12.352
12.549
12.707
12.833
12.933
13.011
13.071
13.117
13.152
13.178
13.198
13.212
13.222
13.229
13.235
13.238
13.241
13.243
13.244
13.245
13.245
13.246
13.246
13.246
13.246
13.246
13.246
13.246
13.246
13.246
13.246
13.246
13.246
13.246
13.246
13.246
13.246
13.246
13.246
13.246
13.246
13.246
13.246
13.246
13.246
13.246
13.246
13.245
13.245
13.244
13.243
13.241
13.238
13.235
13.229
13.222
13.212
13.198
13.178
13.152
13.117
13.071
13.011
12.933
12.833
12.707
12.549
12.352
12.113
11.822
11.475
11.065
10.586
10.034
9.4044
8.6954
7.9068
7.0404
6.1002
5.0927
4.0264
2.912
1.7619
0.58977
-0.58817
-1.7538
-2.8993
-0.97052
-0.58707
-0.19688
0.19742
0.58977
0.97476
1.3478
1.7047
2.042
2.3567
2.6467
2.9107
3.148
3.3587
3.5436
3.7039
3.8412
3.9573
4.0544
4.1347
4.2004
4.2533
4.2957
4.3291
4.3552
4.3754
4.3908
4.4024
4.4111
4.4176
4.4223
4.4257
4.4282
4.4299
4.4312
4.432
4.4326
4.433
4.4333
4.4335
4.4336
4.4337
4.4337
4.4338
4.4338
4.4338
4.4338
4.4338
4.4338
4.4338
4.4338
4.4338
4.4338
4.4338
4.4338
4.4338
4.4338
4.4338
4.4338
4.4338
4.4338
4.4338
4.4338
4.4337
4.4337
4.4336
4.4335
4.4333
4.433
4.4326
4.432
4.4312
4.4299
4.4282
4.4257
4.4223
4.4176
4.4111
4.4024
4.3908
4.3754
4.3552
4.3291
4.2957
4.2533
4.2004
4.1347
4.0544
3.9573
3.8412
3.7039
3.5436
3.3587
3.148
2.9107
2.6467
2.3567
2.042
1.7047
1.3478
0.97476
0.58977
0.19742
-0.19688
-0.58707
-0.97052
0.96788
0.58548
0.19635
-0.19688
-0.58817
-0.97212
-1.3441
-1.7001
-2.0364
-2.3503
-2.6395
-2.9028
-3.1394
-3.3496
-3.534
-3.6939
-3.8307
-3.9466
-4.0435
-4.1235
-4.189
-4.2418
-4.284
-4.3174
-4.3434
-4.3635
-4.3789
-4.3905
-4.3992
-4.4056
-4.4103
-4.4138
-4.4162
-4.4179
-4.4192
-4.42
-4.4206
-4.421
-4.4213
-4.4215
-4.4216
-4.4217
-4.4217
-4.4218
-4.4218
-4.4218
-4.4218
-4.4218
-4.4218
-4.4218
-4.4218
-4.4218
-4.4218
-4.4218
-4.4218
-4.4218
-4.4218
-4.4218
-4.4218
-4.4218
-4.4218
-4.4218
-4.4218
-4.4217
-4.4217
-4.4216
-4.4215
-4.4213
-4.421
-4.4206
-4.42
-4.4192
-4.4179
-4.4162
-4.4138
-4.4103
-4.4056
-4.3992
-4.3905
-4.3789
-4.3635
-4.3434
-4.3174
-4.284
-4.2418
-4.189
-4.1235
-4.0435
-3.9466
-3.8307
-3.6939
-3.534
-3.3496
-3.1394
-2.9028
-2.6395
-2.3503
-2.0364
-1.7001
-1.3441
-0.97212
-0.58817
-0.19688
0.19635
0.58548
0.96788
2.8942
1.7494
0.58548
-0.58707
-1.7538
-2.8987
-4.008
-5.0694
-6.0723
-7.0081
-7.8705
-8.6555
-9.3612
-9.9879
-10.538
-11.014
-11.422
-11.768
-12.057
-12.295
-12.49
-12.648
-12.774
-12.873
-12.951
-13.011
-13.057
-13.091
-13.117
-13.136
-13.15
-13.161
-13.168
-13.173
-13.177
-13.179
-13.181
-13.182
-13.183
-13.184
-13.184
-13.184
-13.184
-13.184
-13.185
-13.185
-13.185
-13.185
-13.185
-13.185
-13.185
-13.185
-13.185
-13.185
-13.185
-13.185
-13.185
-13.185
-13.185
-13.185
-13.185
-13.185
-13.184
-13.184
-13.184
-13.184
-13.184
-13.183
-13.182
-13.181
-13.179
-13.177
-13.173
-13.168
-13.161
-13.15
-13.136
-13.117
-13.091
-13.057
-13.011
-12.951
-12.873
-12.774
-12.648
-12.49
-12.295
-12.057
-11.768
-11.422
-11.014
-10.538
-9.9879
-9.3612
-8.6555
-7.8705
-7.0081
-6.0723
-5.0694
-4.008
-2.8987
-1.7538
-0.58707
0.58548
1.7494
2.8942
4.7887
2.8942
0.96788
-0.97052
-2.8993
-4.792
-6.6258
-8.3804
-10.038
-11.585
-13.011
-14.309
-15.476
-16.512
-17.421
-18.208
-18.883
-19.454
-19.932
-20.326
-20.649
-20.909
-21.118
-21.282
-21.41
-21.509
-21.585
-21.642
-21.685
-21.717
-21.74
-21.757
-21.769
-21.778
-21.784
-21.788
-21.791
-21.793
-21.794
-21.795
-21.796
-21.796
-21.796
-21.796
-21.797
-21.797
-21.797
-21.797
-21.797
-21.797
-21.797
-21.797
-21.797
-21.797
-21.797
-21.797
-21.797
-21.797
-21.797
-21.797
-21.797
-21.797
-21.796
-21.796
-21.796
-21.796
-21.795
-21.794
-21.793
-21.791
-21.788
-21.784
-21.778
-21.769
-21.757
-21.74
-21.717
-21.685
-21.642
-21.585
-21.509
-21.41
-21.282
-21.118
-20.909
-20.649
-20.326
-19.932
-19.454
-18.883
-18.208
-17.421
-16.512
-15.476
-14.309
-13.011
-11.585
-10.038
-8.3804
-6.6258
-4.792
-2.8993
-0.97052
0.96788
2.8942
4.7887
