1.9239
1.1569
0.38591
-0.38698
-1.159
-1.9254
-2.6823
-3.4263
-4.1539
-4.8619
-5.5477
-6.2084
-6.842
-7.4466
-8.0207
-8.5631
-9.0731
-9.5502
-9.9945
-10.406
-10.786
-11.134
-11.452
-11.741
-12.002
-12.237
-12.448
-12.635
-12.802
-12.949
-13.078
-13.191
-13.289
-13.374
-13.448
-13.511
-13.564
-13.61
-13.649
-13.681
-13.709
-13.731
-13.75
-13.766
-13.778
-13.789
-13.797
-13.803
-13.809
-13.812
-13.815
-13.817
-13.818
-13.818
-13.817
-13.815
-13.812
-13.809
-13.803
-13.797
-13.789
-13.778
-13.766
-13.75
-13.731
-13.709
-13.681
-13.649
-13.61
-13.564
-13.511
-13.448
-13.374
-13.289
-13.191
-13.078
-12.949
-12.802
-12.635
-12.448
-12.237
-12.002
-11.741
-11.452
-11.134
-10.786
-10.406
-9.9945
-9.5502
-9.0731
-8.5631
-8.0207
-7.4466
-6.842
-6.2084
-5.5477
-4.8619
-4.1539
-3.4263
-2.6823
-1.9254
-1.159
-0.38698
0.38591
1.1569
1.9239
1.1569
0.6958
0.23228
-0.23292
-0.69761
-1.1589
-1.6145
-2.0622
-2.5002
-2.9264
-3.3391
-3.7368
-4.1182
-4.4821
-4.8276
-5.154
-5.461
-5.7482
-6.0156
-6.2634
-6.4918
-6.7014
-6.8928
-7.0667
-7.224
-7.3655
-7.4922
-7.6052
-7.7054
-7.7939
-7.8716
-7.9396
-7.9987
-8.05
-8.0941
-8.132
-8.1644
-8.1919
-8.2151
-8.2347
-8.2511
-8.2648
-8.2761
-8.2854
-8.293
-8.2993
-8.3042
-8.3082
-8.3113
-8.3136
-8.3153
-8.3163
-8.3169
-8.3169
-8.3163
-8.3153
-8.3136
-8.3113
-8.3082
-8.3042
-8.2993
-8.293
-8.2854
-8.2761
-8.2648
-8.2511
-8.2347
-8.2151
-8.1919
-8.1644
-8.132
-8.0941
-8.05
-7.9987
-7.9396
-7.8716
-7.7939
-7.7054
-7.6052
-7.4922
-7.3655
-7.224
-7.0667
-6.8928
-6.7014
-6.4918
-6.2634
-6.0156
-5.7482
-5.461
-5.154
-4.8276
-4.4821
-4.1182
-3.7368
-3.3391
-2.9264
-2.5002
-2.0622
-1.6145
-1.1589
-0.69761
-0.23292
0.23228
0.6958
1.1569
0.38591
0.23228
0.077707
-0.077922
-0.23338
-0.38769
-0.54011
-0.68991
-0.83642
-0.979
-1.1171
-1.2501
-1.3777
-1.4995
-1.615
-1.7243
-1.827
-1.923
-2.0125
-2.0954
-2.1718
-2.2419
-2.306
-2.3642
-2.4168
-2.4641
-2.5065
-2.5443
-2.5779
-2.6075
-2.6335
-2.6562
-2.676
-2.6931
-2.7079
-2.7206
-2.7314
-2.7406
-2.7484
-2.7549
-2.7604
-2.765
-2.7688
-2.7719
-2.7745
-2.7765
-2.7782
-2.7795
-2.7806
-2.7813
-2.7819
-2.7823
-2.7824
-2.7824
-2.7823
-2.7819
-2.7813
-2.7806
-2.7795
-2.7782
-2.7765
-2.7745
-2.7719
-2.7688
-2.765
-2.7604
-2.7549
-2.7484
-2.7406
-2.7314
-2.7206
-2.7079
-2.6931
-2.676
-2.6562
-2.6335
-2.6075
-2.5779
-2.5443
-2.5065
-2.4641
-2.4168
-2.3642
-2.306
-2.2419
-2.1718
-2.0954
-2.0125
-1.923
-1.827
-1.7243
-1.615
-1.4995
-1.3777
-1.2501
-1.1171
-0.979
-0.83642
-0.68991
-0.54011
-0.38769
-0.23338
-0.077922
0.077707
0.23228
0.38591
-0.38698
-0.23292
-0.077922
0.078138
0.23403
0.38877
0.5416
0.69182
0.83873
0.98171
1.1202
1.2536
1.3815
1.5036
1.6195
1.729
1.832
1.9284
2.0181
2.1012
2.1778
2.2481
2.3123
2.3707
2.4235
2.4709
2.5135
2.5514
2.585
2.6147
2.6407
2.6635
2.6834
2.7006
2.7154
2.7281
2.739
2.7482
2.756
2.7625
2.768
2.7726
2.7764
2.7796
2.7821
2.7842
2.7859
2.7872
2.7882
2.789
2.7896
2.7899
2.7901
2.7901
2.7899
2.7896
2.789
2.7882
2.7872
2.7859
2.7842
2.7821
2.7796
2.7764
2.7726
2.768
2.7625
2.756
2.7482
2.739
2.7281
2.7154
2.7006
2.6834
2.6635
2.6407
2.6147
2.585
2.5514
2.5135
2.4709
2.4235
2.3707
2.3123
2.2481
2.1778
2.1012
2.0181
1.9284
1.832
1.729
1.6195
1.5036
1.3815
1.2536
1.1202
0.98171
0.83873
0.69182
0.5416
0.38877
0.23403
0.078138
-0.077922
-0.23292
-0.38698
-1.159
-0.69761
-0.23338
0.23403
0.70093
1.1644
1.6221
2.072
2.5121
2.9403
3.355
3.7546
4.1377
4.5034
4.8505
5.1786
5.487
5.7756
6.0443
6.2932
6.5227
6.7333
6.9256
7.1004
7.2584
7.4006
7.528
7.6415
7.7422
7.8311
7.9092
7.9775
8.0369
8.0884
8.1328
8.1709
8.2034
8.231
8.2544
8.274
8.2905
8.3043
8.3156
8.325
8.3327
8.3389
8.3439
8.3479
8.351
8.3534
8.355
8.3561
8.3566
8.3566
8.3561
8.355
8.3534
8.351
8.3479
8.3439
8.3389
8.3327
8.325
8.3156
8.3043
8.2905
8.274
8.2544
8.231
8.2034
8.1709
8.1328
8.0884
8.0369
7.9775
7.9092
7.8311
7.7422
7.6415
7.528
7.4006
7.2584
7.1004
6.9256
6.7333
6.5227
6.2932
6.0443
5.7756
5.487
5.1786
4.8505
4.5034
4.1377
3.7546
3.355
2.9403
2.5121
2.072
1.6221
1.1644
0.70093
0.23403
-0.23338
-0.69761
-1.159
-1.9254
-1.1589
-0.38769
0.38877
1.1644
1.9343
2.6947
3.4421
4.173
4.8844
5.5732
6.2371
6.8736
7.481
8.0577
8.6026
9.115
9.5944
10.041
10.454
10.836
11.185
11.505
11.795
12.058
12.294
12.506
12.694
12.861
13.009
13.139
13.252
13.351
13.437
13.51
13.574
13.628
13.673
13.712
13.745
13.772
13.795
13.814
13.83
13.842
13.853
13.861
13.868
13.873
13.877
13.879
13.881
13.882
13.882
13.881
13.879
13.877
13.873
13.868
13.861
13.853
13.842
13.83
13.814
13.795
13.772
13.745
13.712
13.673
13.628
13.574
13.51
13.437
13.351
13.252
13.139
13.009
12.861
12.694
12.506
12.294
12.058
11.795
11.505
11.185
10.836
10.454
10.041
9.5944
9.115
8.6026
8.0577
7.481
6.8736
6.2371
5.5732
4.8844
4.173
3.4421
2.6947
1.9343
1.1644
0.38877
-0.38769
-1.1589
-1.9254
-2.6823
-1.6145
-0.54011
0.5416
1.6221
2.6947
3.7541
4.7953
5.8136
6.8046
7.7643
8.6891
9.5759
10.422
11.226
11.985
12.698
13.366
13.988
14.564
15.096
15.583
16.028
16.432
16.798
17.127
17.422
17.685
17.918
18.124
18.304
18.462
18.6
18.719
18.822
18.91
18.985
19.049
19.103
19.149
19.187
19.219
19.245
19.267
19.285
19.299
19.311
19.32
19.327
19.332
19.336
19.339
19.34
19.34
19.339
19.336
19.332
19.327
19.32
19.311
19.299
19.285
19.267
19.245
19.219
19.187
19.149
19.103
19.049
18.985
18.91
18.822
18.719
18.6
18.462
18.304
18.124
17.918
17.685
17.422
17.127
16.798
16.432
16.028
15.583
15.096
14.564
13.988
13.366
12.698
11.985
11.226
10.422
9.5759
8.6891
7.7643
6.8046
5.8136
4.7953
3.7541
2.6947
1.6221
0.5416
-0.54011
-1.6145
-2.6823
-3.4263
-2.0622
-0.68991
0.69182
2.072
3.4421
4.7953
6.1253
7.426
8.6919
9.9178
11.099
12.232
13.313
14.339
15.309
16.221
17.074
17.868
18.604
19.283
19.905
20.474
20.99
21.458
21.878
22.254
22.59
22.888
23.151
23.382
23.584
23.759
23.911
24.043
24.155
24.251
24.333
24.402
24.46
24.509
24.55
24.583
24.611
24.634
24.652
24.667
24.679
24.688
24.695
24.7
24.703
24.705
24.705
24.703
24.7
24.695
24.688
24.679
24.667
24.652
24.634
24.611
24.583
24.55
24.509
24.46
24.402
24.333
24.251
24.155
24.043
23.911
23.759
23.584
23.382
23.151
22.888
22.59
22.254
21.878
21.458
20.99
20.474
19.905
19.283
18.604
17.868
17.074
16.221
15.309
14.339
13.313
12.232
11.099
9.9178
8.6919
7.426
6.1253
4.7953
3.4421
2.072
0.69182
-0.68991
-2.0622
-3.4263
-4.1539
-2.5002
-0.83642
0.83873
2.5121
4.173
5.8136
7.426
9.003
10.538
12.024
13.456
14.829
16.14
17.384
18.56
19.665
20.7
21.663
22.555
23.378
24.132
24.822
25.448
26.015
26.524
26.981
27.388
27.749
28.067
28.347
28.592
28.805
28.99
29.149
29.285
29.402
29.501
29.585
29.655
29.715
29.764
29.805
29.838
29.866
29.888
29.906
29.92
29.931
29.94
29.946
29.95
29.952
29.952
29.95
29.946
29.94
29.931
29.92
29.906
29.888
29.866
29.838
29.805
29.764
29.715
29.655
29.585
29.501
29.402
29.285
29.149
28.99
28.805
28.592
28.347
28.067
27.749
27.388
26.981
26.524
26.015
25.448
24.822
24.132
23.378
22.555
21.663
20.7
19.665
18.56
17.384
16.14
14.829
13.456
12.024
10.538
9.003
7.426
5.8136
4.173
2.5121
0.83873
-0.83642
-2.5002
-4.1539
-4.8619
-2.9264
-0.979
0.98171
2.9403
4.8844
6.8046
8.6919
10.538
12.334
14.074
15.75
17.357
18.891
20.348
21.724
23.018
24.228
25.356
26.4
27.363
28.247
29.053
29.787
30.45
31.046
31.581
32.057
32.48
32.853
33.18
33.467
33.716
33.932
34.119
34.278
34.415
34.531
34.629
34.712
34.781
34.838
34.886
34.926
34.958
34.984
35.005
35.022
35.035
35.045
35.052
35.056
35.058
35.058
35.056
35.052
35.045
35.035
35.022
35.005
34.984
34.958
34.926
34.886
34.838
34.781
34.712
34.629
34.531
34.415
34.278
34.119
33.932
33.716
33.467
33.18
32.853
32.48
32.057
31.581
31.046
30.45
29.787
29.053
28.247
27.363
26.4
25.356
24.228
23.018
21.724
20.348
18.891
17.357
15.75
14.074
12.334
10.538
8.6919
6.8046
4.8844
2.9403
0.98171
-0.979
-2.9264
-4.8619
-5.5477
-3.3391
-1.1171
1.1202
3.355
5.5732
7.7643
9.9178
12.024
14.074
16.059
17.971
19.806
21.556
23.218
24.788
26.264
27.646
28.932
30.124
31.223
32.231
33.152
33.988
34.745
35.426
36.036
36.579
37.061
37.487
37.861
38.188
38.473
38.719
38.932
39.114
39.27
39.402
39.514
39.609
39.687
39.753
39.808
39.853
39.89
39.919
39.943
39.962
39.977
39.989
39.997
40.002
40.004
40.004
40.002
39.997
39.989
39.977
39.962
39.943
39.919
39.89
39.853
39.808
39.753
39.687
39.609
39.514
39.402
39.27
39.114
38.932
38.719
38.473
38.188
37.861
37.487
37.061
36.579
36.036
35.426
34.745
33.988
33.152
32.231
31.223
30.124
28.932
27.646
26.264
24.788
23.218
21.556
19.806
17.971
16.059
14.074
12.024
9.9178
7.7643
5.5732
3.355
1.1202
-1.1171
-3.3391
-5.5477
-6.2084
-3.7368
-1.2501
1.2536
3.7546
6.2371
8.6891
11.099
13.456
15.75
17.971
20.112
22.165
24.123
25.983
27.741
29.393
30.939
32.378
33.712
34.942
36.071
37.101
38.037
38.884
39.646
40.329
40.937
41.477
41.953
42.372
42.738
43.057
43.333
43.57
43.775
43.949
44.097
44.222
44.328
44.416
44.49
44.551
44.601
44.642
44.676
44.703
44.724
44.741
44.753
44.762
44.768
44.771
44.771
44.768
44.762
44.753
44.741
44.724
44.703
44.676
44.642
44.601
44.551
44.49
44.416
44.328
44.222
44.097
43.949
43.775
43.57
43.333
43.057
42.738
42.372
41.953
41.477
40.937
40.329
39.646
38.884
38.037
37.101
36.071
34.942
33.712
32.378
30.939
29.393
27.741
25.983
24.123
22.165
20.112
17.971
15.75
13.456
11.099
8.6891
6.2371
3.7546
1.2536
-1.2501
-3.7368
-6.2084
-6.842
-4.1182
-1.3777
1.3815
4.1377
6.8736
9.5759
12.232
14.829
17.357
19.806
22.165
24.427
26.586
28.635
30.572
32.393
34.097
35.683
37.153
38.509
39.753
40.888
41.92
42.854
43.694
44.446
45.116
45.711
46.236
46.698
47.101
47.452
47.757
48.019
48.244
48.436
48.599
48.738
48.854
48.951
49.032
49.1
49.155
49.201
49.237
49.267
49.291
49.309
49.323
49.333
49.339
49.342
49.342
49.339
49.333
49.323
49.309
49.291
49.267
49.237
49.201
49.155
49.1
49.032
48.951
48.854
48.738
48.599
48.436
48.244
48.019
47.757
47.452
47.101
46.698
46.236
45.711
45.116
44.446
43.694
42.854
41.92
40.888
39.753
38.509
37.153
35.683
34.097
32.393
30.572
28.635
26.586
24.427
22.165
19.806
17.357
14.829
12.232
9.5759
6.8736
4.1377
1.3815
-1.3777
-4.1182
-6.842
-7.4466
-4.4821
-1.4995
1.5036
4.5034
7.481
10.422
13.313
16.14
18.891
21.556
24.123
26.586
28.935
31.166
33.274
35.256
37.11
38.837
40.437
41.912
43.266
44.502
45.626
46.642
47.556
48.375
49.105
49.752
50.324
50.826
51.265
51.648
51.979
52.264
52.509
52.718
52.896
53.046
53.173
53.279
53.368
53.441
53.501
53.551
53.591
53.623
53.649
53.669
53.684
53.694
53.701
53.705
53.705
53.701
53.694
53.684
53.669
53.649
53.623
53.591
53.551
53.501
53.441
53.368
53.279
53.173
53.046
52.896
52.718
52.509
52.264
51.979
51.648
51.265
50.826
50.324
49.752
49.105
48.375
47.556
46.642
45.626
44.502
43.266
41.912
40.437
38.837
37.11
35.256
33.274
31.166
28.935
26.586
24.123
21.556
18.891
16.14
13.313
10.422
7.481
4.5034
1.5036
-1.4995
-4.4821
-7.4466
-8.0207
-4.8276
-1.615
1.6195
4.8505
8.0577
11.226
14.339
17.384
20.348
23.218
25.983
28.635
31.166
33.569
35.839
37.974
39.972
41.832
43.555
45.144
46.603
47.934
49.144
50.239
51.223
52.106
52.892
53.589
54.205
54.746
55.219
55.631
55.988
56.296
56.56
56.785
56.976
57.138
57.275
57.389
57.484
57.563
57.628
57.682
57.725
57.76
57.787
57.809
57.825
57.837
57.844
57.848
57.848
57.844
57.837
57.825
57.809
57.787
57.76
57.725
57.682
57.628
57.563
57.484
57.389
57.275
57.138
56.976
56.785
56.56
56.296
55.988
55.631
55.219
54.746
54.205
53.589
52.892
52.106
51.223
50.239
49.144
47.934
46.603
45.144
43.555
41.832
39.972
37.974
35.839
33.569
31.166
28.635
25.983
23.218
20.348
17.384
14.339
11.226
8.0577
4.8505
1.6195
-1.615
-4.8276
-8.0207
-8.5631
-5.154
-1.7243
1.729
5.1786
8.6026
11.985
15.309
18.56
21.724
24.788
27.741
30.572
33.274
35.839
38.264
40.543
42.676
44.662
46.502
48.199
49.755
51.177
52.469
53.638
54.689
55.631
56.471
57.216
57.873
58.451
58.956
59.396
59.777
60.105
60.387
60.628
60.832
61.006
61.151
61.273
61.375
61.459
61.529
61.586
61.632
61.669
61.699
61.721
61.739
61.751
61.759
61.763
61.763
61.759
61.751
61.739
61.721
61.699
61.669
61.632
61.586
61.529
61.459
61.375
61.273
61.151
61.006
60.832
60.628
60.387
60.105
59.777
59.396
58.956
58.451
57.873
57.216
56.471
55.631
54.689
53.638
52.469
51.177
49.755
48.199
46.502
44.662
42.676
40.543
38.264
35.839
33.274
30.572
27.741
24.788
21.724
18.56
15.309
11.985
8.6026
5.1786
1.729
-1.7243
-5.154
-8.5631
-9.0731
-5.461
-1.827
1.832
5.487
9.115
12.698
16.221
19.665
23.018
26.264
29.393
32.393
35.256
37.974
40.543
42.958
45.218
47.322
49.272
51.07
52.72
54.227
55.596
56.834
57.948
58.946
59.836
60.625
61.322
61.935
62.47
62.936
63.34
63.688
63.987
64.242
64.459
64.642
64.797
64.926
65.034
65.123
65.197
65.257
65.306
65.345
65.377
65.401
65.419
65.433
65.441
65.445
65.445
65.441
65.433
65.419
65.401
65.377
65.345
65.306
65.257
65.197
65.123
65.034
64.926
64.797
64.642
64.459
64.242
63.987
63.688
63.34
62.936
62.47
61.935
61.322
60.625
59.836
58.946
57.948
56.834
55.596
54.227
52.72
51.07
49.272
47.322
45.218
42.958
40.543
37.974
35.256
32.393
29.393
26.264
23.018
19.665
16.221
12.698
9.115
5.487
1.832
-1.827
-5.461
-9.0731
-9.5502
-5.7482
-1.923
1.9284
5.7756
9.5944
13.366
17.074
20.7
24.228
27.646
30.939
34.097
37.11
39.972
42.676
45.218
47.597
49.812
51.865
53.757
55.494
57.08
58.521
59.825
60.998
62.049
62.985
63.816
64.55
65.195
65.759
66.249
66.674
67.041
67.355
67.624
67.852
68.045
68.208
68.344
68.458
68.552
68.629
68.693
68.744
68.786
68.819
68.844
68.864
68.878
68.887
68.891
68.891
68.887
68.878
68.864
68.844
68.819
68.786
68.744
68.693
68.629
68.552
68.458
68.344
68.208
68.045
67.852
67.624
67.355
67.041
66.674
66.249
65.759
65.195
64.55
63.816
62.985
62.049
60.998
59.825
58.521
57.08
55.494
53.757
51.865
49.812
47.597
45.218
42.676
39.972
37.11
34.097
30.939
27.646
24.228
20.7
17.074
13.366
9.5944
5.7756
1.9284
-1.923
-5.7482
-9.5502
-9.9945
-6.0156
-2.0125
2.0181
6.0443
10.041
13.988
17.868
21.663
25.356
28.932
32.378
35.683
38.837
41.832
44.662
47.322
49.812
52.131
54.279
56.26
58.077
59.737
61.246
62.61
63.838
64.938
65.918
66.788
67.556
68.231
68.821
69.334
69.779
70.163
70.492
70.773
71.012
71.215
71.385
71.527
71.646
71.745
71.826
71.893
71.947
71.99
72.024
72.051
72.072
72.086
72.095
72.1
72.1
72.095
72.086
72.072
72.051
72.024
71.99
71.947
71.893
71.826
71.745
71.646
71.527
71.385
71.215
71.012
70.773
70.492
70.163
69.779
69.334
68.821
68.231
67.556
66.788
65.918
64.938
63.838
62.61
61.246
59.737
58.077
56.26
54.279
52.131
49.812
47.322
44.662
41.832
38.837
35.683
32.378
28.932
25.356
21.663
17.868
13.988
10.041
6.0443
2.0181
-2.0125
-6.0156
-9.9945
-10.406
-6.2634
-2.0954
2.1012
6.2932
10.454
14.564
18.604
22.555
26.4
30.124
33.712
37.153
40.437
43.555
46.502
49.272
51.865
54.279
56.516
58.578
60.471
62.199
63.77
65.191
66.47
67.615
68.636
69.542
70.341
71.044
71.659
72.194
72.657
73.057
73.399
73.692
73.941
74.152
74.329
74.478
74.601
74.704
74.789
74.858
74.914
74.959
74.995
75.023
75.044
75.059
75.069
75.074
75.074
75.069
75.059
75.044
75.023
74.995
74.959
74.914
74.858
74.789
74.704
74.601
74.478
74.329
74.152
73.941
73.692
73.399
73.057
72.657
72.194
71.659
71.044
70.341
69.542
68.636
67.615
66.47
65.191
63.77
62.199
60.471
58.578
56.516
54.279
51.865
49.272
46.502
43.555
40.437
37.153
33.712
30.124
26.4
22.555
18.604
14.564
10.454
6.2932
2.1012
-2.0954
-6.2634
-10.406
-10.786
-6.4918
-2.1718
2.1778
6.5227
10.836
15.096
19.283
23.378
27.363
31.223
34.942
38.509
41.912
45.144
48.199
51.07
53.757
56.26
58.578
60.716
62.678
64.47
66.098
67.571
68.896
70.084
71.142
72.081
72.91
73.639
74.276
74.83
75.311
75.725
76.08
76.384
76.642
76.861
77.044
77.198
77.327
77.433
77.521
77.593
77.651
77.698
77.735
77.764
77.786
77.802
77.812
77.817
77.817
77.812
77.802
77.786
77.764
77.735
77.698
77.651
77.593
77.521
77.433
77.327
77.198
77.044
76.861
76.642
76.384
76.08
75.725
75.311
74.83
74.276
73.639
72.91
72.081
71.142
70.084
68.896
67.571
66.098
64.47
62.678
60.716
58.578
56.26
53.757
51.07
48.199
45.144
41.912
38.509
34.942
31.223
27.363
23.378
19.283
15.096
10.836
6.5227
2.1778
-2.1718
-6.4918
-10.786
-11.134
-6.7014
-2.2419
2.2481
6.7333
11.185
15.583
19.905
24.132
28.247
32.231
36.071
39.753
43.266
46.603
49.755
52.72
55.494
58.077
60.471
62.678
64.704
66.554
68.235
69.755
71.123
72.349
73.442
74.411
75.267
76.02
76.678
77.25
77.746
78.174
78.541
78.855
79.121
79.347
79.536
79.695
79.828
79.938
80.029
80.103
80.163
80.211
80.25
80.28
80.302
80.319
80.329
80.334
80.334
80.329
80.319
80.302
80.28
80.25
80.211
80.163
80.103
80.029
79.938
79.828
79.695
79.536
79.347
79.121
78.855
78.541
78.174
77.746
77.25
76.678
76.02
75.267
74.411
73.442
72.349
71.123
69.755
68.235
66.554
64.704
62.678
60.471
58.077
55.494
52.72
49.755
46.603
43.266
39.753
36.071
32.231
28.247
24.132
19.905
15.583
11.185
6.7333
2.2481
-2.2419
-6.7014
-11.134
-11.452
-6.8928
-2.306
2.3123
6.9256
11.505
16.028
20.474
24.822
29.053
33.152
37.101
40.888
44.502
47.934
51.177
54.227
57.08
59.737
62.199
64.47
66.554
68.456
70.186
71.75
73.157
74.418
75.543
76.54
77.42
78.194
78.871
79.46
79.971
80.411
80.788
81.111
81.385
81.617
81.813
81.976
82.113
82.226
82.319
82.395
82.457
82.507
82.547
82.578
82.601
82.617
82.628
82.633
82.633
82.628
82.617
82.601
82.578
82.547
82.507
82.457
82.395
82.319
82.226
82.113
81.976
81.813
81.617
81.385
81.111
80.788
80.411
79.971
79.46
78.871
78.194
77.42
76.54
75.543
74.418
73.157
71.75
70.186
68.456
66.554
64.47
62.199
59.737
57.08
54.227
51.177
47.934
44.502
40.888
37.101
33.152
29.053
24.822
20.474
16.028
11.505
6.9256
2.3123
-2.306
-6.8928
-11.452
-11.741
-7.0667
-2.3642
2.3707
7.1004
11.795
16.432
20.99
25.448
29.787
33.988
38.037
41.92
45.626
49.144
52.469
55.596
58.521
61.246
63.77
66.098
68.235
70.186
71.959
73.562
75.006
76.299
77.452
78.474
79.377
80.171
80.865
81.469
81.992
82.444
82.831
83.162
83.443
83.681
83.881
84.049
84.189
84.305
84.401
84.479
84.543
84.594
84.634
84.666
84.69
84.707
84.718
84.723
84.723
84.718
84.707
84.69
84.666
84.634
84.594
84.543
84.479
84.401
84.305
84.189
84.049
83.881
83.681
83.443
83.162
82.831
82.444
81.992
81.469
80.865
80.171
79.377
78.474
77.452
76.299
75.006
73.562
71.959
70.186
68.235
66.098
63.77
61.246
58.521
55.596
52.469
49.144
45.626
41.92
38.037
33.988
29.787
25.448
20.99
16.432
11.795
7.1004
2.3707
-2.3642
-7.0667
-11.741
-12.002
-7.224
-2.4168
2.4235
7.2584
12.058
16.798
21.458
26.015
30.45
34.745
38.884
42.854
46.642
50.239
53.638
56.834
59.825
62.61
65.191
67.571
69.755
71.75
73.562
75.202
76.678
78
79.178
80.224
81.147
81.959
82.668
83.286
83.821
84.283
84.679
85.017
85.305
85.548
85.753
85.924
86.067
86.186
86.284
86.364
86.429
86.481
86.523
86.555
86.58
86.597
86.608
86.614
86.614
86.608
86.597
86.58
86.555
86.523
86.481
86.429
86.364
86.284
86.186
86.067
85.924
85.753
85.548
85.305
85.017
84.679
84.283
83.821
83.286
82.668
81.959
81.147
80.224
79.178
78
76.678
75.202
73.562
71.75
69.755
67.571
65.191
62.61
59.825
56.834
53.638
50.239
46.642
42.854
38.884
34.745
30.45
26.015
21.458
16.798
12.058
7.2584
2.4235
-2.4168
-7.224
-12.002
-12.237
-7.3655
-2.4641
2.4709
7.4006
12.294
17.127
21.878
26.524
31.046
35.426
39.646
43.694
47.556
51.223
54.689
57.948
60.998
63.838
66.47
68.896
71.123
73.157
75.006
76.678
78.183
79.531
80.733
81.799
82.74
83.568
84.292
84.922
85.467
85.938
86.342
86.687
86.98
87.228
87.437
87.613
87.758
87.879
87.979
88.061
88.127
88.181
88.223
88.256
88.281
88.299
88.31
88.316
88.316
88.31
88.299
88.281
88.256
88.223
88.181
88.127
88.061
87.979
87.879
87.758
87.613
87.437
87.228
86.98
86.687
86.342
85.938
85.467
84.922
84.292
83.568
82.74
81.799
80.733
79.531
78.183
76.678
75.006
73.157
71.123
68.896
66.47
63.838
60.998
57.948
54.689
51.223
47.556
43.694
39.646
35.426
31.046
26.524
21.878
17.127
12.294
7.4006
2.4709
-2.4641
-7.3655
-12.237
-12.448
-7.4922
-2.5065
2.5135
7.528
12.506
17.422
22.254
26.981
31.581
36.036
40.329
44.446
48.375
52.106
55.631
58.946
62.049
64.938
67.615
70.084
72.349
74.418
76.299
78
79.531
80.902
82.125
83.21
84.168
85.01
85.746
86.387
86.942
87.421
87.832
88.183
88.482
88.734
88.947
89.125
89.273
89.396
89.498
89.581
89.649
89.703
89.746
89.78
89.805
89.823
89.835
89.84
89.84
89.835
89.823
89.805
89.78
89.746
89.703
89.649
89.581
89.498
89.396
89.273
89.125
88.947
88.734
88.482
88.183
87.832
87.421
86.942
86.387
85.746
85.01
84.168
83.21
82.125
80.902
79.531
78
76.299
74.418
72.349
70.084
67.615
64.938
62.049
58.946
55.631
52.106
48.375
44.446
40.329
36.036
31.581
26.981
22.254
17.422
12.506
7.528
2.5135
-2.5065
-7.4922
-12.448
-12.635
-7.6052
-2.5443
2.5514
7.6415
12.694
17.685
22.59
27.388
32.057
36.579
40.937
45.116
49.105
52.892
56.471
59.836
62.985
65.918
68.636
71.142
73.442
75.543
77.452
79.178
80.733
82.125
83.366
84.468
85.44
86.295
87.043
87.693
88.257
88.743
89.161
89.517
89.82
90.077
90.292
90.473
90.624
90.749
90.852
90.937
91.005
91.06
91.104
91.138
91.164
91.182
91.194
91.2
91.2
91.194
91.182
91.164
91.138
91.104
91.06
91.005
90.937
90.852
90.749
90.624
90.473
90.292
90.077
89.82
89.517
89.161
88.743
88.257
87.693
87.043
86.295
85.44
84.468
83.366
82.125
80.733
79.178
77.452
75.543
73.442
71.142
68.636
65.918
62.985
59.836
56.471
52.892
49.105
45.116
40.937
36.579
32.057
27.388
22.59
17.685
12.694
7.6415
2.5514
-2.5443
-7.6052
-12.635
-12.802
-7.7054
-2.5779
2.585
7.7422
12.861
17.918
22.888
27.749
32.48
37.061
41.477
45.711
49.752
53.589
57.216
60.625
63.816
66.788
69.542
72.081
74.411
76.54
78.474
80.224
81.799
83.21
84.468
85.584
86.569
87.435
88.193
88.852
89.424
89.917
90.339
90.701
91.008
91.268
91.486
91.67
91.823
91.949
92.054
92.139
92.209
92.265
92.309
92.344
92.37
92.388
92.4
92.406
92.406
92.4
92.388
92.37
92.344
92.309
92.265
92.209
92.139
92.054
91.949
91.823
91.67
91.486
91.268
91.008
90.701
90.339
89.917
89.424
88.852
88.193
87.435
86.569
85.584
84.468
83.21
81.799
80.224
78.474
76.54
74.411
72.081
69.542
66.788
63.816
60.625
57.216
53.589
49.752
45.711
41.477
37.061
32.48
27.749
22.888
17.918
12.861
7.7422
2.585
-2.5779
-7.7054
-12.802
-12.949
-7.7939
-2.6075
2.6147
7.8311
13.009
18.124
23.151
28.067
32.853
37.487
41.953
46.236
50.324
54.205
57.873
61.322
64.55
67.556
70.341
72.91
75.267
77.42
79.377
81.147
82.74
84.168
85.44
86.569
87.566
88.443
89.209
89.876
90.454
90.953
91.381
91.746
92.057
92.32
92.541
92.727
92.881
93.009
93.115
93.202
93.272
93.329
93.373
93.408
93.435
93.454
93.466
93.472
93.472
93.466
93.454
93.435
93.408
93.373
93.329
93.272
93.202
93.115
93.009
92.881
92.727
92.541
92.32
92.057
91.746
91.381
90.953
90.454
89.876
89.209
88.443
87.566
86.569
85.44
84.168
82.74
81.147
79.377
77.42
75.267
72.91
70.341
67.556
64.55
61.322
57.873
54.205
50.324
46.236
41.953
37.487
32.853
28.067
23.151
18.124
13.009
7.8311
2.6147
-2.6075
-7.7939
-12.949
-13.078
-7.8716
-2.6335
2.6407
7.9092
13.139
18.304
23.382
28.347
33.18
37.861
42.372
46.698
50.826
54.746
58.451
61.935
65.195
68.231
71.044
73.639
76.02
78.194
80.171
81.959
83.568
85.01
86.295
87.435
88.443
89.328
90.102
90.776
91.36
91.863
92.296
92.665
92.979
93.244
93.468
93.655
93.812
93.941
94.048
94.135
94.206
94.264
94.309
94.344
94.371
94.39
94.402
94.408
94.408
94.402
94.39
94.371
94.344
94.309
94.264
94.206
94.135
94.048
93.941
93.812
93.655
93.468
93.244
92.979
92.665
92.296
91.863
91.36
90.776
90.102
89.328
88.443
87.435
86.295
85.01
83.568
81.959
80.171
78.194
76.02
73.639
71.044
68.231
65.195
61.935
58.451
54.746
50.826
46.698
42.372
37.861
33.18
28.347
23.382
18.304
13.139
7.9092
2.6407
-2.6335
-7.8716
-13.078
-13.191
-7.9396
-2.6562
2.6635
7.9775
13.252
18.462
23.584
28.592
33.467
38.188
42.738
47.101
51.265
55.219
58.956
62.47
65.759
68.821
71.659
74.276
76.678
78.871
80.865
82.668
84.292
85.746
87.043
88.193
89.209
90.102
90.883
91.563
92.152
92.66
93.096
93.468
93.785
94.053
94.279
94.468
94.625
94.756
94.864
94.952
95.024
95.081
95.127
95.163
95.19
95.209
95.221
95.227
95.227
95.221
95.209
95.19
95.163
95.127
95.081
95.024
94.952
94.864
94.756
94.625
94.468
94.279
94.053
93.785
93.468
93.096
92.66
92.152
91.563
90.883
90.102
89.209
88.193
87.043
85.746
84.292
82.668
80.865
78.871
76.678
74.276
71.659
68.821
65.759
62.47
58.956
55.219
51.265
47.101
42.738
38.188
33.467
28.592
23.584
18.462
13.252
7.9775
2.6635
-2.6562
-7.9396
-13.191
-13.289
-7.9987
-2.676
2.6834
8.0369
13.351
18.6
23.759
28.805
33.716
38.473
43.057
47.452
51.648
55.631
59.396
62.936
66.249
69.334
72.194
74.83
77.25
79.46
81.469
83.286
84.922
86.387
87.693
88.852
89.876
90.776
91.563
92.248
92.841
93.353
93.793
94.168
94.487
94.757
94.985
95.175
95.334
95.466
95.574
95.663
95.735
95.794
95.84
95.876
95.903
95.922
95.935
95.941
95.941
95.935
95.922
95.903
95.876
95.84
95.794
95.735
95.663
95.574
95.466
95.334
95.175
94.985
94.757
94.487
94.168
93.793
93.353
92.841
92.248
91.563
90.776
89.876
88.852
87.693
86.387
84.922
83.286
81.469
79.46
77.25
74.83
72.194
69.334
66.249
62.936
59.396
55.631
51.648
47.452
43.057
38.473
33.716
28.805
23.759
18.6
13.351
8.0369
2.6834
-2.676
-7.9987
-13.289
-13.374
-8.05
-2.6931
2.7006
8.0884
13.437
18.719
23.911
28.99
33.932
38.719
43.333
47.757
51.979
55.988
59.777
63.34
66.674
69.779
72.657
75.311
77.746
79.971
81.992
83.821
85.467
86.942
88.257
89.424
90.454
91.36
92.152
92.841
93.439
93.954
94.396
94.774
95.095
95.367
95.596
95.788
95.948
96.08
96.19
96.279
96.352
96.411
96.457
96.493
96.52
96.54
96.553
96.559
96.559
96.553
96.54
96.52
96.493
96.457
96.411
96.352
96.279
96.19
96.08
95.948
95.788
95.596
95.367
95.095
94.774
94.396
93.954
93.439
92.841
92.152
91.36
90.454
89.424
88.257
86.942
85.467
83.821
81.992
79.971
77.746
75.311
72.657
69.779
66.674
63.34
59.777
55.988
51.979
47.757
43.333
38.719
33.932
28.99
23.911
18.719
13.437
8.0884
2.7006
-2.6931
-8.05
-13.374
-13.448
-8.0941
-2.7079
2.7154
8.1328
13.51
18.822
24.043
29.149
34.119
38.932
43.57
48.019
52.264
56.296
60.105
63.688
67.041
70.163
73.057
75.725
78.174
80.411
82.444
84.283
85.938
87.421
88.743
89.917
90.953
91.863
92.66
93.353
93.954
94.472
94.917
95.297
95.62
95.893
96.124
96.317
96.477
96.611
96.721
96.811
96.884
96.943
96.989
97.026
97.053
97.073
97.086
97.092
97.092
97.086
97.073
97.053
97.026
96.989
96.943
96.884
96.811
96.721
96.611
96.477
96.317
96.124
95.893
95.62
95.297
94.917
94.472
93.954
93.353
92.66
91.863
90.953
89.917
88.743
87.421
85.938
84.283
82.444
80.411
78.174
75.725
73.057
70.163
67.041
63.688
60.105
56.296
52.264
48.019
43.57
38.932
34.119
29.149
24.043
18.822
13.51
8.1328
2.7154
-2.7079
-8.0941
-13.448
-13.511
-8.132
-2.7206
2.7281
8.1709
13.574
18.91
24.155
29.285
34.278
39.114
43.775
48.244
52.509
56.56
60.387
63.987
67.355
70.492
73.399
76.08
78.541
80.788
82.831
84.679
86.342
87.832
89.161
90.339
91.381
92.296
93.096
93.793
94.396
94.917
95.364
95.746
96.07
96.345
96.576
96.77
96.932
97.066
97.176
97.267
97.34
97.4
97.447
97.483
97.511
97.53
97.543
97.549
97.549
97.543
97.53
97.511
97.483
97.447
97.4
97.34
97.267
97.176
97.066
96.932
96.77
96.576
96.345
96.07
95.746
95.364
94.917
94.396
93.793
93.096
92.296
91.381
90.339
89.161
87.832
86.342
84.679
82.831
80.788
78.541
76.08
73.399
70.492
67.355
63.987
60.387
56.56
52.509
48.244
43.775
39.114
34.278
29.285
24.155
18.91
13.574
8.1709
2.7281
-2.7206
-8.132
-13.511
-13.564
-8.1644
-2.7314
2.739
8.2034
13.628
18.985
24.251
29.402
34.415
39.27
43.949
48.436
52.718
56.785
60.628
64.242
67.624
70.773
73.692
76.384
78.855
81.111
83.162
85.017
86.687
88.183
89.517
90.701
91.746
92.665
93.468
94.168
94.774
95.297
95.746
96.129
96.455
96.731
96.963
97.158
97.32
97.455
97.566
97.657
97.73
97.79
97.837
97.874
97.901
97.921
97.934
97.94
97.94
97.934
97.921
97.901
97.874
97.837
97.79
97.73
97.657
97.566
97.455
97.32
97.158
96.963
96.731
96.455
96.129
95.746
95.297
94.774
94.168
93.468
92.665
91.746
90.701
89.517
88.183
86.687
85.017
83.162
81.111
78.855
76.384
73.692
70.773
67.624
64.242
60.628
56.785
52.718
48.436
43.949
39.27
34.415
29.402
24.251
18.985
13.628
8.2034
2.739
-2.7314
-8.1644
-13.564
-13.61
-8.1919
-2.7406
2.7482
8.231
13.673
19.049
24.333
29.501
34.531
39.402
44.097
48.599
52.896
56.976
60.832
64.459
67.852
71.012
73.941
76.642
79.121
81.385
83.443
85.305
86.98
88.482
89.82
91.008
92.057
92.979
93.785
94.487
95.095
95.62
96.07
96.455
96.782
97.059
97.292
97.487
97.65
97.785
97.897
97.988
98.062
98.122
98.169
98.206
98.234
98.253
98.266
98.273
98.273
98.266
98.253
98.234
98.206
98.169
98.122
98.062
97.988
97.897
97.785
97.65
97.487
97.292
97.059
96.782
96.455
96.07
95.62
95.095
94.487
93.785
92.979
92.057
91.008
89.82
88.482
86.98
85.305
83.443
81.385
79.121
76.642
73.941
71.012
67.852
64.459
60.832
56.976
52.896
48.599
44.097
39.402
34.531
29.501
24.333
19.049
13.673
8.231
2.7482
-2.7406
-8.1919
-13.61
-13.649
-8.2151
-2.7484
2.756
8.2544
13.712
19.103
24.402
29.585
34.629
39.514
44.222
48.738
53.046
57.138
61.006
64.642
68.045
71.215
74.152
76.861
79.347
81.617
83.681
85.548
87.228
88.734
90.077
91.268
92.32
93.244
94.053
94.757
95.367
95.893
96.345
96.731
97.059
97.337
97.57
97.766
97.93
98.065
98.177
98.268
98.343
98.402
98.45
98.487
98.515
98.535
98.548
98.554
98.554
98.548
98.535
98.515
98.487
98.45
98.402
98.343
98.268
98.177
98.065
97.93
97.766
97.57
97.337
97.059
96.731
96.345
95.893
95.367
94.757
94.053
93.244
92.32
91.268
90.077
88.734
87.228
85.548
83.681
81.617
79.347
76.861
74.152
71.215
68.045
64.642
61.006
57.138
53.046
48.738
44.222
39.514
34.629
29.585
24.402
19.103
13.712
8.2544
2.756
-2.7484
-8.2151
-13.649
-13.681
-8.2347
-2.7549
2.7625
8.274
13.745
19.149
24.46
29.655
34.712
39.609
44.328
48.854
53.173
57.275
61.151
64.797
68.208
71.385
74.329
77.044
79.536
81.813
83.881
85.753
87.437
88.947
90.292
91.486
92.541
93.468
94.279
94.985
95.596
96.124
96.576
96.963
97.292
97.57
97.805
98.001
98.165
98.301
98.413
98.504
98.579
98.639
98.687
98.724
98.752
98.772
98.784
98.791
98.791
98.784
98.772
98.752
98.724
98.687
98.639
98.579
98.504
98.413
98.301
98.165
98.001
97.805
97.57
97.292
96.963
96.576
96.124
95.596
94.985
94.279
93.468
92.541
91.486
90.292
88.947
87.437
85.753
83.881
81.813
79.536
77.044
74.329
71.385
68.208
64.797
61.151
57.275
53.173
48.854
44.328
39.609
34.712
29.655
24.46
19.149
13.745
8.274
2.7625
-2.7549
-8.2347
-13.681
-13.709
-8.2511
-2.7604
2.768
8.2905
13.772
19.187
24.509
29.715
34.781
39.687
44.416
48.951
53.279
57.389
61.273
64.926
68.344
71.527
74.478
77.198
79.695
81.976
84.049
85.924
87.613
89.125
90.473
91.67
92.727
93.655
94.468
95.175
95.788
96.317
96.77
97.158
97.487
97.766
98.001
98.198
98.362
98.498
98.61
98.702
98.777
98.837
98.885
98.922
98.95
98.97
98.983
98.989
98.989
98.983
98.97
98.95
98.922
98.885
98.837
98.777
98.702
98.61
98.498
98.362
98.198
98.001
97.766
97.487
97.158
96.77
96.317
95.788
95.175
94.468
93.655
92.727
91.67
90.473
89.125
87.613
85.924
84.049
81.976
79.695
77.198
74.478
71.527
68.344
64.926
61.273
57.389
53.279
48.951
44.416
39.687
34.781
29.715
24.509
19.187
13.772
8.2905
2.768
-2.7604
-8.2511
-13.709
-13.731
-8.2648
-2.765
2.7726
8.3043
13.795
19.219
24.55
29.764
34.838
39.753
44.49
49.032
53.368
57.484
61.375
65.034
68.458
71.646
74.601
77.327
79.828
82.113
84.189
86.067
87.758
89.273
90.624
91.823
92.881
93.812
94.625
95.334
95.948
96.477
96.932
97.32
97.65
97.93
98.165
98.362
98.527
98.663
98.775
98.867
98.942
99.002
99.05
99.087
99.115
99.135
99.148
99.155
99.155
99.148
99.135
99.115
99.087
99.05
99.002
98.942
98.867
98.775
98.663
98.527
98.362
98.165
97.93
97.65
97.32
96.932
96.477
95.948
95.334
94.625
93.812
92.881
91.823
90.624
89.273
87.758
86.067
84.189
82.113
79.828
77.327
74.601
71.646
68.458
65.034
61.375
57.484
53.368
49.032
44.49
39.753
34.838
29.764
24.55
19.219
13.795
8.3043
2.7726
-2.765
-8.2648
-13.731
-13.75
-8.2761
-2.7688
2.7764
8.3156
13.814
19.245
24.583
29.805
34.886
39.808
44.551
49.1
53.441
57.563
61.459
65.123
68.552
71.745
74.704
77.433
79.938
82.226
84.305
86.186
87.879
89.396
90.749
91.949
93.009
93.941
94.756
95.466
96.08
96.611
97.066
97.455
97.785
98.065
98.301
98.498
98.663
98.799
98.912
99.004
99.079
99.139
99.187
99.224
99.253
99.273
99.286
99.292
99.292
99.286
99.273
99.253
99.224
99.187
99.139
99.079
99.004
98.912
98.799
98.663
98.498
98.301
98.065
97.785
97.455
97.066
96.611
96.08
95.466
94.756
93.941
93.009
91.949
90.749
89.396
87.879
86.186
84.305
82.226
79.938
77.433
74.704
71.745
68.552
65.123
61.459
57.563
53.441
49.1
44.551
39.808
34.886
29.805
24.583
19.245
13.814
8.3156
2.7764
-2.7688
-8.2761
-13.75
-13.766
-8.2854
-2.7719
2.7796
8.325
13.83
19.267
24.611
29.838
34.926
39.853
44.601
49.155
53.501
57.628
61.529
65.197
68.629
71.826
74.789
77.521
80.029
82.319
84.401
86.284
87.979
89.498
90.852
92.054
93.115
94.048
94.864
95.574
96.19
96.721
97.176
97.566
97.897
98.177
98.413
98.61
98.775
98.912
99.025
99.117
99.192
99.252
99.3
99.338
99.366
99.386
99.399
99.405
99.405
99.399
99.386
99.366
99.338
99.3
99.252
99.192
99.117
99.025
98.912
98.775
98.61
98.413
98.177
97.897
97.566
97.176
96.721
96.19
95.574
94.864
94.048
93.115
92.054
90.852
89.498
87.979
86.284
84.401
82.319
80.029
77.521
74.789
71.826
68.629
65.197
61.529
57.628
53.501
49.155
44.601
39.853
34.926
29.838
24.611
19.267
13.83
8.325
2.7796
-2.7719
-8.2854
-13.766
-13.778
-8.293
-2.7745
2.7821
8.3327
13.842
19.285
24.634
29.866
34.958
39.89
44.642
49.201
53.551
57.682
61.586
65.257
68.693
71.893
74.858
77.593
80.103
82.395
84.479
86.364
88.061
89.581
90.937
92.139
93.202
94.135
94.952
95.663
96.279
96.811
97.267
97.657
97.988
98.268
98.504
98.702
98.867
99.004
99.117
99.209
99.284
99.345
99.393
99.43
99.458
99.478
99.491
99.498
99.498
99.491
99.478
99.458
99.43
99.393
99.345
99.284
99.209
99.117
99.004
98.867
98.702
98.504
98.268
97.988
97.657
97.267
96.811
96.279
95.663
94.952
94.135
93.202
92.139
90.937
89.581
88.061
86.364
84.479
82.395
80.103
77.593
74.858
71.893
68.693
65.257
61.586
57.682
53.551
49.201
44.642
39.89
34.958
29.866
24.634
19.285
13.842
8.3327
2.7821
-2.7745
-8.293
-13.778
-13.789
-8.2993
-2.7765
2.7842
8.3389
13.853
19.299
24.652
29.888
34.984
39.919
44.676
49.237
53.591
57.725
61.632
65.306
68.744
71.947
74.914
77.651
80.163
82.457
84.543
86.429
88.127
89.649
91.005
92.209
93.272
94.206
95.024
95.735
96.352
96.884
97.34
97.73
98.062
98.343
98.579
98.777
98.942
99.079
99.192
99.284
99.36
99.42
99.468
99.505
99.534
99.554
99.567
99.573
99.573
99.567
99.554
99.534
99.505
99.468
99.42
99.36
99.284
99.192
99.079
98.942
98.777
98.579
98.343
98.062
97.73
97.34
96.884
96.352
95.735
95.024
94.206
93.272
92.209
91.005
89.649
88.127
86.429
84.543
82.457
80.163
77.651
74.914
71.947
68.744
65.306
61.632
57.725
53.591
49.237
44.676
39.919
34.984
29.888
24.652
19.299
13.853
8.3389
2.7842
-2.7765
-8.2993
-13.789
-13.797
-8.3042
-2.7782
2.7859
8.3439
13.861
19.311
24.667
29.906
35.005
39.943
44.703
49.267
53.623
57.76
61.669
65.345
68.786
71.99
74.959
77.698
80.211
82.507
84.594
86.481
88.181
89.703
91.06
92.265
93.329
94.264
95.081
95.794
96.411
96.943
97.4
97.79
98.122
98.402
98.639
98.837
99.002
99.139
99.252
99.345
99.42
99.481
99.529
99.566
99.594
99.614
99.627
99.634
99.634
99.627
99.614
99.594
99.566
99.529
99.481
99.42
99.345
99.252
99.139
99.002
98.837
98.639
98.402
98.122
97.79
97.4
96.943
96.411
95.794
95.081
94.264
93.329
92.265
91.06
89.703
88.181
86.481
84.594
82.507
80.211
77.698
74.959
71.99
68.786
65.345
61.669
57.76
53.623
49.267
44.703
39.943
35.005
29.906
24.667
19.311
13.861
8.3439
2.7859
-2.7782
-8.3042
-13.797
-13.803
-8.3082
-2.7795
2.7872
8.3479
13.868
19.32
24.679
29.92
35.022
39.962
44.724
49.291
53.649
57.787
61.699
65.377
68.819
72.024
74.995
77.735
80.25
82.547
84.634
86.523
88.223
89.746
91.104
92.309
93.373
94.309
95.127
95.84
96.457
96.989
97.447
97.837
98.169
98.45
98.687
98.885
99.05
99.187
99.3
99.393
99.468
99.529
99.577
99.614
99.642
99.662
99.675
99.682
99.682
99.675
99.662
99.642
99.614
99.577
99.529
99.468
99.393
99.3
99.187
99.05
98.885
98.687
98.45
98.169
97.837
97.447
96.989
96.457
95.84
95.127
94.309
93.373
92.309
91.104
89.746
88.223
86.523
84.634
82.547
80.25
77.735
74.995
72.024
68.819
65.377
61.699
57.787
53.649
49.291
44.724
39.962
35.022
29.92
24.679
19.32
13.868
8.3479
2.7872
-2.7795
-8.3082
-13.803
-13.809
-8.3113
-2.7806
2.7882
8.351
13.873
19.327
24.688
29.931
35.035
39.977
44.741
49.309
53.669
57.809
61.721
65.401
68.844
72.051
75.023
77.764
80.28
82.578
84.666
86.555
88.256
89.78
91.138
92.344
93.408
94.344
95.163
95.876
96.493
97.026
97.483
97.874
98.206
98.487
98.724
98.922
99.087
99.224
99.338
99.43
99.505
99.566
99.614
99.651
99.68
99.7
99.713
99.719
99.719
99.713
99.7
99.68
99.651
99.614
99.566
99.505
99.43
99.338
99.224
99.087
98.922
98.724
98.487
98.206
97.874
97.483
97.026
96.493
95.876
95.163
94.344
93.408
92.344
91.138
89.78
88.256
86.555
84.666
82.578
80.28
77.764
75.023
72.051
68.844
65.401
61.721
57.809
53.669
49.309
44.741
39.977
35.035
29.931
24.688
19.327
13.873
8.351
2.7882
-2.7806
-8.3113
-13.809
-13.812
-8.3136
-2.7813
2.789
8.3534
13.877
19.332
24.695
29.94
35.045
39.989
44.753
49.323
53.684
57.825
61.739
65.419
68.864
72.072
75.044
77.786
80.302
82.601
84.69
86.58
88.281
89.805
91.164
92.37
93.435
94.371
95.19
95.903
96.52
97.053
97.511
97.901
98.234
98.515
98.752
98.95
99.115
99.253
99.366
99.458
99.534
99.594
99.642
99.68
99.708
99.728
99.741
99.748
99.748
99.741
99.728
99.708
99.68
99.642
99.594
99.534
99.458
99.366
99.253
99.115
98.95
98.752
98.515
98.234
97.901
97.511
97.053
96.52
95.903
95.19
94.371
93.435
92.37
91.164
89.805
88.281
86.58
84.69
82.601
80.302
77.786
75.044
72.072
68.864
65.419
61.739
57.825
53.684
49.323
44.753
39.989
35.045
29.94
24.695
19.332
13.877
8.3534
2.789
-2.7813
-8.3136
-13.812
-13.815
-8.3153
-2.7819
2.7896
8.355
13.879
19.336
24.7
29.946
35.052
39.997
44.762
49.333
53.694
57.837
61.751
65.433
68.878
72.086
75.059
77.802
80.319
82.617
84.707
86.597
88.299
89.823
91.182
92.388
93.454
94.39
95.209
95.922
96.54
97.073
97.53
97.921
98.253
98.535
98.772
98.97
99.135
99.273
99.386
99.478
99.554
99.614
99.662
99.7
99.728
99.748
99.761
99.768
99.768
99.761
99.748
99.728
99.7
99.662
99.614
99.554
99.478
99.386
99.273
99.135
98.97
98.772
98.535
98.253
97.921
97.53
97.073
96.54
95.922
95.209
94.39
93.454
92.388
91.182
89.823
88.299
86.597
84.707
82.617
80.319
77.802
75.059
72.086
68.878
65.433
61.751
57.837
53.694
49.333
44.762
39.997
35.052
29.946
24.7
19.336
13.879
8.355
2.7896
-2.7819
-8.3153
-13.815
-13.817
-8.3163
-2.7823
2.7899
8.3561
13.881
19.339
24.703
29.95
35.056
40.002
44.768
49.339
53.701
57.844
61.759
65.441
68.887
72.095
75.069
77.812
80.329
82.628
84.718
86.608
88.31
89.835
91.194
92.4
93.466
94.402
95.221
95.935
96.553
97.086
97.543
97.934
98.266
98.548
98.784
98.983
99.148
99.286
99.399
99.491
99.567
99.627
99.675
99.713
99.741
99.761
99.774
99.781
99.781
99.774
99.761
99.741
99.713
99.675
99.627
99.567
99.491
99.399
99.286
99.148
98.983
98.784
98.548
98.266
97.934
97.543
97.086
96.553
95.935
95.221
94.402
93.466
92.4
91.194
89.835
88.31
86.608
84.718
82.628
80.329
77.812
75.069
72.095
68.887
65.441
61.759
57.844
53.701
49.339
44.768
40.002
35.056
29.95
24.703
19.339
13.881
8.3561
2.7899
-2.7823
-8.3163
-13.817
-13.818
-8.3169
-2.7824
2.7901
8.3566
13.882
19.34
24.705
29.952
35.058
40.004
44.771
49.342
53.705
57.848
61.763
65.445
68.891
72.1
75.074
77.817
80.334
82.633
84.723
86.614
88.316
89.84
91.2
92.406
93.472
94.408
95.227
95.941
96.559
97.092
97.549
97.94
98.273
98.554
98.791
98.989
99.155
99.292
99.405
99.498
99.573
99.634
99.682
99.719
99.748
99.768
99.781
99.787
99.787
99.781
99.768
99.748
99.719
99.682
99.634
99.573
99.498
99.405
99.292
99.155
98.989
98.791
98.554
98.273
97.94
97.549
97.092
96.559
95.941
95.227
94.408
93.472
92.406
91.2
89.84
88.316
86.614
84.723
82.633
80.334
77.817
75.074
72.1
68.891
65.445
61.763
57.848
53.705
49.342
44.771
40.004
35.058
29.952
24.705
19.34
13.882
8.3566
2.7901
-2.7824
-8.3169
-13.818
-13.818
-8.3169
-2.7824
2.7901
8.3566
13.882
19.34
24.705
29.952
35.058
40.004
44.771
49.342
53.705
57.848
61.763
65.445
68.891
72.1
75.074
77.817
80.334
82.633
84.723
86.614
88.316
89.84
91.2
92.406
93.472
94.408
95.227
95.941
96.559
97.092
97.549
97.94
98.273
98.554
98.791
98.989
99.155
99.292
99.405
99.498
99.573
99.634
99.682
99.719
99.748
99.768
99.781
99.787
99.787
99.781
99.768
99.748
99.719
99.682
99.634
99.573
99.498
99.405
99.292
99.155
98.989
98.791
98.554
98.273
97.94
97.549
97.092
96.559
95.941
95.227
94.408
93.472
92.406
91.2
89.84
88.316
86.614
84.723
82.633
80.334
77.817
75.074
72.1
68.891
65.445
61.763
57.848
53.705
49.342
44.771
40.004
35.058
29.952
24.705
19.34
13.882
8.3566
2.7901
-2.7824
-8.3169
-13.818
-13.817
-8.3163
-2.7823
2.7899
8.3561
13.881
19.339
24.703
29.95
35.056
40.002
44.768
49.339
53.701
57.844
61.759
65.441
68.887
72.095
75.069
77.812
80.329
82.628
84.718
86.608
88.31
89.835
91.194
92.4
93.466
94.402
95.221
95.935
96.553
97.086
97.543
97.934
98.266
98.548
98.784
98.983
99.148
99.286
99.399
99.491
99.567
99.627
99.675
99.713
99.741
99.761
99.774
99.781
99.781
99.774
99.761
99.741
99.713
99.675
99.627
99.567
99.491
99.399
99.286
99.148
98.983
98.784
98.548
98.266
97.934
97.543
97.086
96.553
95.935
95.221
94.402
93.466
92.4
91.194
89.835
88.31
86.608
84.718
82.628
80.329
77.812
75.069
72.095
68.887
65.441
61.759
57.844
53.701
49.339
44.768
40.002
35.056
29.95
24.703
19.339
13.881
8.3561
2.7899
-2.7823
-8.3163
-13.817
-13.815
-8.3153
-2.7819
2.7896
8.355
13.879
19.336
24.7
29.946
35.052
39.997
44.762
49.333
53.694
57.837
61.751
65.433
68.878
72.086
75.059
77.802
80.319
82.617
84.707
86.597
88.299
89.823
91.182
92.388
93.454
94.39
95.209
95.922
96.54
97.073
97.53
97.921
98.253
98.535
98.772
98.97
99.135
99.273
99.386
99.478
99.554
99.614
99.662
99.7
99.728
99.748
99.761
99.768
99.768
99.761
99.748
99.728
99.7
99.662
99.614
99.554
99.478
99.386
99.273
99.135
98.97
98.772
98.535
98.253
97.921
97.53
97.073
96.54
95.922
95.209
94.39
93.454
92.388
91.182
89.823
88.299
86.597
84.707
82.617
80.319
77.802
75.059
72.086
68.878
65.433
61.751
57.837
53.694
49.333
44.762
39.997
35.052
29.946
24.7
19.336
13.879
8.355
2.7896
-2.7819
-8.3153
-13.815
-13.812
-8.3136
-2.7813
2.789
8.3534
13.877
19.332
24.695
29.94
35.045
39.989
44.753
49.323
53.684
57.825
61.739
65.419
68.864
72.072
75.044
77.786
80.302
82.601
84.69
86.58
88.281
89.805
91.164
92.37
93.435
94.371
95.19
95.903
96.52
97.053
97.511
97.901
98.234
98.515
98.752
98.95
99.115
99.253
99.366
99.458
99.534
99.594
99.642
99.68
99.708
99.728
99.741
99.748
99.748
99.741
99.728
99.708
99.68
99.642
99.594
99.534
99.458
99.366
99.253
99.115
98.95
98.752
98.515
98.234
97.901
97.511
97.053
96.52
95.903
95.19
94.371
93.435
92.37
91.164
89.805
88.281
86.58
84.69
82.601
80.302
77.786
75.044
72.072
68.864
65.419
61.739
57.825
53.684
49.323
44.753
39.989
35.045
29.94
24.695
19.332
13.877
8.3534
2.789
-2.7813
-8.3136
-13.812
-13.809
-8.3113
-2.7806
2.7882
8.351
13.873
19.327
24.688
29.931
35.035
39.977
44.741
49.309
53.669
57.809
61.721
65.401
68.844
72.051
75.023
77.764
80.28
82.578
84.666
86.555
88.256
89.78
91.138
92.344
93.408
94.344
95.163
95.876
96.493
97.026
97.483
97.874
98.206
98.487
98.724
98.922
99.087
99.224
99.338
99.43
99.505
99.566
99.614
99.651
99.68
99.7
99.713
99.719
99.719
99.713
99.7
99.68
99.651
99.614
99.566
99.505
99.43
99.338
99.224
99.087
98.922
98.724
98.487
98.206
97.874
97.483
97.026
96.493
95.876
95.163
94.344
93.408
92.344
91.138
89.78
88.256
86.555
84.666
82.578
80.28
77.764
75.023
72.051
68.844
65.401
61.721
57.809
53.669
49.309
44.741
39.977
35.035
29.931
24.688
19.327
13.873
8.351
2.7882
-2.7806
-8.3113
-13.809
-13.803
-8.3082
-2.7795
2.7872
8.3479
13.868
19.32
24.679
29.92
35.022
39.962
44.724
49.291
53.649
57.787
61.699
65.377
68.819
72.024
74.995
77.735
80.25
82.547
84.634
86.523
88.223
89.746
91.104
92.309
93.373
94.309
95.127
95.84
96.457
96.989
97.447
97.837
98.169
98.45
98.687
98.885
99.05
99.187
99.3
99.393
99.468
99.529
99.577
99.614
99.642
99.662
99.675
99.682
99.682
99.675
99.662
99.642
99.614
99.577
99.529
99.468
99.393
99.3
99.187
99.05
98.885
98.687
98.45
98.169
97.837
97.447
96.989
96.457
95.84
95.127
94.309
93.373
92.309
91.104
89.746
88.223
86.523
84.634
82.547
80.25
77.735
74.995
72.024
68.819
65.377
61.699
57.787
53.649
49.291
44.724
39.962
35.022
29.92
24.679
19.32
13.868
8.3479
2.7872
-2.7795
-8.3082
-13.803
-13.797
-8.3042
-2.7782
2.7859
8.3439
13.861
19.311
24.667
29.906
35.005
39.943
44.703
49.267
53.623
57.76
61.669
65.345
68.786
71.99
74.959
77.698
80.211
82.507
84.594
86.481
88.181
89.703
91.06
92.265
93.329
94.264
95.081
95.794
96.411
96.943
97.4
97.79
98.122
98.402
98.639
98.837
99.002
99.139
99.252
99.345
99.42
99.481
99.529
99.566
99.594
99.614
99.627
99.634
99.634
99.627
99.614
99.594
99.566
99.529
99.481
99.42
99.345
99.252
99.139
99.002
98.837
98.639
98.402
98.122
97.79
97.4
96.943
96.411
95.794
95.081
94.264
93.329
92.265
91.06
89.703
88.181
86.481
84.594
82.507
80.211
77.698
74.959
71.99
68.786
65.345
61.669
57.76
53.623
49.267
44.703
39.943
35.005
29.906
24.667
19.311
13.861
8.3439
2.7859
-2.7782
-8.3042
-13.797
-13.789
-8.2993
-2.7765
2.7842
8.3389
13.853
19.299
24.652
29.888
34.984
39.919
44.676
49.237
53.591
57.725
61.632
65.306
68.744
71.947
74.914
77.651
80.163
82.457
84.543
86.429
88.127
89.649
91.005
92.209
93.272
94.206
95.024
95.735
96.352
96.884
97.34
97.73
98.062
98.343
98.579
98.777
98.942
99.079
99.192
99.284
99.36
99.42
99.468
99.505
99.534
99.554
99.567
99.573
99.573
99.567
99.554
99.534
99.505
99.468
99.42
99.36
99.284
99.192
99.079
98.942
98.777
98.579
98.343
98.062
97.73
97.34
96.884
96.352
95.735
95.024
94.206
93.272
92.209
91.005
89.649
88.127
86.429
84.543
82.457
80.163
77.651
74.914
71.947
68.744
65.306
61.632
57.725
53.591
49.237
44.676
39.919
34.984
29.888
24.652
19.299
13.853
8.3389
2.7842
-2.7765
-8.2993
-13.789
-13.778
-8.293
-2.7745
2.7821
8.3327
13.842
19.285
24.634
29.866
34.958
39.89
44.642
49.201
53.551
57.682
61.586
65.257
68.693
71.893
74.858
77.593
80.103
82.395
84.479
86.364
88.061
89.581
90.937
92.139
93.202
94.135
94.952
95.663
96.279
96.811
97.267
97.657
97.988
98.268
98.504
98.702
98.867
99.004
99.117
99.209
99.284
99.345
99.393
99.43
99.458
99.478
99.491
99.498
99.498
99.491
99.478
99.458
99.43
99.393
99.345
99.284
99.209
99.117
99.004
98.867
98.702
98.504
98.268
97.988
97.657
97.267
96.811
96.279
95.663
94.952
94.135
93.202
92.139
90.937
89.581
88.061
86.364
84.479
82.395
80.103
77.593
74.858
71.893
68.693
65.257
61.586
57.682
53.551
49.201
44.642
39.89
34.958
29.866
24.634
19.285
13.842
8.3327
2.7821
-2.7745
-8.293
-13.778
-13.766
-8.2854
-2.7719
2.7796
8.325
13.83
19.267
24.611
29.838
34.926
39.853
44.601
49.155
53.501
57.628
61.529
65.197
68.629
71.826
74.789
77.521
80.029
82.319
84.401
86.284
87.979
89.498
90.852
92.054
93.115
94.048
94.864
95.574
96.19
96.721
97.176
97.566
97.897
98.177
98.413
98.61
98.775
98.912
99.025
99.117
99.192
99.252
99.3
99.338
99.366
99.386
99.399
99.405
99.405
99.399
99.386
99.366
99.338
99.3
99.252
99.192
99.117
99.025
98.912
98.775
98.61
98.413
98.177
97.897
97.566
97.176
96.721
96.19
95.574
94.864
94.048
93.115
92.054
90.852
89.498
87.979
86.284
84.401
82.319
80.029
77.521
74.789
71.826
68.629
65.197
61.529
57.628
53.501
49.155
44.601
39.853
34.926
29.838
24.611
19.267
13.83
8.325
2.7796
-2.7719
-8.2854
-13.766
-13.75
-8.2761
-2.7688
2.7764
8.3156
13.814
19.245
24.583
29.805
34.886
39.808
44.551
49.1
53.441
57.563
61.459
65.123
68.552
71.745
74.704
77.433
79.938
82.226
84.305
86.186
87.879
89.396
90.749
91.949
93.009
93.941
94.756
95.466
96.08
96.611
97.066
97.455
97.785
98.065
98.301
98.498
98.663
98.799
98.912
99.004
99.079
99.139
99.187
99.224
99.253
99.273
99.286
99.292
99.292
99.286
99.273
99.253
99.224
99.187
99.139
99.079
99.004
98.912
98.799
98.663
98.498
98.301
98.065
97.785
97.455
97.066
96.611
96.08
95.466
94.756
93.941
93.009
91.949
90.749
89.396
87.879
86.186
84.305
82.226
79.938
77.433
74.704
71.745
68.552
65.123
61.459
57.563
53.441
49.1
44.551
39.808
34.886
29.805
24.583
19.245
13.814
8.3156
2.7764
-2.7688
-8.2761
-13.75
-13.731
-8.2648
-2.765
2.7726
8.3043
13.795
19.219
24.55
29.764
34.838
39.753
44.49
49.032
53.368
57.484
61.375
65.034
68.458
71.646
74.601
77.327
79.828
82.113
84.189
86.067
87.758
89.273
90.624
91.823
92.881
93.812
94.625
95.334
95.948
96.477
96.932
97.32
97.65
97.93
98.165
98.362
98.527
98.663
98.775
98.867
98.942
99.002
99.05
99.087
99.115
99.135
99.148
99.155
99.155
99.148
99.135
99.115
99.087
99.05
99.002
98.942
98.867
98.775
98.663
98.527
98.362
98.165
97.93
97.65
97.32
96.932
96.477
95.948
95.334
94.625
93.812
92.881
91.823
90.624
89.273
87.758
86.067
84.189
82.113
79.828
77.327
74.601
71.646
68.458
65.034
61.375
57.484
53.368
49.032
44.49
39.753
34.838
29.764
24.55
19.219
13.795
8.3043
2.7726
-2.765
-8.2648
-13.731
-13.709
-8.2511
-2.7604
2.768
8.2905
13.772
19.187
24.509
29.715
34.781
39.687
44.416
48.951
53.279
57.389
61.273
64.926
68.344
71.527
74.478
77.198
79.695
81.976
84.049
85.924
87.613
89.125
90.473
91.67
92.727
93.655
94.468
95.175
95.788
96.317
96.77
97.158
97.487
97.766
98.001
98.198
98.362
98.498
98.61
98.702
98.777
98.837
98.885
98.922
98.95
98.97
98.983
98.989
98.989
98.983
98.97
98.95
98.922
98.885
98.837
98.777
98.702
98.61
98.498
98.362
98.198
98.001
97.766
97.487
97.158
96.77
96.317
95.788
95.175
94.468
93.655
92.727
91.67
90.473
89.125
87.613
85.924
84.049
81.976
79.695
77.198
74.478
71.527
68.344
64.926
61.273
57.389
53.279
48.951
44.416
39.687
34.781
29.715
24.509
19.187
13.772
8.2905
2.768
-2.7604
-8.2511
-13.709
-13.681
-8.2347
-2.7549
2.7625
8.274
13.745
19.149
24.46
29.655
34.712
39.609
44.328
48.854
53.173
57.275
61.151
64.797
68.208
71.385
74.329
77.044
79.536
81.813
83.881
85.753
87.437
88.947
90.292
91.486
92.541
93.468
94.279
94.985
95.596
96.124
96.576
96.963
97.292
97.57
97.805
98.001
98.165
98.301
98.413
98.504
98.579
98.639
98.687
98.724
98.752
98.772
98.784
98.791
98.791
98.784
98.772
98.752
98.724
98.687
98.639
98.579
98.504
98.413
98.301
98.165
98.001
97.805
97.57
97.292
96.963
96.576
96.124
95.596
94.985
94.279
93.468
92.541
91.486
90.292
88.947
87.437
85.753
83.881
81.813
79.536
77.044
74.329
71.385
68.208
64.797
61.151
57.275
53.173
48.854
44.328
39.609
34.712
29.655
24.46
19.149
13.745
8.274
2.7625
-2.7549
-8.2347
-13.681
-13.649
-8.2151
-2.7484
2.756
8.2544
13.712
19.103
24.402
29.585
34.629
39.514
44.222
48.738
53.046
57.138
61.006
64.642
68.045
71.215
74.152
76.861
79.347
81.617
83.681
85.548
87.228
88.734
90.077
91.268
92.32
93.244
94.053
94.757
95.367
95.893
96.345
96.731
97.059
97.337
97.57
97.766
97.93
98.065
98.177
98.268
98.343
98.402
98.45
98.487
98.515
98.535
98.548
98.554
98.554
98.548
98.535
98.515
98.487
98.45
98.402
98.343
98.268
98.177
98.065
97.93
97.766
97.57
97.337
97.059
96.731
96.345
95.893
95.367
94.757
94.053
93.244
92.32
91.268
90.077
88.734
87.228
85.548
83.681
81.617
79.347
76.861
74.152
71.215
68.045
64.642
61.006
57.138
53.046
48.738
44.222
39.514
34.629
29.585
24.402
19.103
13.712
8.2544
2.756
-2.7484
-8.2151
-13.649
-13.61
-8.1919
-2.7406
2.7482
8.231
13.673
19.049
24.333
29.501
34.531
39.402
44.097
48.599
52.896
56.976
60.832
64.459
67.852
71.012
73.941
76.642
79.121
81.385
83.443
85.305
86.98
88.482
89.82
91.008
92.057
92.979
93.785
94.487
95.095
95.62
96.07
96.455
96.782
97.059
97.292
97.487
97.65
97.785
97.897
97.988
98.062
98.122
98.169
98.206
98.234
98.253
98.266
98.273
98.273
98.266
98.253
98.234
98.206
98.169
98.122
98.062
97.988
97.897
97.785
97.65
97.487
97.292
97.059
96.782
96.455
96.07
95.62
95.095
94.487
93.785
92.979
92.057
91.008
89.82
88.482
86.98
85.305
83.443
81.385
79.121
76.642
73.941
71.012
67.852
64.459
60.832
56.976
52.896
48.599
44.097
39.402
34.531
29.501
24.333
19.049
13.673
8.231
2.7482
-2.7406
-8.1919
-13.61
-13.564
-8.1644
-2.7314
2.739
8.2034
13.628
18.985
24.251
29.402
34.415
39.27
43.949
48.436
52.718
56.785
60.628
64.242
67.624
70.773
73.692
76.384
78.855
81.111
83.162
85.017
86.687
88.183
89.517
90.701
91.746
92.665
93.468
94.168
94.774
95.297
95.746
96.129
96.455
96.731
96.963
97.158
97.32
97.455
97.566
97.657
97.73
97.79
97.837
97.874
97.901
97.921
97.934
97.94
97.94
97.934
97.921
97.901
97.874
97.837
97.79
97.73
97.657
97.566
97.455
97.32
97.158
96.963
96.731
96.455
96.129
95.746
95.297
94.774
94.168
93.468
92.665
91.746
90.701
89.517
88.183
86.687
85.017
83.162
81.111
78.855
76.384
73.692
70.773
67.624
64.242
60.628
56.785
52.718
48.436
43.949
39.27
34.415
29.402
24.251
18.985
13.628
8.2034
2.739
-2.7314
-8.1644
-13.564
-13.511
-8.132
-2.7206
2.7281
8.1709
13.574
18.91
24.155
29.285
34.278
39.114
43.775
48.244
52.509
56.56
60.387
63.987
67.355
70.492
73.399
76.08
78.541
80.788
82.831
84.679
86.342
87.832
89.161
90.339
91.381
92.296
93.096
93.793
94.396
94.917
95.364
95.746
96.07
96.345
96.576
96.77
96.932
97.066
97.176
97.267
97.34
97.4
97.447
97.483
97.511
97.53
97.543
97.549
97.549
97.543
97.53
97.511
97.483
97.447
97.4
97.34
97.267
97.176
97.066
96.932
96.77
96.576
96.345
96.07
95.746
95.364
94.917
94.396
93.793
93.096
92.296
91.381
90.339
89.161
87.832
86.342
84.679
82.831
80.788
78.541
76.08
73.399
70.492
67.355
63.987
60.387
56.56
52.509
48.244
43.775
39.114
34.278
29.285
24.155
18.91
13.574
8.1709
2.7281
-2.7206
-8.132
-13.511
-13.448
-8.0941
-2.7079
2.7154
8.1328
13.51
18.822
24.043
29.149
34.119
38.932
43.57
48.019
52.264
56.296
60.105
63.688
67.041
70.163
73.057
75.725
78.174
80.411
82.444
84.283
85.938
87.421
88.743
89.917
90.953
91.863
92.66
93.353
93.954
94.472
94.917
95.297
95.62
95.893
96.124
96.317
96.477
96.611
96.721
96.811
96.884
96.943
96.989
97.026
97.053
97.073
97.086
97.092
97.092
97.086
97.073
97.053
97.026
96.989
96.943
96.884
96.811
96.721
96.611
96.477
96.317
96.124
95.893
95.62
95.297
94.917
94.472
93.954
93.353
92.66
91.863
90.953
89.917
88.743
87.421
85.938
84.283
82.444
80.411
78.174
75.725
73.057
70.163
67.041
63.688
60.105
56.296
52.264
48.019
43.57
38.932
34.119
29.149
24.043
18.822
13.51
8.1328
2.7154
-2.7079
-8.0941
-13.448
-13.374
-8.05
-2.6931
2.7006
8.0884
13.437
18.719
23.911
28.99
33.932
38.719
43.333
47.757
51.979
55.988
59.777
63.34
66.674
69.779
72.657
75.311
77.746
79.971
81.992
83.821
85.467
86.942
88.257
89.424
90.454
91.36
92.152
92.841
93.439
93.954
94.396
94.774
95.095
95.367
95.596
95.788
95.948
96.08
96.19
96.279
96.352
96.411
96.457
96.493
96.52
96.54
96.553
96.559
96.559
96.553
96.54
96.52
96.493
96.457
96.411
96.352
96.279
96.19
96.08
95.948
95.788
95.596
95.367
95.095
94.774
94.396
93.954
93.439
92.841
92.152
91.36
90.454
89.424
88.257
86.942
85.467
83.821
81.992
79.971
77.746
75.311
72.657
69.779
66.674
63.34
59.777
55.988
51.979
47.757
43.333
38.719
33.932
28.99
23.911
18.719
13.437
8.0884
2.7006
-2.6931
-8.05
-13.374
-13.289
-7.9987
-2.676
2.6834
8.0369
13.351
18.6
23.759
28.805
33.716
38.473
43.057
47.452
51.648
55.631
59.396
62.936
66.249
69.334
72.194
74.83
77.25
79.46
81.469
83.286
84.922
86.387
87.693
88.852
89.876
90.776
91.563
92.248
92.841
93.353
93.793
94.168
94.487
94.757
94.985
95.175
95.334
95.466
95.574
95.663
95.735
95.794
95.84
95.876
95.903
95.922
95.935
95.941
95.941
95.935
95.922
95.903
95.876
95.84
95.794
95.735
95.663
95.574
95.466
95.334
95.175
94.985
94.757
94.487
94.168
93.793
93.353
92.841
92.248
91.563
90.776
89.876
88.852
87.693
86.387
84.922
83.286
81.469
79.46
77.25
74.83
72.194
69.334
66.249
62.936
59.396
55.631
51.648
47.452
43.057
38.473
33.716
28.805
23.759
18.6
13.351
8.0369
2.6834
-2.676
-7.9987
-13.289
-13.191
-7.9396
-2.6562
2.6635
7.9775
13.252
18.462
23.584
28.592
33.467
38.188
42.738
47.101
51.265
55.219
58.956
62.47
65.759
68.821
71.659
74.276
76.678
78.871
80.865
82.668
84.292
85.746
87.043
88.193
89.209
90.102
90.883
91.563
92.152
92.66
93.096
93.468
93.785
94.053
94.279
94.468
94.625
94.756
94.864
94.952
95.024
95.081
95.127
95.163
95.19
95.209
95.221
95.227
95.227
95.221
95.209
95.19
95.163
95.127
95.081
95.024
94.952
94.864
94.756
94.625
94.468
94.279
94.053
93.785
93.468
93.096
92.66
92.152
91.563
90.883
90.102
89.209
88.193
87.043
85.746
84.292
82.668
80.865
78.871
76.678
74.276
71.659
68.821
65.759
62.47
58.956
55.219
51.265
47.101
42.738
38.188
33.467
28.592
23.584
18.462
13.252
7.9775
2.6635
-2.6562
-7.9396
-13.191
-13.078
-7.8716
-2.6335
2.6407
7.9092
13.139
18.304
23.382
28.347
33.18
37.861
42.372
46.698
50.826
54.746
58.451
61.935
65.195
68.231
71.044
73.639
76.02
78.194
80.171
81.959
83.568
85.01
86.295
87.435
88.443
89.328
90.102
90.776
91.36
91.863
92.296
92.665
92.979
93.244
93.468
93.655
93.812
93.941
94.048
94.135
94.206
94.264
94.309
94.344
94.371
94.39
94.402
94.408
94.408
94.402
94.39
94.371
94.344
94.309
94.264
94.206
94.135
94.048
93.941
93.812
93.655
93.468
93.244
92.979
92.665
92.296
91.863
91.36
90.776
90.102
89.328
88.443
87.435
86.295
85.01
83.568
81.959
80.171
78.194
76.02
73.639
71.044
68.231
65.195
61.935
58.451
54.746
50.826
46.698
42.372
37.861
33.18
28.347
23.382
18.304
13.139
7.9092
2.6407
-2.6335
-7.8716
-13.078
-12.949
-7.7939
-2.6075
2.6147
7.8311
13.009
18.124
23.151
28.067
32.853
37.487
41.953
46.236
50.324
54.205
57.873
61.322
64.55
67.556
70.341
72.91
75.267
77.42
79.377
81.147
82.74
84.168
85.44
86.569
87.566
88.443
89.209
89.876
90.454
90.953
91.381
91.746
92.057
92.32
92.541
92.727
92.881
93.009
93.115
93.202
93.272
93.329
93.373
93.408
93.435
93.454
93.466
93.472
93.472
93.466
93.454
93.435
93.408
93.373
93.329
93.272
93.202
93.115
93.009
92.881
92.727
92.541
92.32
92.057
91.746
91.381
90.953
90.454
89.876
89.209
88.443
87.566
86.569
85.44
84.168
82.74
81.147
79.377
77.42
75.267
72.91
70.341
67.556
64.55
61.322
57.873
54.205
50.324
46.236
41.953
37.487
32.853
28.067
23.151
18.124
13.009
7.8311
2.6147
-2.6075
-7.7939
-12.949
-12.802
-7.7054
-2.5779
2.585
7.7422
12.861
17.918
22.888
27.749
32.48
37.061
41.477
45.711
49.752
53.589
57.216
60.625
63.816
66.788
69.542
72.081
74.411
76.54
78.474
80.224
81.799
83.21
84.468
85.584
86.569
87.435
88.193
88.852
89.424
89.917
90.339
90.701
91.008
91.268
91.486
91.67
91.823
91.949
92.054
92.139
92.209
92.265
92.309
92.344
92.37
92.388
92.4
92.406
92.406
92.4
92.388
92.37
92.344
92.309
92.265
92.209
92.139
92.054
91.949
91.823
91.67
91.486
91.268
91.008
90.701
90.339
89.917
89.424
88.852
88.193
87.435
86.569
85.584
84.468
83.21
81.799
80.224
78.474
76.54
74.411
72.081
69.542
66.788
63.816
60.625
57.216
53.589
49.752
45.711
41.477
37.061
32.48
27.749
22.888
17.918
12.861
7.7422
2.585
-2.5779
-7.7054
-12.802
-12.635
-7.6052
-2.5443
2.5514
7.6415
12.694
17.685
22.59
27.388
32.057
36.579
40.937
45.116
49.105
52.892
56.471
59.836
62.985
65.918
68.636
71.142
73.442
75.543
77.452
79.178
80.733
82.125
83.366
84.468
85.44
86.295
87.043
87.693
88.257
88.743
89.161
89.517
89.82
90.077
90.292
90.473
90.624
90.749
90.852
90.937
91.005
91.06
91.104
91.138
91.164
91.182
91.194
91.2
91.2
91.194
91.182
91.164
91.138
91.104
91.06
91.005
90.937
90.852
90.749
90.624
90.473
90.292
90.077
89.82
89.517
89.161
88.743
88.257
87.693
87.043
86.295
85.44
84.468
83.366
82.125
80.733
79.178
77.452
75.543
73.442
71.142
68.636
65.918
62.985
59.836
56.471
52.892
49.105
45.116
40.937
36.579
32.057
27.388
22.59
17.685
12.694
7.6415
2.5514
-2.5443
-7.6052
-12.635
-12.448
-7.4922
-2.5065
2.5135
7.528
12.506
17.422
22.254
26.981
31.581
36.036
40.329
44.446
48.375
52.106
55.631
58.946
62.049
64.938
67.615
70.084
72.349
74.418
76.299
78
79.531
80.902
82.125
83.21
84.168
85.01
85.746
86.387
86.942
87.421
87.832
88.183
88.482
88.734
88.947
89.125
89.273
89.396
89.498
89.581
89.649
89.703
89.746
89.78
89.805
89.823
89.835
89.84
89.84
89.835
89.823
89.805
89.78
89.746
89.703
89.649
89.581
89.498
89.396
89.273
89.125
88.947
88.734
88.482
88.183
87.832
87.421
86.942
86.387
85.746
85.01
84.168
83.21
82.125
80.902
79.531
78
76.299
74.418
72.349
70.084
67.615
64.938
62.049
58.946
55.631
52.106
48.375
44.446
40.329
36.036
31.581
26.981
22.254
17.422
12.506
7.528
2.5135
-2.5065
-7.4922
-12.448
-12.237
-7.3655
-2.4641
2.4709
7.4006
12.294
17.127
21.878
26.524
31.046
35.426
39.646
43.694
47.556
51.223
54.689
57.948
60.998
63.838
66.47
68.896
71.123
73.157
75.006
76.678
78.183
79.531
80.733
81.799
82.74
83.568
84.292
84.922
85.467
85.938
86.342
86.687
86.98
87.228
87.437
87.613
87.758
87.879
87.979
88.061
88.127
88.181
88.223
88.256
88.281
88.299
88.31
88.316
88.316
88.31
88.299
88.281
88.256
88.223
88.181
88.127
88.061
87.979
87.879
87.758
87.613
87.437
87.228
86.98
86.687
86.342
85.938
85.467
84.922
84.292
83.568
82.74
81.799
80.733
79.531
78.183
76.678
75.006
73.157
71.123
68.896
66.47
63.838
60.998
57.948
54.689
51.223
47.556
43.694
39.646
35.426
31.046
26.524
21.878
17.127
12.294
7.4006
2.4709
-2.4641
-7.3655
-12.237
-12.002
-7.224
-2.4168
2.4235
7.2584
12.058
16.798
21.458
26.015
30.45
34.745
38.884
42.854
46.642
50.239
53.638
56.834
59.825
62.61
65.191
67.571
69.755
71.75
73.562
75.202
76.678
78
79.178
80.224
81.147
81.959
82.668
83.286
83.821
84.283
84.679
85.017
85.305
85.548
85.753
85.924
86.067
86.186
86.284
86.364
86.429
86.481
86.523
86.555
86.58
86.597
86.608
86.614
86.614
86.608
86.597
86.58
86.555
86.523
86.481
86.429
86.364
86.284
86.186
86.067
85.924
85.753
85.548
85.305
85.017
84.679
84.283
83.821
83.286
82.668
81.959
81.147
80.224
79.178
78
76.678
75.202
73.562
71.75
69.755
67.571
65.191
62.61
59.825
56.834
53.638
50.239
46.642
42.854
38.884
34.745
30.45
26.015
21.458
16.798
12.058
7.2584
2.4235
-2.4168
-7.224
-12.002
-11.741
-7.0667
-2.3642
2.3707
7.1004
11.795
16.432
20.99
25.448
29.787
33.988
38.037
41.92
45.626
49.144
52.469
55.596
58.521
61.246
63.77
66.098
68.235
70.186
71.959
73.562
75.006
76.299
77.452
78.474
79.377
80.171
80.865
81.469
81.992
82.444
82.831
83.162
83.443
83.681
83.881
84.049
84.189
84.305
84.401
84.479
84.543
84.594
84.634
84.666
84.69
84.707
84.718
84.723
84.723
84.718
84.707
84.69
84.666
84.634
84.594
84.543
84.479
84.401
84.305
84.189
84.049
83.881
83.681
83.443
83.162
82.831
82.444
81.992
81.469
80.865
80.171
79.377
78.474
77.452
76.299
75.006
73.562
71.959
70.186
68.235
66.098
63.77
61.246
58.521
55.596
52.469
49.144
45.626
41.92
38.037
33.988
29.787
25.448
20.99
16.432
11.795
7.1004
2.3707
-2.3642
-7.0667
-11.741
-11.452
-6.8928
-2.306
2.3123
6.9256
11.505
16.028
20.474
24.822
29.053
33.152
37.101
40.888
44.502
47.934
51.177
54.227
57.08
59.737
62.199
64.47
66.554
68.456
70.186
71.75
73.157
74.418
75.543
76.54
77.42
78.194
78.871
79.46
79.971
80.411
80.788
81.111
81.385
81.617
81.813
81.976
82.113
82.226
82.319
82.395
82.457
82.507
82.547
82.578
82.601
82.617
82.628
82.633
82.633
82.628
82.617
82.601
82.578
82.547
82.507
82.457
82.395
82.319
82.226
82.113
81.976
81.813
81.617
81.385
81.111
80.788
80.411
79.971
79.46
78.871
78.194
77.42
76.54
75.543
74.418
73.157
71.75
70.186
68.456
66.554
64.47
62.199
59.737
57.08
54.227
51.177
47.934
44.502
40.888
37.101
33.152
29.053
24.822
20.474
16.028
11.505
6.9256
2.3123
-2.306
-6.8928
-11.452
-11.134
-6.7014
-2.2419
2.2481
6.7333
11.185
15.583
19.905
24.132
28.247
32.231
36.071
39.753
43.266
46.603
49.755
52.72
55.494
58.077
60.471
62.678
64.704
66.554
68.235
69.755
71.123
72.349
73.442
74.411
75.267
76.02
76.678
77.25
77.746
78.174
78.541
78.855
79.121
79.347
79.536
79.695
79.828
79.938
80.029
80.103
80.163
80.211
80.25
80.28
80.302
80.319
80.329
80.334
80.334
80.329
80.319
80.302
80.28
80.25
80.211
80.163
80.103
80.029
79.938
79.828
79.695
79.536
79.347
79.121
78.855
78.541
78.174
77.746
77.25
76.678
76.02
75.267
74.411
73.442
72.349
71.123
69.755
68.235
66.554
64.704
62.678
60.471
58.077
55.494
52.72
49.755
46.603
43.266
39.753
36.071
32.231
28.247
24.132
19.905
15.583
11.185
6.7333
2.2481
-2.2419
-6.7014
-11.134
-10.786
-6.4918
-2.1718
2.1778
6.5227
10.836
15.096
19.283
23.378
27.363
31.223
34.942
38.509
41.912
45.144
48.199
51.07
53.757
56.26
58.578
60.716
62.678
64.47
66.098
67.571
68.896
70.084
71.142
72.081
72.91
73.639
74.276
74.83
75.311
75.725
76.08
76.384
76.642
76.861
77.044
77.198
77.327
77.433
77.521
77.593
77.651
77.698
77.735
77.764
77.786
77.802
77.812
77.817
77.817
77.812
77.802
77.786
77.764
77.735
77.698
77.651
77.593
77.521
77.433
77.327
77.198
77.044
76.861
76.642
76.384
76.08
75.725
75.311
74.83
74.276
73.639
72.91
72.081
71.142
70.084
68.896
67.571
66.098
64.47
62.678
60.716
58.578
56.26
53.757
51.07
48.199
45.144
41.912
38.509
34.942
31.223
27.363
23.378
19.283
15.096
10.836
6.5227
2.1778
-2.1718
-6.4918
-10.786
-10.406
-6.2634
-2.0954
2.1012
6.2932
10.454
14.564
18.604
22.555
26.4
30.124
33.712
37.153
40.437
43.555
46.502
49.272
51.865
54.279
56.516
58.578
60.471
62.199
63.77
65.191
66.47
67.615
68.636
69.542
70.341
71.044
71.659
72.194
72.657
73.057
73.399
73.692
73.941
74.152
74.329
74.478
74.601
74.704
74.789
74.858
74.914
74.959
74.995
75.023
75.044
75.059
75.069
75.074
75.074
75.069
75.059
75.044
75.023
74.995
74.959
74.914
74.858
74.789
74.704
74.601
74.478
74.329
74.152
73.941
73.692
73.399
73.057
72.657
72.194
71.659
71.044
70.341
69.542
68.636
67.615
66.47
65.191
63.77
62.199
60.471
58.578
56.516
54.279
51.865
49.272
46.502
43.555
40.437
37.153
33.712
30.124
26.4
22.555
18.604
14.564
10.454
6.2932
2.1012
-2.0954
-6.2634
-10.406
-9.9945
-6.0156
-2.0125
2.0181
6.0443
10.041
13.988
17.868
21.663
25.356
28.932
32.378
35.683
38.837
41.832
44.662
47.322
49.812
52.131
54.279
56.26
58.077
59.737
61.246
62.61
63.838
64.938
65.918
66.788
67.556
68.231
68.821
69.334
69.779
70.163
70.492
70.773
71.012
71.215
71.385
71.527
71.646
71.745
71.826
71.893
71.947
71.99
72.024
72.051
72.072
72.086
72.095
72.1
72.1
72.095
72.086
72.072
72.051
72.024
71.99
71.947
71.893
71.826
71.745
71.646
71.527
71.385
71.215
71.012
70.773
70.492
70.163
69.779
69.334
68.821
68.231
67.556
66.788
65.918
64.938
63.838
62.61
61.246
59.737
58.077
56.26
54.279
52.131
49.812
47.322
44.662
41.832
38.837
35.683
32.378
28.932
25.356
21.663
17.868
13.988
10.041
6.0443
2.0181
-2.0125
-6.0156
-9.9945
-9.5502
-5.7482
-1.923
1.9284
5.7756
9.5944
13.366
17.074
20.7
24.228
27.646
30.939
34.097
37.11
39.972
42.676
45.218
47.597
49.812
51.865
53.757
55.494
57.08
58.521
59.825
60.998
62.049
62.985
63.816
64.55
65.195
65.759
66.249
66.674
67.041
67.355
67.624
67.852
68.045
68.208
68.344
68.458
68.552
68.629
68.693
68.744
68.786
68.819
68.844
68.864
68.878
68.887
68.891
68.891
68.887
68.878
68.864
68.844
68.819
68.786
68.744
68.693
68.629
68.552
68.458
68.344
68.208
68.045
67.852
67.624
67.355
67.041
66.674
66.249
65.759
65.195
64.55
63.816
62.985
62.049
60.998
59.825
58.521
57.08
55.494
53.757
51.865
49.812
47.597
45.218
42.676
39.972
37.11
34.097
30.939
27.646
24.228
20.7
17.074
13.366
9.5944
5.7756
1.9284
-1.923
-5.7482
-9.5502
-9.0731
-5.461
-1.827
1.832
5.487
9.115
12.698
16.221
19.665
23.018
26.264
29.393
32.393
35.256
37.974
40.543
42.958
45.218
47.322
49.272
51.07
52.72
54.227
55.596
56.834
57.948
58.946
59.836
60.625
61.322
61.935
62.47
62.936
63.34
63.688
63.987
64.242
64.459
64.642
64.797
64.926
65.034
65.123
65.197
65.257
65.306
65.345
65.377
65.401
65.419
65.433
65.441
65.445
65.445
65.441
65.433
65.419
65.401
65.377
65.345
65.306
65.257
65.197
65.123
65.034
64.926
64.797
64.642
64.459
64.242
63.987
63.688
63.34
62.936
62.47
61.935
61.322
60.625
59.836
58.946
57.948
56.834
55.596
54.227
52.72
51.07
49.272
47.322
45.218
42.958
40.543
37.974
35.256
32.393
29.393
26.264
23.018
19.665
16.221
12.698
9.115
5.487
1.832
-1.827
-5.461
-9.0731
-8.5631
-5.154
-1.7243
1.729
5.1786
8.6026
11.985
15.309
18.56
21.724
24.788
27.741
30.572
33.274
35.839
38.264
40.543
42.676
44.662
46.502
48.199
49.755
51.177
52.469
53.638
54.689
55.631
56.471
57.216
57.873
58.451
58.956
59.396
59.777
60.105
60.387
60.628
60.832
61.006
61.151
61.273
61.375
61.459
61.529
61.586
61.632
61.669
61.699
61.721
61.739
61.751
61.759
61.763
61.763
61.759
61.751
61.739
61.721
61.699
61.669
61.632
61.586
61.529
61.459
61.375
61.273
61.151
61.006
60.832
60.628
60.387
60.105
59.777
59.396
58.956
58.451
57.873
57.216
56.471
55.631
54.689
53.638
52.469
51.177
49.755
48.199
46.502
44.662
42.676
40.543
38.264
35.839
33.274
30.572
27.741
24.788
21.724
18.56
15.309
11.985
8.6026
5.1786
1.729
-1.7243
-5.154
-8.5631
-8.0207
-4.8276
-1.615
1.6195
4.8505
8.0577
11.226
14.339
17.384
20.348
23.218
25.983
28.635
31.166
33.569
35.839
37.974
39.972
41.832
43.555
45.144
46.603
47.934
49.144
50.239
51.223
52.106
52.892
53.589
54.205
54.746
55.219
55.631
55.988
56.296
56.56
56.785
56.976
57.138
57.275
57.389
57.484
57.563
57.628
57.682
57.725
57.76
57.787
57.809
57.825
57.837
57.844
57.848
57.848
57.844
57.837
57.825
57.809
57.787
57.76
57.725
57.682
57.628
57.563
57.484
57.389
57.275
57.138
56.976
56.785
56.56
56.296
55.988
55.631
55.219
54.746
54.205
53.589
52.892
52.106
51.223
50.239
49.144
47.934
46.603
45.144
43.555
41.832
39.972
37.974
35.839
33.569
31.166
28.635
25.983
23.218
20.348
17.384
14.339
11.226
8.0577
4.8505
1.6195
-1.615
-4.8276
-8.0207
-7.4466
-4.4821
-1.4995
1.5036
4.5034
7.481
10.422
13.313
16.14
18.891
21.556
24.123
26.586
28.935
31.166
33.274
35.256
37.11
38.837
40.437
41.912
43.266
44.502
45.626
46.642
47.556
48.375
49.105
49.752
50.324
50.826
51.265
51.648
51.979
52.264
52.509
52.718
52.896
53.046
53.173
53.279
53.368
53.441
53.501
53.551
53.591
53.623
53.649
53.669
53.684
53.694
53.701
53.705
53.705
53.701
53.694
53.684
53.669
53.649
53.623
53.591
53.551
53.501
53.441
53.368
53.279
53.173
53.046
52.896
52.718
52.509
52.264
51.979
51.648
51.265
50.826
50.324
49.752
49.105
48.375
47.556
46.642
45.626
44.502
43.266
41.912
40.437
38.837
37.11
35.256
33.274
31.166
28.935
26.586
24.123
21.556
18.891
16.14
13.313
10.422
7.481
4.5034
1.5036
-1.4995
-4.4821
-7.4466
-6.842
-4.1182
-1.3777
1.3815
4.1377
6.8736
9.5759
12.232
14.829
17.357
19.806
22.165
24.427
26.586
28.635
30.572
32.393
34.097
35.683
37.153
38.509
39.753
40.888
41.92
42.854
43.694
44.446
45.116
45.711
46.236
46.698
47.101
47.452
47.757
48.019
48.244
48.436
48.599
48.738
48.854
48.951
49.032
49.1
49.155
49.201
49.237
49.267
49.291
49.309
49.323
49.333
49.339
49.342
49.342
49.339
49.333
49.323
49.309
49.291
49.267
49.237
49.201
49.155
49.1
49.032
48.951
48.854
48.738
48.599
48.436
48.244
48.019
47.757
47.452
47.101
46.698
46.236
45.711
45.116
44.446
43.694
42.854
41.92
40.888
39.753
38.509
37.153
35.683
34.097
32.393
30.572
28.635
26.586
24.427
22.165
19.806
17.357
14.829
12.232
9.5759
6.8736
4.1377
1.3815
-1.3777
-4.1182
-6.842
-6.2084
-3.7368
-1.2501
1.2536
3.7546
6.2371
8.6891
11.099
13.456
15.75
17.971
20.112
22.165
24.123
25.983
27.741
29.393
30.939
32.378
33.712
34.942
36.071
37.101
38.037
38.884
39.646
40.329
40.937
41.477
41.953
42.372
42.738
43.057
43.333
43.57
43.775
43.949
44.097
44.222
44.328
44.416
44.49
44.551
44.601
44.642
44.676
44.703
44.724
44.741
44.753
44.762
44.768
44.771
44.771
44.768
44.762
44.753
44.741
44.724
44.703
44.676
44.642
44.601
44.551
44.49
44.416
44.328
44.222
44.097
43.949
43.775
43.57
43.333
43.057
42.738
42.372
41.953
41.477
40.937
40.329
39.646
38.884
38.037
37.101
36.071
34.942
33.712
32.378
30.939
29.393
27.741
25.983
24.123
22.165
20.112
17.971
15.75
13.456
11.099
8.6891
6.2371
3.7546
1.2536
-1.2501
-3.7368
-6.2084
-5.5477
-3.3391
-1.1171
1.1202
3.355
5.5732
7.7643
9.9178
12.024
14.074
16.059
17.971
19.806
21.556
23.218
24.788
26.264
27.646
28.932
30.124
31.223
32.231
33.152
33.988
34.745
35.426
36.036
36.579
37.061
37.487
37.861
38.188
38.473
38.719
38.932
39.114
39.27
39.402
39.514
39.609
39.687
39.753
39.808
39.853
39.89
39.919
39.943
39.962
39.977
39.989
39.997
40.002
40.004
40.004
40.002
39.997
39.989
39.977
39.962
39.943
39.919
39.89
39.853
39.808
39.753
39.687
39.609
39.514
39.402
39.27
39.114
38.932
38.719
38.473
38.188
37.861
37.487
37.061
36.579
36.036
35.426
34.745
33.988
33.152
32.231
31.223
30.124
28.932
27.646
26.264
24.788
23.218
21.556
19.806
17.971
16.059
14.074
12.024
9.9178
7.7643
5.5732
3.355
1.1202
-1.1171
-3.3391
-5.5477
-4.8619
-2.9264
-0.979
0.98171
2.9403
4.8844
6.8046
8.6919
10.538
12.334
14.074
15.75
17.357
18.891
20.348
21.724
23.018
24.228
25.356
26.4
27.363
28.247
29.053
29.787
30.45
31.046
31.581
32.057
32.48
32.853
33.18
33.467
33.716
33.932
34.119
34.278
34.415
34.531
34.629
34.712
34.781
34.838
34.886
34.926
34.958
34.984
35.005
35.022
35.035
35.045
35.052
35.056
35.058
35.058
35.056
35.052
35.045
35.035
35.022
35.005
34.984
34.958
34.926
34.886
34.838
34.781
34.712
34.629
34.531
34.415
34.278
34.119
33.932
33.716
33.467
33.18
32.853
32.48
32.057
31.581
31.046
30.45
29.787
29.053
28.247
27.363
26.4
25.356
24.228
23.018
21.724
20.348
18.891
17.357
15.75
14.074
12.334
10.538
8.6919
6.8046
4.8844
2.9403
0.98171
-0.979
-2.9264
-4.8619
-4.1539
-2.5002
-0.83642
0.83873
2.5121
4.173
5.8136
7.426
9.003
10.538
12.024
13.456
14.829
16.14
17.384
18.56
19.665
20.7
21.663
22.555
23.378
24.132
24.822
25.448
26.015
26.524
26.981
27.388
27.749
28.067
28.347
28.592
28.805
28.99
29.149
29.285
29.402
29.501
29.585
29.655
29.715
29.764
29.805
29.838
29.866
29.888
29.906
29.92
29.931
29.94
29.946
29.95
29.952
29.952
29.95
29.946
29.94
29.931
29.92
29.906
29.888
29.866
29.838
29.805
29.764
29.715
29.655
29.585
29.501
29.402
29.285
29.149
28.99
28.805
28.592
28.347
28.067
27.749
27.388
26.981
26.524
26.015
25.448
24.822
24.132
23.378
22.555
21.663
20.7
19.665
18.56
17.384
16.14
14.829
13.456
12.024
10.538
9.003
7.426
5.8136
4.173
2.5121
0.83873
-0.83642
-2.5002
-4.1539
-3.4263
-2.0622
-0.68991
0.69182
2.072
3.4421
4.7953
6.1253
7.426
8.6919
9.9178
11.099
12.232
13.313
14.339
15.309
16.221
17.074
17.868
18.604
19.283
19.905
20.474
20.99
21.458
21.878
22.254
22.59
22.888
23.151
23.382
23.584
23.759
23.911
24.043
24.155
24.251
24.333
24.402
24.46
24.509
24.55
24.583
24.611
24.634
24.652
24.667
24.679
24.688
24.695
24.7
24.703
24.705
24.705
24.703
24.7
24.695
24.688
24.679
24.667
24.652
24.634
24.611
24.583
24.55
24.509
24.46
24.402
24.333
24.251
24.155
24.043
23.911
23.759
23.584
23.382
23.151
22.888
22.59
22.254
21.878
21.458
20.99
20.474
19.905
19.283
18.604
17.868
17.074
16.221
15.309
14.339
13.313
12.232
11.099
9.9178
8.6919
7.426
6.1253
4.7953
3.4421
2.072
0.69182
-0.68991
-2.0622
-3.4263
-2.6823
-1.6145
-0.54011
0.5416
1.6221
2.6947
3.7541
4.7953
5.8136
6.8046
7.7643
8.6891
9.5759
10.422
11.226
11.985
12.698
13.366
13.988
14.564
15.096
15.583
16.028
16.432
16.798
17.127
17.422
17.685
17.918
18.124
18.304
18.462
18.6
18.719
18.822
18.91
18.985
19.049
19.103
19.149
19.187
19.219
19.245
19.267
19.285
19.299
19.311
19.32
19.327
19.332
19.336
19.339
19.34
19.34
19.339
19.336
19.332
19.327
19.32
19.311
19.299
19.285
19.267
19.245
19.219
19.187
19.149
19.103
19.049
18.985
18.91
18.822
18.719
18.6
18.462
18.304
18.124
17.918
17.685
17.422
17.127
16.798
16.432
16.028
15.583
15.096
14.564
13.988
13.366
12.698
11.985
11.226
10.422
9.5759
8.6891
7.7643
6.8046
5.8136
4.7953
3.7541
2.6947
1.6221
0.5416
-0.54011
-1.6145
-2.6823
-1.9254
-1.1589
-0.38769
0.38877
1.1644
1.9343
2.6947
3.4421
4.173
4.8844
5.5732
6.2371
6.8736
7.481
8.0577
8.6026
9.115
9.5944
10.041
10.454
10.836
11.185
11.505
11.795
12.058
12.294
12.506
12.694
12.861
13.009
13.139
13.252
13.351
13.437
13.51
13.574
13.628
13.673
13.712
13.745
13.772
13.795
13.814
13.83
13.842
13.853
13.861
13.868
13.873
13.877
13.879
13.881
13.882
13.882
13.881
13.879
13.877
13.873
13.868
13.861
13.853
13.842
13.83
13.814
13.795
13.772
13.745
13.712
13.673
13.628
13.574
13.51
13.437
13.351
13.252
13.139
13.009
12.861
12.694
12.506
12.294
12.058
11.795
11.505
11.185
10.836
10.454
10.041
9.5944
9.115
8.6026
8.0577
7.481
6.8736
6.2371
5.5732
4.8844
4.173
3.4421
2.6947
1.9343
1.1644
0.38877
-0.38769
-1.1589
-1.9254
-1.159
-0.69761
-0.23338
0.23403
0.70093
1.1644
1.6221
2.072
2.5121
2.9403
3.355
3.7546
4.1377
4.5034
4.8505
5.1786
5.487
5.7756
6.0443
6.2932
6.5227
6.7333
6.9256
7.1004
7.2584
7.4006
7.528
7.6415
7.7422
7.8311
7.9092
7.9775
8.0369
8.0884
8.1328
8.1709
8.2034
8.231
8.2544
8.274
8.2905
8.3043
8.3156
8.325
8.3327
8.3389
8.3439
8.3479
8.351
8.3534
8.355
8.3561
8.3566
8.3566
8.3561
8.355
8.3534
8.351
8.3479
8.3439
8.3389
8.3327
8.325
8.3156
8.3043
8.2905
8.274
8.2544
8.231
8.2034
8.1709
8.1328
8.0884
8.0369
7.9775
7.9092
7.8311
7.7422
7.6415
7.528
7.4006
7.2584
7.1004
6.9256
6.7333
6.5227
6.2932
6.0443
5.7756
5.487
5.1786
4.8505
4.5034
4.1377
3.7546
3.355
2.9403
2.5121
2.072
1.6221
1.1644
0.70093
0.23403
-0.23338
-0.69761
-1.159
-0.38698
-0.23292
-0.077922
0.078138
0.23403
0.38877
0.5416
0.69182
0.83873
0.98171
1.1202
1.2536
1.3815
1.5036
1.6195
1.729
1.832
1.9284
2.0181
2.1012
2.1778
2.2481
2.3123
2.3707
2.4235
2.4709
2.5135
2.5514
2.585
2.6147
2.6407
2.6635
2.6834
2.7006
2.7154
2.7281
2.739
2.7482
2.756
2.7625
2.768
2.7726
2.7764
2.7796
2.7821
2.7842
2.7859
2.7872
2.7882
2.789
2.7896
2.7899
2.7901
2.7901
2.7899
2.7896
2.789
2.7882
2.7872
2.7859
2.7842
2.7821
2.7796
2.7764
2.7726
2.768
2.7625
2.756
2.7482
2.739
2.7281
2.7154
2.7006
2.6834
2.6635
2.6407
2.6147
2.585
2.5514
2.5135
2.4709
2.4235
2.3707
2.3123
2.2481
2.1778
2.1012
2.0181
1.9284
1.832
1.729
1.6195
1.5036
1.3815
1.2536
1.1202
0.98171
0.83873
0.69182
0.5416
0.38877
0.23403
0.078138
-0.077922
-0.23292
-0.38698
0.38591
0.23228
0.077707
-0.077922
-0.23338
-0.38769
-0.54011
-0.68991
-0.83642
-0.979
-1.1171
-1.2501
-1.3777
-1.4995
-1.615
-1.7243
-1.827
-1.923
-2.0125
-2.0954
-2.1718
-2.2419
-2.306
-2.3642
-2.4168
-2.4641
-2.5065
-2.5443
-2.5779
-2.6075
-2.6335
-2.6562
-2.676
-2.6931
-2.7079
-2.7206
-2.7314
-2.7406
-2.7484
-2.7549
-2.7604
-2.765
-2.7688
-2.7719
-2.7745
-2.7765
-2.7782
-2.7795
-2.7806
-2.7813
-2.7819
-2.7823
-2.7824
-2.7824
-2.7823
-2.7819
-2.7813
-2.7806
-2.7795
-2.7782
-2.7765
-2.7745
-2.7719
-2.7688
-2.765
-2.7604
-2.7549
-2.7484
-2.7406
-2.7314
-2.7206
-2.7079
-2.6931
-2.676
-2.6562
-2.6335
-2.6075
-2.5779
-2.5443
-2.5065
-2.4641
-2.4168
-2.3642
-2.306
-2.2419
-2.1718
-2.0954
-2.0125
-1.923
-1.827
-1.7243
-1.615
-1.4995
-1.3777
-1.2501
-1.1171
-0.979
-0.83642
-0.68991
-0.54011
-0.38769
-0.23338
-0.077922
0.077707
0.23228
0.38591
1.1569
0.6958
0.23228
-0.23292
-0.69761
-1.1589
-1.6145
-2.0622
-2.5002
-2.9264
-3.3391
-3.7368
-4.1182
-4.4821
-4.8276
-5.154
-5.461
-5.7482
-6.0156
-6.2634
-6.4918
-6.7014
-6.8928
-7.0667
-7.224
-7.3655
-7.4922
-7.6052
-7.7054
-7.7939
-7.8716
-7.9396
-7.9987
-8.05
-8.0941
-8.132
-8.1644
-8.1919
-8.2151
-8.2347
-8.2511
-8.2648
-8.2761
-8.2854
-8.293
-8.2993
-8.3042
-8.3082
-8.3113
-8.3136
-8.3153
-8.3163
-8.3169
-8.3169
-8.3163
-8.3153
-8.3136
-8.3113
-8.3082
-8.3042
-8.2993
-8.293
-8.2854
-8.2761
-8.2648
-8.2511
-8.2347
-8.2151
-8.1919
-8.1644
-8.132
-8.0941
-8.05
-7.9987
-7.9396
-7.8716
-7.7939
-7.7054
-7.6052
-7.4922
-7.3655
-7.224
-7.0667
-6.8928
-6.7014
-6.4918
-6.2634
-6.0156
-5.7482
-5.461
-5.154
-4.8276
-4.4821
-4.1182
-3.7368
-3.3391
-2.9264
-2.5002
-2.0622
-1.6145
-1.1589
-0.69761
-0.23292
0.23228
0.6958
1.1569
1.9239
1.1569
0.38591
-0.38698
-1.159
-1.9254
-2.6823
-3.4263
-4.1539
-4.8619
-5.5477
-6.2084
-6.842
-7.4466
-8.0207
-8.5631
-9.0731
-9.5502
-9.9945
-10.406
-10.786
-11.134
-11.452
-11.741
-12.002
-12.237
-12.448
-12.635
-12.802
-12.949
-13.078
-13.191
-13.289
-13.374
-13.448
-13.511
-13.564
-13.61
-13.649
-13.681
-13.709
-13.731
-13.75
-13.766
-13.778
-13.789
-13.797
-13.803
-13.809
-13.812
-13.815
-13.817
-13.818
-13.818
-13.817
-13.815
-13.812
-13.809
-13.803
-13.797
-13.789
-13.778
-13.766
-13.75
-13.731
-13.709
-13.681
-13.649
-13.61
-13.564
-13.511
-13.448
-13.374
-13.289
-13.191
-13.078
-12.949
-12.802
-12.635
-12.448
-12.237
-12.002
-11.741
-11.452
-11.134
-10.786
-10.406
-9.9945
-9.5502
-9.0731
-8.5631
-8.0207
-7.4466
-6.842
-6.2084
-5.5477
-4.8619
-4.1539
-3.4263
-2.6823
-1.9254
-1.159
-0.38698
0.38591
1.1569
1.9239
