0.80283
0.48185
0.16057
-0.16102
-0.48273
-0.80346
-1.1226
-1.4394
-1.7533
-2.0637
-2.37
-2.6716
-2.968
-3.2587
-3.5432
-3.8211
-4.0919
-4.3554
-4.6111
-4.8588
-5.0983
-5.3293
-5.5516
-5.7652
-5.9699
-6.1658
-6.3526
-6.5306
-6.6997
-6.86
-7.0116
-7.1546
-7.2892
-7.4156
-7.5338
-7.6442
-7.7469
-7.8421
-7.93
-8.0109
-8.0849
-8.1523
-8.2133
-8.268
-8.3167
-8.3596
-8.3967
-8.4282
-8.4543
-8.4751
-8.4905
-8.5008
-8.506
-8.506
-8.5008
-8.4905
-8.4751
-8.4543
-8.4282
-8.3967
-8.3596
-8.3167
-8.268
-8.2133
-8.1523
-8.0849
-8.0109
-7.93
-7.8421
-7.7469
-7.6442
-7.5338
-7.4156
-7.2892
-7.1546
-7.0116
-6.86
-6.6997
-6.5306
-6.3526
-6.1658
-5.9699
-5.7652
-5.5516
-5.3293
-5.0983
-4.8588
-4.6111
-4.3554
-4.0919
-3.8211
-3.5432
-3.2587
-2.968
-2.6716
-2.37
-2.0637
-1.7533
-1.4394
-1.1226
-0.80346
-0.48273
-0.16102
0.16057
0.48185
0.80283
0.48185
0.28924
0.096464
-0.096734
-0.29
-0.48268
-0.67437
-0.8647
-1.0533
-1.2397
-1.4238
-1.605
-1.783
-1.9577
-2.1286
-2.2955
-2.4582
-2.6165
-2.7701
-2.919
-3.0628
-3.2016
-3.3352
-3.4635
-3.5865
-3.7041
-3.8164
-3.9233
-4.0249
-4.1212
-4.2122
-4.2982
-4.379
-4.4549
-4.526
-4.5923
-4.654
-4.7111
-4.764
-4.8125
-4.857
-4.8975
-4.9342
-4.9671
-4.9963
-5.022
-5.0443
-5.0633
-5.079
-5.0914
-5.1007
-5.1069
-5.11
-5.11
-5.1069
-5.1007
-5.0914
-5.079
-5.0633
-5.0443
-5.022
-4.9963
-4.9671
-4.9342
-4.8975
-4.857
-4.8125
-4.764
-4.7111
-4.654
-4.5923
-4.526
-4.4549
-4.379
-4.2982
-4.2122
-4.1212
-4.0249
-3.9233
-3.8164
-3.7041
-3.5865
-3.4635
-3.3352
-3.2016
-3.0628
-2.919
-2.7701
-2.6165
-2.4582
-2.2955
-2.1286
-1.9577
-1.783
-1.605
-1.4238
-1.2397
-1.0533
-0.8647
-0.67437
-0.48268
-0.29
-0.096734
0.096464
0.28924
0.48185
0.16057
0.096464
0.032242
-0.032332
-0.09693
-0.16133
-0.2254
-0.28901
-0.35204
-0.41437
-0.47587
-0.53643
-0.59595
-0.65432
-0.71145
-0.76725
-0.82164
-0.87454
-0.92589
-0.97563
-1.0237
-1.0701
-1.1147
-1.1576
-1.1987
-1.238
-1.2756
-1.3113
-1.3453
-1.3775
-1.4079
-1.4366
-1.4636
-1.489
-1.5128
-1.5349
-1.5555
-1.5746
-1.5923
-1.6085
-1.6234
-1.6369
-1.6492
-1.6602
-1.67
-1.6786
-1.686
-1.6924
-1.6976
-1.7018
-1.7049
-1.7069
-1.708
-1.708
-1.7069
-1.7049
-1.7018
-1.6976
-1.6924
-1.686
-1.6786
-1.67
-1.6602
-1.6492
-1.6369
-1.6234
-1.6085
-1.5923
-1.5746
-1.5555
-1.5349
-1.5128
-1.489
-1.4636
-1.4366
-1.4079
-1.3775
-1.3453
-1.3113
-1.2756
-1.238
-1.1987
-1.1576
-1.1147
-1.0701
-1.0237
-0.97563
-0.92589
-0.87454
-0.82164
-0.76725
-0.71145
-0.65432
-0.59595
-0.53643
-0.47587
-0.41437
-0.35204
-0.28901
-0.2254
-0.16133
-0.09693
-0.032332
0.032242
0.096464
0.16057
-0.16102
-0.096734
-0.032332
0.032422
0.097199
0.16178
0.22603
0.28982
0.35302
0.41552
0.47719
0.53793
0.59761
0.65614
0.71343
0.76938
0.82392
0.87697
0.92846
0.97834
1.0266
1.0731
1.1178
1.1608
1.2021
1.2415
1.2791
1.315
1.349
1.3813
1.4118
1.4406
1.4677
1.4931
1.517
1.5392
1.5599
1.579
1.5967
1.613
1.6279
1.6415
1.6538
1.6648
1.6746
1.6832
1.6907
1.6971
1.7023
1.7065
1.7096
1.7117
1.7127
1.7127
1.7117
1.7096
1.7065
1.7023
1.6971
1.6907
1.6832
1.6746
1.6648
1.6538
1.6415
1.6279
1.613
1.5967
1.579
1.5599
1.5392
1.517
1.4931
1.4677
1.4406
1.4118
1.3813
1.349
1.315
1.2791
1.2415
1.2021
1.1608
1.1178
1.0731
1.0266
0.97834
0.92846
0.87697
0.82392
0.76938
0.71343
0.65614
0.59761
0.53793
0.47719
0.41552
0.35302
0.28982
0.22603
0.16178
0.097199
0.032422
-0.032332
-0.096734
-0.16102
-0.48273
-0.29
-0.09693
0.097199
0.2914
0.485
0.67762
0.86886
1.0584
1.2457
1.4306
1.6127
1.7916
1.9671
2.1388
2.3066
2.4701
2.6291
2.7835
2.933
3.0776
3.217
3.3512
3.4802
3.6037
3.7219
3.8348
3.9422
4.0443
4.141
4.2325
4.3189
4.4001
4.4764
4.5478
4.6144
4.6764
4.7338
4.7869
4.8357
4.8804
4.9211
4.9579
4.991
5.0204
5.0463
5.0687
5.0877
5.1035
5.116
5.1253
5.1315
5.1346
5.1346
5.1315
5.1253
5.116
5.1035
5.0877
5.0687
5.0463
5.0204
4.991
4.9579
4.9211
4.8804
4.8357
4.7869
4.7338
4.6764
4.6144
4.5478
4.4764
4.4001
4.3189
4.2325
4.141
4.0443
3.9422
3.8348
3.7219
3.6037
3.4802
3.3512
3.217
3.0776
2.933
2.7835
2.6291
2.4701
2.3066
2.1388
1.9671
1.7916
1.6127
1.4306
1.2457
1.0584
0.86886
0.67762
0.485
0.2914
0.097199
-0.09693
-0.29
-0.48273
-0.80346
-0.48268
-0.16133
0.16178
0.485
0.80724
1.1278
1.4461
1.7615
2.0734
2.3811
2.6841
2.9819
3.274
3.5599
3.8391
4.1112
4.3759
4.6328
4.8817
5.1223
5.3544
5.5778
5.7924
5.998
6.1948
6.3826
6.5614
6.7313
6.8923
7.0446
7.1883
7.3236
7.4505
7.5693
7.6802
7.7834
7.879
7.9674
8.0486
8.123
8.1907
8.252
8.307
8.356
8.399
8.4363
8.468
8.4942
8.515
8.5306
8.5409
8.5461
8.5461
8.5409
8.5306
8.515
8.4942
8.468
8.4363
8.399
8.356
8.307
8.252
8.1907
8.123
8.0486
7.9674
7.879
7.7834
7.6802
7.5693
7.4505
7.3236
7.1883
7.0446
6.8923
6.7313
6.5614
6.3826
6.1948
5.998
5.7924
5.5778
5.3544
5.1223
4.8817
4.6328
4.3759
4.1112
3.8391
3.5599
3.274
2.9819
2.6841
2.3811
2.0734
1.7615
1.4461
1.1278
0.80724
0.485
0.16178
-0.16133
-0.48268
-0.80346
-1.1226
-0.67437
-0.2254
0.22603
0.67762
1.1278
1.5757
2.0205
2.4611
2.8968
3.3267
3.7501
4.1662
4.5743
4.9737
5.3637
5.7439
6.1138
6.4727
6.8205
7.1566
7.4808
7.7929
8.0928
8.3801
8.655
8.9174
9.1672
9.4045
9.6296
9.8424
10.043
10.232
10.409
10.575
10.73
10.874
11.008
11.132
11.245
11.349
11.444
11.529
11.606
11.674
11.735
11.787
11.831
11.868
11.897
11.918
11.933
11.94
11.94
11.933
11.918
11.897
11.868
11.831
11.787
11.735
11.674
11.606
11.529
11.444
11.349
11.245
11.132
11.008
10.874
10.73
10.575
10.409
10.232
10.043
9.8424
9.6296
9.4045
9.1672
8.9174
8.655
8.3801
8.0928
7.7929
7.4808
7.1566
6.8205
6.4727
6.1138
5.7439
5.3637
4.9737
4.5743
4.1662
3.7501
3.3267
2.8968
2.4611
2.0205
1.5757
1.1278
0.67762
0.22603
-0.2254
-0.67437
-1.1226
-1.4394
-0.8647
-0.28901
0.28982
0.86886
1.4461
2.0205
2.5907
3.1557
3.7143
4.2656
4.8085
5.342
5.8653
6.3773
6.8775
7.365
7.8392
8.2995
8.7454
9.1764
9.5921
9.9923
10.377
10.745
11.098
11.434
11.754
12.059
12.347
12.62
12.878
13.12
13.347
13.56
13.759
13.944
14.115
14.273
14.419
14.552
14.673
14.783
14.882
14.969
15.046
15.113
15.17
15.217
15.254
15.282
15.301
15.31
15.31
15.301
15.282
15.254
15.217
15.17
15.113
15.046
14.969
14.882
14.783
14.673
14.552
14.419
14.273
14.115
13.944
13.759
13.56
13.347
13.12
12.878
12.62
12.347
12.059
11.754
11.434
11.098
10.745
10.377
9.9923
9.5921
9.1764
8.7454
8.2995
7.8392
7.365
6.8775
6.3773
5.8653
5.342
4.8085
4.2656
3.7143
3.1557
2.5907
2.0205
1.4461
0.86886
0.28982
-0.28901
-0.8647
-1.4394
-1.7533
-1.0533
-0.35204
0.35302
1.0584
1.7615
2.4611
3.1557
3.8439
4.5244
5.1959
5.8572
6.5071
7.1444
7.7682
8.3774
8.9712
9.5489
10.11
10.653
11.178
11.684
12.172
12.64
13.089
13.518
13.928
14.318
14.689
15.04
15.372
15.686
15.981
16.258
16.517
16.759
16.985
17.193
17.386
17.563
17.726
17.873
18.007
18.127
18.234
18.328
18.409
18.479
18.536
18.581
18.615
18.638
18.649
18.649
18.638
18.615
18.581
18.536
18.479
18.409
18.328
18.234
18.127
18.007
17.873
17.726
17.563
17.386
17.193
16.985
16.759
16.517
16.258
15.981
15.686
15.372
15.04
14.689
14.318
13.928
13.518
13.089
12.64
12.172
11.684
11.178
10.653
10.11
9.5489
8.9712
8.3774
7.7682
7.1444
6.5071
5.8572
5.1959
4.5244
3.8439
3.1557
2.4611
1.7615
1.0584
0.35302
-0.35204
-1.0533
-1.7533
-2.0637
-1.2397
-0.41437
0.41552
1.2457
2.0734
2.8968
3.7143
4.5244
5.3254
6.1158
6.8941
7.659
8.4092
9.1434
9.8605
10.559
11.239
11.899
12.539
13.156
13.753
14.326
14.878
15.406
15.911
16.393
16.853
17.289
17.703
18.094
18.463
18.81
19.137
19.442
19.727
19.991
20.237
20.464
20.673
20.864
21.038
21.195
21.337
21.462
21.573
21.669
21.75
21.817
21.871
21.911
21.937
21.951
21.951
21.937
21.911
21.871
21.817
21.75
21.669
21.573
21.462
21.337
21.195
21.038
20.864
20.673
20.464
20.237
19.991
19.727
19.442
19.137
18.81
18.463
18.094
17.703
17.289
16.853
16.393
15.911
15.406
14.878
14.326
13.753
13.156
12.539
11.899
11.239
10.559
9.8605
9.1434
8.4092
7.659
6.8941
6.1158
5.3254
4.5244
3.7143
2.8968
2.0734
1.2457
0.41552
-0.41437
-1.2397
-2.0637
-2.37
-1.4238
-0.47587
0.47719
1.4306
2.3811
3.3267
4.2656
5.1959
6.1158
7.0235
7.9174
8.7958
9.6573
10.5
11.324
12.127
12.908
13.665
14.4
15.109
15.794
16.453
17.086
17.692
18.273
18.827
19.354
19.855
20.33
20.78
21.203
21.602
21.977
22.327
22.654
22.959
23.241
23.501
23.741
23.961
24.16
24.341
24.503
24.648
24.775
24.885
24.978
25.056
25.117
25.163
25.193
25.209
25.209
25.193
25.163
25.117
25.056
24.978
24.885
24.775
24.648
24.503
24.341
24.16
23.961
23.741
23.501
23.241
22.959
22.654
22.327
21.977
21.602
21.203
20.78
20.33
19.855
19.354
18.827
18.273
17.692
17.086
16.453
15.794
15.109
14.4
13.665
12.908
12.127
11.324
10.5
9.6573
8.7958
7.9174
7.0235
6.1158
5.1959
4.2656
3.3267
2.3811
1.4306
0.47719
-0.47587
-1.4238
-2.37
-2.6716
-1.605
-0.53643
0.53793
1.6127
2.6841
3.7501
4.8085
5.8572
6.8941
7.9174
8.925
9.9152
10.886
11.837
12.765
13.67
14.55
15.405
16.232
17.032
17.804
18.547
19.26
19.944
20.598
21.223
21.817
22.382
22.918
23.424
23.902
24.352
24.774
25.169
25.538
25.881
26.199
26.493
26.763
27.01
27.235
27.439
27.622
27.785
27.928
28.052
28.157
28.244
28.314
28.365
28.4
28.417
28.417
28.4
28.365
28.314
28.244
28.157
28.052
27.928
27.785
27.622
27.439
27.235
27.01
26.763
26.493
26.199
25.881
25.538
25.169
24.774
24.352
23.902
23.424
22.918
22.382
21.817
21.223
20.598
19.944
19.26
18.547
17.804
17.032
16.232
15.405
14.55
13.67
12.765
11.837
10.886
9.9152
8.925
7.9174
6.8941
5.8572
4.8085
3.7501
2.6841
1.6127
0.53793
-0.53643
-1.605
-2.6716
-2.968
-1.783
-0.59595
0.59761
1.7916
2.9819
4.1662
5.342
6.5071
7.659
8.7958
9.9152
11.015
12.094
13.15
14.182
15.187
16.165
17.114
18.033
18.922
19.779
20.604
21.397
22.157
22.884
23.577
24.238
24.866
25.461
26.023
26.554
27.054
27.523
27.962
28.371
28.752
29.106
29.432
29.732
30.007
30.257
30.484
30.687
30.868
31.027
31.164
31.282
31.378
31.455
31.513
31.551
31.57
31.57
31.551
31.513
31.455
31.378
31.282
31.164
31.027
30.868
30.687
30.484
30.257
30.007
29.732
29.432
29.106
28.752
28.371
27.962
27.523
27.054
26.554
26.023
25.461
24.866
24.238
23.577
22.884
22.157
21.397
20.604
19.779
18.922
18.033
17.114
16.165
15.187
14.182
13.15
12.094
11.015
9.9152
8.7958
7.659
6.5071
5.342
4.1662
2.9819
1.7916
0.59761
-0.59595
-1.783
-2.968
-3.2587
-1.9577
-0.65432
0.65614
1.9671
3.274
4.5743
5.8653
7.1444
8.4092
9.6573
10.886
12.094
13.279
14.438
15.571
16.674
17.748
18.79
19.799
20.775
21.717
22.623
23.493
24.327
25.125
25.887
26.612
27.301
27.954
28.572
29.155
29.704
30.219
30.7
31.15
31.569
31.957
32.315
32.645
32.946
33.221
33.47
33.693
33.891
34.066
34.217
34.346
34.452
34.537
34.6
34.642
34.662
34.662
34.642
34.6
34.537
34.452
34.346
34.217
34.066
33.891
33.693
33.47
33.221
32.946
32.645
32.315
31.957
31.569
31.15
30.7
30.219
29.704
29.155
28.572
27.954
27.301
26.612
25.887
25.125
24.327
23.493
22.623
21.717
20.775
19.799
18.79
17.748
16.674
15.571
14.438
13.279
12.094
10.886
9.6573
8.4092
7.1444
5.8653
4.5743
3.274
1.9671
0.65614
-0.65432
-1.9577
-3.2587
-3.5432
-2.1286
-0.71145
0.71343
2.1388
3.5599
4.9737
6.3773
7.7682
9.1434
10.5
11.837
13.15
14.438
15.699
16.93
18.13
19.298
20.431
21.528
22.589
23.613
24.598
25.544
26.451
27.319
28.147
28.936
29.685
30.395
31.067
31.701
32.297
32.857
33.381
33.87
34.325
34.747
35.137
35.495
35.823
36.122
36.392
36.635
36.851
37.04
37.205
37.345
37.46
37.552
37.621
37.666
37.689
37.689
37.666
37.621
37.552
37.46
37.345
37.205
37.04
36.851
36.635
36.392
36.122
35.823
35.495
35.137
34.747
34.325
33.87
33.381
32.857
32.297
31.701
31.067
30.395
29.685
28.936
28.147
27.319
26.451
25.544
24.598
23.613
22.589
21.528
20.431
19.298
18.13
16.93
15.699
14.438
13.15
11.837
10.5
9.1434
7.7682
6.3773
4.9737
3.5599
2.1388
0.71343
-0.71145
-2.1286
-3.5432
-3.8211
-2.2955
-0.76725
0.76938
2.3066
3.8391
5.3637
6.8775
8.3774
9.8605
11.324
12.765
14.182
15.571
16.93
18.258
19.552
20.811
22.033
23.217
24.361
25.465
26.527
27.548
28.526
29.462
30.355
31.205
32.013
32.779
33.504
34.187
34.83
35.434
35.999
36.527
37.017
37.472
37.892
38.279
38.633
38.955
39.246
39.508
39.741
39.946
40.123
40.274
40.398
40.498
40.572
40.621
40.645
40.645
40.621
40.572
40.498
40.398
40.274
40.123
39.946
39.741
39.508
39.246
38.955
38.633
38.279
37.892
37.472
37.017
36.527
35.999
35.434
34.83
34.187
33.504
32.779
32.013
31.205
30.355
29.462
28.526
27.548
26.527
25.465
24.361
23.217
22.033
20.811
19.552
18.258
16.93
15.571
14.182
12.765
11.324
9.8605
8.3774
6.8775
5.3637
3.8391
2.3066
0.76938
-0.76725
-2.2955
-3.8211
-4.0919
-2.4582
-0.82164
0.82392
2.4701
4.1112
5.7439
7.365
8.9712
10.559
12.127
13.67
15.187
16.674
18.13
19.552
20.938
22.286
23.595
24.862
26.088
27.27
28.408
29.5
30.548
31.55
32.507
33.417
34.283
35.103
35.879
36.611
37.3
37.946
38.551
39.116
39.642
40.129
40.579
40.993
41.372
41.717
42.029
42.309
42.558
42.777
42.967
43.129
43.262
43.369
43.448
43.5
43.527
43.527
43.5
43.448
43.369
43.262
43.129
42.967
42.777
42.558
42.309
42.029
41.717
41.372
40.993
40.579
40.129
39.642
39.116
38.551
37.946
37.3
36.611
35.879
35.103
34.283
33.417
32.507
31.55
30.548
29.5
28.408
27.27
26.088
24.862
23.595
22.286
20.938
19.552
18.13
16.674
15.187
13.67
12.127
10.559
8.9712
7.365
5.7439
4.1112
2.4701
0.82392
-0.82164
-2.4582
-4.0919
-4.3554
-2.6165
-0.87454
0.87697
2.6291
4.3759
6.1138
7.8392
9.5489
11.239
12.908
14.55
16.165
17.748
19.298
20.811
22.286
23.721
25.114
26.463
27.767
29.026
30.237
31.4
32.515
33.582
34.6
35.569
36.49
37.363
38.189
38.968
39.701
40.389
41.034
41.635
42.194
42.713
43.192
43.632
44.036
44.403
44.735
45.033
45.299
45.532
45.734
45.906
46.048
46.161
46.245
46.302
46.329
46.329
46.302
46.245
46.161
46.048
45.906
45.734
45.532
45.299
45.033
44.735
44.403
44.036
43.632
43.192
42.713
42.194
41.635
41.034
40.389
39.701
38.968
38.189
37.363
36.49
35.569
34.6
33.582
32.515
31.4
30.237
29.026
27.767
26.463
25.114
23.721
22.286
20.811
19.298
17.748
16.165
14.55
12.908
11.239
9.5489
7.8392
6.1138
4.3759
2.6291
0.87697
-0.87454
-2.6165
-4.3554
-4.6111
-2.7701
-0.92589
0.92846
2.7835
4.6328
6.4727
8.2995
10.11
11.899
13.665
15.405
17.114
18.79
20.431
22.033
23.595
25.114
26.589
28.017
29.398
30.73
32.012
33.244
34.424
35.553
36.631
37.658
38.633
39.557
40.431
41.256
42.033
42.761
43.443
44.08
44.672
45.221
45.728
46.194
46.621
47.01
47.362
47.678
47.959
48.206
48.42
48.602
48.752
48.872
48.961
49.021
49.05
49.05
49.021
48.961
48.872
48.752
48.602
48.42
48.206
47.959
47.678
47.362
47.01
46.621
46.194
45.728
45.221
44.672
44.08
43.443
42.761
42.033
41.256
40.431
39.557
38.633
37.658
36.631
35.553
34.424
33.244
32.012
30.73
29.398
28.017
26.589
25.114
23.595
22.033
20.431
18.79
17.114
15.405
13.665
11.899
10.11
8.2995
6.4727
4.6328
2.7835
0.92846
-0.92589
-2.7701
-4.6111
-4.8588
-2.919
-0.97563
0.97834
2.933
4.8817
6.8205
8.7454
10.653
12.539
14.4
16.232
18.033
19.799
21.528
23.217
24.862
26.463
28.017
29.522
30.977
32.381
33.732
35.03
36.274
37.464
38.599
39.681
40.708
41.682
42.604
43.473
44.291
45.059
45.777
46.448
47.072
47.65
48.185
48.676
49.126
49.536
49.907
50.24
50.536
50.796
51.021
51.213
51.372
51.498
51.592
51.654
51.686
51.686
51.654
51.592
51.498
51.372
51.213
51.021
50.796
50.536
50.24
49.907
49.536
49.126
48.676
48.185
47.65
47.072
46.448
45.777
45.059
44.291
43.473
42.604
41.682
40.708
39.681
38.599
37.464
36.274
35.03
33.732
32.381
30.977
29.522
28.017
26.463
24.862
23.217
21.528
19.799
18.033
16.232
14.4
12.539
10.653
8.7454
6.8205
4.8817
2.933
0.97834
-0.97563
-2.919
-4.8588
-5.0983
-3.0628
-1.0237
1.0266
3.0776
5.1223
7.1566
9.1764
11.178
13.156
15.109
17.032
18.922
20.775
22.589
24.361
26.088
27.767
29.398
30.977
32.504
33.977
35.394
36.756
38.062
39.31
40.502
41.636
42.715
43.737
44.704
45.616
46.474
47.279
48.034
48.737
49.392
49.999
50.56
51.076
51.548
51.978
52.367
52.716
53.027
53.3
53.536
53.738
53.904
54.036
54.135
54.201
54.233
54.233
54.201
54.135
54.036
53.904
53.738
53.536
53.3
53.027
52.716
52.367
51.978
51.548
51.076
50.56
49.999
49.392
48.737
48.034
47.279
46.474
45.616
44.704
43.737
42.715
41.636
40.502
39.31
38.062
36.756
35.394
33.977
32.504
30.977
29.398
27.767
26.088
24.361
22.589
20.775
18.922
17.032
15.109
13.156
11.178
9.1764
7.1566
5.1223
3.0776
1.0266
-1.0237
-3.0628
-5.0983
-5.3293
-3.2016
-1.0701
1.0731
3.217
5.3544
7.4808
9.5921
11.684
13.753
15.794
17.804
19.779
21.717
23.613
25.465
27.27
29.026
30.73
32.381
33.977
35.516
36.998
38.422
39.786
41.091
42.337
43.523
44.65
45.719
46.729
47.683
48.58
49.422
50.21
50.946
51.63
52.265
52.851
53.39
53.884
54.333
54.74
55.105
55.429
55.715
55.963
56.173
56.347
56.485
56.588
56.657
56.691
56.691
56.657
56.588
56.485
56.347
56.173
55.963
55.715
55.429
55.105
54.74
54.333
53.884
53.39
52.851
52.265
51.63
50.946
50.21
49.422
48.58
47.683
46.729
45.719
44.65
43.523
42.337
41.091
39.786
38.422
36.998
35.516
33.977
32.381
30.73
29.026
27.27
25.465
23.613
21.717
19.779
17.804
15.794
13.753
11.684
9.5921
7.4808
5.3544
3.217
1.0731
-1.0701
-3.2016
-5.3293
-5.5516
-3.3352
-1.1147
1.1178
3.3512
5.5778
7.7929
9.9923
12.172
14.326
16.453
18.547
20.604
22.623
24.598
26.527
28.408
30.237
32.012
33.732
35.394
36.998
38.542
40.025
41.446
42.806
44.103
45.339
46.513
47.626
48.679
49.672
50.607
51.484
52.305
53.072
53.785
54.446
55.057
55.618
56.132
56.601
57.024
57.404
57.743
58.04
58.298
58.517
58.698
58.842
58.95
59.021
59.057
59.057
59.021
58.95
58.842
58.698
58.517
58.298
58.04
57.743
57.404
57.024
56.601
56.132
55.618
55.057
54.446
53.785
53.072
52.305
51.484
50.607
49.672
48.679
47.626
46.513
45.339
44.103
42.806
41.446
40.025
38.542
36.998
35.394
33.732
32.012
30.237
28.408
26.527
24.598
22.623
20.604
18.547
16.453
14.326
12.172
9.9923
7.7929
5.5778
3.3512
1.1178
-1.1147
-3.3352
-5.5516
-5.7652
-3.4635
-1.1576
1.1608
3.4802
5.7924
8.0928
10.377
12.64
14.878
17.086
19.26
21.397
23.493
25.544
27.548
29.5
31.4
33.244
35.03
36.756
38.422
40.025
41.565
43.041
44.453
45.8
47.084
48.303
49.459
50.552
51.584
52.554
53.465
54.318
55.114
55.854
56.541
57.175
57.758
58.292
58.779
59.218
59.613
59.965
60.274
60.541
60.769
60.957
61.107
61.218
61.293
61.33
61.33
61.293
61.218
61.107
60.957
60.769
60.541
60.274
59.965
59.613
59.218
58.779
58.292
57.758
57.175
56.541
55.854
55.114
54.318
53.465
52.554
51.584
50.552
49.459
48.303
47.084
45.8
44.453
43.041
41.565
40.025
38.422
36.756
35.03
33.244
31.4
29.5
27.548
25.544
23.493
21.397
19.26
17.086
14.878
12.64
10.377
8.0928
5.7924
3.4802
1.1608
-1.1576
-3.4635
-5.7652
-5.9699
-3.5865
-1.1987
1.2021
3.6037
5.998
8.3801
10.745
13.089
15.406
17.692
19.944
22.157
24.327
26.451
28.526
30.548
32.515
34.424
36.274
38.062
39.786
41.446
43.041
44.57
46.032
47.427
48.756
50.019
51.216
52.348
53.416
54.421
55.364
56.247
57.072
57.838
58.549
59.206
59.81
60.363
60.866
61.322
61.731
62.095
62.415
62.692
62.927
63.122
63.277
63.393
63.47
63.508
63.508
63.47
63.393
63.277
63.122
62.927
62.692
62.415
62.095
61.731
61.322
60.866
60.363
59.81
59.206
58.549
57.838
57.072
56.247
55.364
54.421
53.416
52.348
51.216
50.019
48.756
47.427
46.032
44.57
43.041
41.446
39.786
38.062
36.274
34.424
32.515
30.548
28.526
26.451
24.327
22.157
19.944
17.692
15.406
13.089
10.745
8.3801
5.998
3.6037
1.2021
-1.1987
-3.5865
-5.9699
-6.1658
-3.7041
-1.238
1.2415
3.7219
6.1948
8.655
11.098
13.518
15.911
18.273
20.598
22.884
25.125
27.319
29.462
31.55
33.582
35.553
37.464
39.31
41.091
42.806
44.453
46.032
47.542
48.983
50.355
51.659
52.896
54.065
55.168
56.206
57.181
58.093
58.944
59.736
60.47
61.148
61.772
62.343
62.863
63.334
63.756
64.132
64.462
64.749
64.992
65.193
65.353
65.473
65.552
65.592
65.592
65.552
65.473
65.353
65.193
64.992
64.749
64.462
64.132
63.756
63.334
62.863
62.343
61.772
61.148
60.47
59.736
58.944
58.093
57.181
56.206
55.168
54.065
52.896
51.659
50.355
48.983
47.542
46.032
44.453
42.806
41.091
39.31
37.464
35.553
33.582
31.55
29.462
27.319
25.125
22.884
20.598
18.273
15.911
13.518
11.098
8.655
6.1948
3.7219
1.2415
-1.238
-3.7041
-6.1658
-6.3526
-3.8164
-1.2756
1.2791
3.8348
6.3826
8.9174
11.434
13.928
16.393
18.827
21.223
23.577
25.887
28.147
30.355
32.507
34.6
36.631
38.599
40.502
42.337
44.103
45.8
47.427
48.983
50.468
51.882
53.226
54.499
55.704
56.841
57.91
58.914
59.854
60.731
61.547
62.304
63.002
63.645
64.234
64.769
65.254
65.689
66.077
66.417
66.712
66.963
67.17
67.335
67.458
67.54
67.581
67.581
67.54
67.458
67.335
67.17
66.963
66.712
66.417
66.077
65.689
65.254
64.769
64.234
63.645
63.002
62.304
61.547
60.731
59.854
58.914
57.91
56.841
55.704
54.499
53.226
51.882
50.468
48.983
47.427
45.8
44.103
42.337
40.502
38.599
36.631
34.6
32.507
30.355
28.147
25.887
23.577
21.223
18.827
16.393
13.928
11.434
8.9174
6.3826
3.8348
1.2791
-1.2756
-3.8164
-6.3526
-6.5306
-3.9233
-1.3113
1.315
3.9422
6.5614
9.1672
11.754
14.318
16.853
19.354
21.817
24.238
26.612
28.936
31.205
33.417
35.569
37.658
39.681
41.636
43.523
45.339
47.084
48.756
50.355
51.882
53.336
54.717
56.026
57.265
58.433
59.533
60.565
61.531
62.433
63.272
64.05
64.768
65.429
66.034
66.585
67.083
67.53
67.928
68.278
68.582
68.839
69.053
69.222
69.349
69.433
69.475
69.475
69.433
69.349
69.222
69.053
68.839
68.582
68.278
67.928
67.53
67.083
66.585
66.034
65.429
64.768
64.05
63.272
62.433
61.531
60.565
59.533
58.433
57.265
56.026
54.717
53.336
51.882
50.355
48.756
47.084
45.339
43.523
41.636
39.681
37.658
35.569
33.417
31.205
28.936
26.612
24.238
21.817
19.354
16.853
14.318
11.754
9.1672
6.5614
3.9422
1.315
-1.3113
-3.9233
-6.5306
-6.6997
-4.0249
-1.3453
1.349
4.0443
6.7313
9.4045
12.059
14.689
17.289
19.855
22.382
24.866
27.301
29.685
32.013
34.283
36.49
38.633
40.708
42.715
44.65
46.513
48.303
50.019
51.659
53.226
54.717
56.134
57.477
58.748
59.947
61.075
62.134
63.125
64.05
64.911
65.709
66.446
67.124
67.744
68.309
68.821
69.28
69.688
70.047
70.358
70.623
70.841
71.015
71.145
71.231
71.274
71.274
71.231
71.145
71.015
70.841
70.623
70.358
70.047
69.688
69.28
68.821
68.309
67.744
67.124
66.446
65.709
64.911
64.05
63.125
62.134
61.075
59.947
58.748
57.477
56.134
54.717
53.226
51.659
50.019
48.303
46.513
44.65
42.715
40.708
38.633
36.49
34.283
32.013
29.685
27.301
24.866
22.382
19.855
17.289
14.689
12.059
9.4045
6.7313
4.0443
1.349
-1.3453
-4.0249
-6.6997
-6.86
-4.1212
-1.3775
1.3813
4.141
6.8923
9.6296
12.347
15.04
17.703
20.33
22.918
25.461
27.954
30.395
32.779
35.103
37.363
39.557
41.682
43.737
45.719
47.626
49.459
51.216
52.896
54.499
56.026
57.477
58.853
60.154
61.381
62.537
63.621
64.636
65.583
66.464
67.281
68.036
68.73
69.366
69.944
70.468
70.938
71.356
71.724
72.042
72.313
72.537
72.715
72.848
72.936
72.98
72.98
72.936
72.848
72.715
72.537
72.313
72.042
71.724
71.356
70.938
70.468
69.944
69.366
68.73
68.036
67.281
66.464
65.583
64.636
63.621
62.537
61.381
60.154
58.853
57.477
56.026
54.499
52.896
51.216
49.459
47.626
45.719
43.737
41.682
39.557
37.363
35.103
32.779
30.395
27.954
25.461
22.918
20.33
17.703
15.04
12.347
9.6296
6.8923
4.141
1.3813
-1.3775
-4.1212
-6.86
-7.0116
-4.2122
-1.4079
1.4118
4.2325
7.0446
9.8424
12.62
15.372
18.094
20.78
23.424
26.023
28.572
31.067
33.504
35.879
38.189
40.431
42.604
44.704
46.729
48.679
50.552
52.348
54.065
55.704
57.265
58.748
60.154
61.484
62.738
63.919
65.027
66.065
67.033
67.934
68.769
69.54
70.25
70.899
71.491
72.026
72.506
72.934
73.309
73.635
73.912
74.141
74.323
74.459
74.549
74.594
74.594
74.549
74.459
74.323
74.141
73.912
73.635
73.309
72.934
72.506
72.026
71.491
70.899
70.25
69.54
68.769
67.934
67.033
66.065
65.027
63.919
62.738
61.484
60.154
58.748
57.265
55.704
54.065
52.348
50.552
48.679
46.729
44.704
42.604
40.431
38.189
35.879
33.504
31.067
28.572
26.023
23.424
20.78
18.094
15.372
12.62
9.8424
7.0446
4.2325
1.4118
-1.4079
-4.2122
-7.0116
-7.1546
-4.2982
-1.4366
1.4406
4.3189
7.1883
10.043
12.878
15.686
18.463
21.203
23.902
26.554
29.155
31.701
34.187
36.611
38.968
41.256
43.473
45.616
47.683
49.672
51.584
53.416
55.168
56.841
58.433
59.947
61.381
62.738
64.019
65.223
66.354
67.413
68.401
69.32
70.172
70.959
71.683
72.346
72.95
73.496
73.986
74.422
74.806
75.138
75.42
75.654
75.84
75.978
76.071
76.117
76.117
76.071
75.978
75.84
75.654
75.42
75.138
74.806
74.422
73.986
73.496
72.95
72.346
71.683
70.959
70.172
69.32
68.401
67.413
66.354
65.223
64.019
62.738
61.381
59.947
58.433
56.841
55.168
53.416
51.584
49.672
47.683
45.616
43.473
41.256
38.968
36.611
34.187
31.701
29.155
26.554
23.902
21.203
18.463
15.686
12.878
10.043
7.1883
4.3189
1.4406
-1.4366
-4.2982
-7.1546
-7.2892
-4.379
-1.4636
1.4677
4.4001
7.3236
10.232
13.12
15.981
18.81
21.602
24.352
27.054
29.704
32.297
34.83
37.3
39.701
42.033
44.291
46.474
48.58
50.607
52.554
54.421
56.206
57.91
59.533
61.075
62.537
63.919
65.223
66.451
67.603
68.682
69.688
70.625
71.493
72.295
73.033
73.708
74.323
74.879
75.379
75.823
76.214
76.552
76.84
77.078
77.267
77.409
77.502
77.549
77.549
77.502
77.409
77.267
77.078
76.84
76.552
76.214
75.823
75.379
74.879
74.323
73.708
73.033
72.295
71.493
70.625
69.688
68.682
67.603
66.451
65.223
63.919
62.537
61.075
59.533
57.91
56.206
54.421
52.554
50.607
48.58
46.474
44.291
42.033
39.701
37.3
34.83
32.297
29.704
27.054
24.352
21.602
18.81
15.981
13.12
10.232
7.3236
4.4001
1.4677
-1.4636
-4.379
-7.2892
-7.4156
-4.4549
-1.489
1.4931
4.4764
7.4505
10.409
13.347
16.258
19.137
21.977
24.774
27.523
30.219
32.857
35.434
37.946
40.389
42.761
45.059
47.279
49.422
51.484
53.465
55.364
57.181
58.914
60.565
62.134
63.621
65.027
66.354
67.603
68.775
69.872
70.896
71.849
72.733
73.548
74.299
74.986
75.612
76.178
76.686
77.138
77.535
77.88
78.173
78.415
78.607
78.751
78.847
78.894
78.894
78.847
78.751
78.607
78.415
78.173
77.88
77.535
77.138
76.686
76.178
75.612
74.986
74.299
73.548
72.733
71.849
70.896
69.872
68.775
67.603
66.354
65.027
63.621
62.134
60.565
58.914
57.181
55.364
53.465
51.484
49.422
47.279
45.059
42.761
40.389
37.946
35.434
32.857
30.219
27.523
24.774
21.977
19.137
16.258
13.347
10.409
7.4505
4.4764
1.4931
-1.489
-4.4549
-7.4156
-7.5338
-4.526
-1.5128
1.517
4.5478
7.5693
10.575
13.56
16.517
19.442
22.327
25.169
27.962
30.7
33.381
35.999
38.551
41.034
43.443
45.777
48.034
50.21
52.305
54.318
56.247
58.093
59.854
61.531
63.125
64.636
66.065
67.413
68.682
69.872
70.987
72.028
72.996
73.893
74.722
75.484
76.183
76.818
77.393
77.909
78.369
78.773
79.123
79.42
79.666
79.862
80.008
80.105
80.153
80.153
80.105
80.008
79.862
79.666
79.42
79.123
78.773
78.369
77.909
77.393
76.818
76.183
75.484
74.722
73.893
72.996
72.028
70.987
69.872
68.682
67.413
66.065
64.636
63.125
61.531
59.854
58.093
56.247
54.318
52.305
50.21
48.034
45.777
43.443
41.034
38.551
35.999
33.381
30.7
27.962
25.169
22.327
19.442
16.517
13.56
10.575
7.5693
4.5478
1.517
-1.5128
-4.526
-7.5338
-7.6442
-4.5923
-1.5349
1.5392
4.6144
7.6802
10.73
13.759
16.759
19.727
22.654
25.538
28.371
31.15
33.87
36.527
39.116
41.635
44.08
46.448
48.737
50.946
53.072
55.114
57.072
58.944
60.731
62.433
64.05
65.583
67.033
68.401
69.688
70.896
72.028
73.083
74.065
74.976
75.817
76.591
77.299
77.944
78.528
79.051
79.517
79.927
80.283
80.584
80.834
81.032
81.181
81.279
81.328
81.328
81.279
81.181
81.032
80.834
80.584
80.283
79.927
79.517
79.051
78.528
77.944
77.299
76.591
75.817
74.976
74.065
73.083
72.028
70.896
69.688
68.401
67.033
65.583
64.05
62.433
60.731
58.944
57.072
55.114
53.072
50.946
48.737
46.448
44.08
41.635
39.116
36.527
33.87
31.15
28.371
25.538
22.654
19.727
16.759
13.759
10.73
7.6802
4.6144
1.5392
-1.5349
-4.5923
-7.6442
-7.7469
-4.654
-1.5555
1.5599
4.6764
7.7834
10.874
13.944
16.985
19.991
22.959
25.881
28.752
31.569
34.325
37.017
39.642
42.194
44.672
47.072
49.392
51.63
53.785
55.854
57.838
59.736
61.547
63.272
64.911
66.464
67.934
69.32
70.625
71.849
72.996
74.065
75.061
75.984
76.836
77.62
78.338
78.992
79.583
80.114
80.586
81.002
81.362
81.667
81.92
82.122
82.272
82.372
82.421
82.421
82.372
82.272
82.122
81.92
81.667
81.362
81.002
80.586
80.114
79.583
78.992
78.338
77.62
76.836
75.984
75.061
74.065
72.996
71.849
70.625
69.32
67.934
66.464
64.911
63.272
61.547
59.736
57.838
55.854
53.785
51.63
49.392
47.072
44.672
42.194
39.642
37.017
34.325
31.569
28.752
25.881
22.959
19.991
16.985
13.944
10.874
7.7834
4.6764
1.5599
-1.5555
-4.654
-7.7469
-7.8421
-4.7111
-1.5746
1.579
4.7338
7.879
11.008
14.115
17.193
20.237
23.241
26.199
29.106
31.957
34.747
37.472
40.129
42.713
45.221
47.65
49.999
52.265
54.446
56.541
58.549
60.47
62.304
64.05
65.709
67.281
68.769
70.172
71.493
72.733
73.893
74.976
75.984
76.918
77.781
78.575
79.301
79.963
80.562
81.099
81.577
81.998
82.362
82.672
82.928
83.132
83.284
83.384
83.435
83.435
83.384
83.284
83.132
82.928
82.672
82.362
81.998
81.577
81.099
80.562
79.963
79.301
78.575
77.781
76.918
75.984
74.976
73.893
72.733
71.493
70.172
68.769
67.281
65.709
64.05
62.304
60.47
58.549
56.541
54.446
52.265
49.999
47.65
45.221
42.713
40.129
37.472
34.747
31.957
29.106
26.199
23.241
20.237
17.193
14.115
11.008
7.879
4.7338
1.579
-1.5746
-4.7111
-7.8421
-7.93
-4.764
-1.5923
1.5967
4.7869
7.9674
11.132
14.273
17.386
20.464
23.501
26.493
29.432
32.315
35.137
37.892
40.579
43.192
45.728
48.185
50.56
52.851
55.057
57.175
59.206
61.148
63.002
64.768
66.446
68.036
69.54
70.959
72.295
73.548
74.722
75.817
76.836
77.781
78.654
79.456
80.191
80.86
81.466
82.009
82.493
82.918
83.286
83.599
83.858
84.064
84.218
84.32
84.371
84.371
84.32
84.218
84.064
83.858
83.599
83.286
82.918
82.493
82.009
81.466
80.86
80.191
79.456
78.654
77.781
76.836
75.817
74.722
73.548
72.295
70.959
69.54
68.036
66.446
64.768
63.002
61.148
59.206
57.175
55.057
52.851
50.56
48.185
45.728
43.192
40.579
37.892
35.137
32.315
29.432
26.493
23.501
20.464
17.386
14.273
11.132
7.9674
4.7869
1.5967
-1.5923
-4.764
-7.93
-8.0109
-4.8125
-1.6085
1.613
4.8357
8.0486
11.245
14.419
17.563
20.673
23.741
26.763
29.732
32.645
35.495
38.279
40.993
43.632
46.194
48.676
51.076
53.39
55.618
57.758
59.81
61.772
63.645
65.429
67.124
68.73
70.25
71.683
73.033
74.299
75.484
76.591
77.62
78.575
79.456
80.267
81.01
81.685
82.297
82.846
83.335
83.764
84.136
84.453
84.714
84.922
85.078
85.181
85.232
85.232
85.181
85.078
84.922
84.714
84.453
84.136
83.764
83.335
82.846
82.297
81.685
81.01
80.267
79.456
78.575
77.62
76.591
75.484
74.299
73.033
71.683
70.25
68.73
67.124
65.429
63.645
61.772
59.81
57.758
55.618
53.39
51.076
48.676
46.194
43.632
40.993
38.279
35.495
32.645
29.732
26.763
23.741
20.673
17.563
14.419
11.245
8.0486
4.8357
1.613
-1.6085
-4.8125
-8.0109
-8.0849
-4.857
-1.6234
1.6279
4.8804
8.123
11.349
14.552
17.726
20.864
23.961
27.01
30.007
32.946
35.823
38.633
41.372
44.036
46.621
49.126
51.548
53.884
56.132
58.292
60.363
62.343
64.234
66.034
67.744
69.366
70.899
72.346
73.708
74.986
76.183
77.299
78.338
79.301
80.191
81.01
81.759
82.441
83.058
83.612
84.105
84.539
84.915
85.234
85.498
85.708
85.865
85.969
86.021
86.021
85.969
85.865
85.708
85.498
85.234
84.915
84.539
84.105
83.612
83.058
82.441
81.759
81.01
80.191
79.301
78.338
77.299
76.183
74.986
73.708
72.346
70.899
69.366
67.744
66.034
64.234
62.343
60.363
58.292
56.132
53.884
51.548
49.126
46.621
44.036
41.372
38.633
35.823
32.946
30.007
27.01
23.961
20.864
17.726
14.552
11.349
8.123
4.8804
1.6279
-1.6234
-4.857
-8.0849
-8.1523
-4.8975
-1.6369
1.6415
4.9211
8.1907
11.444
14.673
17.873
21.038
24.16
27.235
30.257
33.221
36.122
38.955
41.717
44.403
47.01
49.536
51.978
54.333
56.601
58.779
60.866
62.863
64.769
66.585
68.309
69.944
71.491
72.95
74.323
75.612
76.818
77.944
78.992
79.963
80.86
81.685
82.441
83.129
83.751
84.31
84.807
85.244
85.623
85.945
86.211
86.423
86.581
86.686
86.739
86.739
86.686
86.581
86.423
86.211
85.945
85.623
85.244
84.807
84.31
83.751
83.129
82.441
81.685
80.86
79.963
78.992
77.944
76.818
75.612
74.323
72.95
71.491
69.944
68.309
66.585
64.769
62.863
60.866
58.779
56.601
54.333
51.978
49.536
47.01
44.403
41.717
38.955
36.122
33.221
30.257
27.235
24.16
21.038
17.873
14.673
11.444
8.1907
4.9211
1.6415
-1.6369
-4.8975
-8.1523
-8.2133
-4.9342
-1.6492
1.6538
4.9579
8.252
11.529
14.783
18.007
21.195
24.341
27.439
30.484
33.47
36.392
39.246
42.029
44.735
47.362
49.907
52.367
54.74
57.024
59.218
61.322
63.334
65.254
67.083
68.821
70.468
72.026
73.496
74.879
76.178
77.393
78.528
79.583
80.562
81.466
82.297
83.058
83.751
84.378
84.941
85.442
85.883
86.264
86.589
86.857
87.07
87.23
87.335
87.388
87.388
87.335
87.23
87.07
86.857
86.589
86.264
85.883
85.442
84.941
84.378
83.751
83.058
82.297
81.466
80.562
79.583
78.528
77.393
76.178
74.879
73.496
72.026
70.468
68.821
67.083
65.254
63.334
61.322
59.218
57.024
54.74
52.367
49.907
47.362
44.735
42.029
39.246
36.392
33.47
30.484
27.439
24.341
21.195
18.007
14.783
11.529
8.252
4.9579
1.6538
-1.6492
-4.9342
-8.2133
-8.268
-4.9671
-1.6602
1.6648
4.991
8.307
11.606
14.882
18.127
21.337
24.503
27.622
30.687
33.693
36.635
39.508
42.309
45.033
47.678
50.24
52.716
55.105
57.404
59.613
61.731
63.756
65.689
67.53
69.28
70.938
72.506
73.986
75.379
76.686
77.909
79.051
80.114
81.099
82.009
82.846
83.612
84.31
84.941
85.508
86.012
86.456
86.84
87.166
87.437
87.651
87.812
87.918
87.971
87.971
87.918
87.812
87.651
87.437
87.166
86.84
86.456
86.012
85.508
84.941
84.31
83.612
82.846
82.009
81.099
80.114
79.051
77.909
76.686
75.379
73.986
72.506
70.938
69.28
67.53
65.689
63.756
61.731
59.613
57.404
55.105
52.716
50.24
47.678
45.033
42.309
39.508
36.635
33.693
30.687
27.622
24.503
21.337
18.127
14.882
11.606
8.307
4.991
1.6648
-1.6602
-4.9671
-8.268
-8.3167
-4.9963
-1.67
1.6746
5.0204
8.356
11.674
14.969
18.234
21.462
24.648
27.785
30.868
33.891
36.851
39.741
42.558
45.299
47.959
50.536
53.027
55.429
57.743
59.965
62.095
64.132
66.077
67.928
69.688
71.356
72.934
74.422
75.823
77.138
78.369
79.517
80.586
81.577
82.493
83.335
84.105
84.807
85.442
86.012
86.519
86.966
87.352
87.68
87.952
88.168
88.329
88.437
88.49
88.49
88.437
88.329
88.168
87.952
87.68
87.352
86.966
86.519
86.012
85.442
84.807
84.105
83.335
82.493
81.577
80.586
79.517
78.369
77.138
75.823
74.422
72.934
71.356
69.688
67.928
66.077
64.132
62.095
59.965
57.743
55.429
53.027
50.536
47.959
45.299
42.558
39.741
36.851
33.891
30.868
27.785
24.648
21.462
18.234
14.969
11.674
8.356
5.0204
1.6746
-1.67
-4.9963
-8.3167
-8.3596
-5.022
-1.6786
1.6832
5.0463
8.399
11.735
15.046
18.328
21.573
24.775
27.928
31.027
34.066
37.04
39.946
42.777
45.532
48.206
50.796
53.3
55.715
58.04
60.274
62.415
64.462
66.417
68.278
70.047
71.724
73.309
74.806
76.214
77.535
78.773
79.927
81.002
81.998
82.918
83.764
84.539
85.244
85.883
86.456
86.966
87.414
87.802
88.133
88.406
88.623
88.785
88.892
88.946
88.946
88.892
88.785
88.623
88.406
88.133
87.802
87.414
86.966
86.456
85.883
85.244
84.539
83.764
82.918
81.998
81.002
79.927
78.773
77.535
76.214
74.806
73.309
71.724
70.047
68.278
66.417
64.462
62.415
60.274
58.04
55.715
53.3
50.796
48.206
45.532
42.777
39.946
37.04
34.066
31.027
27.928
24.775
21.573
18.328
15.046
11.735
8.399
5.0463
1.6832
-1.6786
-5.022
-8.3596
-8.3967
-5.0443
-1.686
1.6907
5.0687
8.4363
11.787
15.113
18.409
21.669
24.885
28.052
31.164
34.217
37.205
40.123
42.967
45.734
48.42
51.021
53.536
55.963
58.298
60.541
62.692
64.749
66.712
68.582
70.358
72.042
73.635
75.138
76.552
77.88
79.123
80.283
81.362
82.362
83.286
84.136
84.915
85.623
86.264
86.84
87.352
87.802
88.193
88.524
88.799
89.017
89.179
89.288
89.342
89.342
89.288
89.179
89.017
88.799
88.524
88.193
87.802
87.352
86.84
86.264
85.623
84.915
84.136
83.286
82.362
81.362
80.283
79.123
77.88
76.552
75.138
73.635
72.042
70.358
68.582
66.712
64.749
62.692
60.541
58.298
55.963
53.536
51.021
48.42
45.734
42.967
40.123
37.205
34.217
31.164
28.052
24.885
21.669
18.409
15.113
11.787
8.4363
5.0687
1.6907
-1.686
-5.0443
-8.3967
-8.4282
-5.0633
-1.6924
1.6971
5.0877
8.468
11.831
15.17
18.479
21.75
24.978
28.157
31.282
34.346
37.345
40.274
43.129
45.906
48.602
51.213
53.738
56.173
58.517
60.769
62.927
64.992
66.963
68.839
70.623
72.313
73.912
75.42
76.84
78.173
79.42
80.584
81.667
82.672
83.599
84.453
85.234
85.945
86.589
87.166
87.68
88.133
88.524
88.857
89.132
89.351
89.515
89.623
89.678
89.678
89.623
89.515
89.351
89.132
88.857
88.524
88.133
87.68
87.166
86.589
85.945
85.234
84.453
83.599
82.672
81.667
80.584
79.42
78.173
76.84
75.42
73.912
72.313
70.623
68.839
66.963
64.992
62.927
60.769
58.517
56.173
53.738
51.213
48.602
45.906
43.129
40.274
37.345
34.346
31.282
28.157
24.978
21.75
18.479
15.17
11.831
8.468
5.0877
1.6971
-1.6924
-5.0633
-8.4282
-8.4543
-5.079
-1.6976
1.7023
5.1035
8.4942
11.868
15.217
18.536
21.817
25.056
28.244
31.378
34.452
37.46
40.398
43.262
46.048
48.752
51.372
53.904
56.347
58.698
60.957
63.122
65.193
67.17
69.053
70.841
72.537
74.141
75.654
77.078
78.415
79.666
80.834
81.92
82.928
83.858
84.714
85.498
86.211
86.857
87.437
87.952
88.406
88.799
89.132
89.409
89.628
89.792
89.901
89.955
89.955
89.901
89.792
89.628
89.409
89.132
88.799
88.406
87.952
87.437
86.857
86.211
85.498
84.714
83.858
82.928
81.92
80.834
79.666
78.415
77.078
75.654
74.141
72.537
70.841
69.053
67.17
65.193
63.122
60.957
58.698
56.347
53.904
51.372
48.752
46.048
43.262
40.398
37.46
34.452
31.378
28.244
25.056
21.817
18.536
15.217
11.868
8.4942
5.1035
1.7023
-1.6976
-5.079
-8.4543
-8.4751
-5.0914
-1.7018
1.7065
5.116
8.515
11.897
15.254
18.581
21.871
25.117
28.314
31.455
34.537
37.552
40.498
43.369
46.161
48.872
51.498
54.036
56.485
58.842
61.107
63.277
65.353
67.335
69.222
71.015
72.715
74.323
75.84
77.267
78.607
79.862
81.032
82.122
83.132
84.064
84.922
85.708
86.423
87.07
87.651
88.168
88.623
89.017
89.351
89.628
89.848
90.013
90.122
90.176
90.176
90.122
90.013
89.848
89.628
89.351
89.017
88.623
88.168
87.651
87.07
86.423
85.708
84.922
84.064
83.132
82.122
81.032
79.862
78.607
77.267
75.84
74.323
72.715
71.015
69.222
67.335
65.353
63.277
61.107
58.842
56.485
54.036
51.498
48.872
46.161
43.369
40.498
37.552
34.537
31.455
28.314
25.117
21.871
18.581
15.254
11.897
8.515
5.116
1.7065
-1.7018
-5.0914
-8.4751
-8.4905
-5.1007
-1.7049
1.7096
5.1253
8.5306
11.918
15.282
18.615
21.911
25.163
28.365
31.513
34.6
37.621
40.572
43.448
46.245
48.961
51.592
54.135
56.588
58.95
61.218
63.393
65.473
67.458
69.349
71.145
72.848
74.459
75.978
77.409
78.751
80.008
81.181
82.272
83.284
84.218
85.078
85.865
86.581
87.23
87.812
88.329
88.785
89.179
89.515
89.792
90.013
90.177
90.287
90.341
90.341
90.287
90.177
90.013
89.792
89.515
89.179
88.785
88.329
87.812
87.23
86.581
85.865
85.078
84.218
83.284
82.272
81.181
80.008
78.751
77.409
75.978
74.459
72.848
71.145
69.349
67.458
65.473
63.393
61.218
58.95
56.588
54.135
51.592
48.961
46.245
43.448
40.572
37.621
34.6
31.513
28.365
25.163
21.911
18.615
15.282
11.918
8.5306
5.1253
1.7096
-1.7049
-5.1007
-8.4905
-8.5008
-5.1069
-1.7069
1.7117
5.1315
8.5409
11.933
15.301
18.638
21.937
25.193
28.4
31.551
34.642
37.666
40.621
43.5
46.302
49.021
51.654
54.201
56.657
59.021
61.293
63.47
65.552
67.54
69.433
71.231
72.936
74.549
76.071
77.502
78.847
80.105
81.279
82.372
83.384
84.32
85.181
85.969
86.686
87.335
87.918
88.437
88.892
89.288
89.623
89.901
90.122
90.287
90.396
90.451
90.451
90.396
90.287
90.122
89.901
89.623
89.288
88.892
88.437
87.918
87.335
86.686
85.969
85.181
84.32
83.384
82.372
81.279
80.105
78.847
77.502
76.071
74.549
72.936
71.231
69.433
67.54
65.552
63.47
61.293
59.021
56.657
54.201
51.654
49.021
46.302
43.5
40.621
37.666
34.642
31.551
28.4
25.193
21.937
18.638
15.301
11.933
8.5409
5.1315
1.7117
-1.7069
-5.1069
-8.5008
-8.506
-5.11
-1.708
1.7127
5.1346
8.5461
11.94
15.31
18.649
21.951
25.209
28.417
31.57
34.662
37.689
40.645
43.527
46.329
49.05
51.686
54.233
56.691
59.057
61.33
63.508
65.592
67.581
69.475
71.274
72.98
74.594
76.117
77.549
78.894
80.153
81.328
82.421
83.435
84.371
85.232
86.021
86.739
87.388
87.971
88.49
88.946
89.342
89.678
89.955
90.176
90.341
90.451
90.505
90.505
90.451
90.341
90.176
89.955
89.678
89.342
88.946
88.49
87.971
87.388
86.739
86.021
85.232
84.371
83.435
82.421
81.328
80.153
78.894
77.549
76.117
74.594
72.98
71.274
69.475
67.581
65.592
63.508
61.33
59.057
56.691
54.233
51.686
49.05
46.329
43.527
40.645
37.689
34.662
31.57
28.417
25.209
21.951
18.649
15.31
11.94
8.5461
5.1346
1.7127
-1.708
-5.11
-8.506
-8.506
-5.11
-1.708
1.7127
5.1346
8.5461
11.94
15.31
18.649
21.951
25.209
28.417
31.57
34.662
37.689
40.645
43.527
46.329
49.05
51.686
54.233
56.691
59.057
61.33
63.508
65.592
67.581
69.475
71.274
72.98
74.594
76.117
77.549
78.894
80.153
81.328
82.421
83.435
84.371
85.232
86.021
86.739
87.388
87.971
88.49
88.946
89.342
89.678
89.955
90.176
90.341
90.451
90.505
90.505
90.451
90.341
90.176
89.955
89.678
89.342
88.946
88.49
87.971
87.388
86.739
86.021
85.232
84.371
83.435
82.421
81.328
80.153
78.894
77.549
76.117
74.594
72.98
71.274
69.475
67.581
65.592
63.508
61.33
59.057
56.691
54.233
51.686
49.05
46.329
43.527
40.645
37.689
34.662
31.57
28.417
25.209
21.951
18.649
15.31
11.94
8.5461
5.1346
1.7127
-1.708
-5.11
-8.506
-8.5008
-5.1069
-1.7069
1.7117
5.1315
8.5409
11.933
15.301
18.638
21.937
25.193
28.4
31.551
34.642
37.666
40.621
43.5
46.302
49.021
51.654
54.201
56.657
59.021
61.293
63.47
65.552
67.54
69.433
71.231
72.936
74.549
76.071
77.502
78.847
80.105
81.279
82.372
83.384
84.32
85.181
85.969
86.686
87.335
87.918
88.437
88.892
89.288
89.623
89.901
90.122
90.287
90.396
90.451
90.451
90.396
90.287
90.122
89.901
89.623
89.288
88.892
88.437
87.918
87.335
86.686
85.969
85.181
84.32
83.384
82.372
81.279
80.105
78.847
77.502
76.071
74.549
72.936
71.231
69.433
67.54
65.552
63.47
61.293
59.021
56.657
54.201
51.654
49.021
46.302
43.5
40.621
37.666
34.642
31.551
28.4
25.193
21.937
18.638
15.301
11.933
8.5409
5.1315
1.7117
-1.7069
-5.1069
-8.5008
-8.4905
-5.1007
-1.7049
1.7096
5.1253
8.5306
11.918
15.282
18.615
21.911
25.163
28.365
31.513
34.6
37.621
40.572
43.448
46.245
48.961
51.592
54.135
56.588
58.95
61.218
63.393
65.473
67.458
69.349
71.145
72.848
74.459
75.978
77.409
78.751
80.008
81.181
82.272
83.284
84.218
85.078
85.865
86.581
87.23
87.812
88.329
88.785
89.179
89.515
89.792
90.013
90.177
90.287
90.341
90.341
90.287
90.177
90.013
89.792
89.515
89.179
88.785
88.329
87.812
87.23
86.581
85.865
85.078
84.218
83.284
82.272
81.181
80.008
78.751
77.409
75.978
74.459
72.848
71.145
69.349
67.458
65.473
63.393
61.218
58.95
56.588
54.135
51.592
48.961
46.245
43.448
40.572
37.621
34.6
31.513
28.365
25.163
21.911
18.615
15.282
11.918
8.5306
5.1253
1.7096
-1.7049
-5.1007
-8.4905
-8.4751
-5.0914
-1.7018
1.7065
5.116
8.515
11.897
15.254
18.581
21.871
25.117
28.314
31.455
34.537
37.552
40.498
43.369
46.161
48.872
51.498
54.036
56.485
58.842
61.107
63.277
65.353
67.335
69.222
71.015
72.715
74.323
75.84
77.267
78.607
79.862
81.032
82.122
83.132
84.064
84.922
85.708
86.423
87.07
87.651
88.168
88.623
89.017
89.351
89.628
89.848
90.013
90.122
90.176
90.176
90.122
90.013
89.848
89.628
89.351
89.017
88.623
88.168
87.651
87.07
86.423
85.708
84.922
84.064
83.132
82.122
81.032
79.862
78.607
77.267
75.84
74.323
72.715
71.015
69.222
67.335
65.353
63.277
61.107
58.842
56.485
54.036
51.498
48.872
46.161
43.369
40.498
37.552
34.537
31.455
28.314
25.117
21.871
18.581
15.254
11.897
8.515
5.116
1.7065
-1.7018
-5.0914
-8.4751
-8.4543
-5.079
-1.6976
1.7023
5.1035
8.4942
11.868
15.217
18.536
21.817
25.056
28.244
31.378
34.452
37.46
40.398
43.262
46.048
48.752
51.372
53.904
56.347
58.698
60.957
63.122
65.193
67.17
69.053
70.841
72.537
74.141
75.654
77.078
78.415
79.666
80.834
81.92
82.928
83.858
84.714
85.498
86.211
86.857
87.437
87.952
88.406
88.799
89.132
89.409
89.628
89.792
89.901
89.955
89.955
89.901
89.792
89.628
89.409
89.132
88.799
88.406
87.952
87.437
86.857
86.211
85.498
84.714
83.858
82.928
81.92
80.834
79.666
78.415
77.078
75.654
74.141
72.537
70.841
69.053
67.17
65.193
63.122
60.957
58.698
56.347
53.904
51.372
48.752
46.048
43.262
40.398
37.46
34.452
31.378
28.244
25.056
21.817
18.536
15.217
11.868
8.4942
5.1035
1.7023
-1.6976
-5.079
-8.4543
-8.4282
-5.0633
-1.6924
1.6971
5.0877
8.468
11.831
15.17
18.479
21.75
24.978
28.157
31.282
34.346
37.345
40.274
43.129
45.906
48.602
51.213
53.738
56.173
58.517
60.769
62.927
64.992
66.963
68.839
70.623
72.313
73.912
75.42
76.84
78.173
79.42
80.584
81.667
82.672
83.599
84.453
85.234
85.945
86.589
87.166
87.68
88.133
88.524
88.857
89.132
89.351
89.515
89.623
89.678
89.678
89.623
89.515
89.351
89.132
88.857
88.524
88.133
87.68
87.166
86.589
85.945
85.234
84.453
83.599
82.672
81.667
80.584
79.42
78.173
76.84
75.42
73.912
72.313
70.623
68.839
66.963
64.992
62.927
60.769
58.517
56.173
53.738
51.213
48.602
45.906
43.129
40.274
37.345
34.346
31.282
28.157
24.978
21.75
18.479
15.17
11.831
8.468
5.0877
1.6971
-1.6924
-5.0633
-8.4282
-8.3967
-5.0443
-1.686
1.6907
5.0687
8.4363
11.787
15.113
18.409
21.669
24.885
28.052
31.164
34.217
37.205
40.123
42.967
45.734
48.42
51.021
53.536
55.963
58.298
60.541
62.692
64.749
66.712
68.582
70.358
72.042
73.635
75.138
76.552
77.88
79.123
80.283
81.362
82.362
83.286
84.136
84.915
85.623
86.264
86.84
87.352
87.802
88.193
88.524
88.799
89.017
89.179
89.288
89.342
89.342
89.288
89.179
89.017
88.799
88.524
88.193
87.802
87.352
86.84
86.264
85.623
84.915
84.136
83.286
82.362
81.362
80.283
79.123
77.88
76.552
75.138
73.635
72.042
70.358
68.582
66.712
64.749
62.692
60.541
58.298
55.963
53.536
51.021
48.42
45.734
42.967
40.123
37.205
34.217
31.164
28.052
24.885
21.669
18.409
15.113
11.787
8.4363
5.0687
1.6907
-1.686
-5.0443
-8.3967
-8.3596
-5.022
-1.6786
1.6832
5.0463
8.399
11.735
15.046
18.328
21.573
24.775
27.928
31.027
34.066
37.04
39.946
42.777
45.532
48.206
50.796
53.3
55.715
58.04
60.274
62.415
64.462
66.417
68.278
70.047
71.724
73.309
74.806
76.214
77.535
78.773
79.927
81.002
81.998
82.918
83.764
84.539
85.244
85.883
86.456
86.966
87.414
87.802
88.133
88.406
88.623
88.785
88.892
88.946
88.946
88.892
88.785
88.623
88.406
88.133
87.802
87.414
86.966
86.456
85.883
85.244
84.539
83.764
82.918
81.998
81.002
79.927
78.773
77.535
76.214
74.806
73.309
71.724
70.047
68.278
66.417
64.462
62.415
60.274
58.04
55.715
53.3
50.796
48.206
45.532
42.777
39.946
37.04
34.066
31.027
27.928
24.775
21.573
18.328
15.046
11.735
8.399
5.0463
1.6832
-1.6786
-5.022
-8.3596
-8.3167
-4.9963
-1.67
1.6746
5.0204
8.356
11.674
14.969
18.234
21.462
24.648
27.785
30.868
33.891
36.851
39.741
42.558
45.299
47.959
50.536
53.027
55.429
57.743
59.965
62.095
64.132
66.077
67.928
69.688
71.356
72.934
74.422
75.823
77.138
78.369
79.517
80.586
81.577
82.493
83.335
84.105
84.807
85.442
86.012
86.519
86.966
87.352
87.68
87.952
88.168
88.329
88.437
88.49
88.49
88.437
88.329
88.168
87.952
87.68
87.352
86.966
86.519
86.012
85.442
84.807
84.105
83.335
82.493
81.577
80.586
79.517
78.369
77.138
75.823
74.422
72.934
71.356
69.688
67.928
66.077
64.132
62.095
59.965
57.743
55.429
53.027
50.536
47.959
45.299
42.558
39.741
36.851
33.891
30.868
27.785
24.648
21.462
18.234
14.969
11.674
8.356
5.0204
1.6746
-1.67
-4.9963
-8.3167
-8.268
-4.9671
-1.6602
1.6648
4.991
8.307
11.606
14.882
18.127
21.337
24.503
27.622
30.687
33.693
36.635
39.508
42.309
45.033
47.678
50.24
52.716
55.105
57.404
59.613
61.731
63.756
65.689
67.53
69.28
70.938
72.506
73.986
75.379
76.686
77.909
79.051
80.114
81.099
82.009
82.846
83.612
84.31
84.941
85.508
86.012
86.456
86.84
87.166
87.437
87.651
87.812
87.918
87.971
87.971
87.918
87.812
87.651
87.437
87.166
86.84
86.456
86.012
85.508
84.941
84.31
83.612
82.846
82.009
81.099
80.114
79.051
77.909
76.686
75.379
73.986
72.506
70.938
69.28
67.53
65.689
63.756
61.731
59.613
57.404
55.105
52.716
50.24
47.678
45.033
42.309
39.508
36.635
33.693
30.687
27.622
24.503
21.337
18.127
14.882
11.606
8.307
4.991
1.6648
-1.6602
-4.9671
-8.268
-8.2133
-4.9342
-1.6492
1.6538
4.9579
8.252
11.529
14.783
18.007
21.195
24.341
27.439
30.484
33.47
36.392
39.246
42.029
44.735
47.362
49.907
52.367
54.74
57.024
59.218
61.322
63.334
65.254
67.083
68.821
70.468
72.026
73.496
74.879
76.178
77.393
78.528
79.583
80.562
81.466
82.297
83.058
83.751
84.378
84.941
85.442
85.883
86.264
86.589
86.857
87.07
87.23
87.335
87.388
87.388
87.335
87.23
87.07
86.857
86.589
86.264
85.883
85.442
84.941
84.378
83.751
83.058
82.297
81.466
80.562
79.583
78.528
77.393
76.178
74.879
73.496
72.026
70.468
68.821
67.083
65.254
63.334
61.322
59.218
57.024
54.74
52.367
49.907
47.362
44.735
42.029
39.246
36.392
33.47
30.484
27.439
24.341
21.195
18.007
14.783
11.529
8.252
4.9579
1.6538
-1.6492
-4.9342
-8.2133
-8.1523
-4.8975
-1.6369
1.6415
4.9211
8.1907
11.444
14.673
17.873
21.038
24.16
27.235
30.257
33.221
36.122
38.955
41.717
44.403
47.01
49.536
51.978
54.333
56.601
58.779
60.866
62.863
64.769
66.585
68.309
69.944
71.491
72.95
74.323
75.612
76.818
77.944
78.992
79.963
80.86
81.685
82.441
83.129
83.751
84.31
84.807
85.244
85.623
85.945
86.211
86.423
86.581
86.686
86.739
86.739
86.686
86.581
86.423
86.211
85.945
85.623
85.244
84.807
84.31
83.751
83.129
82.441
81.685
80.86
79.963
78.992
77.944
76.818
75.612
74.323
72.95
71.491
69.944
68.309
66.585
64.769
62.863
60.866
58.779
56.601
54.333
51.978
49.536
47.01
44.403
41.717
38.955
36.122
33.221
30.257
27.235
24.16
21.038
17.873
14.673
11.444
8.1907
4.9211
1.6415
-1.6369
-4.8975
-8.1523
-8.0849
-4.857
-1.6234
1.6279
4.8804
8.123
11.349
14.552
17.726
20.864
23.961
27.01
30.007
32.946
35.823
38.633
41.372
44.036
46.621
49.126
51.548
53.884
56.132
58.292
60.363
62.343
64.234
66.034
67.744
69.366
70.899
72.346
73.708
74.986
76.183
77.299
78.338
79.301
80.191
81.01
81.759
82.441
83.058
83.612
84.105
84.539
84.915
85.234
85.498
85.708
85.865
85.969
86.021
86.021
85.969
85.865
85.708
85.498
85.234
84.915
84.539
84.105
83.612
83.058
82.441
81.759
81.01
80.191
79.301
78.338
77.299
76.183
74.986
73.708
72.346
70.899
69.366
67.744
66.034
64.234
62.343
60.363
58.292
56.132
53.884
51.548
49.126
46.621
44.036
41.372
38.633
35.823
32.946
30.007
27.01
23.961
20.864
17.726
14.552
11.349
8.123
4.8804
1.6279
-1.6234
-4.857
-8.0849
-8.0109
-4.8125
-1.6085
1.613
4.8357
8.0486
11.245
14.419
17.563
20.673
23.741
26.763
29.732
32.645
35.495
38.279
40.993
43.632
46.194
48.676
51.076
53.39
55.618
57.758
59.81
61.772
63.645
65.429
67.124
68.73
70.25
71.683
73.033
74.299
75.484
76.591
77.62
78.575
79.456
80.267
81.01
81.685
82.297
82.846
83.335
83.764
84.136
84.453
84.714
84.922
85.078
85.181
85.232
85.232
85.181
85.078
84.922
84.714
84.453
84.136
83.764
83.335
82.846
82.297
81.685
81.01
80.267
79.456
78.575
77.62
76.591
75.484
74.299
73.033
71.683
70.25
68.73
67.124
65.429
63.645
61.772
59.81
57.758
55.618
53.39
51.076
48.676
46.194
43.632
40.993
38.279
35.495
32.645
29.732
26.763
23.741
20.673
17.563
14.419
11.245
8.0486
4.8357
1.613
-1.6085
-4.8125
-8.0109
-7.93
-4.764
-1.5923
1.5967
4.7869
7.9674
11.132
14.273
17.386
20.464
23.501
26.493
29.432
32.315
35.137
37.892
40.579
43.192
45.728
48.185
50.56
52.851
55.057
57.175
59.206
61.148
63.002
64.768
66.446
68.036
69.54
70.959
72.295
73.548
74.722
75.817
76.836
77.781
78.654
79.456
80.191
80.86
81.466
82.009
82.493
82.918
83.286
83.599
83.858
84.064
84.218
84.32
84.371
84.371
84.32
84.218
84.064
83.858
83.599
83.286
82.918
82.493
82.009
81.466
80.86
80.191
79.456
78.654
77.781
76.836
75.817
74.722
73.548
72.295
70.959
69.54
68.036
66.446
64.768
63.002
61.148
59.206
57.175
55.057
52.851
50.56
48.185
45.728
43.192
40.579
37.892
35.137
32.315
29.432
26.493
23.501
20.464
17.386
14.273
11.132
7.9674
4.7869
1.5967
-1.5923
-4.764
-7.93
-7.8421
-4.7111
-1.5746
1.579
4.7338
7.879
11.008
14.115
17.193
20.237
23.241
26.199
29.106
31.957
34.747
37.472
40.129
42.713
45.221
47.65
49.999
52.265
54.446
56.541
58.549
60.47
62.304
64.05
65.709
67.281
68.769
70.172
71.493
72.733
73.893
74.976
75.984
76.918
77.781
78.575
79.301
79.963
80.562
81.099
81.577
81.998
82.362
82.672
82.928
83.132
83.284
83.384
83.435
83.435
83.384
83.284
83.132
82.928
82.672
82.362
81.998
81.577
81.099
80.562
79.963
79.301
78.575
77.781
76.918
75.984
74.976
73.893
72.733
71.493
70.172
68.769
67.281
65.709
64.05
62.304
60.47
58.549
56.541
54.446
52.265
49.999
47.65
45.221
42.713
40.129
37.472
34.747
31.957
29.106
26.199
23.241
20.237
17.193
14.115
11.008
7.879
4.7338
1.579
-1.5746
-4.7111
-7.8421
-7.7469
-4.654
-1.5555
1.5599
4.6764
7.7834
10.874
13.944
16.985
19.991
22.959
25.881
28.752
31.569
34.325
37.017
39.642
42.194
44.672
47.072
49.392
51.63
53.785
55.854
57.838
59.736
61.547
63.272
64.911
66.464
67.934
69.32
70.625
71.849
72.996
74.065
75.061
75.984
76.836
77.62
78.338
78.992
79.583
80.114
80.586
81.002
81.362
81.667
81.92
82.122
82.272
82.372
82.421
82.421
82.372
82.272
82.122
81.92
81.667
81.362
81.002
80.586
80.114
79.583
78.992
78.338
77.62
76.836
75.984
75.061
74.065
72.996
71.849
70.625
69.32
67.934
66.464
64.911
63.272
61.547
59.736
57.838
55.854
53.785
51.63
49.392
47.072
44.672
42.194
39.642
37.017
34.325
31.569
28.752
25.881
22.959
19.991
16.985
13.944
10.874
7.7834
4.6764
1.5599
-1.5555
-4.654
-7.7469
-7.6442
-4.5923
-1.5349
1.5392
4.6144
7.6802
10.73
13.759
16.759
19.727
22.654
25.538
28.371
31.15
33.87
36.527
39.116
41.635
44.08
46.448
48.737
50.946
53.072
55.114
57.072
58.944
60.731
62.433
64.05
65.583
67.033
68.401
69.688
70.896
72.028
73.083
74.065
74.976
75.817
76.591
77.299
77.944
78.528
79.051
79.517
79.927
80.283
80.584
80.834
81.032
81.181
81.279
81.328
81.328
81.279
81.181
81.032
80.834
80.584
80.283
79.927
79.517
79.051
78.528
77.944
77.299
76.591
75.817
74.976
74.065
73.083
72.028
70.896
69.688
68.401
67.033
65.583
64.05
62.433
60.731
58.944
57.072
55.114
53.072
50.946
48.737
46.448
44.08
41.635
39.116
36.527
33.87
31.15
28.371
25.538
22.654
19.727
16.759
13.759
10.73
7.6802
4.6144
1.5392
-1.5349
-4.5923
-7.6442
-7.5338
-4.526
-1.5128
1.517
4.5478
7.5693
10.575
13.56
16.517
19.442
22.327
25.169
27.962
30.7
33.381
35.999
38.551
41.034
43.443
45.777
48.034
50.21
52.305
54.318
56.247
58.093
59.854
61.531
63.125
64.636
66.065
67.413
68.682
69.872
70.987
72.028
72.996
73.893
74.722
75.484
76.183
76.818
77.393
77.909
78.369
78.773
79.123
79.42
79.666
79.862
80.008
80.105
80.153
80.153
80.105
80.008
79.862
79.666
79.42
79.123
78.773
78.369
77.909
77.393
76.818
76.183
75.484
74.722
73.893
72.996
72.028
70.987
69.872
68.682
67.413
66.065
64.636
63.125
61.531
59.854
58.093
56.247
54.318
52.305
50.21
48.034
45.777
43.443
41.034
38.551
35.999
33.381
30.7
27.962
25.169
22.327
19.442
16.517
13.56
10.575
7.5693
4.5478
1.517
-1.5128
-4.526
-7.5338
-7.4156
-4.4549
-1.489
1.4931
4.4764
7.4505
10.409
13.347
16.258
19.137
21.977
24.774
27.523
30.219
32.857
35.434
37.946
40.389
42.761
45.059
47.279
49.422
51.484
53.465
55.364
57.181
58.914
60.565
62.134
63.621
65.027
66.354
67.603
68.775
69.872
70.896
71.849
72.733
73.548
74.299
74.986
75.612
76.178
76.686
77.138
77.535
77.88
78.173
78.415
78.607
78.751
78.847
78.894
78.894
78.847
78.751
78.607
78.415
78.173
77.88
77.535
77.138
76.686
76.178
75.612
74.986
74.299
73.548
72.733
71.849
70.896
69.872
68.775
67.603
66.354
65.027
63.621
62.134
60.565
58.914
57.181
55.364
53.465
51.484
49.422
47.279
45.059
42.761
40.389
37.946
35.434
32.857
30.219
27.523
24.774
21.977
19.137
16.258
13.347
10.409
7.4505
4.4764
1.4931
-1.489
-4.4549
-7.4156
-7.2892
-4.379
-1.4636
1.4677
4.4001
7.3236
10.232
13.12
15.981
18.81
21.602
24.352
27.054
29.704
32.297
34.83
37.3
39.701
42.033
44.291
46.474
48.58
50.607
52.554
54.421
56.206
57.91
59.533
61.075
62.537
63.919
65.223
66.451
67.603
68.682
69.688
70.625
71.493
72.295
73.033
73.708
74.323
74.879
75.379
75.823
76.214
76.552
76.84
77.078
77.267
77.409
77.502
77.549
77.549
77.502
77.409
77.267
77.078
76.84
76.552
76.214
75.823
75.379
74.879
74.323
73.708
73.033
72.295
71.493
70.625
69.688
68.682
67.603
66.451
65.223
63.919
62.537
61.075
59.533
57.91
56.206
54.421
52.554
50.607
48.58
46.474
44.291
42.033
39.701
37.3
34.83
32.297
29.704
27.054
24.352
21.602
18.81
15.981
13.12
10.232
7.3236
4.4001
1.4677
-1.4636
-4.379
-7.2892
-7.1546
-4.2982
-1.4366
1.4406
4.3189
7.1883
10.043
12.878
15.686
18.463
21.203
23.902
26.554
29.155
31.701
34.187
36.611
38.968
41.256
43.473
45.616
47.683
49.672
51.584
53.416
55.168
56.841
58.433
59.947
61.381
62.738
64.019
65.223
66.354
67.413
68.401
69.32
70.172
70.959
71.683
72.346
72.95
73.496
73.986
74.422
74.806
75.138
75.42
75.654
75.84
75.978
76.071
76.117
76.117
76.071
75.978
75.84
75.654
75.42
75.138
74.806
74.422
73.986
73.496
72.95
72.346
71.683
70.959
70.172
69.32
68.401
67.413
66.354
65.223
64.019
62.738
61.381
59.947
58.433
56.841
55.168
53.416
51.584
49.672
47.683
45.616
43.473
41.256
38.968
36.611
34.187
31.701
29.155
26.554
23.902
21.203
18.463
15.686
12.878
10.043
7.1883
4.3189
1.4406
-1.4366
-4.2982
-7.1546
-7.0116
-4.2122
-1.4079
1.4118
4.2325
7.0446
9.8424
12.62
15.372
18.094
20.78
23.424
26.023
28.572
31.067
33.504
35.879
38.189
40.431
42.604
44.704
46.729
48.679
50.552
52.348
54.065
55.704
57.265
58.748
60.154
61.484
62.738
63.919
65.027
66.065
67.033
67.934
68.769
69.54
70.25
70.899
71.491
72.026
72.506
72.934
73.309
73.635
73.912
74.141
74.323
74.459
74.549
74.594
74.594
74.549
74.459
74.323
74.141
73.912
73.635
73.309
72.934
72.506
72.026
71.491
70.899
70.25
69.54
68.769
67.934
67.033
66.065
65.027
63.919
62.738
61.484
60.154
58.748
57.265
55.704
54.065
52.348
50.552
48.679
46.729
44.704
42.604
40.431
38.189
35.879
33.504
31.067
28.572
26.023
23.424
20.78
18.094
15.372
12.62
9.8424
7.0446
4.2325
1.4118
-1.4079
-4.2122
-7.0116
-6.86
-4.1212
-1.3775
1.3813
4.141
6.8923
9.6296
12.347
15.04
17.703
20.33
22.918
25.461
27.954
30.395
32.779
35.103
37.363
39.557
41.682
43.737
45.719
47.626
49.459
51.216
52.896
54.499
56.026
57.477
58.853
60.154
61.381
62.537
63.621
64.636
65.583
66.464
67.281
68.036
68.73
69.366
69.944
70.468
70.938
71.356
71.724
72.042
72.313
72.537
72.715
72.848
72.936
72.98
72.98
72.936
72.848
72.715
72.537
72.313
72.042
71.724
71.356
70.938
70.468
69.944
69.366
68.73
68.036
67.281
66.464
65.583
64.636
63.621
62.537
61.381
60.154
58.853
57.477
56.026
54.499
52.896
51.216
49.459
47.626
45.719
43.737
41.682
39.557
37.363
35.103
32.779
30.395
27.954
25.461
22.918
20.33
17.703
15.04
12.347
9.6296
6.8923
4.141
1.3813
-1.3775
-4.1212
-6.86
-6.6997
-4.0249
-1.3453
1.349
4.0443
6.7313
9.4045
12.059
14.689
17.289
19.855
22.382
24.866
27.301
29.685
32.013
34.283
36.49
38.633
40.708
42.715
44.65
46.513
48.303
50.019
51.659
53.226
54.717
56.134
57.477
58.748
59.947
61.075
62.134
63.125
64.05
64.911
65.709
66.446
67.124
67.744
68.309
68.821
69.28
69.688
70.047
70.358
70.623
70.841
71.015
71.145
71.231
71.274
71.274
71.231
71.145
71.015
70.841
70.623
70.358
70.047
69.688
69.28
68.821
68.309
67.744
67.124
66.446
65.709
64.911
64.05
63.125
62.134
61.075
59.947
58.748
57.477
56.134
54.717
53.226
51.659
50.019
48.303
46.513
44.65
42.715
40.708
38.633
36.49
34.283
32.013
29.685
27.301
24.866
22.382
19.855
17.289
14.689
12.059
9.4045
6.7313
4.0443
1.349
-1.3453
-4.0249
-6.6997
-6.5306
-3.9233
-1.3113
1.315
3.9422
6.5614
9.1672
11.754
14.318
16.853
19.354
21.817
24.238
26.612
28.936
31.205
33.417
35.569
37.658
39.681
41.636
43.523
45.339
47.084
48.756
50.355
51.882
53.336
54.717
56.026
57.265
58.433
59.533
60.565
61.531
62.433
63.272
64.05
64.768
65.429
66.034
66.585
67.083
67.53
67.928
68.278
68.582
68.839
69.053
69.222
69.349
69.433
69.475
69.475
69.433
69.349
69.222
69.053
68.839
68.582
68.278
67.928
67.53
67.083
66.585
66.034
65.429
64.768
64.05
63.272
62.433
61.531
60.565
59.533
58.433
57.265
56.026
54.717
53.336
51.882
50.355
48.756
47.084
45.339
43.523
41.636
39.681
37.658
35.569
33.417
31.205
28.936
26.612
24.238
21.817
19.354
16.853
14.318
11.754
9.1672
6.5614
3.9422
1.315
-1.3113
-3.9233
-6.5306
-6.3526
-3.8164
-1.2756
1.2791
3.8348
6.3826
8.9174
11.434
13.928
16.393
18.827
21.223
23.577
25.887
28.147
30.355
32.507
34.6
36.631
38.599
40.502
42.337
44.103
45.8
47.427
48.983
50.468
51.882
53.226
54.499
55.704
56.841
57.91
58.914
59.854
60.731
61.547
62.304
63.002
63.645
64.234
64.769
65.254
65.689
66.077
66.417
66.712
66.963
67.17
67.335
67.458
67.54
67.581
67.581
67.54
67.458
67.335
67.17
66.963
66.712
66.417
66.077
65.689
65.254
64.769
64.234
63.645
63.002
62.304
61.547
60.731
59.854
58.914
57.91
56.841
55.704
54.499
53.226
51.882
50.468
48.983
47.427
45.8
44.103
42.337
40.502
38.599
36.631
34.6
32.507
30.355
28.147
25.887
23.577
21.223
18.827
16.393
13.928
11.434
8.9174
6.3826
3.8348
1.2791
-1.2756
-3.8164
-6.3526
-6.1658
-3.7041
-1.238
1.2415
3.7219
6.1948
8.655
11.098
13.518
15.911
18.273
20.598
22.884
25.125
27.319
29.462
31.55
33.582
35.553
37.464
39.31
41.091
42.806
44.453
46.032
47.542
48.983
50.355
51.659
52.896
54.065
55.168
56.206
57.181
58.093
58.944
59.736
60.47
61.148
61.772
62.343
62.863
63.334
63.756
64.132
64.462
64.749
64.992
65.193
65.353
65.473
65.552
65.592
65.592
65.552
65.473
65.353
65.193
64.992
64.749
64.462
64.132
63.756
63.334
62.863
62.343
61.772
61.148
60.47
59.736
58.944
58.093
57.181
56.206
55.168
54.065
52.896
51.659
50.355
48.983
47.542
46.032
44.453
42.806
41.091
39.31
37.464
35.553
33.582
31.55
29.462
27.319
25.125
22.884
20.598
18.273
15.911
13.518
11.098
8.655
6.1948
3.7219
1.2415
-1.238
-3.7041
-6.1658
-5.9699
-3.5865
-1.1987
1.2021
3.6037
5.998
8.3801
10.745
13.089
15.406
17.692
19.944
22.157
24.327
26.451
28.526
30.548
32.515
34.424
36.274
38.062
39.786
41.446
43.041
44.57
46.032
47.427
48.756
50.019
51.216
52.348
53.416
54.421
55.364
56.247
57.072
57.838
58.549
59.206
59.81
60.363
60.866
61.322
61.731
62.095
62.415
62.692
62.927
63.122
63.277
63.393
63.47
63.508
63.508
63.47
63.393
63.277
63.122
62.927
62.692
62.415
62.095
61.731
61.322
60.866
60.363
59.81
59.206
58.549
57.838
57.072
56.247
55.364
54.421
53.416
52.348
51.216
50.019
48.756
47.427
46.032
44.57
43.041
41.446
39.786
38.062
36.274
34.424
32.515
30.548
28.526
26.451
24.327
22.157
19.944
17.692
15.406
13.089
10.745
8.3801
5.998
3.6037
1.2021
-1.1987
-3.5865
-5.9699
-5.7652
-3.4635
-1.1576
1.1608
3.4802
5.7924
8.0928
10.377
12.64
14.878
17.086
19.26
21.397
23.493
25.544
27.548
29.5
31.4
33.244
35.03
36.756
38.422
40.025
41.565
43.041
44.453
45.8
47.084
48.303
49.459
50.552
51.584
52.554
53.465
54.318
55.114
55.854
56.541
57.175
57.758
58.292
58.779
59.218
59.613
59.965
60.274
60.541
60.769
60.957
61.107
61.218
61.293
61.33
61.33
61.293
61.218
61.107
60.957
60.769
60.541
60.274
59.965
59.613
59.218
58.779
58.292
57.758
57.175
56.541
55.854
55.114
54.318
53.465
52.554
51.584
50.552
49.459
48.303
47.084
45.8
44.453
43.041
41.565
40.025
38.422
36.756
35.03
33.244
31.4
29.5
27.548
25.544
23.493
21.397
19.26
17.086
14.878
12.64
10.377
8.0928
5.7924
3.4802
1.1608
-1.1576
-3.4635
-5.7652
-5.5516
-3.3352
-1.1147
1.1178
3.3512
5.5778
7.7929
9.9923
12.172
14.326
16.453
18.547
20.604
22.623
24.598
26.527
28.408
30.237
32.012
33.732
35.394
36.998
38.542
40.025
41.446
42.806
44.103
45.339
46.513
47.626
48.679
49.672
50.607
51.484
52.305
53.072
53.785
54.446
55.057
55.618
56.132
56.601
57.024
57.404
57.743
58.04
58.298
58.517
58.698
58.842
58.95
59.021
59.057
59.057
59.021
58.95
58.842
58.698
58.517
58.298
58.04
57.743
57.404
57.024
56.601
56.132
55.618
55.057
54.446
53.785
53.072
52.305
51.484
50.607
49.672
48.679
47.626
46.513
45.339
44.103
42.806
41.446
40.025
38.542
36.998
35.394
33.732
32.012
30.237
28.408
26.527
24.598
22.623
20.604
18.547
16.453
14.326
12.172
9.9923
7.7929
5.5778
3.3512
1.1178
-1.1147
-3.3352
-5.5516
-5.3293
-3.2016
-1.0701
1.0731
3.217
5.3544
7.4808
9.5921
11.684
13.753
15.794
17.804
19.779
21.717
23.613
25.465
27.27
29.026
30.73
32.381
33.977
35.516
36.998
38.422
39.786
41.091
42.337
43.523
44.65
45.719
46.729
47.683
48.58
49.422
50.21
50.946
51.63
52.265
52.851
53.39
53.884
54.333
54.74
55.105
55.429
55.715
55.963
56.173
56.347
56.485
56.588
56.657
56.691
56.691
56.657
56.588
56.485
56.347
56.173
55.963
55.715
55.429
55.105
54.74
54.333
53.884
53.39
52.851
52.265
51.63
50.946
50.21
49.422
48.58
47.683
46.729
45.719
44.65
43.523
42.337
41.091
39.786
38.422
36.998
35.516
33.977
32.381
30.73
29.026
27.27
25.465
23.613
21.717
19.779
17.804
15.794
13.753
11.684
9.5921
7.4808
5.3544
3.217
1.0731
-1.0701
-3.2016
-5.3293
-5.0983
-3.0628
-1.0237
1.0266
3.0776
5.1223
7.1566
9.1764
11.178
13.156
15.109
17.032
18.922
20.775
22.589
24.361
26.088
27.767
29.398
30.977
32.504
33.977
35.394
36.756
38.062
39.31
40.502
41.636
42.715
43.737
44.704
45.616
46.474
47.279
48.034
48.737
49.392
49.999
50.56
51.076
51.548
51.978
52.367
52.716
53.027
53.3
53.536
53.738
53.904
54.036
54.135
54.201
54.233
54.233
54.201
54.135
54.036
53.904
53.738
53.536
53.3
53.027
52.716
52.367
51.978
51.548
51.076
50.56
49.999
49.392
48.737
48.034
47.279
46.474
45.616
44.704
43.737
42.715
41.636
40.502
39.31
38.062
36.756
35.394
33.977
32.504
30.977
29.398
27.767
26.088
24.361
22.589
20.775
18.922
17.032
15.109
13.156
11.178
9.1764
7.1566
5.1223
3.0776
1.0266
-1.0237
-3.0628
-5.0983
-4.8588
-2.919
-0.97563
0.97834
2.933
4.8817
6.8205
8.7454
10.653
12.539
14.4
16.232
18.033
19.799
21.528
23.217
24.862
26.463
28.017
29.522
30.977
32.381
33.732
35.03
36.274
37.464
38.599
39.681
40.708
41.682
42.604
43.473
44.291
45.059
45.777
46.448
47.072
47.65
48.185
48.676
49.126
49.536
49.907
50.24
50.536
50.796
51.021
51.213
51.372
51.498
51.592
51.654
51.686
51.686
51.654
51.592
51.498
51.372
51.213
51.021
50.796
50.536
50.24
49.907
49.536
49.126
48.676
48.185
47.65
47.072
46.448
45.777
45.059
44.291
43.473
42.604
41.682
40.708
39.681
38.599
37.464
36.274
35.03
33.732
32.381
30.977
29.522
28.017
26.463
24.862
23.217
21.528
19.799
18.033
16.232
14.4
12.539
10.653
8.7454
6.8205
4.8817
2.933
0.97834
-0.97563
-2.919
-4.8588
-4.6111
-2.7701
-0.92589
0.92846
2.7835
4.6328
6.4727
8.2995
10.11
11.899
13.665
15.405
17.114
18.79
20.431
22.033
23.595
25.114
26.589
28.017
29.398
30.73
32.012
33.244
34.424
35.553
36.631
37.658
38.633
39.557
40.431
41.256
42.033
42.761
43.443
44.08
44.672
45.221
45.728
46.194
46.621
47.01
47.362
47.678
47.959
48.206
48.42
48.602
48.752
48.872
48.961
49.021
49.05
49.05
49.021
48.961
48.872
48.752
48.602
48.42
48.206
47.959
47.678
47.362
47.01
46.621
46.194
45.728
45.221
44.672
44.08
43.443
42.761
42.033
41.256
40.431
39.557
38.633
37.658
36.631
35.553
34.424
33.244
32.012
30.73
29.398
28.017
26.589
25.114
23.595
22.033
20.431
18.79
17.114
15.405
13.665
11.899
10.11
8.2995
6.4727
4.6328
2.7835
0.92846
-0.92589
-2.7701
-4.6111
-4.3554
-2.6165
-0.87454
0.87697
2.6291
4.3759
6.1138
7.8392
9.5489
11.239
12.908
14.55
16.165
17.748
19.298
20.811
22.286
23.721
25.114
26.463
27.767
29.026
30.237
31.4
32.515
33.582
34.6
35.569
36.49
37.363
38.189
38.968
39.701
40.389
41.034
41.635
42.194
42.713
43.192
43.632
44.036
44.403
44.735
45.033
45.299
45.532
45.734
45.906
46.048
46.161
46.245
46.302
46.329
46.329
46.302
46.245
46.161
46.048
45.906
45.734
45.532
45.299
45.033
44.735
44.403
44.036
43.632
43.192
42.713
42.194
41.635
41.034
40.389
39.701
38.968
38.189
37.363
36.49
35.569
34.6
33.582
32.515
31.4
30.237
29.026
27.767
26.463
25.114
23.721
22.286
20.811
19.298
17.748
16.165
14.55
12.908
11.239
9.5489
7.8392
6.1138
4.3759
2.6291
0.87697
-0.87454
-2.6165
-4.3554
-4.0919
-2.4582
-0.82164
0.82392
2.4701
4.1112
5.7439
7.365
8.9712
10.559
12.127
13.67
15.187
16.674
18.13
19.552
20.938
22.286
23.595
24.862
26.088
27.27
28.408
29.5
30.548
31.55
32.507
33.417
34.283
35.103
35.879
36.611
37.3
37.946
38.551
39.116
39.642
40.129
40.579
40.993
41.372
41.717
42.029
42.309
42.558
42.777
42.967
43.129
43.262
43.369
43.448
43.5
43.527
43.527
43.5
43.448
43.369
43.262
43.129
42.967
42.777
42.558
42.309
42.029
41.717
41.372
40.993
40.579
40.129
39.642
39.116
38.551
37.946
37.3
36.611
35.879
35.103
34.283
33.417
32.507
31.55
30.548
29.5
28.408
27.27
26.088
24.862
23.595
22.286
20.938
19.552
18.13
16.674
15.187
13.67
12.127
10.559
8.9712
7.365
5.7439
4.1112
2.4701
0.82392
-0.82164
-2.4582
-4.0919
-3.8211
-2.2955
-0.76725
0.76938
2.3066
3.8391
5.3637
6.8775
8.3774
9.8605
11.324
12.765
14.182
15.571
16.93
18.258
19.552
20.811
22.033
23.217
24.361
25.465
26.527
27.548
28.526
29.462
30.355
31.205
32.013
32.779
33.504
34.187
34.83
35.434
35.999
36.527
37.017
37.472
37.892
38.279
38.633
38.955
39.246
39.508
39.741
39.946
40.123
40.274
40.398
40.498
40.572
40.621
40.645
40.645
40.621
40.572
40.498
40.398
40.274
40.123
39.946
39.741
39.508
39.246
38.955
38.633
38.279
37.892
37.472
37.017
36.527
35.999
35.434
34.83
34.187
33.504
32.779
32.013
31.205
30.355
29.462
28.526
27.548
26.527
25.465
24.361
23.217
22.033
20.811
19.552
18.258
16.93
15.571
14.182
12.765
11.324
9.8605
8.3774
6.8775
5.3637
3.8391
2.3066
0.76938
-0.76725
-2.2955
-3.8211
-3.5432
-2.1286
-0.71145
0.71343
2.1388
3.5599
4.9737
6.3773
7.7682
9.1434
10.5
11.837
13.15
14.438
15.699
16.93
18.13
19.298
20.431
21.528
22.589
23.613
24.598
25.544
26.451
27.319
28.147
28.936
29.685
30.395
31.067
31.701
32.297
32.857
33.381
33.87
34.325
34.747
35.137
35.495
35.823
36.122
36.392
36.635
36.851
37.04
37.205
37.345
37.46
37.552
37.621
37.666
37.689
37.689
37.666
37.621
37.552
37.46
37.345
37.205
37.04
36.851
36.635
36.392
36.122
35.823
35.495
35.137
34.747
34.325
33.87
33.381
32.857
32.297
31.701
31.067
30.395
29.685
28.936
28.147
27.319
26.451
25.544
24.598
23.613
22.589
21.528
20.431
19.298
18.13
16.93
15.699
14.438
13.15
11.837
10.5
9.1434
7.7682
6.3773
4.9737
3.5599
2.1388
0.71343
-0.71145
-2.1286
-3.5432
-3.2587
-1.9577
-0.65432
0.65614
1.9671
3.274
4.5743
5.8653
7.1444
8.4092
9.6573
10.886
12.094
13.279
14.438
15.571
16.674
17.748
18.79
19.799
20.775
21.717
22.623
23.493
24.327
25.125
25.887
26.612
27.301
27.954
28.572
29.155
29.704
30.219
30.7
31.15
31.569
31.957
32.315
32.645
32.946
33.221
33.47
33.693
33.891
34.066
34.217
34.346
34.452
34.537
34.6
34.642
34.662
34.662
34.642
34.6
34.537
34.452
34.346
34.217
34.066
33.891
33.693
33.47
33.221
32.946
32.645
32.315
31.957
31.569
31.15
30.7
30.219
29.704
29.155
28.572
27.954
27.301
26.612
25.887
25.125
24.327
23.493
22.623
21.717
20.775
19.799
18.79
17.748
16.674
15.571
14.438
13.279
12.094
10.886
9.6573
8.4092
7.1444
5.8653
4.5743
3.274
1.9671
0.65614
-0.65432
-1.9577
-3.2587
-2.968
-1.783
-0.59595
0.59761
1.7916
2.9819
4.1662
5.342
6.5071
7.659
8.7958
9.9152
11.015
12.094
13.15
14.182
15.187
16.165
17.114
18.033
18.922
19.779
20.604
21.397
22.157
22.884
23.577
24.238
24.866
25.461
26.023
26.554
27.054
27.523
27.962
28.371
28.752
29.106
29.432
29.732
30.007
30.257
30.484
30.687
30.868
31.027
31.164
31.282
31.378
31.455
31.513
31.551
31.57
31.57
31.551
31.513
31.455
31.378
31.282
31.164
31.027
30.868
30.687
30.484
30.257
30.007
29.732
29.432
29.106
28.752
28.371
27.962
27.523
27.054
26.554
26.023
25.461
24.866
24.238
23.577
22.884
22.157
21.397
20.604
19.779
18.922
18.033
17.114
16.165
15.187
14.182
13.15
12.094
11.015
9.9152
8.7958
7.659
6.5071
5.342
4.1662
2.9819
1.7916
0.59761
-0.59595
-1.783
-2.968
-2.6716
-1.605
-0.53643
0.53793
1.6127
2.6841
3.7501
4.8085
5.8572
6.8941
7.9174
8.925
9.9152
10.886
11.837
12.765
13.67
14.55
15.405
16.232
17.032
17.804
18.547
19.26
19.944
20.598
21.223
21.817
22.382
22.918
23.424
23.902
24.352
24.774
25.169
25.538
25.881
26.199
26.493
26.763
27.01
27.235
27.439
27.622
27.785
27.928
28.052
28.157
28.244
28.314
28.365
28.4
28.417
28.417
28.4
28.365
28.314
28.244
28.157
28.052
27.928
27.785
27.622
27.439
27.235
27.01
26.763
26.493
26.199
25.881
25.538
25.169
24.774
24.352
23.902
23.424
22.918
22.382
21.817
21.223
20.598
19.944
19.26
18.547
17.804
17.032
16.232
15.405
14.55
13.67
12.765
11.837
10.886
9.9152
8.925
7.9174
6.8941
5.8572
4.8085
3.7501
2.6841
1.6127
0.53793
-0.53643
-1.605
-2.6716
-2.37
-1.4238
-0.47587
0.47719
1.4306
2.3811
3.3267
4.2656
5.1959
6.1158
7.0235
7.9174
8.7958
9.6573
10.5
11.324
12.127
12.908
13.665
14.4
15.109
15.794
16.453
17.086
17.692
18.273
18.827
19.354
19.855
20.33
20.78
21.203
21.602
21.977
22.327
22.654
22.959
23.241
23.501
23.741
23.961
24.16
24.341
24.503
24.648
24.775
24.885
24.978
25.056
25.117
25.163
25.193
25.209
25.209
25.193
25.163
25.117
25.056
24.978
24.885
24.775
24.648
24.503
24.341
24.16
23.961
23.741
23.501
23.241
22.959
22.654
22.327
21.977
21.602
21.203
20.78
20.33
19.855
19.354
18.827
18.273
17.692
17.086
16.453
15.794
15.109
14.4
13.665
12.908
12.127
11.324
10.5
9.6573
8.7958
7.9174
7.0235
6.1158
5.1959
4.2656
3.3267
2.3811
1.4306
0.47719
-0.47587
-1.4238
-2.37
-2.0637
-1.2397
-0.41437
0.41552
1.2457
2.0734
2.8968
3.7143
4.5244
5.3254
6.1158
6.8941
7.659
8.4092
9.1434
9.8605
10.559
11.239
11.899
12.539
13.156
13.753
14.326
14.878
15.406
15.911
16.393
16.853
17.289
17.703
18.094
18.463
18.81
19.137
19.442
19.727
19.991
20.237
20.464
20.673
20.864
21.038
21.195
21.337
21.462
21.573
21.669
21.75
21.817
21.871
21.911
21.937
21.951
21.951
21.937
21.911
21.871
21.817
21.75
21.669
21.573
21.462
21.337
21.195
21.038
20.864
20.673
20.464
20.237
19.991
19.727
19.442
19.137
18.81
18.463
18.094
17.703
17.289
16.853
16.393
15.911
15.406
14.878
14.326
13.753
13.156
12.539
11.899
11.239
10.559
9.8605
9.1434
8.4092
7.659
6.8941
6.1158
5.3254
4.5244
3.7143
2.8968
2.0734
1.2457
0.41552
-0.41437
-1.2397
-2.0637
-1.7533
-1.0533
-0.35204
0.35302
1.0584
1.7615
2.4611
3.1557
3.8439
4.5244
5.1959
5.8572
6.5071
7.1444
7.7682
8.3774
8.9712
9.5489
10.11
10.653
11.178
11.684
12.172
12.64
13.089
13.518
13.928
14.318
14.689
15.04
15.372
15.686
15.981
16.258
16.517
16.759
16.985
17.193
17.386
17.563
17.726
17.873
18.007
18.127
18.234
18.328
18.409
18.479
18.536
18.581
18.615
18.638
18.649
18.649
18.638
18.615
18.581
18.536
18.479
18.409
18.328
18.234
18.127
18.007
17.873
17.726
17.563
17.386
17.193
16.985
16.759
16.517
16.258
15.981
15.686
15.372
15.04
14.689
14.318
13.928
13.518
13.089
12.64
12.172
11.684
11.178
10.653
10.11
9.5489
8.9712
8.3774
7.7682
7.1444
6.5071
5.8572
5.1959
4.5244
3.8439
3.1557
2.4611
1.7615
1.0584
0.35302
-0.35204
-1.0533
-1.7533
-1.4394
-0.8647
-0.28901
0.28982
0.86886
1.4461
2.0205
2.5907
3.1557
3.7143
4.2656
4.8085
5.342
5.8653
6.3773
6.8775
7.365
7.8392
8.2995
8.7454
9.1764
9.5921
9.9923
10.377
10.745
11.098
11.434
11.754
12.059
12.347
12.62
12.878
13.12
13.347
13.56
13.759
13.944
14.115
14.273
14.419
14.552
14.673
14.783
14.882
14.969
15.046
15.113
15.17
15.217
15.254
15.282
15.301
15.31
15.31
15.301
15.282
15.254
15.217
15.17
15.113
15.046
14.969
14.882
14.783
14.673
14.552
14.419
14.273
14.115
13.944
13.759
13.56
13.347
13.12
12.878
12.62
12.347
12.059
11.754
11.434
11.098
10.745
10.377
9.9923
9.5921
9.1764
8.7454
8.2995
7.8392
7.365
6.8775
6.3773
5.8653
5.342
4.8085
4.2656
3.7143
3.1557
2.5907
2.0205
1.4461
0.86886
0.28982
-0.28901
-0.8647
-1.4394
-1.1226
-0.67437
-0.2254
0.22603
0.67762
1.1278
1.5757
2.0205
2.4611
2.8968
3.3267
3.7501
4.1662
4.5743
4.9737
5.3637
5.7439
6.1138
6.4727
6.8205
7.1566
7.4808
7.7929
8.0928
8.3801
8.655
8.9174
9.1672
9.4045
9.6296
9.8424
10.043
10.232
10.409
10.575
10.73
10.874
11.008
11.132
11.245
11.349
11.444
11.529
11.606
11.674
11.735
11.787
11.831
11.868
11.897
11.918
11.933
11.94
11.94
11.933
11.918
11.897
11.868
11.831
11.787
11.735
11.674
11.606
11.529
11.444
11.349
11.245
11.132
11.008
10.874
10.73
10.575
10.409
10.232
10.043
9.8424
9.6296
9.4045
9.1672
8.9174
8.655
8.3801
8.0928
7.7929
7.4808
7.1566
6.8205
6.4727
6.1138
5.7439
5.3637
4.9737
4.5743
4.1662
3.7501
3.3267
2.8968
2.4611
2.0205
1.5757
1.1278
0.67762
0.22603
-0.2254
-0.67437
-1.1226
-0.80346
-0.48268
-0.16133
0.16178
0.485
0.80724
1.1278
1.4461
1.7615
2.0734
2.3811
2.6841
2.9819
3.274
3.5599
3.8391
4.1112
4.3759
4.6328
4.8817
5.1223
5.3544
5.5778
5.7924
5.998
6.1948
6.3826
6.5614
6.7313
6.8923
7.0446
7.1883
7.3236
7.4505
7.5693
7.6802
7.7834
7.879
7.9674
8.0486
8.123
8.1907
8.252
8.307
8.356
8.399
8.4363
8.468
8.4942
8.515
8.5306
8.5409
8.5461
8.5461
8.5409
8.5306
8.515
8.4942
8.468
8.4363
8.399
8.356
8.307
8.252
8.1907
8.123
8.0486
7.9674
7.879
7.7834
7.6802
7.5693
7.4505
7.3236
7.1883
7.0446
6.8923
6.7313
6.5614
6.3826
6.1948
5.998
5.7924
5.5778
5.3544
5.1223
4.8817
4.6328
4.3759
4.1112
3.8391
3.5599
3.274
2.9819
2.6841
2.3811
2.0734
1.7615
1.4461
1.1278
0.80724
0.485
0.16178
-0.16133
-0.48268
-0.80346
-0.48273
-0.29
-0.09693
0.097199
0.2914
0.485
0.67762
0.86886
1.0584
1.2457
1.4306
1.6127
1.7916
1.9671
2.1388
2.3066
2.4701
2.6291
2.7835
2.933
3.0776
3.217
3.3512
3.4802
3.6037
3.7219
3.8348
3.9422
4.0443
4.141
4.2325
4.3189
4.4001
4.4764
4.5478
4.6144
4.6764
4.7338
4.7869
4.8357
4.8804
4.9211
4.9579
4.991
5.0204
5.0463
5.0687
5.0877
5.1035
5.116
5.1253
5.1315
5.1346
5.1346
5.1315
5.1253
5.116
5.1035
5.0877
5.0687
5.0463
5.0204
4.991
4.9579
4.9211
4.8804
4.8357
4.7869
4.7338
4.6764
4.6144
4.5478
4.4764
4.4001
4.3189
4.2325
4.141
4.0443
3.9422
3.8348
3.7219
3.6037
3.4802
3.3512
3.217
3.0776
2.933
2.7835
2.6291
2.4701
2.3066
2.1388
1.9671
1.7916
1.6127
1.4306
1.2457
1.0584
0.86886
0.67762
0.485
0.2914
0.097199
-0.09693
-0.29
-0.48273
-0.16102
-0.096734
-0.032332
0.032422
0.097199
0.16178
0.22603
0.28982
0.35302
0.41552
0.47719
0.53793
0.59761
0.65614
0.71343
0.76938
0.82392
0.87697
0.92846
0.97834
1.0266
1.0731
1.1178
1.1608
1.2021
1.2415
1.2791
1.315
1.349
1.3813
1.4118
1.4406
1.4677
1.4931
1.517
1.5392
1.5599
1.579
1.5967
1.613
1.6279
1.6415
1.6538
1.6648
1.6746
1.6832
1.6907
1.6971
1.7023
1.7065
1.7096
1.7117
1.7127
1.7127
1.7117
1.7096
1.7065
1.7023
1.6971
1.6907
1.6832
1.6746
1.6648
1.6538
1.6415
1.6279
1.613
1.5967
1.579
1.5599
1.5392
1.517
1.4931
1.4677
1.4406
1.4118
1.3813
1.349
1.315
1.2791
1.2415
1.2021
1.1608
1.1178
1.0731
1.0266
0.97834
0.92846
0.87697
0.82392
0.76938
0.71343
0.65614
0.59761
0.53793
0.47719
0.41552
0.35302
0.28982
0.22603
0.16178
0.097199
0.032422
-0.032332
-0.096734
-0.16102
0.16057
0.096464
0.032242
-0.032332
-0.09693
-0.16133
-0.2254
-0.28901
-0.35204
-0.41437
-0.47587
-0.53643
-0.59595
-0.65432
-0.71145
-0.76725
-0.82164
-0.87454
-0.92589
-0.97563
-1.0237
-1.0701
-1.1147
-1.1576
-1.1987
-1.238
-1.2756
-1.3113
-1.3453
-1.3775
-1.4079
-1.4366
-1.4636
-1.489
-1.5128
-1.5349
-1.5555
-1.5746
-1.5923
-1.6085
-1.6234
-1.6369
-1.6492
-1.6602
-1.67
-1.6786
-1.686
-1.6924
-1.6976
-1.7018
-1.7049
-1.7069
-1.708
-1.708
-1.7069
-1.7049
-1.7018
-1.6976
-1.6924
-1.686
-1.6786
-1.67
-1.6602
-1.6492
-1.6369
-1.6234
-1.6085
-1.5923
-1.5746
-1.5555
-1.5349
-1.5128
-1.489
-1.4636
-1.4366
-1.4079
-1.3775
-1.3453
-1.3113
-1.2756
-1.238
-1.1987
-1.1576
-1.1147
-1.0701
-1.0237
-0.97563
-0.92589
-0.87454
-0.82164
-0.76725
-0.71145
-0.65432
-0.59595
-0.53643
-0.47587
-0.41437
-0.35204
-0.28901
-0.2254
-0.16133
-0.09693
-0.032332
0.032242
0.096464
0.16057
0.48185
0.28924
0.096464
-0.096734
-0.29
-0.48268
-0.67437
-0.8647
-1.0533
-1.2397
-1.4238
-1.605
-1.783
-1.9577
-2.1286
-2.2955
-2.4582
-2.6165
-2.7701
-2.919
-3.0628
-3.2016
-3.3352
-3.4635
-3.5865
-3.7041
-3.8164
-3.9233
-4.0249
-4.1212
-4.2122
-4.2982
-4.379
-4.4549
-4.526
-4.5923
-4.654
-4.7111
-4.764
-4.8125
-4.857
-4.8975
-4.9342
-4.9671
-4.9963
-5.022
-5.0443
-5.0633
-5.079
-5.0914
-5.1007
-5.1069
-5.11
-5.11
-5.1069
-5.1007
-5.0914
-5.079
-5.0633
-5.0443
-5.022
-4.9963
-4.9671
-4.9342
-4.8975
-4.857
-4.8125
-4.764
-4.7111
-4.654
-4.5923
-4.526
-4.4549
-4.379
-4.2982
-4.2122
-4.1212
-4.0249
-3.9233
-3.8164
-3.7041
-3.5865
-3.4635
-3.3352
-3.2016
-3.0628
-2.919
-2.7701
-2.6165
-2.4582
-2.2955
-2.1286
-1.9577
-1.783
-1.605
-1.4238
-1.2397
-1.0533
-0.8647
-0.67437
-0.48268
-0.29
-0.096734
0.096464
0.28924
0.48185
0.80283
0.48185
0.16057
-0.16102
-0.48273
-0.80346
-1.1226
-1.4394
-1.7533
-2.0637
-2.37
-2.6716
-2.968
-3.2587
-3.5432
-3.8211
-4.0919
-4.3554
-4.6111
-4.8588
-5.0983
-5.3293
-5.5516
-5.7652
-5.9699
-6.1658
-6.3526
-6.5306
-6.6997
-6.86
-7.0116
-7.1546
-7.2892
-7.4156
-7.5338
-7.6442
-7.7469
-7.8421
-7.93
-8.0109
-8.0849
-8.1523
-8.2133
-8.268
-8.3167
-8.3596
-8.3967
-8.4282
-8.4543
-8.4751
-8.4905
-8.5008
-8.506
-8.506
-8.5008
-8.4905
-8.4751
-8.4543
-8.4282
-8.3967
-8.3596
-8.3167
-8.268
-8.2133
-8.1523
-8.0849
-8.0109
-7.93
-7.8421
-7.7469
-7.6442
-7.5338
-7.4156
-7.2892
-7.1546
-7.0116
-6.86
-6.6997
-6.5306
-6.3526
-6.1658
-5.9699
-5.7652
-5.5516
-5.3293
-5.0983
-4.8588
-4.6111
-4.3554
-4.0919
-3.8211
-3.5432
-3.2587
-2.968
-2.6716
-2.37
-2.0637
-1.7533
-1.4394
-1.1226
-0.80346
-0.48273
-0.16102
0.16057
0.48185
0.80283
