1.2037
0.72296
0.241
-0.24168
-0.72429
-1.2047
-1.6814
-2.153
-2.6181
-3.0755
-3.5238
-3.9618
-4.3886
-4.8031
-5.2045
-5.5919
-5.9648
-6.3225
-6.6646
-6.9908
-7.3009
-7.5948
-7.8725
-8.1341
-8.3797
-8.6097
-8.8243
-9.024
-9.2092
-9.3805
-9.5385
-9.6836
-9.8166
-9.938
-10.049
-10.149
-10.239
-10.321
-10.394
-10.46
-10.518
-10.57
-10.616
-10.655
-10.69
-10.72
-10.745
-10.766
-10.783
-10.797
-10.806
-10.813
-10.816
-10.816
-10.813
-10.806
-10.797
-10.783
-10.766
-10.745
-10.72
-10.69
-10.655
-10.616
-10.57
-10.518
-10.46
-10.394
-10.321
-10.239
-10.149
-10.049
-9.938
-9.8166
-9.6836
-9.5385
-9.3805
-9.2092
-9.024
-8.8243
-8.6097
-8.3797
-8.1341
-7.8725
-7.5948
-7.3009
-6.9908
-6.6646
-6.3225
-5.9648
-5.5919
-5.2045
-4.8031
-4.3886
-3.9618
-3.5238
-3.0755
-2.6181
-2.153
-1.6814
-1.2047
-0.72429
-0.24168
0.241
0.72296
1.2037
0.72296
0.43427
0.14488
-0.14529
-0.43541
-0.7242
-1.0108
-1.2943
-1.5739
-1.8488
-2.1183
-2.3817
-2.6383
-2.8874
-3.1287
-3.3616
-3.5858
-3.8008
-4.0065
-4.2026
-4.389
-4.5657
-4.7326
-4.8899
-5.0375
-5.1758
-5.3048
-5.4248
-5.5362
-5.6392
-5.7341
-5.8214
-5.9013
-5.9743
-6.0407
-6.101
-6.1555
-6.2046
-6.2487
-6.2881
-6.3232
-6.3543
-6.3816
-6.4056
-6.4264
-6.4443
-6.4594
-6.4721
-6.4824
-6.4904
-6.4964
-6.5003
-6.5023
-6.5023
-6.5003
-6.4964
-6.4904
-6.4824
-6.4721
-6.4594
-6.4443
-6.4264
-6.4056
-6.3816
-6.3543
-6.3232
-6.2881
-6.2487
-6.2046
-6.1555
-6.101
-6.0407
-5.9743
-5.9013
-5.8214
-5.7341
-5.6392
-5.5362
-5.4248
-5.3048
-5.1758
-5.0375
-4.8899
-4.7326
-4.5657
-4.389
-4.2026
-4.0065
-3.8008
-3.5858
-3.3616
-3.1287
-2.8874
-2.6383
-2.3817
-2.1183
-1.8488
-1.5739
-1.2943
-1.0108
-0.7242
-0.43541
-0.14529
0.14488
0.43427
0.72296
0.241
0.14488
0.048441
-0.048575
-0.14558
-0.24213
-0.33795
-0.43274
-0.52623
-0.61815
-0.70826
-0.79631
-0.88209
-0.96541
-1.0461
-1.1239
-1.1989
-1.2708
-1.3395
-1.4051
-1.4675
-1.5265
-1.5823
-1.6349
-1.6843
-1.7305
-1.7736
-1.8138
-1.851
-1.8855
-1.9172
-1.9464
-1.9731
-1.9975
-2.0197
-2.0399
-2.0581
-2.0745
-2.0893
-2.1024
-2.1142
-2.1246
-2.1337
-2.1417
-2.1487
-2.1546
-2.1597
-2.1639
-2.1674
-2.1701
-2.1721
-2.1734
-2.174
-2.174
-2.1734
-2.1721
-2.1701
-2.1674
-2.1639
-2.1597
-2.1546
-2.1487
-2.1417
-2.1337
-2.1246
-2.1142
-2.1024
-2.0893
-2.0745
-2.0581
-2.0399
-2.0197
-1.9975
-1.9731
-1.9464
-1.9172
-1.8855
-1.851
-1.8138
-1.7736
-1.7305
-1.6843
-1.6349
-1.5823
-1.5265
-1.4675
-1.4051
-1.3395
-1.2708
-1.1989
-1.1239
-1.0461
-0.96541
-0.88209
-0.79631
-0.70826
-0.61815
-0.52623
-0.43274
-0.33795
-0.24213
-0.14558
-0.048575
0.048441
0.14488
0.241
-0.24168
-0.14529
-0.048575
0.04871
0.14598
0.2428
0.33889
0.43394
0.52769
0.61987
0.71022
0.79852
0.88454
0.96808
1.049
1.1271
1.2022
1.2743
1.3433
1.409
1.4715
1.5308
1.5867
1.6395
1.689
1.7353
1.7786
1.8188
1.8562
1.8907
1.9225
1.9518
1.9786
2.003
2.0253
2.0455
2.0638
2.0803
2.0951
2.1083
2.12
2.1305
2.1396
2.1477
2.1546
2.1606
2.1657
2.1699
2.1734
2.1761
2.1781
2.1794
2.1801
2.1801
2.1794
2.1781
2.1761
2.1734
2.1699
2.1657
2.1606
2.1546
2.1477
2.1396
2.1305
2.12
2.1083
2.0951
2.0803
2.0638
2.0455
2.0253
2.003
1.9786
1.9518
1.9225
1.8907
1.8562
1.8188
1.7786
1.7353
1.689
1.6395
1.5867
1.5308
1.4715
1.409
1.3433
1.2743
1.2022
1.1271
1.049
0.96808
0.88454
0.79852
0.71022
0.61987
0.52769
0.43394
0.33889
0.2428
0.14598
0.04871
-0.048575
-0.14529
-0.24168
-0.72429
-0.43541
-0.14558
0.14598
0.4375
0.72767
1.0156
1.3005
1.5814
1.8577
2.1285
2.3931
2.6509
2.9013
3.1437
3.3777
3.6029
3.819
4.0257
4.2227
4.4101
4.5876
4.7553
4.9133
5.0617
5.2006
5.3303
5.4509
5.5628
5.6663
5.7617
5.8493
5.9296
6.003
6.0698
6.1303
6.1851
6.2345
6.2788
6.3183
6.3536
6.3848
6.4123
6.4364
6.4573
6.4752
6.4905
6.5032
6.5135
6.5216
6.5276
6.5316
6.5335
6.5335
6.5316
6.5276
6.5216
6.5135
6.5032
6.4905
6.4752
6.4573
6.4364
6.4123
6.3848
6.3536
6.3183
6.2788
6.2345
6.1851
6.1303
6.0698
6.003
5.9296
5.8493
5.7617
5.6663
5.5628
5.4509
5.3303
5.2006
5.0617
4.9133
4.7553
4.5876
4.4101
4.2227
4.0257
3.819
3.6029
3.3777
3.1437
2.9013
2.6509
2.3931
2.1285
1.8577
1.5814
1.3005
1.0156
0.72767
0.4375
0.14598
-0.14558
-0.43541
-0.72429
-1.2047
-0.7242
-0.24213
0.2428
0.72767
1.2103
1.6892
2.1631
2.6304
3.0898
3.5402
3.9804
4.4091
4.8256
5.2288
5.6181
5.9926
6.352
6.6957
7.0235
7.3351
7.6304
7.9094
8.1722
8.4189
8.65
8.8656
9.0663
9.2524
9.4245
9.5831
9.729
9.8626
9.9846
10.096
10.196
10.287
10.37
10.443
10.509
10.568
10.62
10.665
10.705
10.74
10.77
10.795
10.817
10.834
10.847
10.857
10.864
10.867
10.867
10.864
10.857
10.847
10.834
10.817
10.795
10.77
10.74
10.705
10.665
10.62
10.568
10.509
10.443
10.37
10.287
10.196
10.096
9.9846
9.8626
9.729
9.5831
9.4245
9.2524
9.0663
8.8656
8.65
8.4189
8.1722
7.9094
7.6304
7.3351
7.0235
6.6957
6.352
5.9926
5.6181
5.2288
4.8256
4.4091
3.9804
3.5402
3.0898
2.6304
2.1631
1.6892
1.2103
0.72767
0.2428
-0.24213
-0.7242
-1.2047
-1.6814
-1.0108
-0.33795
0.33889
1.0156
1.6892
2.3577
3.019
3.6712
4.3125
4.9412
5.5555
6.1539
6.7352
7.298
7.8412
8.3641
8.8656
9.3454
9.8029
10.238
10.65
11.039
11.406
11.751
12.073
12.374
12.654
12.914
13.154
13.375
13.579
13.765
13.936
14.091
14.231
14.358
14.473
14.576
14.668
14.75
14.822
14.886
14.942
14.99
15.032
15.067
15.097
15.121
15.14
15.154
15.163
15.167
15.167
15.163
15.154
15.14
15.121
15.097
15.067
15.032
14.99
14.942
14.886
14.822
14.75
14.668
14.576
14.473
14.358
14.231
14.091
13.936
13.765
13.579
13.375
13.154
12.914
12.654
12.374
12.073
11.751
11.406
11.039
10.65
10.238
9.8029
9.3454
8.8656
8.3641
7.8412
7.298
6.7352
6.1539
5.5555
4.9412
4.3125
3.6712
3.019
2.3577
1.6892
1.0156
0.33889
-0.33795
-1.0108
-1.6814
-2.153
-1.2943
-0.43274
0.43394
1.3005
2.1631
3.019
3.8658
4.701
5.5222
6.3271
7.1137
7.88
8.6243
9.345
10.041
10.71
11.352
11.967
12.552
13.109
13.637
14.136
14.605
15.046
15.459
15.845
16.203
16.536
16.844
17.127
17.388
17.627
17.845
18.043
18.223
18.386
18.533
18.664
18.782
18.887
18.98
19.061
19.133
19.195
19.249
19.294
19.332
19.362
19.386
19.404
19.416
19.422
19.422
19.416
19.404
19.386
19.362
19.332
19.294
19.249
19.195
19.133
19.061
18.98
18.887
18.782
18.664
18.533
18.386
18.223
18.043
17.845
17.627
17.388
17.127
16.844
16.536
16.203
15.845
15.459
15.046
14.605
14.136
13.637
13.109
12.552
11.967
11.352
10.71
10.041
9.345
8.6243
7.88
7.1137
6.3271
5.5222
4.701
3.8658
3.019
2.1631
1.3005
0.43394
-0.43274
-1.2943
-2.153
-2.6181
-1.5739
-0.52623
0.52769
1.5814
2.6304
3.6712
4.701
5.7166
6.7152
7.694
8.6506
9.5824
10.488
11.364
12.21
13.024
13.805
14.552
15.264
15.942
16.583
17.19
17.761
18.297
18.799
19.268
19.704
20.109
20.483
20.827
21.144
21.435
21.7
21.941
22.16
22.358
22.537
22.697
22.84
22.967
23.08
23.18
23.267
23.342
23.407
23.462
23.508
23.546
23.575
23.597
23.611
23.618
23.618
23.611
23.597
23.575
23.546
23.508
23.462
23.407
23.342
23.267
23.18
23.08
22.967
22.84
22.697
22.537
22.358
22.16
21.941
21.7
21.435
21.144
20.827
20.483
20.109
19.704
19.268
18.799
18.297
17.761
17.19
16.583
15.942
15.264
14.552
13.805
13.024
12.21
11.364
10.488
9.5824
8.6506
7.694
6.7152
5.7166
4.701
3.6712
2.6304
1.5814
0.52769
-0.52623
-1.5739
-2.6181
-3.0755
-1.8488
-0.61815
0.61987
1.8577
3.0898
4.3125
5.5222
6.7152
7.8882
9.038
10.162
11.256
12.32
13.349
14.343
15.299
16.216
17.094
17.931
18.726
19.48
20.192
20.863
21.493
22.083
22.634
23.146
23.621
24.061
24.466
24.838
25.179
25.491
25.774
26.031
26.264
26.474
26.662
26.83
26.98
27.112
27.229
27.331
27.42
27.496
27.561
27.615
27.659
27.693
27.719
27.736
27.744
27.744
27.736
27.719
27.693
27.659
27.615
27.561
27.496
27.42
27.331
27.229
27.112
26.98
26.83
26.662
26.474
26.264
26.031
25.774
25.491
25.179
24.838
24.466
24.061
23.621
23.146
22.634
22.083
21.493
20.863
20.192
19.48
18.726
17.931
17.094
16.216
15.299
14.343
13.349
12.32
11.256
10.162
9.038
7.8882
6.7152
5.5222
4.3125
3.0898
1.8577
0.61987
-0.61815
-1.8488
-3.0755
-3.5238
-2.1183
-0.70826
0.71022
2.1285
3.5402
4.9412
6.3271
7.694
9.038
10.355
11.643
12.897
14.115
15.295
16.433
17.529
18.58
19.586
20.545
21.456
22.32
23.136
23.905
24.627
25.302
25.933
26.52
27.065
27.568
28.032
28.459
28.85
29.207
29.531
29.826
30.093
30.333
30.548
30.741
30.913
31.065
31.198
31.316
31.417
31.505
31.579
31.641
31.691
31.73
31.76
31.779
31.788
31.788
31.779
31.76
31.73
31.691
31.641
31.579
31.505
31.417
31.316
31.198
31.065
30.913
30.741
30.548
30.333
30.093
29.826
29.531
29.207
28.85
28.459
28.032
27.568
27.065
26.52
25.933
25.302
24.627
23.905
23.136
22.32
21.456
20.545
19.586
18.58
17.529
16.433
15.295
14.115
12.897
11.643
10.355
9.038
7.694
6.3271
4.9412
3.5402
2.1285
0.71022
-0.70826
-2.1183
-3.5238
-3.9618
-2.3817
-0.79631
0.79852
2.3931
3.9804
5.5555
7.1137
8.6506
10.162
11.643
13.09
14.501
15.87
17.196
18.476
19.708
20.89
22.021
23.099
24.124
25.095
26.012
26.877
27.688
28.448
29.157
29.817
30.43
30.996
31.518
31.997
32.437
32.838
33.203
33.535
33.834
34.104
34.347
34.563
34.756
34.927
35.077
35.209
35.324
35.422
35.505
35.575
35.631
35.676
35.708
35.73
35.741
35.741
35.73
35.708
35.676
35.631
35.575
35.505
35.422
35.324
35.209
35.077
34.927
34.756
34.563
34.347
34.104
33.834
33.535
33.203
32.838
32.437
31.997
31.518
30.996
30.43
29.817
29.157
28.448
27.688
26.877
26.012
25.095
24.124
23.099
22.021
20.89
19.708
18.476
17.196
15.87
14.501
13.09
11.643
10.162
8.6506
7.1137
5.5555
3.9804
2.3931
0.79852
-0.79631
-2.3817
-3.9618
-4.3886
-2.6383
-0.88209
0.88454
2.6509
4.4091
6.1539
7.88
9.5824
11.256
12.897
14.501
16.063
17.58
19.049
20.467
21.832
23.141
24.393
25.587
26.722
27.798
28.815
29.772
30.671
31.513
32.299
33.03
33.708
34.335
34.913
35.444
35.931
36.376
36.78
37.148
37.48
37.779
38.047
38.287
38.501
38.69
38.857
39.003
39.129
39.238
39.331
39.408
39.47
39.519
39.556
39.58
39.592
39.592
39.58
39.556
39.519
39.47
39.408
39.331
39.238
39.129
39.003
38.857
38.69
38.501
38.287
38.047
37.779
37.48
37.148
36.78
36.376
35.931
35.444
34.913
34.335
33.708
33.03
32.299
31.513
30.671
29.772
28.815
27.798
26.722
25.587
24.393
23.141
21.832
20.467
19.049
17.58
16.063
14.501
12.897
11.256
9.5824
7.88
6.1539
4.4091
2.6509
0.88454
-0.88209
-2.6383
-4.3886
-4.8031
-2.8874
-0.96541
0.96808
2.9013
4.8256
6.7352
8.6243
10.488
12.32
14.115
15.87
17.58
19.24
20.848
22.4
23.894
25.327
26.697
28.004
29.246
30.424
31.536
32.584
33.568
34.49
35.35
36.15
36.892
37.578
38.211
38.793
39.325
39.812
40.255
40.657
41.02
41.348
41.641
41.904
42.138
42.345
42.528
42.687
42.826
42.945
43.046
43.13
43.199
43.253
43.293
43.319
43.332
43.332
43.319
43.293
43.253
43.199
43.13
43.046
42.945
42.826
42.687
42.528
42.345
42.138
41.904
41.641
41.348
41.02
40.657
40.255
39.812
39.325
38.793
38.211
37.578
36.892
36.15
35.35
34.49
33.568
32.584
31.536
30.424
29.246
28.004
26.697
25.327
23.894
22.4
20.848
19.24
17.58
15.87
14.115
12.32
10.488
8.6243
6.7352
4.8256
2.9013
0.96808
-0.96541
-2.8874
-4.8031
-5.2045
-3.1287
-1.0461
1.049
3.1437
5.2288
7.298
9.345
11.364
13.349
15.295
17.196
19.049
20.848
22.59
24.272
25.89
27.443
28.928
30.344
31.691
32.966
34.172
35.307
36.374
37.372
38.304
39.171
39.975
40.719
41.405
42.035
42.612
43.139
43.619
44.055
44.448
44.803
45.122
45.406
45.66
45.884
46.082
46.255
46.405
46.534
46.644
46.735
46.81
46.868
46.911
46.939
46.954
46.954
46.939
46.911
46.868
46.81
46.735
46.644
46.534
46.405
46.255
46.082
45.884
45.66
45.406
45.122
44.803
44.448
44.055
43.619
43.139
42.612
42.035
41.405
40.719
39.975
39.171
38.304
37.372
36.374
35.307
34.172
32.966
31.691
30.344
28.928
27.443
25.89
24.272
22.59
20.848
19.049
17.196
15.295
13.349
11.364
9.345
7.298
5.2288
3.1437
1.049
-1.0461
-3.1287
-5.2045
-5.5919
-3.3616
-1.1239
1.1271
3.3777
5.6181
7.8412
10.041
12.21
14.343
16.433
18.476
20.467
22.4
24.272
26.079
27.818
29.486
31.082
32.603
34.05
35.421
36.716
37.936
39.082
40.154
41.156
42.087
42.951
43.751
44.487
45.164
45.785
46.351
46.867
47.335
47.758
48.139
48.481
48.787
49.06
49.301
49.513
49.699
49.861
49.999
50.117
50.215
50.295
50.358
50.404
50.435
50.45
50.45
50.435
50.404
50.358
50.295
50.215
50.117
49.999
49.861
49.699
49.513
49.301
49.06
48.787
48.481
48.139
47.758
47.335
46.867
46.351
45.785
45.164
44.487
43.751
42.951
42.087
41.156
40.154
39.082
37.936
36.716
35.421
34.05
32.603
31.082
29.486
27.818
26.079
24.272
22.4
20.467
18.476
16.433
14.343
12.21
10.041
7.8412
5.6181
3.3777
1.1271
-1.1239
-3.3616
-5.5919
-5.9648
-3.5858
-1.1989
1.2022
3.6029
5.9926
8.3641
10.71
13.024
15.299
17.529
19.708
21.832
23.894
25.89
27.818
29.673
31.452
33.154
34.777
36.32
37.783
39.164
40.466
41.688
42.832
43.9
44.894
45.816
46.668
47.454
48.176
48.838
49.443
49.993
50.492
50.943
51.35
51.715
52.041
52.332
52.589
52.816
53.014
53.186
53.334
53.46
53.565
53.65
53.717
53.766
53.799
53.815
53.815
53.799
53.766
53.717
53.65
53.565
53.46
53.334
53.186
53.014
52.816
52.589
52.332
52.041
51.715
51.35
50.943
50.492
49.993
49.443
48.838
48.176
47.454
46.668
45.816
44.894
43.9
42.832
41.688
40.466
39.164
37.783
36.32
34.777
33.154
31.452
29.673
27.818
25.89
23.894
21.832
19.708
17.529
15.299
13.024
10.71
8.3641
5.9926
3.6029
1.2022
-1.1989
-3.5858
-5.9648
-6.3225
-3.8008
-1.2708
1.2743
3.819
6.352
8.8656
11.352
13.805
16.216
18.58
20.89
23.141
25.327
27.443
29.486
31.452
33.339
35.143
36.863
38.499
40.049
41.513
42.893
44.188
45.401
46.533
47.587
48.564
49.468
50.301
51.066
51.768
52.408
52.992
53.521
53.999
54.43
54.817
55.163
55.471
55.744
55.984
56.194
56.377
56.534
56.667
56.778
56.868
56.939
56.992
57.026
57.043
57.043
57.026
56.992
56.939
56.868
56.778
56.667
56.534
56.377
56.194
55.984
55.744
55.471
55.163
54.817
54.43
53.999
53.521
52.992
52.408
51.768
51.066
50.301
49.468
48.564
47.587
46.533
45.401
44.188
42.893
41.513
40.049
38.499
36.863
35.143
33.339
31.452
29.486
27.443
25.327
23.141
20.89
18.58
16.216
13.805
11.352
8.8656
6.352
3.819
1.2743
-1.2708
-3.8008
-6.3225
-6.6646
-4.0065
-1.3395
1.3433
4.0257
6.6957
9.3454
11.967
14.552
17.094
19.586
22.021
24.393
26.697
28.928
31.082
33.154
35.143
37.045
38.858
40.582
42.216
43.76
45.214
46.58
47.859
49.052
50.162
51.192
52.145
53.023
53.83
54.57
55.245
55.86
56.418
56.922
57.377
57.785
58.149
58.474
58.761
59.015
59.236
59.429
59.594
59.735
59.852
59.947
60.022
60.077
60.113
60.131
60.131
60.113
60.077
60.022
59.947
59.852
59.735
59.594
59.429
59.236
59.015
58.761
58.474
58.149
57.785
57.377
56.922
56.418
55.86
55.245
54.57
53.83
53.023
52.145
51.192
50.162
49.052
47.859
46.58
45.214
43.76
42.216
40.582
38.858
37.045
35.143
33.154
31.082
28.928
26.697
24.393
22.021
19.586
17.094
14.552
11.967
9.3454
6.6957
4.0257
1.3433
-1.3395
-4.0065
-6.6646
-6.9908
-4.2026
-1.4051
1.409
4.2227
7.0235
9.8029
12.552
15.264
17.931
20.545
23.099
25.587
28.004
30.344
32.603
34.777
36.863
38.858
40.761
42.569
44.283
45.903
47.428
48.861
50.202
51.454
52.619
53.699
54.698
55.62
56.466
57.242
57.951
58.595
59.181
59.71
60.186
60.614
60.997
61.337
61.639
61.905
62.137
62.339
62.513
62.66
62.783
62.883
62.961
63.019
63.057
63.076
63.076
63.057
63.019
62.961
62.883
62.783
62.66
62.513
62.339
62.137
61.905
61.639
61.337
60.997
60.614
60.186
59.71
59.181
58.595
57.951
57.242
56.466
55.62
54.698
53.699
52.619
51.454
50.202
48.861
47.428
45.903
44.283
42.569
40.761
38.858
36.863
34.777
32.603
30.344
28.004
25.587
23.099
20.545
17.931
15.264
12.552
9.8029
7.0235
4.2227
1.409
-1.4051
-4.2026
-6.9908
-7.3009
-4.389
-1.4675
1.4715
4.4101
7.3351
10.238
13.109
15.942
18.726
21.456
24.124
26.722
29.246
31.691
34.05
36.32
38.499
40.582
42.569
44.458
46.248
47.939
49.533
51.029
52.43
53.737
54.954
56.082
57.126
58.088
58.972
59.782
60.522
61.196
61.807
62.36
62.858
63.305
63.704
64.06
64.375
64.653
64.895
65.106
65.288
65.442
65.57
65.674
65.756
65.817
65.856
65.876
65.876
65.856
65.817
65.756
65.674
65.57
65.442
65.288
65.106
64.895
64.653
64.375
64.06
63.704
63.305
62.858
62.36
61.807
61.196
60.522
59.782
58.972
58.088
57.126
56.082
54.954
53.737
52.43
51.029
49.533
47.939
46.248
44.458
42.569
40.582
38.499
36.32
34.05
31.691
29.246
26.722
24.124
21.456
18.726
15.942
13.109
10.238
7.3351
4.4101
1.4715
-1.4675
-4.389
-7.3009
-7.5948
-4.5657
-1.5265
1.5308
4.5876
7.6304
10.65
13.637
16.583
19.48
22.32
25.095
27.798
30.424
32.966
35.421
37.783
40.049
42.216
44.283
46.248
48.11
49.87
51.527
53.084
54.541
55.901
57.167
58.341
59.426
60.427
61.347
62.19
62.96
63.661
64.297
64.871
65.389
65.854
66.27
66.64
66.968
67.257
67.51
67.729
67.918
68.078
68.211
68.32
68.405
68.468
68.509
68.53
68.53
68.509
68.468
68.405
68.32
68.211
68.078
67.918
67.729
67.51
67.257
66.968
66.64
66.27
65.854
65.389
64.871
64.297
63.661
62.96
62.19
61.347
60.427
59.426
58.341
57.167
55.901
54.541
53.084
51.527
49.87
48.11
46.248
44.283
42.216
40.049
37.783
35.421
32.966
30.424
27.798
25.095
22.32
19.48
16.583
13.637
10.65
7.6304
4.5876
1.5308
-1.5265
-4.5657
-7.5948
-7.8725
-4.7326
-1.5823
1.5867
4.7553
7.9094
11.039
14.136
17.19
20.192
23.136
26.012
28.815
31.536
34.172
36.716
39.164
41.513
43.76
45.903
47.939
49.87
51.694
53.412
55.025
56.536
57.946
59.258
60.475
61.6
62.638
63.591
64.465
65.263
65.99
66.649
67.245
67.782
68.264
68.695
69.078
69.418
69.718
69.98
70.207
70.403
70.569
70.707
70.82
70.908
70.973
71.016
71.037
71.037
71.016
70.973
70.908
70.82
70.707
70.569
70.403
70.207
69.98
69.718
69.418
69.078
68.695
68.264
67.782
67.245
66.649
65.99
65.263
64.465
63.591
62.638
61.6
60.475
59.258
57.946
56.536
55.025
53.412
51.694
49.87
47.939
45.903
43.76
41.513
39.164
36.716
34.172
31.536
28.815
26.012
23.136
20.192
17.19
14.136
11.039
7.9094
4.7553
1.5867
-1.5823
-4.7326
-7.8725
-8.1341
-4.8899
-1.6349
1.6395
4.9133
8.1722
11.406
14.605
17.761
20.863
23.905
26.877
29.772
32.584
35.307
37.936
40.466
42.893
45.214
47.428
49.533
51.527
53.412
55.187
56.854
58.415
59.872
61.227
62.485
63.648
64.72
65.705
66.608
67.433
68.184
68.865
69.481
70.035
70.534
70.979
71.375
71.726
72.036
72.307
72.542
72.744
72.915
73.058
73.175
73.266
73.333
73.378
73.4
73.4
73.378
73.333
73.266
73.175
73.058
72.915
72.744
72.542
72.307
72.036
71.726
71.375
70.979
70.534
70.035
69.481
68.865
68.184
67.433
66.608
65.705
64.72
63.648
62.485
61.227
59.872
58.415
56.854
55.187
53.412
51.527
49.533
47.428
45.214
42.893
40.466
37.936
35.307
32.584
29.772
26.877
23.905
20.863
17.761
14.605
11.406
8.1722
4.9133
1.6395
-1.6349
-4.8899
-8.1341
-8.3797
-5.0375
-1.6843
1.689
5.0617
8.4189
11.751
15.046
18.297
21.493
24.627
27.688
30.671
33.568
36.374
39.082
41.688
44.188
46.58
48.861
51.029
53.084
55.025
56.854
58.572
60.18
61.68
63.077
64.373
65.571
66.676
67.691
68.621
69.471
70.244
70.946
71.58
72.152
72.665
73.124
73.532
73.894
74.213
74.492
74.734
74.942
75.119
75.266
75.386
75.48
75.55
75.595
75.618
75.618
75.595
75.55
75.48
75.386
75.266
75.119
74.942
74.734
74.492
74.213
73.894
73.532
73.124
72.665
72.152
71.58
70.946
70.244
69.471
68.621
67.691
66.676
65.571
64.373
63.077
61.68
60.18
58.572
56.854
55.025
53.084
51.029
48.861
46.58
44.188
41.688
39.082
36.374
33.568
30.671
27.688
24.627
21.493
18.297
15.046
11.751
8.4189
5.0617
1.689
-1.6843
-5.0375
-8.3797
-8.6097
-5.1758
-1.7305
1.7353
5.2006
8.65
12.073
15.459
18.799
22.083
25.302
28.448
31.513
34.49
37.372
40.154
42.832
45.401
47.859
50.202
52.43
54.541
56.536
58.415
60.18
61.832
63.374
64.809
66.14
67.371
68.506
69.55
70.505
71.378
72.173
72.894
73.546
74.133
74.661
75.132
75.552
75.924
76.251
76.538
76.787
77.001
77.182
77.334
77.457
77.554
77.625
77.672
77.695
77.695
77.672
77.625
77.554
77.457
77.334
77.182
77.001
76.787
76.538
76.251
75.924
75.552
75.132
74.661
74.133
73.546
72.894
72.173
71.378
70.505
69.55
68.506
67.371
66.14
64.809
63.374
61.832
60.18
58.415
56.536
54.541
52.43
50.202
47.859
45.401
42.832
40.154
37.372
34.49
31.513
28.448
25.302
22.083
18.799
15.459
12.073
8.65
5.2006
1.7353
-1.7305
-5.1758
-8.6097
-8.8243
-5.3048
-1.7736
1.7786
5.3303
8.8656
12.374
15.845
19.268
22.634
25.933
29.157
32.299
35.35
38.304
41.156
43.9
46.533
49.052
51.454
53.737
55.901
57.946
59.872
61.68
63.374
64.955
66.426
67.79
69.052
70.215
71.285
72.264
73.159
73.974
74.713
75.381
75.983
76.524
77.007
77.437
77.818
78.154
78.448
78.703
78.922
79.108
79.264
79.39
79.489
79.562
79.61
79.634
79.634
79.61
79.562
79.489
79.39
79.264
79.108
78.922
78.703
78.448
78.154
77.818
77.437
77.007
76.524
75.983
75.381
74.713
73.974
73.159
72.264
71.285
70.215
69.052
67.79
66.426
64.955
63.374
61.68
59.872
57.946
55.901
53.737
51.454
49.052
46.533
43.9
41.156
38.304
35.35
32.299
29.157
25.933
22.634
19.268
15.845
12.374
8.8656
5.3303
1.7786
-1.7736
-5.3048
-8.8243
-9.024
-5.4248
-1.8138
1.8188
5.4509
9.0663
12.654
16.203
19.704
23.146
26.52
29.817
33.03
36.15
39.171
42.087
44.894
47.587
50.162
52.619
54.954
57.167
59.258
61.227
63.077
64.809
66.426
67.93
69.325
70.616
71.806
72.899
73.901
74.816
75.649
76.405
77.089
77.704
78.257
78.752
79.192
79.581
79.925
80.225
80.486
80.71
80.901
81.06
81.189
81.29
81.365
81.414
81.439
81.439
81.414
81.365
81.29
81.189
81.06
80.901
80.71
80.486
80.225
79.925
79.581
79.192
78.752
78.257
77.704
77.089
76.405
75.649
74.816
73.901
72.899
71.806
70.616
69.325
67.93
66.426
64.809
63.077
61.227
59.258
57.167
54.954
52.619
50.162
47.587
44.894
42.087
39.171
36.15
33.03
29.817
26.52
23.146
19.704
16.203
12.654
9.0663
5.4509
1.8188
-1.8138
-5.4248
-9.024
-9.2092
-5.5362
-1.851
1.8562
5.5628
9.2524
12.914
16.536
20.109
23.621
27.065
30.43
33.708
36.892
39.975
42.951
45.816
48.564
51.192
53.699
56.082
58.341
60.475
62.485
64.373
66.14
67.79
69.325
70.749
72.066
73.281
74.397
75.419
76.353
77.204
77.975
78.673
79.301
79.866
80.37
80.819
81.217
81.567
81.874
82.14
82.369
82.564
82.726
82.858
82.961
83.037
83.088
83.113
83.113
83.088
83.037
82.961
82.858
82.726
82.564
82.369
82.14
81.874
81.567
81.217
80.819
80.37
79.866
79.301
78.673
77.975
77.204
76.353
75.419
74.397
73.281
72.066
70.749
69.325
67.79
66.14
64.373
62.485
60.475
58.341
56.082
53.699
51.192
48.564
45.816
42.951
39.975
36.892
33.708
30.43
27.065
23.621
20.109
16.536
12.914
9.2524
5.5628
1.8562
-1.851
-5.5362
-9.2092
-9.3805
-5.6392
-1.8855
1.8907
5.6663
9.4245
13.154
16.844
20.483
24.061
27.568
30.996
34.335
37.578
40.719
43.751
46.668
49.468
52.145
54.698
57.126
59.426
61.6
63.648
65.571
67.371
69.052
70.616
72.066
73.408
74.645
75.782
76.824
77.775
78.641
79.427
80.138
80.778
81.353
81.867
82.324
82.73
83.087
83.399
83.67
83.904
84.102
84.267
84.401
84.506
84.584
84.635
84.661
84.661
84.635
84.584
84.506
84.401
84.267
84.102
83.904
83.67
83.399
83.087
82.73
82.324
81.867
81.353
80.778
80.138
79.427
78.641
77.775
76.824
75.782
74.645
73.408
72.066
70.616
69.052
67.371
65.571
63.648
61.6
59.426
57.126
54.698
52.145
49.468
46.668
43.751
40.719
37.578
34.335
30.996
27.568
24.061
20.483
16.844
13.154
9.4245
5.6663
1.8907
-1.8855
-5.6392
-9.3805
-9.5385
-5.7341
-1.9172
1.9225
5.7617
9.5831
13.375
17.127
20.827
24.466
28.032
31.518
34.913
38.211
41.405
44.487
47.454
50.301
53.023
55.62
58.088
60.427
62.638
64.72
66.676
68.506
70.215
71.806
73.281
74.645
75.903
77.059
78.119
79.086
79.967
80.766
81.489
82.14
82.724
83.247
83.712
84.124
84.487
84.805
85.081
85.318
85.52
85.687
85.824
85.931
86.01
86.062
86.088
86.088
86.062
86.01
85.931
85.824
85.687
85.52
85.318
85.081
84.805
84.487
84.124
83.712
83.247
82.724
82.14
81.489
80.766
79.967
79.086
78.119
77.059
75.903
74.645
73.281
71.806
70.215
68.506
66.676
64.72
62.638
60.427
58.088
55.62
53.023
50.301
47.454
44.487
41.405
38.211
34.913
31.518
28.032
24.466
20.827
17.127
13.375
9.5831
5.7617
1.9225
-1.9172
-5.7341
-9.5385
-9.6836
-5.8214
-1.9464
1.9518
5.8493
9.729
13.579
17.388
21.144
24.838
28.459
31.997
35.444
38.793
42.035
45.164
48.176
51.066
53.83
56.466
58.972
61.347
63.591
65.705
67.691
69.55
71.285
72.899
74.397
75.782
77.059
78.233
79.309
80.291
81.185
81.996
82.73
83.391
83.985
84.515
84.988
85.406
85.775
86.098
86.378
86.619
86.823
86.993
87.132
87.241
87.321
87.374
87.4
87.4
87.374
87.321
87.241
87.132
86.993
86.823
86.619
86.378
86.098
85.775
85.406
84.988
84.515
83.985
83.391
82.73
81.996
81.185
80.291
79.309
78.233
77.059
75.782
74.397
72.899
71.285
69.55
67.691
65.705
63.591
61.347
58.972
56.466
53.83
51.066
48.176
45.164
42.035
38.793
35.444
31.997
28.459
24.838
21.144
17.388
13.579
9.729
5.8493
1.9518
-1.9464
-5.8214
-9.6836
-9.8166
-5.9013
-1.9731
1.9786
5.9296
9.8626
13.765
17.627
21.435
25.179
28.85
32.437
35.931
39.325
42.612
45.785
48.838
51.768
54.57
57.242
59.782
62.19
64.465
66.608
68.621
70.505
72.264
73.901
75.419
76.824
78.119
79.309
80.399
81.395
82.301
83.124
83.868
84.538
85.14
85.678
86.157
86.581
86.955
87.282
87.566
87.81
88.017
88.19
88.331
88.441
88.522
88.576
88.603
88.603
88.576
88.522
88.441
88.331
88.19
88.017
87.81
87.566
87.282
86.955
86.581
86.157
85.678
85.14
84.538
83.868
83.124
82.301
81.395
80.399
79.309
78.119
76.824
75.419
73.901
72.264
70.505
68.621
66.608
64.465
62.19
59.782
57.242
54.57
51.768
48.838
45.785
42.612
39.325
35.931
32.437
28.85
25.179
21.435
17.627
13.765
9.8626
5.9296
1.9786
-1.9731
-5.9013
-9.8166
-9.938
-5.9743
-1.9975
2.003
6.003
9.9846
13.936
17.845
21.7
25.491
29.207
32.838
36.376
39.812
43.139
46.351
49.443
52.408
55.245
57.951
60.522
62.96
65.263
67.433
69.471
71.378
73.159
74.816
76.353
77.775
79.086
80.291
81.395
82.403
83.321
84.154
84.907
85.585
86.195
86.739
87.224
87.654
88.032
88.363
88.651
88.898
89.108
89.283
89.425
89.537
89.62
89.674
89.701
89.701
89.674
89.62
89.537
89.425
89.283
89.108
88.898
88.651
88.363
88.032
87.654
87.224
86.739
86.195
85.585
84.907
84.154
83.321
82.403
81.395
80.291
79.086
77.775
76.353
74.816
73.159
71.378
69.471
67.433
65.263
62.96
60.522
57.951
55.245
52.408
49.443
46.351
43.139
39.812
36.376
32.838
29.207
25.491
21.7
17.845
13.936
9.9846
6.003
2.003
-1.9975
-5.9743
-9.938
-10.049
-6.0407
-2.0197
2.0253
6.0698
10.096
14.091
18.043
21.941
25.774
29.531
33.203
36.78
40.255
43.619
46.867
49.993
52.992
55.86
58.595
61.196
63.661
65.99
68.184
70.244
72.173
73.974
75.649
77.204
78.641
79.967
81.185
82.301
83.321
84.249
85.091
85.853
86.539
87.155
87.706
88.196
88.631
89.013
89.348
89.639
89.889
90.101
90.278
90.422
90.535
90.618
90.673
90.701
90.701
90.673
90.618
90.535
90.422
90.278
90.101
89.889
89.639
89.348
89.013
88.631
88.196
87.706
87.155
86.539
85.853
85.091
84.249
83.321
82.301
81.185
79.967
78.641
77.204
75.649
73.974
72.173
70.244
68.184
65.99
63.661
61.196
58.595
55.86
52.992
49.993
46.867
43.619
40.255
36.78
33.203
29.531
25.774
21.941
18.043
14.091
10.096
6.0698
2.0253
-2.0197
-6.0407
-10.049
-10.149
-6.101
-2.0399
2.0455
6.1303
10.196
14.231
18.223
22.16
26.031
29.826
33.535
37.148
40.657
44.055
47.335
50.492
53.521
56.418
59.181
61.807
64.297
66.649
68.865
70.946
72.894
74.713
76.405
77.975
79.427
80.766
81.996
83.124
84.154
85.091
85.942
86.711
87.404
88.026
88.583
89.078
89.517
89.903
90.242
90.535
90.788
91.002
91.181
91.326
91.44
91.525
91.58
91.608
91.608
91.58
91.525
91.44
91.326
91.181
91.002
90.788
90.535
90.242
89.903
89.517
89.078
88.583
88.026
87.404
86.711
85.942
85.091
84.154
83.124
81.996
80.766
79.427
77.975
76.405
74.713
72.894
70.946
68.865
66.649
64.297
61.807
59.181
56.418
53.521
50.492
47.335
44.055
40.657
37.148
33.535
29.826
26.031
22.16
18.223
14.231
10.196
6.1303
2.0455
-2.0399
-6.101
-10.149
-10.239
-6.1555
-2.0581
2.0638
6.1851
10.287
14.358
18.386
22.358
26.264
30.093
33.834
37.48
41.02
44.448
47.758
50.943
53.999
56.922
59.71
62.36
64.871
67.245
69.481
71.58
73.546
75.381
77.089
78.673
80.138
81.489
82.73
83.868
84.907
85.853
86.711
87.487
88.187
88.814
89.376
89.876
90.318
90.708
91.05
91.346
91.601
91.817
91.997
92.144
92.259
92.344
92.4
92.428
92.428
92.4
92.344
92.259
92.144
91.997
91.817
91.601
91.346
91.05
90.708
90.318
89.876
89.376
88.814
88.187
87.487
86.711
85.853
84.907
83.868
82.73
81.489
80.138
78.673
77.089
75.381
73.546
71.58
69.481
67.245
64.871
62.36
59.71
56.922
53.999
50.943
47.758
44.448
41.02
37.48
33.834
30.093
26.264
22.358
18.386
14.358
10.287
6.1851
2.0638
-2.0581
-6.1555
-10.239
-10.321
-6.2046
-2.0745
2.0803
6.2345
10.37
14.473
18.533
22.537
26.474
30.333
34.104
37.779
41.348
44.803
48.139
51.35
54.43
57.377
60.186
62.858
65.389
67.782
70.035
72.152
74.133
75.983
77.704
79.301
80.778
82.14
83.391
84.538
85.585
86.539
87.404
88.187
88.892
89.524
90.09
90.594
91.04
91.434
91.778
92.077
92.333
92.551
92.733
92.881
92.997
93.083
93.139
93.167
93.167
93.139
93.083
92.997
92.881
92.733
92.551
92.333
92.077
91.778
91.434
91.04
90.594
90.09
89.524
88.892
88.187
87.404
86.539
85.585
84.538
83.391
82.14
80.778
79.301
77.704
75.983
74.133
72.152
70.035
67.782
65.389
62.858
60.186
57.377
54.43
51.35
48.139
44.803
41.348
37.779
34.104
30.333
26.474
22.537
18.533
14.473
10.37
6.2345
2.0803
-2.0745
-6.2046
-10.321
-10.394
-6.2487
-2.0893
2.0951
6.2788
10.443
14.576
18.664
22.697
26.662
30.548
34.347
38.047
41.641
45.122
48.481
51.715
54.817
57.785
60.614
63.305
65.854
68.264
70.534
72.665
74.661
76.524
78.257
79.866
81.353
82.724
83.985
85.14
86.195
87.155
88.026
88.814
89.524
90.162
90.732
91.239
91.689
92.085
92.431
92.732
92.991
93.211
93.394
93.543
93.66
93.746
93.803
93.831
93.831
93.803
93.746
93.66
93.543
93.394
93.211
92.991
92.732
92.431
92.085
91.689
91.239
90.732
90.162
89.524
88.814
88.026
87.155
86.195
85.14
83.985
82.724
81.353
79.866
78.257
76.524
74.661
72.665
70.534
68.264
65.854
63.305
60.614
57.785
54.817
51.715
48.481
45.122
41.641
38.047
34.347
30.548
26.662
22.697
18.664
14.576
10.443
6.2788
2.0951
-2.0893
-6.2487
-10.394
-10.46
-6.2881
-2.1024
2.1083
6.3183
10.509
14.668
18.782
22.84
26.83
30.741
34.563
38.287
41.904
45.406
48.787
52.041
55.163
58.149
60.997
63.704
66.27
68.695
70.979
73.124
75.132
77.007
78.752
80.37
81.867
83.247
84.515
85.678
86.739
87.706
88.583
89.376
90.09
90.732
91.306
91.816
92.269
92.667
93.016
93.319
93.579
93.8
93.984
94.134
94.252
94.339
94.396
94.424
94.424
94.396
94.339
94.252
94.134
93.984
93.8
93.579
93.319
93.016
92.667
92.269
91.816
91.306
90.732
90.09
89.376
88.583
87.706
86.739
85.678
84.515
83.247
81.867
80.37
78.752
77.007
75.132
73.124
70.979
68.695
66.27
63.704
60.997
58.149
55.163
52.041
48.787
45.406
41.904
38.287
34.563
30.741
26.83
22.84
18.782
14.668
10.509
6.3183
2.1083
-2.1024
-6.2881
-10.46
-10.518
-6.3232
-2.1142
2.12
6.3536
10.568
14.75
18.887
22.967
26.98
30.913
34.756
38.501
42.138
45.66
49.06
52.332
55.471
58.474
61.337
64.06
66.64
69.078
71.375
73.532
75.552
77.437
79.192
80.819
82.324
83.712
84.988
86.157
87.224
88.196
89.078
89.876
90.594
91.239
91.816
92.33
92.785
93.185
93.536
93.841
94.103
94.325
94.51
94.661
94.779
94.867
94.924
94.953
94.953
94.924
94.867
94.779
94.661
94.51
94.325
94.103
93.841
93.536
93.185
92.785
92.33
91.816
91.239
90.594
89.876
89.078
88.196
87.224
86.157
84.988
83.712
82.324
80.819
79.192
77.437
75.552
73.532
71.375
69.078
66.64
64.06
61.337
58.474
55.471
52.332
49.06
45.66
42.138
38.501
34.756
30.913
26.98
22.967
18.887
14.75
10.568
6.3536
2.12
-2.1142
-6.3232
-10.518
-10.57
-6.3543
-2.1246
2.1305
6.3848
10.62
14.822
18.98
23.08
27.112
31.065
34.927
38.69
42.345
45.884
49.301
52.589
55.744
58.761
61.639
64.375
66.968
69.418
71.726
73.894
75.924
77.818
79.581
81.217
82.73
84.124
85.406
86.581
87.654
88.631
89.517
90.318
91.04
91.689
92.269
92.785
93.242
93.645
93.997
94.303
94.566
94.79
94.976
95.128
95.247
95.334
95.392
95.421
95.421
95.392
95.334
95.247
95.128
94.976
94.79
94.566
94.303
93.997
93.645
93.242
92.785
92.269
91.689
91.04
90.318
89.517
88.631
87.654
86.581
85.406
84.124
82.73
81.217
79.581
77.818
75.924
73.894
71.726
69.418
66.968
64.375
61.639
58.761
55.744
52.589
49.301
45.884
42.345
38.69
34.927
31.065
27.112
23.08
18.98
14.822
10.62
6.3848
2.1305
-2.1246
-6.3543
-10.57
-10.616
-6.3816
-2.1337
2.1396
6.4123
10.665
14.886
19.061
23.18
27.229
31.198
35.077
38.857
42.528
46.082
49.513
52.816
55.984
59.015
61.905
64.653
67.257
69.718
72.036
74.213
76.251
78.154
79.925
81.567
83.087
84.487
85.775
86.955
88.032
89.013
89.903
90.708
91.434
92.085
92.667
93.185
93.645
94.049
94.403
94.711
94.975
95.199
95.386
95.539
95.658
95.746
95.804
95.833
95.833
95.804
95.746
95.658
95.539
95.386
95.199
94.975
94.711
94.403
94.049
93.645
93.185
92.667
92.085
91.434
90.708
89.903
89.013
88.032
86.955
85.775
84.487
83.087
81.567
79.925
78.154
76.251
74.213
72.036
69.718
67.257
64.653
61.905
59.015
55.984
52.816
49.513
46.082
42.528
38.857
35.077
31.198
27.229
23.18
19.061
14.886
10.665
6.4123
2.1396
-2.1337
-6.3816
-10.616
-10.655
-6.4056
-2.1417
2.1477
6.4364
10.705
14.942
19.133
23.267
27.331
31.316
35.209
39.003
42.687
46.255
49.699
53.014
56.194
59.236
62.137
64.895
67.51
69.98
72.307
74.492
76.538
78.448
80.225
81.874
83.399
84.805
86.098
87.282
88.363
89.348
90.242
91.05
91.778
92.431
93.016
93.536
93.997
94.403
94.759
95.067
95.333
95.558
95.746
95.898
96.018
96.107
96.165
96.194
96.194
96.165
96.107
96.018
95.898
95.746
95.558
95.333
95.067
94.759
94.403
93.997
93.536
93.016
92.431
91.778
91.05
90.242
89.348
88.363
87.282
86.098
84.805
83.399
81.874
80.225
78.448
76.538
74.492
72.307
69.98
67.51
64.895
62.137
59.236
56.194
53.014
49.699
46.255
42.687
39.003
35.209
31.316
27.331
23.267
19.133
14.942
10.705
6.4364
2.1477
-2.1417
-6.4056
-10.655
-10.69
-6.4264
-2.1487
2.1546
6.4573
10.74
14.99
19.195
23.342
27.42
31.417
35.324
39.129
42.826
46.405
49.861
53.186
56.377
59.429
62.339
65.106
67.729
70.207
72.542
74.734
76.787
78.703
80.486
82.14
83.67
85.081
86.378
87.566
88.651
89.639
90.535
91.346
92.077
92.732
93.319
93.841
94.303
94.711
95.067
95.377
95.643
95.869
96.058
96.211
96.331
96.42
96.478
96.507
96.507
96.478
96.42
96.331
96.211
96.058
95.869
95.643
95.377
95.067
94.711
94.303
93.841
93.319
92.732
92.077
91.346
90.535
89.639
88.651
87.566
86.378
85.081
83.67
82.14
80.486
78.703
76.787
74.734
72.542
70.207
67.729
65.106
62.339
59.429
56.377
53.186
49.861
46.405
42.826
39.129
35.324
31.417
27.42
23.342
19.195
14.99
10.74
6.4573
2.1546
-2.1487
-6.4264
-10.69
-10.72
-6.4443
-2.1546
2.1606
6.4752
10.77
15.032
19.249
23.407
27.496
31.505
35.422
39.238
42.945
46.534
49.999
53.334
56.534
59.594
62.513
65.288
67.918
70.403
72.744
74.942
77.001
78.922
80.71
82.369
83.904
85.318
86.619
87.81
88.898
89.889
90.788
91.601
92.333
92.991
93.579
94.103
94.566
94.975
95.333
95.643
95.91
96.137
96.326
96.479
96.6
96.689
96.748
96.777
96.777
96.748
96.689
96.6
96.479
96.326
96.137
95.91
95.643
95.333
94.975
94.566
94.103
93.579
92.991
92.333
91.601
90.788
89.889
88.898
87.81
86.619
85.318
83.904
82.369
80.71
78.922
77.001
74.942
72.744
70.403
67.918
65.288
62.513
59.594
56.534
53.334
49.999
46.534
42.945
39.238
35.422
31.505
27.496
23.407
19.249
15.032
10.77
6.4752
2.1606
-2.1546
-6.4443
-10.72
-10.745
-6.4594
-2.1597
2.1657
6.4905
10.795
15.067
19.294
23.462
27.561
31.579
35.505
39.331
43.046
46.644
50.117
53.46
56.667
59.735
62.66
65.442
68.078
70.569
72.915
75.119
77.182
79.108
80.901
82.564
84.102
85.52
86.823
88.017
89.108
90.101
91.002
91.817
92.551
93.211
93.8
94.325
94.79
95.199
95.558
95.869
96.137
96.364
96.553
96.707
96.828
96.918
96.976
97.006
97.006
96.976
96.918
96.828
96.707
96.553
96.364
96.137
95.869
95.558
95.199
94.79
94.325
93.8
93.211
92.551
91.817
91.002
90.101
89.108
88.017
86.823
85.52
84.102
82.564
80.901
79.108
77.182
75.119
72.915
70.569
68.078
65.442
62.66
59.735
56.667
53.46
50.117
46.644
43.046
39.331
35.505
31.579
27.561
23.462
19.294
15.067
10.795
6.4905
2.1657
-2.1597
-6.4594
-10.745
-10.766
-6.4721
-2.1639
2.1699
6.5032
10.817
15.097
19.332
23.508
27.615
31.641
35.575
39.408
43.13
46.735
50.215
53.565
56.778
59.852
62.783
65.57
68.211
70.707
73.058
75.266
77.334
79.264
81.06
82.726
84.267
85.687
86.993
88.19
89.283
90.278
91.181
91.997
92.733
93.394
93.984
94.51
94.976
95.386
95.746
96.058
96.326
96.553
96.743
96.898
97.019
97.108
97.167
97.196
97.196
97.167
97.108
97.019
96.898
96.743
96.553
96.326
96.058
95.746
95.386
94.976
94.51
93.984
93.394
92.733
91.997
91.181
90.278
89.283
88.19
86.993
85.687
84.267
82.726
81.06
79.264
77.334
75.266
73.058
70.707
68.211
65.57
62.783
59.852
56.778
53.565
50.215
46.735
43.13
39.408
35.575
31.641
27.615
23.508
19.332
15.097
10.817
6.5032
2.1699
-2.1639
-6.4721
-10.766
-10.783
-6.4824
-2.1674
2.1734
6.5135
10.834
15.121
19.362
23.546
27.659
31.691
35.631
39.47
43.199
46.81
50.295
53.65
56.868
59.947
62.883
65.674
68.32
70.82
73.175
75.386
77.457
79.39
81.189
82.858
84.401
85.824
87.132
88.331
89.425
90.422
91.326
92.144
92.881
93.543
94.134
94.661
95.128
95.539
95.898
96.211
96.479
96.707
96.898
97.052
97.174
97.263
97.322
97.351
97.351
97.322
97.263
97.174
97.052
96.898
96.707
96.479
96.211
95.898
95.539
95.128
94.661
94.134
93.543
92.881
92.144
91.326
90.422
89.425
88.331
87.132
85.824
84.401
82.858
81.189
79.39
77.457
75.386
73.175
70.82
68.32
65.674
62.883
59.947
56.868
53.65
50.295
46.81
43.199
39.47
35.631
31.691
27.659
23.546
19.362
15.121
10.834
6.5135
2.1734
-2.1674
-6.4824
-10.783
-10.797
-6.4904
-2.1701
2.1761
6.5216
10.847
15.14
19.386
23.575
27.693
31.73
35.676
39.519
43.253
46.868
50.358
53.717
56.939
60.022
62.961
65.756
68.405
70.908
73.266
75.48
77.554
79.489
81.29
82.961
84.506
85.931
87.241
88.441
89.537
90.535
91.44
92.259
92.997
93.66
94.252
94.779
95.247
95.658
96.018
96.331
96.6
96.828
97.019
97.174
97.295
97.385
97.444
97.473
97.473
97.444
97.385
97.295
97.174
97.019
96.828
96.6
96.331
96.018
95.658
95.247
94.779
94.252
93.66
92.997
92.259
91.44
90.535
89.537
88.441
87.241
85.931
84.506
82.961
81.29
79.489
77.554
75.48
73.266
70.908
68.405
65.756
62.961
60.022
56.939
53.717
50.358
46.868
43.253
39.519
35.676
31.73
27.693
23.575
19.386
15.14
10.847
6.5216
2.1761
-2.1701
-6.4904
-10.797
-10.806
-6.4964
-2.1721
2.1781
6.5276
10.857
15.154
19.404
23.597
27.719
31.76
35.708
39.556
43.293
46.911
50.404
53.766
56.992
60.077
63.019
65.817
68.468
70.973
73.333
75.55
77.625
79.562
81.365
83.037
84.584
86.01
87.321
88.522
89.62
90.618
91.525
92.344
93.083
93.746
94.339
94.867
95.334
95.746
96.107
96.42
96.689
96.918
97.108
97.263
97.385
97.474
97.534
97.563
97.563
97.534
97.474
97.385
97.263
97.108
96.918
96.689
96.42
96.107
95.746
95.334
94.867
94.339
93.746
93.083
92.344
91.525
90.618
89.62
88.522
87.321
86.01
84.584
83.037
81.365
79.562
77.625
75.55
73.333
70.973
68.468
65.817
63.019
60.077
56.992
53.766
50.404
46.911
43.293
39.556
35.708
31.76
27.719
23.597
19.404
15.154
10.857
6.5276
2.1781
-2.1721
-6.4964
-10.806
-10.813
-6.5003
-2.1734
2.1794
6.5316
10.864
15.163
19.416
23.611
27.736
31.779
35.73
39.58
43.319
46.939
50.435
53.799
57.026
60.113
63.057
65.856
68.509
71.016
73.378
75.595
77.672
79.61
81.414
83.088
84.635
86.062
87.374
88.576
89.674
90.673
91.58
92.4
93.139
93.803
94.396
94.924
95.392
95.804
96.165
96.478
96.748
96.976
97.167
97.322
97.444
97.534
97.593
97.622
97.622
97.593
97.534
97.444
97.322
97.167
96.976
96.748
96.478
96.165
95.804
95.392
94.924
94.396
93.803
93.139
92.4
91.58
90.673
89.674
88.576
87.374
86.062
84.635
83.088
81.414
79.61
77.672
75.595
73.378
71.016
68.509
65.856
63.057
60.113
57.026
53.799
50.435
46.939
43.319
39.58
35.73
31.779
27.736
23.611
19.416
15.163
10.864
6.5316
2.1794
-2.1734
-6.5003
-10.813
-10.816
-6.5023
-2.174
2.1801
6.5335
10.867
15.167
19.422
23.618
27.744
31.788
35.741
39.592
43.332
46.954
50.45
53.815
57.043
60.131
63.076
65.876
68.53
71.037
73.4
75.618
77.695
79.634
81.439
83.113
84.661
86.088
87.4
88.603
89.701
90.701
91.608
92.428
93.167
93.831
94.424
94.953
95.421
95.833
96.194
96.507
96.777
97.006
97.196
97.351
97.473
97.563
97.622
97.652
97.652
97.622
97.563
97.473
97.351
97.196
97.006
96.777
96.507
96.194
95.833
95.421
94.953
94.424
93.831
93.167
92.428
91.608
90.701
89.701
88.603
87.4
86.088
84.661
83.113
81.439
79.634
77.695
75.618
73.4
71.037
68.53
65.876
63.076
60.131
57.043
53.815
50.45
46.954
43.332
39.592
35.741
31.788
27.744
23.618
19.422
15.167
10.867
6.5335
2.1801
-2.174
-6.5023
-10.816
-10.816
-6.5023
-2.174
2.1801
6.5335
10.867
15.167
19.422
23.618
27.744
31.788
35.741
39.592
43.332
46.954
50.45
53.815
57.043
60.131
63.076
65.876
68.53
71.037
73.4
75.618
77.695
79.634
81.439
83.113
84.661
86.088
87.4
88.603
89.701
90.701
91.608
92.428
93.167
93.831
94.424
94.953
95.421
95.833
96.194
96.507
96.777
97.006
97.196
97.351
97.473
97.563
97.622
97.652
97.652
97.622
97.563
97.473
97.351
97.196
97.006
96.777
96.507
96.194
95.833
95.421
94.953
94.424
93.831
93.167
92.428
91.608
90.701
89.701
88.603
87.4
86.088
84.661
83.113
81.439
79.634
77.695
75.618
73.4
71.037
68.53
65.876
63.076
60.131
57.043
53.815
50.45
46.954
43.332
39.592
35.741
31.788
27.744
23.618
19.422
15.167
10.867
6.5335
2.1801
-2.174
-6.5023
-10.816
-10.813
-6.5003
-2.1734
2.1794
6.5316
10.864
15.163
19.416
23.611
27.736
31.779
35.73
39.58
43.319
46.939
50.435
53.799
57.026
60.113
63.057
65.856
68.509
71.016
73.378
75.595
77.672
79.61
81.414
83.088
84.635
86.062
87.374
88.576
89.674
90.673
91.58
92.4
93.139
93.803
94.396
94.924
95.392
95.804
96.165
96.478
96.748
96.976
97.167
97.322
97.444
97.534
97.593
97.622
97.622
97.593
97.534
97.444
97.322
97.167
96.976
96.748
96.478
96.165
95.804
95.392
94.924
94.396
93.803
93.139
92.4
91.58
90.673
89.674
88.576
87.374
86.062
84.635
83.088
81.414
79.61
77.672
75.595
73.378
71.016
68.509
65.856
63.057
60.113
57.026
53.799
50.435
46.939
43.319
39.58
35.73
31.779
27.736
23.611
19.416
15.163
10.864
6.5316
2.1794
-2.1734
-6.5003
-10.813
-10.806
-6.4964
-2.1721
2.1781
6.5276
10.857
15.154
19.404
23.597
27.719
31.76
35.708
39.556
43.293
46.911
50.404
53.766
56.992
60.077
63.019
65.817
68.468
70.973
73.333
75.55
77.625
79.562
81.365
83.037
84.584
86.01
87.321
88.522
89.62
90.618
91.525
92.344
93.083
93.746
94.339
94.867
95.334
95.746
96.107
96.42
96.689
96.918
97.108
97.263
97.385
97.474
97.534
97.563
97.563
97.534
97.474
97.385
97.263
97.108
96.918
96.689
96.42
96.107
95.746
95.334
94.867
94.339
93.746
93.083
92.344
91.525
90.618
89.62
88.522
87.321
86.01
84.584
83.037
81.365
79.562
77.625
75.55
73.333
70.973
68.468
65.817
63.019
60.077
56.992
53.766
50.404
46.911
43.293
39.556
35.708
31.76
27.719
23.597
19.404
15.154
10.857
6.5276
2.1781
-2.1721
-6.4964
-10.806
-10.797
-6.4904
-2.1701
2.1761
6.5216
10.847
15.14
19.386
23.575
27.693
31.73
35.676
39.519
43.253
46.868
50.358
53.717
56.939
60.022
62.961
65.756
68.405
70.908
73.266
75.48
77.554
79.489
81.29
82.961
84.506
85.931
87.241
88.441
89.537
90.535
91.44
92.259
92.997
93.66
94.252
94.779
95.247
95.658
96.018
96.331
96.6
96.828
97.019
97.174
97.295
97.385
97.444
97.473
97.473
97.444
97.385
97.295
97.174
97.019
96.828
96.6
96.331
96.018
95.658
95.247
94.779
94.252
93.66
92.997
92.259
91.44
90.535
89.537
88.441
87.241
85.931
84.506
82.961
81.29
79.489
77.554
75.48
73.266
70.908
68.405
65.756
62.961
60.022
56.939
53.717
50.358
46.868
43.253
39.519
35.676
31.73
27.693
23.575
19.386
15.14
10.847
6.5216
2.1761
-2.1701
-6.4904
-10.797
-10.783
-6.4824
-2.1674
2.1734
6.5135
10.834
15.121
19.362
23.546
27.659
31.691
35.631
39.47
43.199
46.81
50.295
53.65
56.868
59.947
62.883
65.674
68.32
70.82
73.175
75.386
77.457
79.39
81.189
82.858
84.401
85.824
87.132
88.331
89.425
90.422
91.326
92.144
92.881
93.543
94.134
94.661
95.128
95.539
95.898
96.211
96.479
96.707
96.898
97.052
97.174
97.263
97.322
97.351
97.351
97.322
97.263
97.174
97.052
96.898
96.707
96.479
96.211
95.898
95.539
95.128
94.661
94.134
93.543
92.881
92.144
91.326
90.422
89.425
88.331
87.132
85.824
84.401
82.858
81.189
79.39
77.457
75.386
73.175
70.82
68.32
65.674
62.883
59.947
56.868
53.65
50.295
46.81
43.199
39.47
35.631
31.691
27.659
23.546
19.362
15.121
10.834
6.5135
2.1734
-2.1674
-6.4824
-10.783
-10.766
-6.4721
-2.1639
2.1699
6.5032
10.817
15.097
19.332
23.508
27.615
31.641
35.575
39.408
43.13
46.735
50.215
53.565
56.778
59.852
62.783
65.57
68.211
70.707
73.058
75.266
77.334
79.264
81.06
82.726
84.267
85.687
86.993
88.19
89.283
90.278
91.181
91.997
92.733
93.394
93.984
94.51
94.976
95.386
95.746
96.058
96.326
96.553
96.743
96.898
97.019
97.108
97.167
97.196
97.196
97.167
97.108
97.019
96.898
96.743
96.553
96.326
96.058
95.746
95.386
94.976
94.51
93.984
93.394
92.733
91.997
91.181
90.278
89.283
88.19
86.993
85.687
84.267
82.726
81.06
79.264
77.334
75.266
73.058
70.707
68.211
65.57
62.783
59.852
56.778
53.565
50.215
46.735
43.13
39.408
35.575
31.641
27.615
23.508
19.332
15.097
10.817
6.5032
2.1699
-2.1639
-6.4721
-10.766
-10.745
-6.4594
-2.1597
2.1657
6.4905
10.795
15.067
19.294
23.462
27.561
31.579
35.505
39.331
43.046
46.644
50.117
53.46
56.667
59.735
62.66
65.442
68.078
70.569
72.915
75.119
77.182
79.108
80.901
82.564
84.102
85.52
86.823
88.017
89.108
90.101
91.002
91.817
92.551
93.211
93.8
94.325
94.79
95.199
95.558
95.869
96.137
96.364
96.553
96.707
96.828
96.918
96.976
97.006
97.006
96.976
96.918
96.828
96.707
96.553
96.364
96.137
95.869
95.558
95.199
94.79
94.325
93.8
93.211
92.551
91.817
91.002
90.101
89.108
88.017
86.823
85.52
84.102
82.564
80.901
79.108
77.182
75.119
72.915
70.569
68.078
65.442
62.66
59.735
56.667
53.46
50.117
46.644
43.046
39.331
35.505
31.579
27.561
23.462
19.294
15.067
10.795
6.4905
2.1657
-2.1597
-6.4594
-10.745
-10.72
-6.4443
-2.1546
2.1606
6.4752
10.77
15.032
19.249
23.407
27.496
31.505
35.422
39.238
42.945
46.534
49.999
53.334
56.534
59.594
62.513
65.288
67.918
70.403
72.744
74.942
77.001
78.922
80.71
82.369
83.904
85.318
86.619
87.81
88.898
89.889
90.788
91.601
92.333
92.991
93.579
94.103
94.566
94.975
95.333
95.643
95.91
96.137
96.326
96.479
96.6
96.689
96.748
96.777
96.777
96.748
96.689
96.6
96.479
96.326
96.137
95.91
95.643
95.333
94.975
94.566
94.103
93.579
92.991
92.333
91.601
90.788
89.889
88.898
87.81
86.619
85.318
83.904
82.369
80.71
78.922
77.001
74.942
72.744
70.403
67.918
65.288
62.513
59.594
56.534
53.334
49.999
46.534
42.945
39.238
35.422
31.505
27.496
23.407
19.249
15.032
10.77
6.4752
2.1606
-2.1546
-6.4443
-10.72
-10.69
-6.4264
-2.1487
2.1546
6.4573
10.74
14.99
19.195
23.342
27.42
31.417
35.324
39.129
42.826
46.405
49.861
53.186
56.377
59.429
62.339
65.106
67.729
70.207
72.542
74.734
76.787
78.703
80.486
82.14
83.67
85.081
86.378
87.566
88.651
89.639
90.535
91.346
92.077
92.732
93.319
93.841
94.303
94.711
95.067
95.377
95.643
95.869
96.058
96.211
96.331
96.42
96.478
96.507
96.507
96.478
96.42
96.331
96.211
96.058
95.869
95.643
95.377
95.067
94.711
94.303
93.841
93.319
92.732
92.077
91.346
90.535
89.639
88.651
87.566
86.378
85.081
83.67
82.14
80.486
78.703
76.787
74.734
72.542
70.207
67.729
65.106
62.339
59.429
56.377
53.186
49.861
46.405
42.826
39.129
35.324
31.417
27.42
23.342
19.195
14.99
10.74
6.4573
2.1546
-2.1487
-6.4264
-10.69
-10.655
-6.4056
-2.1417
2.1477
6.4364
10.705
14.942
19.133
23.267
27.331
31.316
35.209
39.003
42.687
46.255
49.699
53.014
56.194
59.236
62.137
64.895
67.51
69.98
72.307
74.492
76.538
78.448
80.225
81.874
83.399
84.805
86.098
87.282
88.363
89.348
90.242
91.05
91.778
92.431
93.016
93.536
93.997
94.403
94.759
95.067
95.333
95.558
95.746
95.898
96.018
96.107
96.165
96.194
96.194
96.165
96.107
96.018
95.898
95.746
95.558
95.333
95.067
94.759
94.403
93.997
93.536
93.016
92.431
91.778
91.05
90.242
89.348
88.363
87.282
86.098
84.805
83.399
81.874
80.225
78.448
76.538
74.492
72.307
69.98
67.51
64.895
62.137
59.236
56.194
53.014
49.699
46.255
42.687
39.003
35.209
31.316
27.331
23.267
19.133
14.942
10.705
6.4364
2.1477
-2.1417
-6.4056
-10.655
-10.616
-6.3816
-2.1337
2.1396
6.4123
10.665
14.886
19.061
23.18
27.229
31.198
35.077
38.857
42.528
46.082
49.513
52.816
55.984
59.015
61.905
64.653
67.257
69.718
72.036
74.213
76.251
78.154
79.925
81.567
83.087
84.487
85.775
86.955
88.032
89.013
89.903
90.708
91.434
92.085
92.667
93.185
93.645
94.049
94.403
94.711
94.975
95.199
95.386
95.539
95.658
95.746
95.804
95.833
95.833
95.804
95.746
95.658
95.539
95.386
95.199
94.975
94.711
94.403
94.049
93.645
93.185
92.667
92.085
91.434
90.708
89.903
89.013
88.032
86.955
85.775
84.487
83.087
81.567
79.925
78.154
76.251
74.213
72.036
69.718
67.257
64.653
61.905
59.015
55.984
52.816
49.513
46.082
42.528
38.857
35.077
31.198
27.229
23.18
19.061
14.886
10.665
6.4123
2.1396
-2.1337
-6.3816
-10.616
-10.57
-6.3543
-2.1246
2.1305
6.3848
10.62
14.822
18.98
23.08
27.112
31.065
34.927
38.69
42.345
45.884
49.301
52.589
55.744
58.761
61.639
64.375
66.968
69.418
71.726
73.894
75.924
77.818
79.581
81.217
82.73
84.124
85.406
86.581
87.654
88.631
89.517
90.318
91.04
91.689
92.269
92.785
93.242
93.645
93.997
94.303
94.566
94.79
94.976
95.128
95.247
95.334
95.392
95.421
95.421
95.392
95.334
95.247
95.128
94.976
94.79
94.566
94.303
93.997
93.645
93.242
92.785
92.269
91.689
91.04
90.318
89.517
88.631
87.654
86.581
85.406
84.124
82.73
81.217
79.581
77.818
75.924
73.894
71.726
69.418
66.968
64.375
61.639
58.761
55.744
52.589
49.301
45.884
42.345
38.69
34.927
31.065
27.112
23.08
18.98
14.822
10.62
6.3848
2.1305
-2.1246
-6.3543
-10.57
-10.518
-6.3232
-2.1142
2.12
6.3536
10.568
14.75
18.887
22.967
26.98
30.913
34.756
38.501
42.138
45.66
49.06
52.332
55.471
58.474
61.337
64.06
66.64
69.078
71.375
73.532
75.552
77.437
79.192
80.819
82.324
83.712
84.988
86.157
87.224
88.196
89.078
89.876
90.594
91.239
91.816
92.33
92.785
93.185
93.536
93.841
94.103
94.325
94.51
94.661
94.779
94.867
94.924
94.953
94.953
94.924
94.867
94.779
94.661
94.51
94.325
94.103
93.841
93.536
93.185
92.785
92.33
91.816
91.239
90.594
89.876
89.078
88.196
87.224
86.157
84.988
83.712
82.324
80.819
79.192
77.437
75.552
73.532
71.375
69.078
66.64
64.06
61.337
58.474
55.471
52.332
49.06
45.66
42.138
38.501
34.756
30.913
26.98
22.967
18.887
14.75
10.568
6.3536
2.12
-2.1142
-6.3232
-10.518
-10.46
-6.2881
-2.1024
2.1083
6.3183
10.509
14.668
18.782
22.84
26.83
30.741
34.563
38.287
41.904
45.406
48.787
52.041
55.163
58.149
60.997
63.704
66.27
68.695
70.979
73.124
75.132
77.007
78.752
80.37
81.867
83.247
84.515
85.678
86.739
87.706
88.583
89.376
90.09
90.732
91.306
91.816
92.269
92.667
93.016
93.319
93.579
93.8
93.984
94.134
94.252
94.339
94.396
94.424
94.424
94.396
94.339
94.252
94.134
93.984
93.8
93.579
93.319
93.016
92.667
92.269
91.816
91.306
90.732
90.09
89.376
88.583
87.706
86.739
85.678
84.515
83.247
81.867
80.37
78.752
77.007
75.132
73.124
70.979
68.695
66.27
63.704
60.997
58.149
55.163
52.041
48.787
45.406
41.904
38.287
34.563
30.741
26.83
22.84
18.782
14.668
10.509
6.3183
2.1083
-2.1024
-6.2881
-10.46
-10.394
-6.2487
-2.0893
2.0951
6.2788
10.443
14.576
18.664
22.697
26.662
30.548
34.347
38.047
41.641
45.122
48.481
51.715
54.817
57.785
60.614
63.305
65.854
68.264
70.534
72.665
74.661
76.524
78.257
79.866
81.353
82.724
83.985
85.14
86.195
87.155
88.026
88.814
89.524
90.162
90.732
91.239
91.689
92.085
92.431
92.732
92.991
93.211
93.394
93.543
93.66
93.746
93.803
93.831
93.831
93.803
93.746
93.66
93.543
93.394
93.211
92.991
92.732
92.431
92.085
91.689
91.239
90.732
90.162
89.524
88.814
88.026
87.155
86.195
85.14
83.985
82.724
81.353
79.866
78.257
76.524
74.661
72.665
70.534
68.264
65.854
63.305
60.614
57.785
54.817
51.715
48.481
45.122
41.641
38.047
34.347
30.548
26.662
22.697
18.664
14.576
10.443
6.2788
2.0951
-2.0893
-6.2487
-10.394
-10.321
-6.2046
-2.0745
2.0803
6.2345
10.37
14.473
18.533
22.537
26.474
30.333
34.104
37.779
41.348
44.803
48.139
51.35
54.43
57.377
60.186
62.858
65.389
67.782
70.035
72.152
74.133
75.983
77.704
79.301
80.778
82.14
83.391
84.538
85.585
86.539
87.404
88.187
88.892
89.524
90.09
90.594
91.04
91.434
91.778
92.077
92.333
92.551
92.733
92.881
92.997
93.083
93.139
93.167
93.167
93.139
93.083
92.997
92.881
92.733
92.551
92.333
92.077
91.778
91.434
91.04
90.594
90.09
89.524
88.892
88.187
87.404
86.539
85.585
84.538
83.391
82.14
80.778
79.301
77.704
75.983
74.133
72.152
70.035
67.782
65.389
62.858
60.186
57.377
54.43
51.35
48.139
44.803
41.348
37.779
34.104
30.333
26.474
22.537
18.533
14.473
10.37
6.2345
2.0803
-2.0745
-6.2046
-10.321
-10.239
-6.1555
-2.0581
2.0638
6.1851
10.287
14.358
18.386
22.358
26.264
30.093
33.834
37.48
41.02
44.448
47.758
50.943
53.999
56.922
59.71
62.36
64.871
67.245
69.481
71.58
73.546
75.381
77.089
78.673
80.138
81.489
82.73
83.868
84.907
85.853
86.711
87.487
88.187
88.814
89.376
89.876
90.318
90.708
91.05
91.346
91.601
91.817
91.997
92.144
92.259
92.344
92.4
92.428
92.428
92.4
92.344
92.259
92.144
91.997
91.817
91.601
91.346
91.05
90.708
90.318
89.876
89.376
88.814
88.187
87.487
86.711
85.853
84.907
83.868
82.73
81.489
80.138
78.673
77.089
75.381
73.546
71.58
69.481
67.245
64.871
62.36
59.71
56.922
53.999
50.943
47.758
44.448
41.02
37.48
33.834
30.093
26.264
22.358
18.386
14.358
10.287
6.1851
2.0638
-2.0581
-6.1555
-10.239
-10.149
-6.101
-2.0399
2.0455
6.1303
10.196
14.231
18.223
22.16
26.031
29.826
33.535
37.148
40.657
44.055
47.335
50.492
53.521
56.418
59.181
61.807
64.297
66.649
68.865
70.946
72.894
74.713
76.405
77.975
79.427
80.766
81.996
83.124
84.154
85.091
85.942
86.711
87.404
88.026
88.583
89.078
89.517
89.903
90.242
90.535
90.788
91.002
91.181
91.326
91.44
91.525
91.58
91.608
91.608
91.58
91.525
91.44
91.326
91.181
91.002
90.788
90.535
90.242
89.903
89.517
89.078
88.583
88.026
87.404
86.711
85.942
85.091
84.154
83.124
81.996
80.766
79.427
77.975
76.405
74.713
72.894
70.946
68.865
66.649
64.297
61.807
59.181
56.418
53.521
50.492
47.335
44.055
40.657
37.148
33.535
29.826
26.031
22.16
18.223
14.231
10.196
6.1303
2.0455
-2.0399
-6.101
-10.149
-10.049
-6.0407
-2.0197
2.0253
6.0698
10.096
14.091
18.043
21.941
25.774
29.531
33.203
36.78
40.255
43.619
46.867
49.993
52.992
55.86
58.595
61.196
63.661
65.99
68.184
70.244
72.173
73.974
75.649
77.204
78.641
79.967
81.185
82.301
83.321
84.249
85.091
85.853
86.539
87.155
87.706
88.196
88.631
89.013
89.348
89.639
89.889
90.101
90.278
90.422
90.535
90.618
90.673
90.701
90.701
90.673
90.618
90.535
90.422
90.278
90.101
89.889
89.639
89.348
89.013
88.631
88.196
87.706
87.155
86.539
85.853
85.091
84.249
83.321
82.301
81.185
79.967
78.641
77.204
75.649
73.974
72.173
70.244
68.184
65.99
63.661
61.196
58.595
55.86
52.992
49.993
46.867
43.619
40.255
36.78
33.203
29.531
25.774
21.941
18.043
14.091
10.096
6.0698
2.0253
-2.0197
-6.0407
-10.049
-9.938
-5.9743
-1.9975
2.003
6.003
9.9846
13.936
17.845
21.7
25.491
29.207
32.838
36.376
39.812
43.139
46.351
49.443
52.408
55.245
57.951
60.522
62.96
65.263
67.433
69.471
71.378
73.159
74.816
76.353
77.775
79.086
80.291
81.395
82.403
83.321
84.154
84.907
85.585
86.195
86.739
87.224
87.654
88.032
88.363
88.651
88.898
89.108
89.283
89.425
89.537
89.62
89.674
89.701
89.701
89.674
89.62
89.537
89.425
89.283
89.108
88.898
88.651
88.363
88.032
87.654
87.224
86.739
86.195
85.585
84.907
84.154
83.321
82.403
81.395
80.291
79.086
77.775
76.353
74.816
73.159
71.378
69.471
67.433
65.263
62.96
60.522
57.951
55.245
52.408
49.443
46.351
43.139
39.812
36.376
32.838
29.207
25.491
21.7
17.845
13.936
9.9846
6.003
2.003
-1.9975
-5.9743
-9.938
-9.8166
-5.9013
-1.9731
1.9786
5.9296
9.8626
13.765
17.627
21.435
25.179
28.85
32.437
35.931
39.325
42.612
45.785
48.838
51.768
54.57
57.242
59.782
62.19
64.465
66.608
68.621
70.505
72.264
73.901
75.419
76.824
78.119
79.309
80.399
81.395
82.301
83.124
83.868
84.538
85.14
85.678
86.157
86.581
86.955
87.282
87.566
87.81
88.017
88.19
88.331
88.441
88.522
88.576
88.603
88.603
88.576
88.522
88.441
88.331
88.19
88.017
87.81
87.566
87.282
86.955
86.581
86.157
85.678
85.14
84.538
83.868
83.124
82.301
81.395
80.399
79.309
78.119
76.824
75.419
73.901
72.264
70.505
68.621
66.608
64.465
62.19
59.782
57.242
54.57
51.768
48.838
45.785
42.612
39.325
35.931
32.437
28.85
25.179
21.435
17.627
13.765
9.8626
5.9296
1.9786
-1.9731
-5.9013
-9.8166
-9.6836
-5.8214
-1.9464
1.9518
5.8493
9.729
13.579
17.388
21.144
24.838
28.459
31.997
35.444
38.793
42.035
45.164
48.176
51.066
53.83
56.466
58.972
61.347
63.591
65.705
67.691
69.55
71.285
72.899
74.397
75.782
77.059
78.233
79.309
80.291
81.185
81.996
82.73
83.391
83.985
84.515
84.988
85.406
85.775
86.098
86.378
86.619
86.823
86.993
87.132
87.241
87.321
87.374
87.4
87.4
87.374
87.321
87.241
87.132
86.993
86.823
86.619
86.378
86.098
85.775
85.406
84.988
84.515
83.985
83.391
82.73
81.996
81.185
80.291
79.309
78.233
77.059
75.782
74.397
72.899
71.285
69.55
67.691
65.705
63.591
61.347
58.972
56.466
53.83
51.066
48.176
45.164
42.035
38.793
35.444
31.997
28.459
24.838
21.144
17.388
13.579
9.729
5.8493
1.9518
-1.9464
-5.8214
-9.6836
-9.5385
-5.7341
-1.9172
1.9225
5.7617
9.5831
13.375
17.127
20.827
24.466
28.032
31.518
34.913
38.211
41.405
44.487
47.454
50.301
53.023
55.62
58.088
60.427
62.638
64.72
66.676
68.506
70.215
71.806
73.281
74.645
75.903
77.059
78.119
79.086
79.967
80.766
81.489
82.14
82.724
83.247
83.712
84.124
84.487
84.805
85.081
85.318
85.52
85.687
85.824
85.931
86.01
86.062
86.088
86.088
86.062
86.01
85.931
85.824
85.687
85.52
85.318
85.081
84.805
84.487
84.124
83.712
83.247
82.724
82.14
81.489
80.766
79.967
79.086
78.119
77.059
75.903
74.645
73.281
71.806
70.215
68.506
66.676
64.72
62.638
60.427
58.088
55.62
53.023
50.301
47.454
44.487
41.405
38.211
34.913
31.518
28.032
24.466
20.827
17.127
13.375
9.5831
5.7617
1.9225
-1.9172
-5.7341
-9.5385
-9.3805
-5.6392
-1.8855
1.8907
5.6663
9.4245
13.154
16.844
20.483
24.061
27.568
30.996
34.335
37.578
40.719
43.751
46.668
49.468
52.145
54.698
57.126
59.426
61.6
63.648
65.571
67.371
69.052
70.616
72.066
73.408
74.645
75.782
76.824
77.775
78.641
79.427
80.138
80.778
81.353
81.867
82.324
82.73
83.087
83.399
83.67
83.904
84.102
84.267
84.401
84.506
84.584
84.635
84.661
84.661
84.635
84.584
84.506
84.401
84.267
84.102
83.904
83.67
83.399
83.087
82.73
82.324
81.867
81.353
80.778
80.138
79.427
78.641
77.775
76.824
75.782
74.645
73.408
72.066
70.616
69.052
67.371
65.571
63.648
61.6
59.426
57.126
54.698
52.145
49.468
46.668
43.751
40.719
37.578
34.335
30.996
27.568
24.061
20.483
16.844
13.154
9.4245
5.6663
1.8907
-1.8855
-5.6392
-9.3805
-9.2092
-5.5362
-1.851
1.8562
5.5628
9.2524
12.914
16.536
20.109
23.621
27.065
30.43
33.708
36.892
39.975
42.951
45.816
48.564
51.192
53.699
56.082
58.341
60.475
62.485
64.373
66.14
67.79
69.325
70.749
72.066
73.281
74.397
75.419
76.353
77.204
77.975
78.673
79.301
79.866
80.37
80.819
81.217
81.567
81.874
82.14
82.369
82.564
82.726
82.858
82.961
83.037
83.088
83.113
83.113
83.088
83.037
82.961
82.858
82.726
82.564
82.369
82.14
81.874
81.567
81.217
80.819
80.37
79.866
79.301
78.673
77.975
77.204
76.353
75.419
74.397
73.281
72.066
70.749
69.325
67.79
66.14
64.373
62.485
60.475
58.341
56.082
53.699
51.192
48.564
45.816
42.951
39.975
36.892
33.708
30.43
27.065
23.621
20.109
16.536
12.914
9.2524
5.5628
1.8562
-1.851
-5.5362
-9.2092
-9.024
-5.4248
-1.8138
1.8188
5.4509
9.0663
12.654
16.203
19.704
23.146
26.52
29.817
33.03
36.15
39.171
42.087
44.894
47.587
50.162
52.619
54.954
57.167
59.258
61.227
63.077
64.809
66.426
67.93
69.325
70.616
71.806
72.899
73.901
74.816
75.649
76.405
77.089
77.704
78.257
78.752
79.192
79.581
79.925
80.225
80.486
80.71
80.901
81.06
81.189
81.29
81.365
81.414
81.439
81.439
81.414
81.365
81.29
81.189
81.06
80.901
80.71
80.486
80.225
79.925
79.581
79.192
78.752
78.257
77.704
77.089
76.405
75.649
74.816
73.901
72.899
71.806
70.616
69.325
67.93
66.426
64.809
63.077
61.227
59.258
57.167
54.954
52.619
50.162
47.587
44.894
42.087
39.171
36.15
33.03
29.817
26.52
23.146
19.704
16.203
12.654
9.0663
5.4509
1.8188
-1.8138
-5.4248
-9.024
-8.8243
-5.3048
-1.7736
1.7786
5.3303
8.8656
12.374
15.845
19.268
22.634
25.933
29.157
32.299
35.35
38.304
41.156
43.9
46.533
49.052
51.454
53.737
55.901
57.946
59.872
61.68
63.374
64.955
66.426
67.79
69.052
70.215
71.285
72.264
73.159
73.974
74.713
75.381
75.983
76.524
77.007
77.437
77.818
78.154
78.448
78.703
78.922
79.108
79.264
79.39
79.489
79.562
79.61
79.634
79.634
79.61
79.562
79.489
79.39
79.264
79.108
78.922
78.703
78.448
78.154
77.818
77.437
77.007
76.524
75.983
75.381
74.713
73.974
73.159
72.264
71.285
70.215
69.052
67.79
66.426
64.955
63.374
61.68
59.872
57.946
55.901
53.737
51.454
49.052
46.533
43.9
41.156
38.304
35.35
32.299
29.157
25.933
22.634
19.268
15.845
12.374
8.8656
5.3303
1.7786
-1.7736
-5.3048
-8.8243
-8.6097
-5.1758
-1.7305
1.7353
5.2006
8.65
12.073
15.459
18.799
22.083
25.302
28.448
31.513
34.49
37.372
40.154
42.832
45.401
47.859
50.202
52.43
54.541
56.536
58.415
60.18
61.832
63.374
64.809
66.14
67.371
68.506
69.55
70.505
71.378
72.173
72.894
73.546
74.133
74.661
75.132
75.552
75.924
76.251
76.538
76.787
77.001
77.182
77.334
77.457
77.554
77.625
77.672
77.695
77.695
77.672
77.625
77.554
77.457
77.334
77.182
77.001
76.787
76.538
76.251
75.924
75.552
75.132
74.661
74.133
73.546
72.894
72.173
71.378
70.505
69.55
68.506
67.371
66.14
64.809
63.374
61.832
60.18
58.415
56.536
54.541
52.43
50.202
47.859
45.401
42.832
40.154
37.372
34.49
31.513
28.448
25.302
22.083
18.799
15.459
12.073
8.65
5.2006
1.7353
-1.7305
-5.1758
-8.6097
-8.3797
-5.0375
-1.6843
1.689
5.0617
8.4189
11.751
15.046
18.297
21.493
24.627
27.688
30.671
33.568
36.374
39.082
41.688
44.188
46.58
48.861
51.029
53.084
55.025
56.854
58.572
60.18
61.68
63.077
64.373
65.571
66.676
67.691
68.621
69.471
70.244
70.946
71.58
72.152
72.665
73.124
73.532
73.894
74.213
74.492
74.734
74.942
75.119
75.266
75.386
75.48
75.55
75.595
75.618
75.618
75.595
75.55
75.48
75.386
75.266
75.119
74.942
74.734
74.492
74.213
73.894
73.532
73.124
72.665
72.152
71.58
70.946
70.244
69.471
68.621
67.691
66.676
65.571
64.373
63.077
61.68
60.18
58.572
56.854
55.025
53.084
51.029
48.861
46.58
44.188
41.688
39.082
36.374
33.568
30.671
27.688
24.627
21.493
18.297
15.046
11.751
8.4189
5.0617
1.689
-1.6843
-5.0375
-8.3797
-8.1341
-4.8899
-1.6349
1.6395
4.9133
8.1722
11.406
14.605
17.761
20.863
23.905
26.877
29.772
32.584
35.307
37.936
40.466
42.893
45.214
47.428
49.533
51.527
53.412
55.187
56.854
58.415
59.872
61.227
62.485
63.648
64.72
65.705
66.608
67.433
68.184
68.865
69.481
70.035
70.534
70.979
71.375
71.726
72.036
72.307
72.542
72.744
72.915
73.058
73.175
73.266
73.333
73.378
73.4
73.4
73.378
73.333
73.266
73.175
73.058
72.915
72.744
72.542
72.307
72.036
71.726
71.375
70.979
70.534
70.035
69.481
68.865
68.184
67.433
66.608
65.705
64.72
63.648
62.485
61.227
59.872
58.415
56.854
55.187
53.412
51.527
49.533
47.428
45.214
42.893
40.466
37.936
35.307
32.584
29.772
26.877
23.905
20.863
17.761
14.605
11.406
8.1722
4.9133
1.6395
-1.6349
-4.8899
-8.1341
-7.8725
-4.7326
-1.5823
1.5867
4.7553
7.9094
11.039
14.136
17.19
20.192
23.136
26.012
28.815
31.536
34.172
36.716
39.164
41.513
43.76
45.903
47.939
49.87
51.694
53.412
55.025
56.536
57.946
59.258
60.475
61.6
62.638
63.591
64.465
65.263
65.99
66.649
67.245
67.782
68.264
68.695
69.078
69.418
69.718
69.98
70.207
70.403
70.569
70.707
70.82
70.908
70.973
71.016
71.037
71.037
71.016
70.973
70.908
70.82
70.707
70.569
70.403
70.207
69.98
69.718
69.418
69.078
68.695
68.264
67.782
67.245
66.649
65.99
65.263
64.465
63.591
62.638
61.6
60.475
59.258
57.946
56.536
55.025
53.412
51.694
49.87
47.939
45.903
43.76
41.513
39.164
36.716
34.172
31.536
28.815
26.012
23.136
20.192
17.19
14.136
11.039
7.9094
4.7553
1.5867
-1.5823
-4.7326
-7.8725
-7.5948
-4.5657
-1.5265
1.5308
4.5876
7.6304
10.65
13.637
16.583
19.48
22.32
25.095
27.798
30.424
32.966
35.421
37.783
40.049
42.216
44.283
46.248
48.11
49.87
51.527
53.084
54.541
55.901
57.167
58.341
59.426
60.427
61.347
62.19
62.96
63.661
64.297
64.871
65.389
65.854
66.27
66.64
66.968
67.257
67.51
67.729
67.918
68.078
68.211
68.32
68.405
68.468
68.509
68.53
68.53
68.509
68.468
68.405
68.32
68.211
68.078
67.918
67.729
67.51
67.257
66.968
66.64
66.27
65.854
65.389
64.871
64.297
63.661
62.96
62.19
61.347
60.427
59.426
58.341
57.167
55.901
54.541
53.084
51.527
49.87
48.11
46.248
44.283
42.216
40.049
37.783
35.421
32.966
30.424
27.798
25.095
22.32
19.48
16.583
13.637
10.65
7.6304
4.5876
1.5308
-1.5265
-4.5657
-7.5948
-7.3009
-4.389
-1.4675
1.4715
4.4101
7.3351
10.238
13.109
15.942
18.726
21.456
24.124
26.722
29.246
31.691
34.05
36.32
38.499
40.582
42.569
44.458
46.248
47.939
49.533
51.029
52.43
53.737
54.954
56.082
57.126
58.088
58.972
59.782
60.522
61.196
61.807
62.36
62.858
63.305
63.704
64.06
64.375
64.653
64.895
65.106
65.288
65.442
65.57
65.674
65.756
65.817
65.856
65.876
65.876
65.856
65.817
65.756
65.674
65.57
65.442
65.288
65.106
64.895
64.653
64.375
64.06
63.704
63.305
62.858
62.36
61.807
61.196
60.522
59.782
58.972
58.088
57.126
56.082
54.954
53.737
52.43
51.029
49.533
47.939
46.248
44.458
42.569
40.582
38.499
36.32
34.05
31.691
29.246
26.722
24.124
21.456
18.726
15.942
13.109
10.238
7.3351
4.4101
1.4715
-1.4675
-4.389
-7.3009
-6.9908
-4.2026
-1.4051
1.409
4.2227
7.0235
9.8029
12.552
15.264
17.931
20.545
23.099
25.587
28.004
30.344
32.603
34.777
36.863
38.858
40.761
42.569
44.283
45.903
47.428
48.861
50.202
51.454
52.619
53.699
54.698
55.62
56.466
57.242
57.951
58.595
59.181
59.71
60.186
60.614
60.997
61.337
61.639
61.905
62.137
62.339
62.513
62.66
62.783
62.883
62.961
63.019
63.057
63.076
63.076
63.057
63.019
62.961
62.883
62.783
62.66
62.513
62.339
62.137
61.905
61.639
61.337
60.997
60.614
60.186
59.71
59.181
58.595
57.951
57.242
56.466
55.62
54.698
53.699
52.619
51.454
50.202
48.861
47.428
45.903
44.283
42.569
40.761
38.858
36.863
34.777
32.603
30.344
28.004
25.587
23.099
20.545
17.931
15.264
12.552
9.8029
7.0235
4.2227
1.409
-1.4051
-4.2026
-6.9908
-6.6646
-4.0065
-1.3395
1.3433
4.0257
6.6957
9.3454
11.967
14.552
17.094
19.586
22.021
24.393
26.697
28.928
31.082
33.154
35.143
37.045
38.858
40.582
42.216
43.76
45.214
46.58
47.859
49.052
50.162
51.192
52.145
53.023
53.83
54.57
55.245
55.86
56.418
56.922
57.377
57.785
58.149
58.474
58.761
59.015
59.236
59.429
59.594
59.735
59.852
59.947
60.022
60.077
60.113
60.131
60.131
60.113
60.077
60.022
59.947
59.852
59.735
59.594
59.429
59.236
59.015
58.761
58.474
58.149
57.785
57.377
56.922
56.418
55.86
55.245
54.57
53.83
53.023
52.145
51.192
50.162
49.052
47.859
46.58
45.214
43.76
42.216
40.582
38.858
37.045
35.143
33.154
31.082
28.928
26.697
24.393
22.021
19.586
17.094
14.552
11.967
9.3454
6.6957
4.0257
1.3433
-1.3395
-4.0065
-6.6646
-6.3225
-3.8008
-1.2708
1.2743
3.819
6.352
8.8656
11.352
13.805
16.216
18.58
20.89
23.141
25.327
27.443
29.486
31.452
33.339
35.143
36.863
38.499
40.049
41.513
42.893
44.188
45.401
46.533
47.587
48.564
49.468
50.301
51.066
51.768
52.408
52.992
53.521
53.999
54.43
54.817
55.163
55.471
55.744
55.984
56.194
56.377
56.534
56.667
56.778
56.868
56.939
56.992
57.026
57.043
57.043
57.026
56.992
56.939
56.868
56.778
56.667
56.534
56.377
56.194
55.984
55.744
55.471
55.163
54.817
54.43
53.999
53.521
52.992
52.408
51.768
51.066
50.301
49.468
48.564
47.587
46.533
45.401
44.188
42.893
41.513
40.049
38.499
36.863
35.143
33.339
31.452
29.486
27.443
25.327
23.141
20.89
18.58
16.216
13.805
11.352
8.8656
6.352
3.819
1.2743
-1.2708
-3.8008
-6.3225
-5.9648
-3.5858
-1.1989
1.2022
3.6029
5.9926
8.3641
10.71
13.024
15.299
17.529
19.708
21.832
23.894
25.89
27.818
29.673
31.452
33.154
34.777
36.32
37.783
39.164
40.466
41.688
42.832
43.9
44.894
45.816
46.668
47.454
48.176
48.838
49.443
49.993
50.492
50.943
51.35
51.715
52.041
52.332
52.589
52.816
53.014
53.186
53.334
53.46
53.565
53.65
53.717
53.766
53.799
53.815
53.815
53.799
53.766
53.717
53.65
53.565
53.46
53.334
53.186
53.014
52.816
52.589
52.332
52.041
51.715
51.35
50.943
50.492
49.993
49.443
48.838
48.176
47.454
46.668
45.816
44.894
43.9
42.832
41.688
40.466
39.164
37.783
36.32
34.777
33.154
31.452
29.673
27.818
25.89
23.894
21.832
19.708
17.529
15.299
13.024
10.71
8.3641
5.9926
3.6029
1.2022
-1.1989
-3.5858
-5.9648
-5.5919
-3.3616
-1.1239
1.1271
3.3777
5.6181
7.8412
10.041
12.21
14.343
16.433
18.476
20.467
22.4
24.272
26.079
27.818
29.486
31.082
32.603
34.05
35.421
36.716
37.936
39.082
40.154
41.156
42.087
42.951
43.751
44.487
45.164
45.785
46.351
46.867
47.335
47.758
48.139
48.481
48.787
49.06
49.301
49.513
49.699
49.861
49.999
50.117
50.215
50.295
50.358
50.404
50.435
50.45
50.45
50.435
50.404
50.358
50.295
50.215
50.117
49.999
49.861
49.699
49.513
49.301
49.06
48.787
48.481
48.139
47.758
47.335
46.867
46.351
45.785
45.164
44.487
43.751
42.951
42.087
41.156
40.154
39.082
37.936
36.716
35.421
34.05
32.603
31.082
29.486
27.818
26.079
24.272
22.4
20.467
18.476
16.433
14.343
12.21
10.041
7.8412
5.6181
3.3777
1.1271
-1.1239
-3.3616
-5.5919
-5.2045
-3.1287
-1.0461
1.049
3.1437
5.2288
7.298
9.345
11.364
13.349
15.295
17.196
19.049
20.848
22.59
24.272
25.89
27.443
28.928
30.344
31.691
32.966
34.172
35.307
36.374
37.372
38.304
39.171
39.975
40.719
41.405
42.035
42.612
43.139
43.619
44.055
44.448
44.803
45.122
45.406
45.66
45.884
46.082
46.255
46.405
46.534
46.644
46.735
46.81
46.868
46.911
46.939
46.954
46.954
46.939
46.911
46.868
46.81
46.735
46.644
46.534
46.405
46.255
46.082
45.884
45.66
45.406
45.122
44.803
44.448
44.055
43.619
43.139
42.612
42.035
41.405
40.719
39.975
39.171
38.304
37.372
36.374
35.307
34.172
32.966
31.691
30.344
28.928
27.443
25.89
24.272
22.59
20.848
19.049
17.196
15.295
13.349
11.364
9.345
7.298
5.2288
3.1437
1.049
-1.0461
-3.1287
-5.2045
-4.8031
-2.8874
-0.96541
0.96808
2.9013
4.8256
6.7352
8.6243
10.488
12.32
14.115
15.87
17.58
19.24
20.848
22.4
23.894
25.327
26.697
28.004
29.246
30.424
31.536
32.584
33.568
34.49
35.35
36.15
36.892
37.578
38.211
38.793
39.325
39.812
40.255
40.657
41.02
41.348
41.641
41.904
42.138
42.345
42.528
42.687
42.826
42.945
43.046
43.13
43.199
43.253
43.293
43.319
43.332
43.332
43.319
43.293
43.253
43.199
43.13
43.046
42.945
42.826
42.687
42.528
42.345
42.138
41.904
41.641
41.348
41.02
40.657
40.255
39.812
39.325
38.793
38.211
37.578
36.892
36.15
35.35
34.49
33.568
32.584
31.536
30.424
29.246
28.004
26.697
25.327
23.894
22.4
20.848
19.24
17.58
15.87
14.115
12.32
10.488
8.6243
6.7352
4.8256
2.9013
0.96808
-0.96541
-2.8874
-4.8031
-4.3886
-2.6383
-0.88209
0.88454
2.6509
4.4091
6.1539
7.88
9.5824
11.256
12.897
14.501
16.063
17.58
19.049
20.467
21.832
23.141
24.393
25.587
26.722
27.798
28.815
29.772
30.671
31.513
32.299
33.03
33.708
34.335
34.913
35.444
35.931
36.376
36.78
37.148
37.48
37.779
38.047
38.287
38.501
38.69
38.857
39.003
39.129
39.238
39.331
39.408
39.47
39.519
39.556
39.58
39.592
39.592
39.58
39.556
39.519
39.47
39.408
39.331
39.238
39.129
39.003
38.857
38.69
38.501
38.287
38.047
37.779
37.48
37.148
36.78
36.376
35.931
35.444
34.913
34.335
33.708
33.03
32.299
31.513
30.671
29.772
28.815
27.798
26.722
25.587
24.393
23.141
21.832
20.467
19.049
17.58
16.063
14.501
12.897
11.256
9.5824
7.88
6.1539
4.4091
2.6509
0.88454
-0.88209
-2.6383
-4.3886
-3.9618
-2.3817
-0.79631
0.79852
2.3931
3.9804
5.5555
7.1137
8.6506
10.162
11.643
13.09
14.501
15.87
17.196
18.476
19.708
20.89
22.021
23.099
24.124
25.095
26.012
26.877
27.688
28.448
29.157
29.817
30.43
30.996
31.518
31.997
32.437
32.838
33.203
33.535
33.834
34.104
34.347
34.563
34.756
34.927
35.077
35.209
35.324
35.422
35.505
35.575
35.631
35.676
35.708
35.73
35.741
35.741
35.73
35.708
35.676
35.631
35.575
35.505
35.422
35.324
35.209
35.077
34.927
34.756
34.563
34.347
34.104
33.834
33.535
33.203
32.838
32.437
31.997
31.518
30.996
30.43
29.817
29.157
28.448
27.688
26.877
26.012
25.095
24.124
23.099
22.021
20.89
19.708
18.476
17.196
15.87
14.501
13.09
11.643
10.162
8.6506
7.1137
5.5555
3.9804
2.3931
0.79852
-0.79631
-2.3817
-3.9618
-3.5238
-2.1183
-0.70826
0.71022
2.1285
3.5402
4.9412
6.3271
7.694
9.038
10.355
11.643
12.897
14.115
15.295
16.433
17.529
18.58
19.586
20.545
21.456
22.32
23.136
23.905
24.627
25.302
25.933
26.52
27.065
27.568
28.032
28.459
28.85
29.207
29.531
29.826
30.093
30.333
30.548
30.741
30.913
31.065
31.198
31.316
31.417
31.505
31.579
31.641
31.691
31.73
31.76
31.779
31.788
31.788
31.779
31.76
31.73
31.691
31.641
31.579
31.505
31.417
31.316
31.198
31.065
30.913
30.741
30.548
30.333
30.093
29.826
29.531
29.207
28.85
28.459
28.032
27.568
27.065
26.52
25.933
25.302
24.627
23.905
23.136
22.32
21.456
20.545
19.586
18.58
17.529
16.433
15.295
14.115
12.897
11.643
10.355
9.038
7.694
6.3271
4.9412
3.5402
2.1285
0.71022
-0.70826
-2.1183
-3.5238
-3.0755
-1.8488
-0.61815
0.61987
1.8577
3.0898
4.3125
5.5222
6.7152
7.8882
9.038
10.162
11.256
12.32
13.349
14.343
15.299
16.216
17.094
17.931
18.726
19.48
20.192
20.863
21.493
22.083
22.634
23.146
23.621
24.061
24.466
24.838
25.179
25.491
25.774
26.031
26.264
26.474
26.662
26.83
26.98
27.112
27.229
27.331
27.42
27.496
27.561
27.615
27.659
27.693
27.719
27.736
27.744
27.744
27.736
27.719
27.693
27.659
27.615
27.561
27.496
27.42
27.331
27.229
27.112
26.98
26.83
26.662
26.474
26.264
26.031
25.774
25.491
25.179
24.838
24.466
24.061
23.621
23.146
22.634
22.083
21.493
20.863
20.192
19.48
18.726
17.931
17.094
16.216
15.299
14.343
13.349
12.32
11.256
10.162
9.038
7.8882
6.7152
5.5222
4.3125
3.0898
1.8577
0.61987
-0.61815
-1.8488
-3.0755
-2.6181
-1.5739
-0.52623
0.52769
1.5814
2.6304
3.6712
4.701
5.7166
6.7152
7.694
8.6506
9.5824
10.488
11.364
12.21
13.024
13.805
14.552
15.264
15.942
16.583
17.19
17.761
18.297
18.799
19.268
19.704
20.109
20.483
20.827
21.144
21.435
21.7
21.941
22.16
22.358
22.537
22.697
22.84
22.967
23.08
23.18
23.267
23.342
23.407
23.462
23.508
23.546
23.575
23.597
23.611
23.618
23.618
23.611
23.597
23.575
23.546
23.508
23.462
23.407
23.342
23.267
23.18
23.08
22.967
22.84
22.697
22.537
22.358
22.16
21.941
21.7
21.435
21.144
20.827
20.483
20.109
19.704
19.268
18.799
18.297
17.761
17.19
16.583
15.942
15.264
14.552
13.805
13.024
12.21
11.364
10.488
9.5824
8.6506
7.694
6.7152
5.7166
4.701
3.6712
2.6304
1.5814
0.52769
-0.52623
-1.5739
-2.6181
-2.153
-1.2943
-0.43274
0.43394
1.3005
2.1631
3.019
3.8658
4.701
5.5222
6.3271
7.1137
7.88
8.6243
9.345
10.041
10.71
11.352
11.967
12.552
13.109
13.637
14.136
14.605
15.046
15.459
15.845
16.203
16.536
16.844
17.127
17.388
17.627
17.845
18.043
18.223
18.386
18.533
18.664
18.782
18.887
18.98
19.061
19.133
19.195
19.249
19.294
19.332
19.362
19.386
19.404
19.416
19.422
19.422
19.416
19.404
19.386
19.362
19.332
19.294
19.249
19.195
19.133
19.061
18.98
18.887
18.782
18.664
18.533
18.386
18.223
18.043
17.845
17.627
17.388
17.127
16.844
16.536
16.203
15.845
15.459
15.046
14.605
14.136
13.637
13.109
12.552
11.967
11.352
10.71
10.041
9.345
8.6243
7.88
7.1137
6.3271
5.5222
4.701
3.8658
3.019
2.1631
1.3005
0.43394
-0.43274
-1.2943
-2.153
-1.6814
-1.0108
-0.33795
0.33889
1.0156
1.6892
2.3577
3.019
3.6712
4.3125
4.9412
5.5555
6.1539
6.7352
7.298
7.8412
8.3641
8.8656
9.3454
9.8029
10.238
10.65
11.039
11.406
11.751
12.073
12.374
12.654
12.914
13.154
13.375
13.579
13.765
13.936
14.091
14.231
14.358
14.473
14.576
14.668
14.75
14.822
14.886
14.942
14.99
15.032
15.067
15.097
15.121
15.14
15.154
15.163
15.167
15.167
15.163
15.154
15.14
15.121
15.097
15.067
15.032
14.99
14.942
14.886
14.822
14.75
14.668
14.576
14.473
14.358
14.231
14.091
13.936
13.765
13.579
13.375
13.154
12.914
12.654
12.374
12.073
11.751
11.406
11.039
10.65
10.238
9.8029
9.3454
8.8656
8.3641
7.8412
7.298
6.7352
6.1539
5.5555
4.9412
4.3125
3.6712
3.019
2.3577
1.6892
1.0156
0.33889
-0.33795
-1.0108
-1.6814
-1.2047
-0.7242
-0.24213
0.2428
0.72767
1.2103
1.6892
2.1631
2.6304
3.0898
3.5402
3.9804
4.4091
4.8256
5.2288
5.6181
5.9926
6.352
6.6957
7.0235
7.3351
7.6304
7.9094
8.1722
8.4189
8.65
8.8656
9.0663
9.2524
9.4245
9.5831
9.729
9.8626
9.9846
10.096
10.196
10.287
10.37
10.443
10.509
10.568
10.62
10.665
10.705
10.74
10.77
10.795
10.817
10.834
10.847
10.857
10.864
10.867
10.867
10.864
10.857
10.847
10.834
10.817
10.795
10.77
10.74
10.705
10.665
10.62
10.568
10.509
10.443
10.37
10.287
10.196
10.096
9.9846
9.8626
9.729
9.5831
9.4245
9.2524
9.0663
8.8656
8.65
8.4189
8.1722
7.9094
7.6304
7.3351
7.0235
6.6957
6.352
5.9926
5.6181
5.2288
4.8256
4.4091
3.9804
3.5402
3.0898
2.6304
2.1631
1.6892
1.2103
0.72767
0.2428
-0.24213
-0.7242
-1.2047
-0.72429
-0.43541
-0.14558
0.14598
0.4375
0.72767
1.0156
1.3005
1.5814
1.8577
2.1285
2.3931
2.6509
2.9013
3.1437
3.3777
3.6029
3.819
4.0257
4.2227
4.4101
4.5876
4.7553
4.9133
5.0617
5.2006
5.3303
5.4509
5.5628
5.6663
5.7617
5.8493
5.9296
6.003
6.0698
6.1303
6.1851
6.2345
6.2788
6.3183
6.3536
6.3848
6.4123
6.4364
6.4573
6.4752
6.4905
6.5032
6.5135
6.5216
6.5276
6.5316
6.5335
6.5335
6.5316
6.5276
6.5216
6.5135
6.5032
6.4905
6.4752
6.4573
6.4364
6.4123
6.3848
6.3536
6.3183
6.2788
6.2345
6.1851
6.1303
6.0698
6.003
5.9296
5.8493
5.7617
5.6663
5.5628
5.4509
5.3303
5.2006
5.0617
4.9133
4.7553
4.5876
4.4101
4.2227
4.0257
3.819
3.6029
3.3777
3.1437
2.9013
2.6509
2.3931
2.1285
1.8577
1.5814
1.3005
1.0156
0.72767
0.4375
0.14598
-0.14558
-0.43541
-0.72429
-0.24168
-0.14529
-0.048575
0.04871
0.14598
0.2428
0.33889
0.43394
0.52769
0.61987
0.71022
0.79852
0.88454
0.96808
1.049
1.1271
1.2022
1.2743
1.3433
1.409
1.4715
1.5308
1.5867
1.6395
1.689
1.7353
1.7786
1.8188
1.8562
1.8907
1.9225
1.9518
1.9786
2.003
2.0253
2.0455
2.0638
2.0803
2.0951
2.1083
2.12
2.1305
2.1396
2.1477
2.1546
2.1606
2.1657
2.1699
2.1734
2.1761
2.1781
2.1794
2.1801
2.1801
2.1794
2.1781
2.1761
2.1734
2.1699
2.1657
2.1606
2.1546
2.1477
2.1396
2.1305
2.12
2.1083
2.0951
2.0803
2.0638
2.0455
2.0253
2.003
1.9786
1.9518
1.9225
1.8907
1.8562
1.8188
1.7786
1.7353
1.689
1.6395
1.5867
1.5308
1.4715
1.409
1.3433
1.2743
1.2022
1.1271
1.049
0.96808
0.88454
0.79852
0.71022
0.61987
0.52769
0.43394
0.33889
0.2428
0.14598
0.04871
-0.048575
-0.14529
-0.24168
0.241
0.14488
0.048441
-0.048575
-0.14558
-0.24213
-0.33795
-0.43274
-0.52623
-0.61815
-0.70826
-0.79631
-0.88209
-0.96541
-1.0461
-1.1239
-1.1989
-1.2708
-1.3395
-1.4051
-1.4675
-1.5265
-1.5823
-1.6349
-1.6843
-1.7305
-1.7736
-1.8138
-1.851
-1.8855
-1.9172
-1.9464
-1.9731
-1.9975
-2.0197
-2.0399
-2.0581
-2.0745
-2.0893
-2.1024
-2.1142
-2.1246
-2.1337
-2.1417
-2.1487
-2.1546
-2.1597
-2.1639
-2.1674
-2.1701
-2.1721
-2.1734
-2.174
-2.174
-2.1734
-2.1721
-2.1701
-2.1674
-2.1639
-2.1597
-2.1546
-2.1487
-2.1417
-2.1337
-2.1246
-2.1142
-2.1024
-2.0893
-2.0745
-2.0581
-2.0399
-2.0197
-1.9975
-1.9731
-1.9464
-1.9172
-1.8855
-1.851
-1.8138
-1.7736
-1.7305
-1.6843
-1.6349
-1.5823
-1.5265
-1.4675
-1.4051
-1.3395
-1.2708
-1.1989
-1.1239
-1.0461
-0.96541
-0.88209
-0.79631
-0.70826
-0.61815
-0.52623
-0.43274
-0.33795
-0.24213
-0.14558
-0.048575
0.048441
0.14488
0.241
0.72296
0.43427
0.14488
-0.14529
-0.43541
-0.7242
-1.0108
-1.2943
-1.5739
-1.8488
-2.1183
-2.3817
-2.6383
-2.8874
-3.1287
-3.3616
-3.5858
-3.8008
-4.0065
-4.2026
-4.389
-4.5657
-4.7326
-4.8899
-5.0375
-5.1758
-5.3048
-5.4248
-5.5362
-5.6392
-5.7341
-5.8214
-5.9013
-5.9743
-6.0407
-6.101
-6.1555
-6.2046
-6.2487
-6.2881
-6.3232
-6.3543
-6.3816
-6.4056
-6.4264
-6.4443
-6.4594
-6.4721
-6.4824
-6.4904
-6.4964
-6.5003
-6.5023
-6.5023
-6.5003
-6.4964
-6.4904
-6.4824
-6.4721
-6.4594
-6.4443
-6.4264
-6.4056
-6.3816
-6.3543
-6.3232
-6.2881
-6.2487
-6.2046
-6.1555
-6.101
-6.0407
-5.9743
-5.9013
-5.8214
-5.7341
-5.6392
-5.5362
-5.4248
-5.3048
-5.1758
-5.0375
-4.8899
-4.7326
-4.5657
-4.389
-4.2026
-4.0065
-3.8008
-3.5858
-3.3616
-3.1287
-2.8874
-2.6383
-2.3817
-2.1183
-1.8488
-1.5739
-1.2943
-1.0108
-0.7242
-0.43541
-0.14529
0.14488
0.43427
0.72296
1.2037
0.72296
0.241
-0.24168
-0.72429
-1.2047
-1.6814
-2.153
-2.6181
-3.0755
-3.5238
-3.9618
-4.3886
-4.8031
-5.2045
-5.5919
-5.9648
-6.3225
-6.6646
-6.9908
-7.3009
-7.5948
-7.8725
-8.1341
-8.3797
-8.6097
-8.8243
-9.024
-9.2092
-9.3805
-9.5385
-9.6836
-9.8166
-9.938
-10.049
-10.149
-10.239
-10.321
-10.394
-10.46
-10.518
-10.57
-10.616
-10.655
-10.69
-10.72
-10.745
-10.766
-10.783
-10.797
-10.806
-10.813
-10.816
-10.816
-10.813
-10.806
-10.797
-10.783
-10.766
-10.745
-10.72
-10.69
-10.655
-10.616
-10.57
-10.518
-10.46
-10.394
-10.321
-10.239
-10.149
-10.049
-9.938
-9.8166
-9.6836
-9.5385
-9.3805
-9.2092
-9.024
-8.8243
-8.6097
-8.3797
-8.1341
-7.8725
-7.5948
-7.3009
-6.9908
-6.6646
-6.3225
-5.9648
-5.5919
-5.2045
-4.8031
-4.3886
-3.9618
-3.5238
-3.0755
-2.6181
-2.153
-1.6814
-1.2047
-0.72429
-0.24168
0.241
0.72296
1.2037
