0.31278
0.1876
0.062497
-0.062672
-0.18795
-0.31303
-0.43777
-0.56206
-0.68574
-0.80871
-0.93082
-1.0519
-1.172
-1.2908
-1.4082
-1.5241
-1.6385
-1.7512
-1.862
-1.9709
-2.0778
-2.1825
-2.2849
-2.385
-2.4827
-2.5778
-2.6703
-2.7601
-2.8471
-2.9312
-3.0124
-3.0906
-3.1656
-3.2375
-3.3062
-3.3716
-3.4336
-3.4923
-3.5475
-3.5993
-3.6475
-3.6922
-3.7333
-3.7707
-3.8045
-3.8346
-3.861
-3.8836
-3.9025
-3.9177
-3.929
-3.9366
-3.9404
-3.9404
-3.9366
-3.929
-3.9177
-3.9025
-3.8836
-3.861
-3.8346
-3.8045
-3.7707
-3.7333
-3.6922
-3.6475
-3.5993
-3.5475
-3.4923
-3.4336
-3.3716
-3.3062
-3.2375
-3.1656
-3.0906
-3.0124
-2.9312
-2.8471
-2.7601
-2.6703
-2.5778
-2.4827
-2.385
-2.2849
-2.1825
-2.0778
-1.9709
-1.862
-1.7512
-1.6385
-1.5241
-1.4082
-1.2908
-1.172
-1.0519
-0.93082
-0.80871
-0.68574
-0.56206
-0.43777
-0.31303
-0.18795
-0.062672
0.062497
0.1876
0.31278
0.1876
0.11254
0.037521
-0.037626
-0.11284
-0.18793
-0.26282
-0.33744
-0.4117
-0.48552
-0.55883
-0.63155
-0.70361
-0.77492
-0.84542
-0.91504
-0.9837
-1.0513
-1.1179
-1.1833
-1.2474
-1.3103
-1.3718
-1.4319
-1.4905
-1.5476
-1.6032
-1.6571
-1.7093
-1.7598
-1.8085
-1.8555
-1.9005
-1.9437
-1.9849
-2.0242
-2.0614
-2.0967
-2.1298
-2.1609
-2.1898
-2.2167
-2.2413
-2.2638
-2.2841
-2.3021
-2.318
-2.3316
-2.3429
-2.352
-2.3588
-2.3634
-2.3657
-2.3657
-2.3634
-2.3588
-2.352
-2.3429
-2.3316
-2.318
-2.3021
-2.2841
-2.2638
-2.2413
-2.2167
-2.1898
-2.1609
-2.1298
-2.0967
-2.0614
-2.0242
-1.9849
-1.9437
-1.9005
-1.8555
-1.8085
-1.7598
-1.7093
-1.6571
-1.6032
-1.5476
-1.4905
-1.4319
-1.3718
-1.3103
-1.2474
-1.1833
-1.1179
-1.0513
-0.9837
-0.91504
-0.84542
-0.77492
-0.70361
-0.63155
-0.55883
-0.48552
-0.4117
-0.33744
-0.26282
-0.18793
-0.11284
-0.037626
0.037521
0.11254
0.1876
0.062497
0.037521
0.012537
-0.012572
-0.037703
-0.062793
-0.087817
-0.11275
-0.13756
-0.16223
-0.18672
-0.21102
-0.2351
-0.25893
-0.28248
-0.30574
-0.32869
-0.35128
-0.37352
-0.39536
-0.4168
-0.4378
-0.45836
-0.47844
-0.49803
-0.51711
-0.53567
-0.55368
-0.57113
-0.58801
-0.60429
-0.61997
-0.63502
-0.64944
-0.66322
-0.67634
-0.68879
-0.70056
-0.71164
-0.72202
-0.7317
-0.74066
-0.7489
-0.75641
-0.76318
-0.76922
-0.77451
-0.77906
-0.78285
-0.78588
-0.78816
-0.78968
-0.79044
-0.79044
-0.78968
-0.78816
-0.78588
-0.78285
-0.77906
-0.77451
-0.76922
-0.76318
-0.75641
-0.7489
-0.74066
-0.7317
-0.72202
-0.71164
-0.70056
-0.68879
-0.67634
-0.66322
-0.64944
-0.63502
-0.61997
-0.60429
-0.58801
-0.57113
-0.55368
-0.53567
-0.51711
-0.49803
-0.47844
-0.45836
-0.4378
-0.4168
-0.39536
-0.37352
-0.35128
-0.32869
-0.30574
-0.28248
-0.25893
-0.2351
-0.21102
-0.18672
-0.16223
-0.13756
-0.11275
-0.087817
-0.062793
-0.037703
-0.012572
0.012537
0.037521
0.062497
-0.062672
-0.037626
-0.012572
0.012607
0.037808
0.062968
0.088062
0.11306
0.13794
0.16268
0.18724
0.21161
0.23575
0.25965
0.28327
0.3066
0.3296
0.35226
0.37456
0.39646
0.41796
0.43902
0.45963
0.47977
0.49942
0.51856
0.53716
0.55523
0.57273
0.58965
0.60598
0.6217
0.63679
0.65126
0.66507
0.67822
0.69071
0.70251
0.71362
0.72403
0.73374
0.74272
0.75098
0.75852
0.76531
0.77136
0.77667
0.78123
0.78503
0.78808
0.79036
0.79189
0.79265
0.79265
0.79189
0.79036
0.78808
0.78503
0.78123
0.77667
0.77136
0.76531
0.75852
0.75098
0.74272
0.73374
0.72403
0.71362
0.70251
0.69071
0.67822
0.66507
0.65126
0.63679
0.6217
0.60598
0.58965
0.57273
0.55523
0.53716
0.51856
0.49942
0.47977
0.45963
0.43902
0.41796
0.39646
0.37456
0.35226
0.3296
0.3066
0.28327
0.25965
0.23575
0.21161
0.18724
0.16268
0.13794
0.11306
0.088062
0.062968
0.037808
0.012607
-0.012572
-0.037626
-0.062672
-0.18795
-0.11284
-0.037703
0.037808
0.11338
0.18884
0.26409
0.33907
0.41369
0.48787
0.56153
0.6346
0.70701
0.77867
0.84951
0.91947
0.98846
1.0564
1.1233
1.189
1.2534
1.3166
1.3784
1.4388
1.4977
1.5551
1.6109
1.6651
1.7176
1.7683
1.8173
1.8644
1.9097
1.9531
1.9945
2.034
2.0714
2.1068
2.1401
2.1713
2.2004
2.2274
2.2522
2.2747
2.2951
2.3133
2.3292
2.3429
2.3543
2.3634
2.3702
2.3748
2.3771
2.3771
2.3748
2.3702
2.3634
2.3543
2.3429
2.3292
2.3133
2.2951
2.2747
2.2522
2.2274
2.2004
2.1713
2.1401
2.1068
2.0714
2.034
1.9945
1.9531
1.9097
1.8644
1.8173
1.7683
1.7176
1.6651
1.6109
1.5551
1.4977
1.4388
1.3784
1.3166
1.2534
1.189
1.1233
1.0564
0.98846
0.91947
0.84951
0.77867
0.70701
0.6346
0.56153
0.48787
0.41369
0.33907
0.26409
0.18884
0.11338
0.037808
-0.037703
-0.11284
-0.18795
-0.31303
-0.18793
-0.062793
0.062968
0.18884
0.31451
0.43984
0.56472
0.68899
0.81254
0.93522
1.0569
1.1775
1.2969
1.4149
1.5314
1.6463
1.7595
1.8708
1.9802
2.0876
2.1928
2.2957
2.3963
2.4945
2.59
2.683
2.7732
2.8606
2.9451
3.0267
3.1052
3.1806
3.2528
3.3218
3.3875
3.4499
3.5088
3.5643
3.6163
3.6648
3.7097
3.7509
3.7886
3.8225
3.8527
3.8792
3.902
3.921
3.9362
3.9476
3.9552
3.959
3.959
3.9552
3.9476
3.9362
3.921
3.902
3.8792
3.8527
3.8225
3.7886
3.7509
3.7097
3.6648
3.6163
3.5643
3.5088
3.4499
3.3875
3.3218
3.2528
3.1806
3.1052
3.0267
2.9451
2.8606
2.7732
2.683
2.59
2.4945
2.3963
2.2957
2.1928
2.0876
1.9802
1.8708
1.7595
1.6463
1.5314
1.4149
1.2969
1.1775
1.0569
0.93522
0.81254
0.68899
0.56472
0.43984
0.31451
0.18884
0.062968
-0.062793
-0.18793
-0.31303
-0.43777
-0.26282
-0.087817
0.088062
0.26409
0.43984
0.61513
0.78976
0.96356
1.1363
1.3079
1.4781
1.6468
1.8137
1.9787
2.1416
2.3023
2.4606
2.6164
2.7694
2.9195
3.0667
3.2106
3.3513
3.4885
3.6222
3.7522
3.8784
4.0006
4.1188
4.2328
4.3427
4.4481
4.5491
4.6456
4.7375
4.8247
4.9072
4.9848
5.0575
5.1253
5.188
5.2458
5.2984
5.3458
5.3881
5.4252
5.457
5.4836
5.5048
5.5208
5.5315
5.5368
5.5368
5.5315
5.5208
5.5048
5.4836
5.457
5.4252
5.3881
5.3458
5.2984
5.2458
5.188
5.1253
5.0575
4.9848
4.9072
4.8247
4.7375
4.6456
4.5491
4.4481
4.3427
4.2328
4.1188
4.0006
3.8784
3.7522
3.6222
3.4885
3.3513
3.2106
3.0667
2.9195
2.7694
2.6164
2.4606
2.3023
2.1416
1.9787
1.8137
1.6468
1.4781
1.3079
1.1363
0.96356
0.78976
0.61513
0.43984
0.26409
0.088062
-0.087817
-0.26282
-0.43777
-0.56206
-0.33744
-0.11275
0.11306
0.33907
0.56472
0.78976
1.014
1.2371
1.459
1.6792
1.8978
2.1143
2.3286
2.5404
2.7496
2.956
3.1592
3.3591
3.5556
3.7484
3.9373
4.1221
4.3027
4.4789
4.6505
4.8174
4.9794
5.1364
5.2881
5.4345
5.5755
5.7109
5.8406
5.9645
6.0825
6.1945
6.3003
6.4
6.4933
6.5803
6.6609
6.735
6.8026
6.8635
6.9178
6.9654
7.0062
7.0403
7.0677
7.0882
7.1018
7.1087
7.1087
7.1018
7.0882
7.0677
7.0403
7.0062
6.9654
6.9178
6.8635
6.8026
6.735
6.6609
6.5803
6.4933
6.4
6.3003
6.1945
6.0825
5.9645
5.8406
5.7109
5.5755
5.4345
5.2881
5.1364
4.9794
4.8174
4.6505
4.4789
4.3027
4.1221
3.9373
3.7484
3.5556
3.3591
3.1592
2.956
2.7496
2.5404
2.3286
2.1143
1.8978
1.6792
1.459
1.2371
1.014
0.78976
0.56472
0.33907
0.11306
-0.11275
-0.33744
-0.56206
-0.68574
-0.4117
-0.13756
0.13794
0.41369
0.68899
0.96356
1.2371
1.5094
1.78
2.0488
2.3154
2.5796
2.841
3.0995
3.3547
3.6065
3.8544
4.0984
4.3381
4.5733
4.8037
5.0292
5.2496
5.4646
5.674
5.8776
6.0752
6.2667
6.4518
6.6305
6.8025
6.9677
7.1259
7.2771
7.421
7.5576
7.6868
7.8084
7.9223
8.0284
8.1268
8.2172
8.2996
8.3739
8.4401
8.4982
8.5481
8.5897
8.623
8.648
8.6647
8.673
8.673
8.6647
8.648
8.623
8.5897
8.5481
8.4982
8.4401
8.3739
8.2996
8.2172
8.1268
8.0284
7.9223
7.8084
7.6868
7.5576
7.421
7.2771
7.1259
6.9677
6.8025
6.6305
6.4518
6.2667
6.0752
5.8776
5.674
5.4646
5.2496
5.0292
4.8037
4.5733
4.3381
4.0984
3.8544
3.6065
3.3547
3.0995
2.841
2.5796
2.3154
2.0488
1.78
1.5094
1.2371
0.96356
0.68899
0.41369
0.13794
-0.13756
-0.4117
-0.68574
-0.80871
-0.48552
-0.16223
0.16268
0.48787
0.81254
1.1363
1.459
1.78
2.0992
2.4162
2.7306
3.0421
3.3505
3.6553
3.9563
4.2531
4.5456
4.8333
5.1159
5.3933
5.6651
5.9311
6.1909
6.4444
6.6914
6.9315
7.1646
7.3904
7.6087
7.8194
8.0223
8.2171
8.4037
8.582
8.7517
8.9128
9.0651
9.2085
9.3428
9.468
9.584
9.6906
9.7878
9.8755
9.9536
10.022
10.081
10.13
10.169
10.199
10.218
10.228
10.228
10.218
10.199
10.169
10.13
10.081
10.022
9.9536
9.8755
9.7878
9.6906
9.584
9.468
9.3428
9.2085
9.0651
8.9128
8.7517
8.582
8.4037
8.2171
8.0223
7.8194
7.6087
7.3904
7.1646
6.9315
6.6914
6.4444
6.1909
5.9311
5.6651
5.3933
5.1159
4.8333
4.5456
4.2531
3.9563
3.6553
3.3505
3.0421
2.7306
2.4162
2.0992
1.78
1.459
1.1363
0.81254
0.48787
0.16268
-0.16223
-0.48552
-0.80871
-0.93082
-0.55883
-0.18672
0.18724
0.56153
0.93522
1.3079
1.6792
2.0488
2.4162
2.781
3.1429
3.5015
3.8564
4.2072
4.5537
4.8953
5.2319
5.5631
5.8884
6.2077
6.5205
6.8266
7.1257
7.4175
7.7017
7.9781
8.2464
8.5063
8.7576
9.0001
9.2336
9.4578
9.6726
9.8778
10.073
10.259
10.434
10.599
10.754
10.898
11.031
11.154
11.266
11.367
11.457
11.535
11.603
11.659
11.705
11.739
11.761
11.773
11.773
11.761
11.739
11.705
11.659
11.603
11.535
11.457
11.367
11.266
11.154
11.031
10.898
10.754
10.599
10.434
10.259
10.073
9.8778
9.6726
9.4578
9.2336
9.0001
8.7576
8.5063
8.2464
7.9781
7.7017
7.4175
7.1257
6.8266
6.5205
6.2077
5.8884
5.5631
5.2319
4.8953
4.5537
4.2072
3.8564
3.5015
3.1429
2.781
2.4162
2.0488
1.6792
1.3079
0.93522
0.56153
0.18724
-0.18672
-0.55883
-0.93082
-1.0519
-0.63155
-0.21102
0.21161
0.6346
1.0569
1.4781
1.8978
2.3154
2.7306
3.1429
3.5519
3.9571
4.3582
4.7547
5.1462
5.5324
5.9128
6.287
6.6547
7.0155
7.369
7.715
8.053
8.3828
8.704
9.0163
9.3195
9.6132
9.8972
10.171
10.435
10.689
10.931
11.163
11.384
11.594
11.792
11.978
12.153
12.316
12.467
12.605
12.732
12.846
12.947
13.036
13.113
13.177
13.228
13.266
13.292
13.305
13.305
13.292
13.266
13.228
13.177
13.113
13.036
12.947
12.846
12.732
12.605
12.467
12.316
12.153
11.978
11.792
11.594
11.384
11.163
10.931
10.689
10.435
10.171
9.8972
9.6132
9.3195
9.0163
8.704
8.3828
8.053
7.715
7.369
7.0155
6.6547
6.287
5.9128
5.5324
5.1462
4.7547
4.3582
3.9571
3.5519
3.1429
2.7306
2.3154
1.8978
1.4781
1.0569
0.6346
0.21161
-0.21102
-0.63155
-1.0519
-1.172
-0.70361
-0.2351
0.23575
0.70701
1.1775
1.6468
2.1143
2.5796
3.0421
3.5015
3.9571
4.4086
4.8554
5.2972
5.7334
6.1636
6.5874
7.0043
7.4139
7.8159
8.2098
8.5952
8.9718
9.3392
9.697
10.045
10.383
10.71
11.026
11.332
11.626
11.908
12.179
12.437
12.683
12.916
13.137
13.345
13.54
13.721
13.889
14.043
14.184
14.311
14.425
14.524
14.609
14.68
14.737
14.78
14.808
14.823
14.823
14.808
14.78
14.737
14.68
14.609
14.524
14.425
14.311
14.184
14.043
13.889
13.721
13.54
13.345
13.137
12.916
12.683
12.437
12.179
11.908
11.626
11.332
11.026
10.71
10.383
10.045
9.697
9.3392
8.9718
8.5952
8.2098
7.8159
7.4139
7.0043
6.5874
6.1636
5.7334
5.2972
4.8554
4.4086
3.9571
3.5015
3.0421
2.5796
2.1143
1.6468
1.1775
0.70701
0.23575
-0.2351
-0.70361
-1.172
-1.2908
-0.77492
-0.25893
0.25965
0.77867
1.2969
1.8137
2.3286
2.841
3.3505
3.8564
4.3582
4.8554
5.3476
5.8341
6.3145
6.7883
7.2551
7.7142
8.1654
8.6081
9.0419
9.4664
9.8812
10.286
10.68
11.063
11.435
11.796
12.144
12.48
12.804
13.115
13.413
13.697
13.968
14.225
14.469
14.697
14.912
15.112
15.297
15.467
15.622
15.762
15.887
15.996
16.09
16.168
16.231
16.278
16.309
16.325
16.325
16.309
16.278
16.231
16.168
16.09
15.996
15.887
15.762
15.622
15.467
15.297
15.112
14.912
14.697
14.469
14.225
13.968
13.697
13.413
13.115
12.804
12.48
12.144
11.796
11.435
11.063
10.68
10.286
9.8812
9.4664
9.0419
8.6081
8.1654
7.7142
7.2551
6.7883
6.3145
5.8341
5.3476
4.8554
4.3582
3.8564
3.3505
2.841
2.3286
1.8137
1.2969
0.77867
0.25965
-0.25893
-0.77492
-1.2908
-1.4082
-0.84542
-0.28248
0.28327
0.84951
1.4149
1.9787
2.5404
3.0995
3.6553
4.2072
4.7547
5.2972
5.8341
6.3649
6.889
7.4059
7.9151
8.4161
8.9083
9.3913
9.8645
10.328
10.78
11.222
11.652
12.07
12.476
12.869
13.249
13.616
13.969
14.308
14.633
14.944
15.239
15.52
15.785
16.035
16.269
16.487
16.688
16.874
17.043
17.196
17.332
17.451
17.554
17.639
17.707
17.759
17.793
17.81
17.81
17.793
17.759
17.707
17.639
17.554
17.451
17.332
17.196
17.043
16.874
16.688
16.487
16.269
16.035
15.785
15.52
15.239
14.944
14.633
14.308
13.969
13.616
13.249
12.869
12.476
12.07
11.652
11.222
10.78
10.328
9.8645
9.3913
8.9083
8.4161
7.9151
7.4059
6.889
6.3649
5.8341
5.2972
4.7547
4.2072
3.6553
3.0995
2.5404
1.9787
1.4149
0.84951
0.28327
-0.28248
-0.84542
-1.4082
-1.5241
-0.91504
-0.30574
0.3066
0.91947
1.5314
2.1416
2.7496
3.3547
3.9563
4.5537
5.1462
5.7334
6.3145
6.889
7.4563
8.0158
8.5669
9.1091
9.6418
10.165
10.677
11.178
11.668
12.146
12.611
13.064
13.503
13.928
14.34
14.737
15.119
15.487
15.838
16.174
16.494
16.798
17.085
17.355
17.608
17.844
18.063
18.264
18.447
18.612
18.759
18.888
18.999
19.092
19.166
19.221
19.258
19.277
19.277
19.258
19.221
19.166
19.092
18.999
18.888
18.759
18.612
18.447
18.264
18.063
17.844
17.608
17.355
17.085
16.798
16.494
16.174
15.838
15.487
15.119
14.737
14.34
13.928
13.503
13.064
12.611
12.146
11.668
11.178
10.677
10.165
9.6418
9.1091
8.5669
8.0158
7.4563
6.889
6.3145
5.7334
5.1462
4.5537
3.9563
3.3547
2.7496
2.1416
1.5314
0.91947
0.3066
-0.30574
-0.91504
-1.5241
-1.6385
-0.9837
-0.32869
0.3296
0.98846
1.6463
2.3023
2.956
3.6065
4.2531
4.8953
5.5324
6.1636
6.7883
7.4059
8.0158
8.6172
9.2097
9.7926
10.365
10.927
11.478
12.017
12.543
13.057
13.557
14.044
14.516
14.974
15.416
15.843
16.254
16.649
17.027
17.388
17.732
18.058
18.367
18.657
18.929
19.183
19.418
19.634
19.831
20.009
20.167
20.306
20.425
20.524
20.604
20.663
20.703
20.723
20.723
20.703
20.663
20.604
20.524
20.425
20.306
20.167
20.009
19.831
19.634
19.418
19.183
18.929
18.657
18.367
18.058
17.732
17.388
17.027
16.649
16.254
15.843
15.416
14.974
14.516
14.044
13.557
13.057
12.543
12.017
11.478
10.927
10.365
9.7926
9.2097
8.6172
8.0158
7.4059
6.7883
6.1636
5.5324
4.8953
4.2531
3.6065
2.956
2.3023
1.6463
0.98846
0.3296
-0.32869
-0.9837
-1.6385
-1.7512
-1.0513
-0.35128
0.35226
1.0564
1.7595
2.4606
3.1592
3.8544
4.5456
5.2319
5.9128
6.5874
7.2551
7.9151
8.5669
9.2097
9.8429
10.466
11.078
11.679
12.267
12.843
13.406
13.955
14.489
15.009
15.514
16.003
16.476
16.932
17.371
17.793
18.197
18.583
18.951
19.3
19.63
19.94
20.231
20.502
20.753
20.984
21.194
21.384
21.553
21.702
21.829
21.935
22.02
22.084
22.127
22.148
22.148
22.127
22.084
22.02
21.935
21.829
21.702
21.553
21.384
21.194
20.984
20.753
20.502
20.231
19.94
19.63
19.3
18.951
18.583
18.197
17.793
17.371
16.932
16.476
16.003
15.514
15.009
14.489
13.955
13.406
12.843
12.267
11.679
11.078
10.466
9.8429
9.2097
8.5669
7.9151
7.2551
6.5874
5.9128
5.2319
4.5456
3.8544
3.1592
2.4606
1.7595
1.0564
0.35226
-0.35128
-1.0513
-1.7512
-1.862
-1.1179
-0.37352
0.37456
1.1233
1.8708
2.6164
3.3591
4.0984
4.8333
5.5631
6.287
7.0043
7.7142
8.4161
9.1091
9.7926
10.466
11.128
11.779
12.418
13.044
13.656
14.254
14.838
15.406
15.959
16.496
17.016
17.519
18.004
18.471
18.919
19.349
19.759
20.15
20.521
20.872
21.202
21.511
21.8
22.067
22.312
22.536
22.738
22.918
23.075
23.211
23.324
23.414
23.482
23.527
23.55
23.55
23.527
23.482
23.414
23.324
23.211
23.075
22.918
22.738
22.536
22.312
22.067
21.8
21.511
21.202
20.872
20.521
20.15
19.759
19.349
18.919
18.471
18.004
17.519
17.016
16.496
15.959
15.406
14.838
14.254
13.656
13.044
12.418
11.779
11.128
10.466
9.7926
9.1091
8.4161
7.7142
7.0043
6.287
5.5631
4.8333
4.0984
3.3591
2.6164
1.8708
1.1233
0.37456
-0.37352
-1.1179
-1.862
-1.9709
-1.1833
-0.39536
0.39646
1.189
1.9802
2.7694
3.5556
4.3381
5.1159
5.8884
6.6547
7.4139
8.1654
8.9083
9.6418
10.365
11.078
11.779
12.468
13.144
13.806
14.455
15.088
15.706
16.308
16.893
17.461
18.011
18.543
19.057
19.551
20.026
20.481
20.915
21.329
21.721
22.093
22.442
22.769
23.075
23.357
23.617
23.854
24.067
24.258
24.425
24.568
24.688
24.783
24.855
24.903
24.927
24.927
24.903
24.855
24.783
24.688
24.568
24.425
24.258
24.067
23.854
23.617
23.357
23.075
22.769
22.442
22.093
21.721
21.329
20.915
20.481
20.026
19.551
19.057
18.543
18.011
17.461
16.893
16.308
15.706
15.088
14.455
13.806
13.144
12.468
11.779
11.078
10.365
9.6418
8.9083
8.1654
7.4139
6.6547
5.8884
5.1159
4.3381
3.5556
2.7694
1.9802
1.189
0.39646
-0.39536
-1.1833
-1.9709
-2.0778
-1.2474
-0.4168
0.41796
1.2534
2.0876
2.9195
3.7484
4.5733
5.3933
6.2077
7.0155
7.8159
8.6081
9.3913
10.165
10.927
11.679
12.418
13.144
13.857
14.555
15.238
15.906
16.557
17.192
17.809
18.407
18.988
19.549
20.09
20.611
21.112
21.591
22.049
22.485
22.899
23.29
23.659
24.004
24.326
24.623
24.897
25.147
25.372
25.573
25.749
25.9
26.026
26.127
26.203
26.253
26.279
26.279
26.253
26.203
26.127
26.026
25.9
25.749
25.573
25.372
25.147
24.897
24.623
24.326
24.004
23.659
23.29
22.899
22.485
22.049
21.591
21.112
20.611
20.09
19.549
18.988
18.407
17.809
17.192
16.557
15.906
15.238
14.555
13.857
13.144
12.418
11.679
10.927
10.165
9.3913
8.6081
7.8159
7.0155
6.2077
5.3933
4.5733
3.7484
2.9195
2.0876
1.2534
0.41796
-0.4168
-1.2474
-2.0778
-2.1825
-1.3103
-0.4378
0.43902
1.3166
2.1928
3.0667
3.9373
4.8037
5.6651
6.5205
7.369
8.2098
9.0419
9.8645
10.677
11.478
12.267
13.044
13.806
14.555
15.288
16.006
16.707
17.392
18.058
18.706
19.335
19.944
20.534
21.102
21.65
22.176
22.679
23.16
23.618
24.053
24.464
24.851
25.214
25.551
25.864
26.152
26.414
26.651
26.862
27.047
27.205
27.338
27.444
27.523
27.576
27.603
27.603
27.576
27.523
27.444
27.338
27.205
27.047
26.862
26.651
26.414
26.152
25.864
25.551
25.214
24.851
24.464
24.053
23.618
23.16
22.679
22.176
21.65
21.102
20.534
19.944
19.335
18.706
18.058
17.392
16.707
16.006
15.288
14.555
13.806
13.044
12.267
11.478
10.677
9.8645
9.0419
8.2098
7.369
6.5205
5.6651
4.8037
3.9373
3.0667
2.1928
1.3166
0.43902
-0.4378
-1.3103
-2.1825
-2.2849
-1.3718
-0.45836
0.45963
1.3784
2.2957
3.2106
4.1221
5.0292
5.9311
6.8266
7.715
8.5952
9.4664
10.328
11.178
12.017
12.843
13.656
14.455
15.238
16.006
16.758
17.492
18.208
18.906
19.584
20.243
20.881
21.498
22.093
22.666
23.217
23.744
24.248
24.727
25.182
25.613
26.018
26.397
26.751
27.079
27.38
27.654
27.902
28.123
28.316
28.482
28.621
28.732
28.815
28.871
28.899
28.899
28.871
28.815
28.732
28.621
28.482
28.316
28.123
27.902
27.654
27.38
27.079
26.751
26.397
26.018
25.613
25.182
24.727
24.248
23.744
23.217
22.666
22.093
21.498
20.881
20.243
19.584
18.906
18.208
17.492
16.758
16.006
15.238
14.455
13.656
12.843
12.017
11.178
10.328
9.4664
8.5952
7.715
6.8266
5.9311
5.0292
4.1221
3.2106
2.2957
1.3784
0.45963
-0.45836
-1.3718
-2.2849
-2.385
-1.4319
-0.47844
0.47977
1.4388
2.3963
3.3513
4.3027
5.2496
6.1909
7.1257
8.053
8.9718
9.8812
10.78
11.668
12.543
13.406
14.254
15.088
15.906
16.707
17.492
18.258
19.006
19.734
20.442
21.13
21.796
22.44
23.061
23.659
24.234
24.784
25.31
25.811
26.286
26.735
27.158
27.554
27.923
28.265
28.579
28.866
29.125
29.355
29.557
29.73
29.875
29.991
30.078
30.136
30.165
30.165
30.136
30.078
29.991
29.875
29.73
29.557
29.355
29.125
28.866
28.579
28.265
27.923
27.554
27.158
26.735
26.286
25.811
25.31
24.784
24.234
23.659
23.061
22.44
21.796
21.13
20.442
19.734
19.006
18.258
17.492
16.707
15.906
15.088
14.254
13.406
12.543
11.668
10.78
9.8812
8.9718
8.053
7.1257
6.1909
5.2496
4.3027
3.3513
2.3963
1.4388
0.47977
-0.47844
-1.4319
-2.385
-2.4827
-1.4905
-0.49803
0.49942
1.4977
2.4945
3.4885
4.4789
5.4646
6.4444
7.4175
8.3828
9.3392
10.286
11.222
12.146
13.057
13.955
14.838
15.706
16.557
17.392
18.208
19.006
19.784
20.542
21.279
21.995
22.688
23.359
24.005
24.628
25.226
25.799
26.346
26.867
27.362
27.83
28.27
28.682
29.067
29.423
29.75
30.048
30.317
30.557
30.767
30.948
31.099
31.219
31.31
31.37
31.4
31.4
31.37
31.31
31.219
31.099
30.948
30.767
30.557
30.317
30.048
29.75
29.423
29.067
28.682
28.27
27.83
27.362
26.867
26.346
25.799
25.226
24.628
24.005
23.359
22.688
21.995
21.279
20.542
19.784
19.006
18.208
17.392
16.557
15.706
14.838
13.955
13.057
12.146
11.222
10.286
9.3392
8.3828
7.4175
6.4444
5.4646
4.4789
3.4885
2.4945
1.4977
0.49942
-0.49803
-1.4905
-2.4827
-2.5778
-1.5476
-0.51711
0.51856
1.5551
2.59
3.6222
4.6505
5.674
6.6914
7.7017
8.704
9.697
10.68
11.652
12.611
13.557
14.489
15.406
16.308
17.192
18.058
18.906
19.734
20.542
21.329
22.095
22.838
23.558
24.254
24.925
25.572
26.193
26.788
27.356
27.897
28.41
28.896
29.353
29.781
30.18
30.55
30.89
31.2
31.479
31.728
31.946
32.134
32.29
32.415
32.509
32.572
32.604
32.604
32.572
32.509
32.415
32.29
32.134
31.946
31.728
31.479
31.2
30.89
30.55
30.18
29.781
29.353
28.896
28.41
27.897
27.356
26.788
26.193
25.572
24.925
24.254
23.558
22.838
22.095
21.329
20.542
19.734
18.906
18.058
17.192
16.308
15.406
14.489
13.557
12.611
11.652
10.68
9.697
8.704
7.7017
6.6914
5.674
4.6505
3.6222
2.59
1.5551
0.51856
-0.51711
-1.5476
-2.5778
-2.6703
-1.6032
-0.53567
0.53716
1.6109
2.683
3.7522
4.8174
5.8776
6.9315
7.9781
9.0163
10.045
11.063
12.07
13.064
14.044
15.009
15.959
16.893
17.809
18.706
19.584
20.442
21.279
22.095
22.888
23.657
24.403
25.124
25.82
26.489
27.133
27.749
28.338
28.898
29.43
29.933
30.406
30.85
31.263
31.646
31.998
32.319
32.609
32.867
33.093
33.287
33.449
33.579
33.676
33.741
33.773
33.773
33.741
33.676
33.579
33.449
33.287
33.093
32.867
32.609
32.319
31.998
31.646
31.263
30.85
30.406
29.933
29.43
28.898
28.338
27.749
27.133
26.489
25.82
25.124
24.403
23.657
22.888
22.095
21.279
20.442
19.584
18.706
17.809
16.893
15.959
15.009
14.044
13.064
12.07
11.063
10.045
9.0163
7.9781
6.9315
5.8776
4.8174
3.7522
2.683
1.6109
0.53716
-0.53567
-1.6032
-2.6703
-2.7601
-1.6571
-0.55368
0.55523
1.6651
2.7732
3.8784
4.9794
6.0752
7.1646
8.2464
9.3195
10.383
11.435
12.476
13.503
14.516
15.514
16.496
17.461
18.407
19.335
20.243
21.13
21.995
22.838
23.657
24.453
25.223
25.969
26.688
27.38
28.045
28.682
29.29
29.87
30.42
30.939
31.429
31.887
32.315
32.71
33.074
33.406
33.705
33.972
34.205
34.406
34.574
34.708
34.808
34.876
34.909
34.909
34.876
34.808
34.708
34.574
34.406
34.205
33.972
33.705
33.406
33.074
32.71
32.315
31.887
31.429
30.939
30.42
29.87
29.29
28.682
28.045
27.38
26.688
25.969
25.223
24.453
23.657
22.838
21.995
21.13
20.243
19.335
18.407
17.461
16.496
15.514
14.516
13.503
12.476
11.435
10.383
9.3195
8.2464
7.1646
6.0752
4.9794
3.8784
2.7732
1.6651
0.55523
-0.55368
-1.6571
-2.7601
-2.8471
-1.7093
-0.57113
0.57273
1.7176
2.8606
4.0006
5.1364
6.2667
7.3904
8.5063
9.6132
10.71
11.796
12.869
13.928
14.974
16.003
17.016
18.011
18.988
19.944
20.881
21.796
22.688
23.558
24.403
25.223
26.018
26.787
27.529
28.243
28.929
29.586
30.214
30.811
31.378
31.915
32.419
32.892
33.333
33.741
34.117
34.459
34.767
35.042
35.284
35.491
35.663
35.802
35.905
35.975
36.009
36.009
35.975
35.905
35.802
35.663
35.491
35.284
35.042
34.767
34.459
34.117
33.741
33.333
32.892
32.419
31.915
31.378
30.811
30.214
29.586
28.929
28.243
27.529
26.787
26.018
25.223
24.403
23.558
22.688
21.796
20.881
19.944
18.988
18.011
17.016
16.003
14.974
13.928
12.869
11.796
10.71
9.6132
8.5063
7.3904
6.2667
5.1364
4.0006
2.8606
1.7176
0.57273
-0.57113
-1.7093
-2.8471
-2.9312
-1.7598
-0.58801
0.58965
1.7683
2.9451
4.1188
5.2881
6.4518
7.6087
8.7576
9.8972
11.026
12.144
13.249
14.34
15.416
16.476
17.519
18.543
19.549
20.534
21.498
22.44
23.359
24.254
25.124
25.969
26.787
27.579
28.342
29.078
29.784
30.46
31.106
31.722
32.305
32.857
33.377
33.864
34.318
34.738
35.125
35.477
35.795
36.078
36.326
36.539
36.717
36.859
36.966
37.038
37.073
37.073
37.038
36.966
36.859
36.717
36.539
36.326
36.078
35.795
35.477
35.125
34.738
34.318
33.864
33.377
32.857
32.305
31.722
31.106
30.46
29.784
29.078
28.342
27.579
26.787
25.969
25.124
24.254
23.359
22.44
21.498
20.534
19.549
18.543
17.519
16.476
15.416
14.34
13.249
12.144
11.026
9.8972
8.7576
7.6087
6.4518
5.2881
4.1188
2.9451
1.7683
0.58965
-0.58801
-1.7598
-2.9312
-3.0124
-1.8085
-0.60429
0.60598
1.8173
3.0267
4.2328
5.4345
6.6305
7.8194
9.0001
10.171
11.332
12.48
13.616
14.737
15.843
16.932
18.004
19.057
20.09
21.102
22.093
23.061
24.005
24.925
25.82
26.688
27.529
28.342
29.127
29.883
30.608
31.304
31.968
32.6
33.2
33.767
34.301
34.802
35.268
35.7
36.097
36.459
36.786
37.077
37.332
37.551
37.734
37.88
37.99
38.063
38.1
38.1
38.063
37.99
37.88
37.734
37.551
37.332
37.077
36.786
36.459
36.097
35.7
35.268
34.802
34.301
33.767
33.2
32.6
31.968
31.304
30.608
29.883
29.127
28.342
27.529
26.688
25.82
24.925
24.005
23.061
22.093
21.102
20.09
19.057
18.004
16.932
15.843
14.737
13.616
12.48
11.332
10.171
9.0001
7.8194
6.6305
5.4345
4.2328
3.0267
1.8173
0.60598
-0.60429
-1.8085
-3.0124
-3.0906
-1.8555
-0.61997
0.6217
1.8644
3.1052
4.3427
5.5755
6.8025
8.0223
9.2336
10.435
11.626
12.804
13.969
15.119
16.254
17.371
18.471
19.551
20.611
21.65
22.666
23.659
24.628
25.572
26.489
27.38
28.243
29.078
29.883
30.658
31.402
32.116
32.797
33.446
34.061
34.643
35.191
35.705
36.183
36.626
37.034
37.405
37.74
38.039
38.3
38.525
38.713
38.863
38.976
39.051
39.088
39.088
39.051
38.976
38.863
38.713
38.525
38.3
38.039
37.74
37.405
37.034
36.626
36.183
35.705
35.191
34.643
34.061
33.446
32.797
32.116
31.402
30.658
29.883
29.078
28.243
27.38
26.489
25.572
24.628
23.659
22.666
21.65
20.611
19.551
18.471
17.371
16.254
15.119
13.969
12.804
11.626
10.435
9.2336
8.0223
6.8025
5.5755
4.3427
3.1052
1.8644
0.6217
-0.61997
-1.8555
-3.0906
-3.1656
-1.9005
-0.63502
0.63679
1.9097
3.1806
4.4481
5.7109
6.9677
8.2171
9.4578
10.689
11.908
13.115
14.308
15.487
16.649
17.793
18.919
20.026
21.112
22.176
23.217
24.234
25.226
26.193
27.133
28.045
28.929
29.784
30.608
31.402
32.165
32.896
33.593
34.258
34.888
35.485
36.046
36.572
37.062
37.516
37.933
38.313
38.657
38.962
39.231
39.461
39.653
39.807
39.922
39.999
40.038
40.038
39.999
39.922
39.807
39.653
39.461
39.231
38.962
38.657
38.313
37.933
37.516
37.062
36.572
36.046
35.485
34.888
34.258
33.593
32.896
32.165
31.402
30.608
29.784
28.929
28.045
27.133
26.193
25.226
24.234
23.217
22.176
21.112
20.026
18.919
17.793
16.649
15.487
14.308
13.115
11.908
10.689
9.4578
8.2171
6.9677
5.7109
4.4481
3.1806
1.9097
0.63679
-0.63502
-1.9005
-3.1656
-3.2375
-1.9437
-0.64944
0.65126
1.9531
3.2528
4.5491
5.8406
7.1259
8.4037
9.6726
10.931
12.179
13.413
14.633
15.838
17.027
18.197
19.349
20.481
21.591
22.679
23.744
24.784
25.799
26.788
27.749
28.682
29.586
30.46
31.304
32.116
32.896
33.643
34.356
35.036
35.681
36.291
36.865
37.402
37.904
38.368
38.795
39.184
39.535
39.847
40.121
40.357
40.553
40.711
40.829
40.907
40.947
40.947
40.907
40.829
40.711
40.553
40.357
40.121
39.847
39.535
39.184
38.795
38.368
37.904
37.402
36.865
36.291
35.681
35.036
34.356
33.643
32.896
32.116
31.304
30.46
29.586
28.682
27.749
26.788
25.799
24.784
23.744
22.679
21.591
20.481
19.349
18.197
17.027
15.838
14.633
13.413
12.179
10.931
9.6726
8.4037
7.1259
5.8406
4.5491
3.2528
1.9531
0.65126
-0.64944
-1.9437
-3.2375
-3.3062
-1.9849
-0.66322
0.66507
1.9945
3.3218
4.6456
5.9645
7.2771
8.582
9.8778
11.163
12.437
13.697
14.944
16.174
17.388
18.583
19.759
20.915
22.049
23.16
24.248
25.31
26.346
27.356
28.338
29.29
30.214
31.106
31.968
32.797
33.593
34.356
35.085
35.779
36.438
37.06
37.647
38.196
38.708
39.182
39.617
40.015
40.373
40.693
40.973
41.213
41.414
41.574
41.695
41.775
41.815
41.815
41.775
41.695
41.574
41.414
41.213
40.973
40.693
40.373
40.015
39.617
39.182
38.708
38.196
37.647
37.06
36.438
35.779
35.085
34.356
33.593
32.797
31.968
31.106
30.214
29.29
28.338
27.356
26.346
25.31
24.248
23.16
22.049
20.915
19.759
18.583
17.388
16.174
14.944
13.697
12.437
11.163
9.8778
8.582
7.2771
5.9645
4.6456
3.3218
1.9945
0.66507
-0.66322
-1.9849
-3.3062
-3.3716
-2.0242
-0.67634
0.67822
2.034
3.3875
4.7375
6.0825
7.421
8.7517
10.073
11.384
12.683
13.968
15.239
16.494
17.732
18.951
20.15
21.329
22.485
23.618
24.727
25.811
26.867
27.897
28.898
29.87
30.811
31.722
32.6
33.446
34.258
35.036
35.779
36.487
37.158
37.793
38.391
38.951
39.473
39.957
40.401
40.806
41.172
41.497
41.783
42.028
42.233
42.397
42.519
42.602
42.643
42.643
42.602
42.519
42.397
42.233
42.028
41.783
41.497
41.172
40.806
40.401
39.957
39.473
38.951
38.391
37.793
37.158
36.487
35.779
35.036
34.258
33.446
32.6
31.722
30.811
29.87
28.898
27.897
26.867
25.811
24.727
23.618
22.485
21.329
20.15
18.951
17.732
16.494
15.239
13.968
12.683
11.384
10.073
8.7517
7.421
6.0825
4.7375
3.3875
2.034
0.67822
-0.67634
-2.0242
-3.3716
-3.4336
-2.0614
-0.68879
0.69071
2.0714
3.4499
4.8247
6.1945
7.5576
8.9128
10.259
11.594
12.916
14.225
15.52
16.798
18.058
19.3
20.521
21.721
22.899
24.053
25.182
26.286
27.362
28.41
29.43
30.42
31.378
32.305
33.2
34.061
34.888
35.681
36.438
37.158
37.842
38.489
39.098
39.668
40.2
40.692
41.145
41.557
41.93
42.261
42.552
42.802
43.01
43.177
43.302
43.386
43.427
43.427
43.386
43.302
43.177
43.01
42.802
42.552
42.261
41.93
41.557
41.145
40.692
40.2
39.668
39.098
38.489
37.842
37.158
36.438
35.681
34.888
34.061
33.2
32.305
31.378
30.42
29.43
28.41
27.362
26.286
25.182
24.053
22.899
21.721
20.521
19.3
18.058
16.798
15.52
14.225
12.916
11.594
10.259
8.9128
7.5576
6.1945
4.8247
3.4499
2.0714
0.69071
-0.68879
-2.0614
-3.4336
-3.4923
-2.0967
-0.70056
0.70251
2.1068
3.5088
4.9072
6.3003
7.6868
9.0651
10.434
11.792
13.137
14.469
15.785
17.085
18.367
19.63
20.872
22.093
23.29
24.464
25.613
26.735
27.83
28.896
29.933
30.939
31.915
32.857
33.767
34.643
35.485
36.291
37.06
37.793
38.489
39.147
39.766
40.346
40.887
41.387
41.848
42.268
42.646
42.983
43.279
43.533
43.745
43.915
44.042
44.127
44.17
44.17
44.127
44.042
43.915
43.745
43.533
43.279
42.983
42.646
42.268
41.848
41.387
40.887
40.346
39.766
39.147
38.489
37.793
37.06
36.291
35.485
34.643
33.767
32.857
31.915
30.939
29.933
28.896
27.83
26.735
25.613
24.464
23.29
22.093
20.872
19.63
18.367
17.085
15.785
14.469
13.137
11.792
10.434
9.0651
7.6868
6.3003
4.9072
3.5088
2.1068
0.70251
-0.70056
-2.0967
-3.4923
-3.5475
-2.1298
-0.71164
0.71362
2.1401
3.5643
4.9848
6.4
7.8084
9.2085
10.599
11.978
13.345
14.697
16.035
17.355
18.657
19.94
21.202
22.442
23.659
24.851
26.018
27.158
28.27
29.353
30.406
31.429
32.419
33.377
34.301
35.191
36.046
36.865
37.647
38.391
39.098
39.766
40.395
40.984
41.533
42.042
42.51
42.936
43.321
43.663
43.964
44.222
44.437
44.609
44.739
44.825
44.868
44.868
44.825
44.739
44.609
44.437
44.222
43.964
43.663
43.321
42.936
42.51
42.042
41.533
40.984
40.395
39.766
39.098
38.391
37.647
36.865
36.046
35.191
34.301
33.377
32.419
31.429
30.406
29.353
28.27
27.158
26.018
24.851
23.659
22.442
21.202
19.94
18.657
17.355
16.035
14.697
13.345
11.978
10.599
9.2085
7.8084
6.4
4.9848
3.5643
2.1401
0.71362
-0.71164
-2.1298
-3.5475
-3.5993
-2.1609
-0.72202
0.72403
2.1713
3.6163
5.0575
6.4933
7.9223
9.3428
10.754
12.153
13.54
14.912
16.269
17.608
18.929
20.231
21.511
22.769
24.004
25.214
26.397
27.554
28.682
29.781
30.85
31.887
32.892
33.864
34.802
35.705
36.572
37.402
38.196
38.951
39.668
40.346
40.984
41.582
42.139
42.655
43.13
43.562
43.953
44.3
44.605
44.867
45.085
45.26
45.391
45.479
45.523
45.523
45.479
45.391
45.26
45.085
44.867
44.605
44.3
43.953
43.562
43.13
42.655
42.139
41.582
40.984
40.346
39.668
38.951
38.196
37.402
36.572
35.705
34.802
33.864
32.892
31.887
30.85
29.781
28.682
27.554
26.397
25.214
24.004
22.769
21.511
20.231
18.929
17.608
16.269
14.912
13.54
12.153
10.754
9.3428
7.9223
6.4933
5.0575
3.6163
2.1713
0.72403
-0.72202
-2.1609
-3.5993
-3.6475
-2.1898
-0.7317
0.73374
2.2004
3.6648
5.1253
6.5803
8.0284
9.468
10.898
12.316
13.721
15.112
16.487
17.844
19.183
20.502
21.8
23.075
24.326
25.551
26.751
27.923
29.067
30.18
31.263
32.315
33.333
34.318
35.268
36.183
37.062
37.904
38.708
39.473
40.2
40.887
41.533
42.139
42.704
43.227
43.708
44.146
44.542
44.894
45.203
45.468
45.689
45.867
46
46.088
46.133
46.133
46.088
46
45.867
45.689
45.468
45.203
44.894
44.542
44.146
43.708
43.227
42.704
42.139
41.533
40.887
40.2
39.473
38.708
37.904
37.062
36.183
35.268
34.318
33.333
32.315
31.263
30.18
29.067
27.923
26.751
25.551
24.326
23.075
21.8
20.502
19.183
17.844
16.487
15.112
13.721
12.316
10.898
9.468
8.0284
6.5803
5.1253
3.6648
2.2004
0.73374
-0.7317
-2.1898
-3.6475
-3.6922
-2.2167
-0.74066
0.74272
2.2274
3.7097
5.188
6.6609
8.1268
9.584
11.031
12.467
13.889
15.297
16.688
18.063
19.418
20.753
22.067
23.357
24.623
25.864
27.079
28.265
29.423
30.55
31.646
32.71
33.741
34.738
35.7
36.626
37.516
38.368
39.182
39.957
40.692
41.387
42.042
42.655
43.227
43.756
44.243
44.687
45.087
45.444
45.756
46.025
46.249
46.428
46.563
46.653
46.698
46.698
46.653
46.563
46.428
46.249
46.025
45.756
45.444
45.087
44.687
44.243
43.756
43.227
42.655
42.042
41.387
40.692
39.957
39.182
38.368
37.516
36.626
35.7
34.738
33.741
32.71
31.646
30.55
29.423
28.265
27.079
25.864
24.623
23.357
22.067
20.753
19.418
18.063
16.688
15.297
13.889
12.467
11.031
9.584
8.1268
6.6609
5.188
3.7097
2.2274
0.74272
-0.74066
-2.2167
-3.6922
-3.7333
-2.2413
-0.7489
0.75098
2.2522
3.7509
5.2458
6.735
8.2172
9.6906
11.154
12.605
14.043
15.467
16.874
18.264
19.634
20.984
22.312
23.617
24.897
26.152
27.38
28.579
29.75
30.89
31.998
33.074
34.117
35.125
36.097
37.034
37.933
38.795
39.617
40.401
41.145
41.848
42.51
43.13
43.708
44.243
44.735
45.184
45.589
45.949
46.265
46.537
46.763
46.945
47.081
47.172
47.217
47.217
47.172
47.081
46.945
46.763
46.537
46.265
45.949
45.589
45.184
44.735
44.243
43.708
43.13
42.51
41.848
41.145
40.401
39.617
38.795
37.933
37.034
36.097
35.125
34.117
33.074
31.998
30.89
29.75
28.579
27.38
26.152
24.897
23.617
22.312
20.984
19.634
18.264
16.874
15.467
14.043
12.605
11.154
9.6906
8.2172
6.735
5.2458
3.7509
2.2522
0.75098
-0.7489
-2.2413
-3.7333
-3.7707
-2.2638
-0.75641
0.75852
2.2747
3.7886
5.2984
6.8026
8.2996
9.7878
11.266
12.732
14.184
15.622
17.043
18.447
19.831
21.194
22.536
23.854
25.147
26.414
27.654
28.866
30.048
31.2
32.319
33.406
34.459
35.477
36.459
37.405
38.313
39.184
40.015
40.806
41.557
42.268
42.936
43.562
44.146
44.687
45.184
45.637
46.046
46.41
46.729
47.004
47.232
47.416
47.553
47.645
47.691
47.691
47.645
47.553
47.416
47.232
47.004
46.729
46.41
46.046
45.637
45.184
44.687
44.146
43.562
42.936
42.268
41.557
40.806
40.015
39.184
38.313
37.405
36.459
35.477
34.459
33.406
32.319
31.2
30.048
28.866
27.654
26.414
25.147
23.854
22.536
21.194
19.831
18.447
17.043
15.622
14.184
12.732
11.266
9.7878
8.2996
6.8026
5.2984
3.7886
2.2747
0.75852
-0.75641
-2.2638
-3.7707
-3.8045
-2.2841
-0.76318
0.76531
2.2951
3.8225
5.3458
6.8635
8.3739
9.8755
11.367
12.846
14.311
15.762
17.196
18.612
20.009
21.384
22.738
24.067
25.372
26.651
27.902
29.125
30.317
31.479
32.609
33.705
34.767
35.795
36.786
37.74
38.657
39.535
40.373
41.172
41.93
42.646
43.321
43.953
44.542
45.087
45.589
46.046
46.458
46.826
47.148
47.425
47.655
47.84
47.979
48.072
48.118
48.118
48.072
47.979
47.84
47.655
47.425
47.148
46.826
46.458
46.046
45.589
45.087
44.542
43.953
43.321
42.646
41.93
41.172
40.373
39.535
38.657
37.74
36.786
35.795
34.767
33.705
32.609
31.479
30.317
29.125
27.902
26.651
25.372
24.067
22.738
21.384
20.009
18.612
17.196
15.762
14.311
12.846
11.367
9.8755
8.3739
6.8635
5.3458
3.8225
2.2951
0.76531
-0.76318
-2.2841
-3.8045
-3.8346
-2.3021
-0.76922
0.77136
2.3133
3.8527
5.3881
6.9178
8.4401
9.9536
11.457
12.947
14.425
15.887
17.332
18.759
20.167
21.553
22.918
24.258
25.573
26.862
28.123
29.355
30.557
31.728
32.867
33.972
35.042
36.078
37.077
38.039
38.962
39.847
40.693
41.497
42.261
42.983
43.663
44.3
44.894
45.444
45.949
46.41
46.826
47.196
47.521
47.8
48.032
48.219
48.359
48.452
48.499
48.499
48.452
48.359
48.219
48.032
47.8
47.521
47.196
46.826
46.41
45.949
45.444
44.894
44.3
43.663
42.983
42.261
41.497
40.693
39.847
38.962
38.039
37.077
36.078
35.042
33.972
32.867
31.728
30.557
29.355
28.123
26.862
25.573
24.258
22.918
21.553
20.167
18.759
17.332
15.887
14.425
12.947
11.457
9.9536
8.4401
6.9178
5.3881
3.8527
2.3133
0.77136
-0.76922
-2.3021
-3.8346
-3.861
-2.318
-0.77451
0.77667
2.3292
3.8792
5.4252
6.9654
8.4982
10.022
11.535
13.036
14.524
15.996
17.451
18.888
20.306
21.702
23.075
24.425
25.749
27.047
28.316
29.557
30.767
31.946
33.093
34.205
35.284
36.326
37.332
38.3
39.231
40.121
40.973
41.783
42.552
43.279
43.964
44.605
45.203
45.756
46.265
46.729
47.148
47.521
47.848
48.129
48.363
48.551
48.691
48.785
48.832
48.832
48.785
48.691
48.551
48.363
48.129
47.848
47.521
47.148
46.729
46.265
45.756
45.203
44.605
43.964
43.279
42.552
41.783
40.973
40.121
39.231
38.3
37.332
36.326
35.284
34.205
33.093
31.946
30.767
29.557
28.316
27.047
25.749
24.425
23.075
21.702
20.306
18.888
17.451
15.996
14.524
13.036
11.535
10.022
8.4982
6.9654
5.4252
3.8792
2.3292
0.77667
-0.77451
-2.318
-3.861
-3.8836
-2.3316
-0.77906
0.78123
2.3429
3.902
5.457
7.0062
8.5481
10.081
11.603
13.113
14.609
16.09
17.554
18.999
20.425
21.829
23.211
24.568
25.9
27.205
28.482
29.73
30.948
32.134
33.287
34.406
35.491
36.539
37.551
38.525
39.461
40.357
41.213
42.028
42.802
43.533
44.222
44.867
45.468
46.025
46.537
47.004
47.425
47.8
48.129
48.411
48.647
48.835
48.977
49.072
49.119
49.119
49.072
48.977
48.835
48.647
48.411
48.129
47.8
47.425
47.004
46.537
46.025
45.468
44.867
44.222
43.533
42.802
42.028
41.213
40.357
39.461
38.525
37.551
36.539
35.491
34.406
33.287
32.134
30.948
29.73
28.482
27.205
25.9
24.568
23.211
21.829
20.425
18.999
17.554
16.09
14.609
13.113
11.603
10.081
8.5481
7.0062
5.457
3.902
2.3429
0.78123
-0.77906
-2.3316
-3.8836
-3.9025
-2.3429
-0.78285
0.78503
2.3543
3.921
5.4836
7.0403
8.5897
10.13
11.659
13.177
14.68
16.168
17.639
19.092
20.524
21.935
23.324
24.688
26.026
27.338
28.621
29.875
31.099
32.29
33.449
34.574
35.663
36.717
37.734
38.713
39.653
40.553
41.414
42.233
43.01
43.745
44.437
45.085
45.689
46.249
46.763
47.232
47.655
48.032
48.363
48.647
48.883
49.073
49.215
49.31
49.358
49.358
49.31
49.215
49.073
48.883
48.647
48.363
48.032
47.655
47.232
46.763
46.249
45.689
45.085
44.437
43.745
43.01
42.233
41.414
40.553
39.653
38.713
37.734
36.717
35.663
34.574
33.449
32.29
31.099
29.875
28.621
27.338
26.026
24.688
23.324
21.935
20.524
19.092
17.639
16.168
14.68
13.177
11.659
10.13
8.5897
7.0403
5.4836
3.921
2.3543
0.78503
-0.78285
-2.3429
-3.9025
-3.9177
-2.352
-0.78588
0.78808
2.3634
3.9362
5.5048
7.0677
8.623
10.169
11.705
13.228
14.737
16.231
17.707
19.166
20.604
22.02
23.414
24.783
26.127
27.444
28.732
29.991
31.219
32.415
33.579
34.708
35.802
36.859
37.88
38.863
39.807
40.711
41.574
42.397
43.177
43.915
44.609
45.26
45.867
46.428
46.945
47.416
47.84
48.219
48.551
48.835
49.073
49.263
49.406
49.502
49.549
49.549
49.502
49.406
49.263
49.073
48.835
48.551
48.219
47.84
47.416
46.945
46.428
45.867
45.26
44.609
43.915
43.177
42.397
41.574
40.711
39.807
38.863
37.88
36.859
35.802
34.708
33.579
32.415
31.219
29.991
28.732
27.444
26.127
24.783
23.414
22.02
20.604
19.166
17.707
16.231
14.737
13.228
11.705
10.169
8.623
7.0677
5.5048
3.9362
2.3634
0.78808
-0.78588
-2.352
-3.9177
-3.929
-2.3588
-0.78816
0.79036
2.3702
3.9476
5.5208
7.0882
8.648
10.199
11.739
13.266
14.78
16.278
17.759
19.221
20.663
22.084
23.482
24.855
26.203
27.523
28.815
30.078
31.31
32.509
33.676
34.808
35.905
36.966
37.99
38.976
39.922
40.829
41.695
42.519
43.302
44.042
44.739
45.391
46
46.563
47.081
47.553
47.979
48.359
48.691
48.977
49.215
49.406
49.55
49.645
49.693
49.693
49.645
49.55
49.406
49.215
48.977
48.691
48.359
47.979
47.553
47.081
46.563
46
45.391
44.739
44.042
43.302
42.519
41.695
40.829
39.922
38.976
37.99
36.966
35.905
34.808
33.676
32.509
31.31
30.078
28.815
27.523
26.203
24.855
23.482
22.084
20.663
19.221
17.759
16.278
14.78
13.266
11.739
10.199
8.648
7.0882
5.5208
3.9476
2.3702
0.79036
-0.78816
-2.3588
-3.929
-3.9366
-2.3634
-0.78968
0.79189
2.3748
3.9552
5.5315
7.1018
8.6647
10.218
11.761
13.292
14.808
16.309
17.793
19.258
20.703
22.127
23.527
24.903
26.253
27.576
28.871
30.136
31.37
32.572
33.741
34.876
35.975
37.038
38.063
39.051
39.999
40.907
41.775
42.602
43.386
44.127
44.825
45.479
46.088
46.653
47.172
47.645
48.072
48.452
48.785
49.072
49.31
49.502
49.645
49.741
49.789
49.789
49.741
49.645
49.502
49.31
49.072
48.785
48.452
48.072
47.645
47.172
46.653
46.088
45.479
44.825
44.127
43.386
42.602
41.775
40.907
39.999
39.051
38.063
37.038
35.975
34.876
33.741
32.572
31.37
30.136
28.871
27.576
26.253
24.903
23.527
22.127
20.703
19.258
17.793
16.309
14.808
13.292
11.761
10.218
8.6647
7.1018
5.5315
3.9552
2.3748
0.79189
-0.78968
-2.3634
-3.9366
-3.9404
-2.3657
-0.79044
0.79265
2.3771
3.959
5.5368
7.1087
8.673
10.228
11.773
13.305
14.823
16.325
17.81
19.277
20.723
22.148
23.55
24.927
26.279
27.603
28.899
30.165
31.4
32.604
33.773
34.909
36.009
37.073
38.1
39.088
40.038
40.947
41.815
42.643
43.427
44.17
44.868
45.523
46.133
46.698
47.217
47.691
48.118
48.499
48.832
49.119
49.358
49.549
49.693
49.789
49.837
49.837
49.789
49.693
49.549
49.358
49.119
48.832
48.499
48.118
47.691
47.217
46.698
46.133
45.523
44.868
44.17
43.427
42.643
41.815
40.947
40.038
39.088
38.1
37.073
36.009
34.909
33.773
32.604
31.4
30.165
28.899
27.603
26.279
24.927
23.55
22.148
20.723
19.277
17.81
16.325
14.823
13.305
11.773
10.228
8.673
7.1087
5.5368
3.959
2.3771
0.79265
-0.79044
-2.3657
-3.9404
-3.9404
-2.3657
-0.79044
0.79265
2.3771
3.959
5.5368
7.1087
8.673
10.228
11.773
13.305
14.823
16.325
17.81
19.277
20.723
22.148
23.55
24.927
26.279
27.603
28.899
30.165
31.4
32.604
33.773
34.909
36.009
37.073
38.1
39.088
40.038
40.947
41.815
42.643
43.427
44.17
44.868
45.523
46.133
46.698
47.217
47.691
48.118
48.499
48.832
49.119
49.358
49.549
49.693
49.789
49.837
49.837
49.789
49.693
49.549
49.358
49.119
48.832
48.499
48.118
47.691
47.217
46.698
46.133
45.523
44.868
44.17
43.427
42.643
41.815
40.947
40.038
39.088
38.1
37.073
36.009
34.909
33.773
32.604
31.4
30.165
28.899
27.603
26.279
24.927
23.55
22.148
20.723
19.277
17.81
16.325
14.823
13.305
11.773
10.228
8.673
7.1087
5.5368
3.959
2.3771
0.79265
-0.79044
-2.3657
-3.9404
-3.9366
-2.3634
-0.78968
0.79189
2.3748
3.9552
5.5315
7.1018
8.6647
10.218
11.761
13.292
14.808
16.309
17.793
19.258
20.703
22.127
23.527
24.903
26.253
27.576
28.871
30.136
31.37
32.572
33.741
34.876
35.975
37.038
38.063
39.051
39.999
40.907
41.775
42.602
43.386
44.127
44.825
45.479
46.088
46.653
47.172
47.645
48.072
48.452
48.785
49.072
49.31
49.502
49.645
49.741
49.789
49.789
49.741
49.645
49.502
49.31
49.072
48.785
48.452
48.072
47.645
47.172
46.653
46.088
45.479
44.825
44.127
43.386
42.602
41.775
40.907
39.999
39.051
38.063
37.038
35.975
34.876
33.741
32.572
31.37
30.136
28.871
27.576
26.253
24.903
23.527
22.127
20.703
19.258
17.793
16.309
14.808
13.292
11.761
10.218
8.6647
7.1018
5.5315
3.9552
2.3748
0.79189
-0.78968
-2.3634
-3.9366
-3.929
-2.3588
-0.78816
0.79036
2.3702
3.9476
5.5208
7.0882
8.648
10.199
11.739
13.266
14.78
16.278
17.759
19.221
20.663
22.084
23.482
24.855
26.203
27.523
28.815
30.078
31.31
32.509
33.676
34.808
35.905
36.966
37.99
38.976
39.922
40.829
41.695
42.519
43.302
44.042
44.739
45.391
46
46.563
47.081
47.553
47.979
48.359
48.691
48.977
49.215
49.406
49.55
49.645
49.693
49.693
49.645
49.55
49.406
49.215
48.977
48.691
48.359
47.979
47.553
47.081
46.563
46
45.391
44.739
44.042
43.302
42.519
41.695
40.829
39.922
38.976
37.99
36.966
35.905
34.808
33.676
32.509
31.31
30.078
28.815
27.523
26.203
24.855
23.482
22.084
20.663
19.221
17.759
16.278
14.78
13.266
11.739
10.199
8.648
7.0882
5.5208
3.9476
2.3702
0.79036
-0.78816
-2.3588
-3.929
-3.9177
-2.352
-0.78588
0.78808
2.3634
3.9362
5.5048
7.0677
8.623
10.169
11.705
13.228
14.737
16.231
17.707
19.166
20.604
22.02
23.414
24.783
26.127
27.444
28.732
29.991
31.219
32.415
33.579
34.708
35.802
36.859
37.88
38.863
39.807
40.711
41.574
42.397
43.177
43.915
44.609
45.26
45.867
46.428
46.945
47.416
47.84
48.219
48.551
48.835
49.073
49.263
49.406
49.502
49.549
49.549
49.502
49.406
49.263
49.073
48.835
48.551
48.219
47.84
47.416
46.945
46.428
45.867
45.26
44.609
43.915
43.177
42.397
41.574
40.711
39.807
38.863
37.88
36.859
35.802
34.708
33.579
32.415
31.219
29.991
28.732
27.444
26.127
24.783
23.414
22.02
20.604
19.166
17.707
16.231
14.737
13.228
11.705
10.169
8.623
7.0677
5.5048
3.9362
2.3634
0.78808
-0.78588
-2.352
-3.9177
-3.9025
-2.3429
-0.78285
0.78503
2.3543
3.921
5.4836
7.0403
8.5897
10.13
11.659
13.177
14.68
16.168
17.639
19.092
20.524
21.935
23.324
24.688
26.026
27.338
28.621
29.875
31.099
32.29
33.449
34.574
35.663
36.717
37.734
38.713
39.653
40.553
41.414
42.233
43.01
43.745
44.437
45.085
45.689
46.249
46.763
47.232
47.655
48.032
48.363
48.647
48.883
49.073
49.215
49.31
49.358
49.358
49.31
49.215
49.073
48.883
48.647
48.363
48.032
47.655
47.232
46.763
46.249
45.689
45.085
44.437
43.745
43.01
42.233
41.414
40.553
39.653
38.713
37.734
36.717
35.663
34.574
33.449
32.29
31.099
29.875
28.621
27.338
26.026
24.688
23.324
21.935
20.524
19.092
17.639
16.168
14.68
13.177
11.659
10.13
8.5897
7.0403
5.4836
3.921
2.3543
0.78503
-0.78285
-2.3429
-3.9025
-3.8836
-2.3316
-0.77906
0.78123
2.3429
3.902
5.457
7.0062
8.5481
10.081
11.603
13.113
14.609
16.09
17.554
18.999
20.425
21.829
23.211
24.568
25.9
27.205
28.482
29.73
30.948
32.134
33.287
34.406
35.491
36.539
37.551
38.525
39.461
40.357
41.213
42.028
42.802
43.533
44.222
44.867
45.468
46.025
46.537
47.004
47.425
47.8
48.129
48.411
48.647
48.835
48.977
49.072
49.119
49.119
49.072
48.977
48.835
48.647
48.411
48.129
47.8
47.425
47.004
46.537
46.025
45.468
44.867
44.222
43.533
42.802
42.028
41.213
40.357
39.461
38.525
37.551
36.539
35.491
34.406
33.287
32.134
30.948
29.73
28.482
27.205
25.9
24.568
23.211
21.829
20.425
18.999
17.554
16.09
14.609
13.113
11.603
10.081
8.5481
7.0062
5.457
3.902
2.3429
0.78123
-0.77906
-2.3316
-3.8836
-3.861
-2.318
-0.77451
0.77667
2.3292
3.8792
5.4252
6.9654
8.4982
10.022
11.535
13.036
14.524
15.996
17.451
18.888
20.306
21.702
23.075
24.425
25.749
27.047
28.316
29.557
30.767
31.946
33.093
34.205
35.284
36.326
37.332
38.3
39.231
40.121
40.973
41.783
42.552
43.279
43.964
44.605
45.203
45.756
46.265
46.729
47.148
47.521
47.848
48.129
48.363
48.551
48.691
48.785
48.832
48.832
48.785
48.691
48.551
48.363
48.129
47.848
47.521
47.148
46.729
46.265
45.756
45.203
44.605
43.964
43.279
42.552
41.783
40.973
40.121
39.231
38.3
37.332
36.326
35.284
34.205
33.093
31.946
30.767
29.557
28.316
27.047
25.749
24.425
23.075
21.702
20.306
18.888
17.451
15.996
14.524
13.036
11.535
10.022
8.4982
6.9654
5.4252
3.8792
2.3292
0.77667
-0.77451
-2.318
-3.861
-3.8346
-2.3021
-0.76922
0.77136
2.3133
3.8527
5.3881
6.9178
8.4401
9.9536
11.457
12.947
14.425
15.887
17.332
18.759
20.167
21.553
22.918
24.258
25.573
26.862
28.123
29.355
30.557
31.728
32.867
33.972
35.042
36.078
37.077
38.039
38.962
39.847
40.693
41.497
42.261
42.983
43.663
44.3
44.894
45.444
45.949
46.41
46.826
47.196
47.521
47.8
48.032
48.219
48.359
48.452
48.499
48.499
48.452
48.359
48.219
48.032
47.8
47.521
47.196
46.826
46.41
45.949
45.444
44.894
44.3
43.663
42.983
42.261
41.497
40.693
39.847
38.962
38.039
37.077
36.078
35.042
33.972
32.867
31.728
30.557
29.355
28.123
26.862
25.573
24.258
22.918
21.553
20.167
18.759
17.332
15.887
14.425
12.947
11.457
9.9536
8.4401
6.9178
5.3881
3.8527
2.3133
0.77136
-0.76922
-2.3021
-3.8346
-3.8045
-2.2841
-0.76318
0.76531
2.2951
3.8225
5.3458
6.8635
8.3739
9.8755
11.367
12.846
14.311
15.762
17.196
18.612
20.009
21.384
22.738
24.067
25.372
26.651
27.902
29.125
30.317
31.479
32.609
33.705
34.767
35.795
36.786
37.74
38.657
39.535
40.373
41.172
41.93
42.646
43.321
43.953
44.542
45.087
45.589
46.046
46.458
46.826
47.148
47.425
47.655
47.84
47.979
48.072
48.118
48.118
48.072
47.979
47.84
47.655
47.425
47.148
46.826
46.458
46.046
45.589
45.087
44.542
43.953
43.321
42.646
41.93
41.172
40.373
39.535
38.657
37.74
36.786
35.795
34.767
33.705
32.609
31.479
30.317
29.125
27.902
26.651
25.372
24.067
22.738
21.384
20.009
18.612
17.196
15.762
14.311
12.846
11.367
9.8755
8.3739
6.8635
5.3458
3.8225
2.2951
0.76531
-0.76318
-2.2841
-3.8045
-3.7707
-2.2638
-0.75641
0.75852
2.2747
3.7886
5.2984
6.8026
8.2996
9.7878
11.266
12.732
14.184
15.622
17.043
18.447
19.831
21.194
22.536
23.854
25.147
26.414
27.654
28.866
30.048
31.2
32.319
33.406
34.459
35.477
36.459
37.405
38.313
39.184
40.015
40.806
41.557
42.268
42.936
43.562
44.146
44.687
45.184
45.637
46.046
46.41
46.729
47.004
47.232
47.416
47.553
47.645
47.691
47.691
47.645
47.553
47.416
47.232
47.004
46.729
46.41
46.046
45.637
45.184
44.687
44.146
43.562
42.936
42.268
41.557
40.806
40.015
39.184
38.313
37.405
36.459
35.477
34.459
33.406
32.319
31.2
30.048
28.866
27.654
26.414
25.147
23.854
22.536
21.194
19.831
18.447
17.043
15.622
14.184
12.732
11.266
9.7878
8.2996
6.8026
5.2984
3.7886
2.2747
0.75852
-0.75641
-2.2638
-3.7707
-3.7333
-2.2413
-0.7489
0.75098
2.2522
3.7509
5.2458
6.735
8.2172
9.6906
11.154
12.605
14.043
15.467
16.874
18.264
19.634
20.984
22.312
23.617
24.897
26.152
27.38
28.579
29.75
30.89
31.998
33.074
34.117
35.125
36.097
37.034
37.933
38.795
39.617
40.401
41.145
41.848
42.51
43.13
43.708
44.243
44.735
45.184
45.589
45.949
46.265
46.537
46.763
46.945
47.081
47.172
47.217
47.217
47.172
47.081
46.945
46.763
46.537
46.265
45.949
45.589
45.184
44.735
44.243
43.708
43.13
42.51
41.848
41.145
40.401
39.617
38.795
37.933
37.034
36.097
35.125
34.117
33.074
31.998
30.89
29.75
28.579
27.38
26.152
24.897
23.617
22.312
20.984
19.634
18.264
16.874
15.467
14.043
12.605
11.154
9.6906
8.2172
6.735
5.2458
3.7509
2.2522
0.75098
-0.7489
-2.2413
-3.7333
-3.6922
-2.2167
-0.74066
0.74272
2.2274
3.7097
5.188
6.6609
8.1268
9.584
11.031
12.467
13.889
15.297
16.688
18.063
19.418
20.753
22.067
23.357
24.623
25.864
27.079
28.265
29.423
30.55
31.646
32.71
33.741
34.738
35.7
36.626
37.516
38.368
39.182
39.957
40.692
41.387
42.042
42.655
43.227
43.756
44.243
44.687
45.087
45.444
45.756
46.025
46.249
46.428
46.563
46.653
46.698
46.698
46.653
46.563
46.428
46.249
46.025
45.756
45.444
45.087
44.687
44.243
43.756
43.227
42.655
42.042
41.387
40.692
39.957
39.182
38.368
37.516
36.626
35.7
34.738
33.741
32.71
31.646
30.55
29.423
28.265
27.079
25.864
24.623
23.357
22.067
20.753
19.418
18.063
16.688
15.297
13.889
12.467
11.031
9.584
8.1268
6.6609
5.188
3.7097
2.2274
0.74272
-0.74066
-2.2167
-3.6922
-3.6475
-2.1898
-0.7317
0.73374
2.2004
3.6648
5.1253
6.5803
8.0284
9.468
10.898
12.316
13.721
15.112
16.487
17.844
19.183
20.502
21.8
23.075
24.326
25.551
26.751
27.923
29.067
30.18
31.263
32.315
33.333
34.318
35.268
36.183
37.062
37.904
38.708
39.473
40.2
40.887
41.533
42.139
42.704
43.227
43.708
44.146
44.542
44.894
45.203
45.468
45.689
45.867
46
46.088
46.133
46.133
46.088
46
45.867
45.689
45.468
45.203
44.894
44.542
44.146
43.708
43.227
42.704
42.139
41.533
40.887
40.2
39.473
38.708
37.904
37.062
36.183
35.268
34.318
33.333
32.315
31.263
30.18
29.067
27.923
26.751
25.551
24.326
23.075
21.8
20.502
19.183
17.844
16.487
15.112
13.721
12.316
10.898
9.468
8.0284
6.5803
5.1253
3.6648
2.2004
0.73374
-0.7317
-2.1898
-3.6475
-3.5993
-2.1609
-0.72202
0.72403
2.1713
3.6163
5.0575
6.4933
7.9223
9.3428
10.754
12.153
13.54
14.912
16.269
17.608
18.929
20.231
21.511
22.769
24.004
25.214
26.397
27.554
28.682
29.781
30.85
31.887
32.892
33.864
34.802
35.705
36.572
37.402
38.196
38.951
39.668
40.346
40.984
41.582
42.139
42.655
43.13
43.562
43.953
44.3
44.605
44.867
45.085
45.26
45.391
45.479
45.523
45.523
45.479
45.391
45.26
45.085
44.867
44.605
44.3
43.953
43.562
43.13
42.655
42.139
41.582
40.984
40.346
39.668
38.951
38.196
37.402
36.572
35.705
34.802
33.864
32.892
31.887
30.85
29.781
28.682
27.554
26.397
25.214
24.004
22.769
21.511
20.231
18.929
17.608
16.269
14.912
13.54
12.153
10.754
9.3428
7.9223
6.4933
5.0575
3.6163
2.1713
0.72403
-0.72202
-2.1609
-3.5993
-3.5475
-2.1298
-0.71164
0.71362
2.1401
3.5643
4.9848
6.4
7.8084
9.2085
10.599
11.978
13.345
14.697
16.035
17.355
18.657
19.94
21.202
22.442
23.659
24.851
26.018
27.158
28.27
29.353
30.406
31.429
32.419
33.377
34.301
35.191
36.046
36.865
37.647
38.391
39.098
39.766
40.395
40.984
41.533
42.042
42.51
42.936
43.321
43.663
43.964
44.222
44.437
44.609
44.739
44.825
44.868
44.868
44.825
44.739
44.609
44.437
44.222
43.964
43.663
43.321
42.936
42.51
42.042
41.533
40.984
40.395
39.766
39.098
38.391
37.647
36.865
36.046
35.191
34.301
33.377
32.419
31.429
30.406
29.353
28.27
27.158
26.018
24.851
23.659
22.442
21.202
19.94
18.657
17.355
16.035
14.697
13.345
11.978
10.599
9.2085
7.8084
6.4
4.9848
3.5643
2.1401
0.71362
-0.71164
-2.1298
-3.5475
-3.4923
-2.0967
-0.70056
0.70251
2.1068
3.5088
4.9072
6.3003
7.6868
9.0651
10.434
11.792
13.137
14.469
15.785
17.085
18.367
19.63
20.872
22.093
23.29
24.464
25.613
26.735
27.83
28.896
29.933
30.939
31.915
32.857
33.767
34.643
35.485
36.291
37.06
37.793
38.489
39.147
39.766
40.346
40.887
41.387
41.848
42.268
42.646
42.983
43.279
43.533
43.745
43.915
44.042
44.127
44.17
44.17
44.127
44.042
43.915
43.745
43.533
43.279
42.983
42.646
42.268
41.848
41.387
40.887
40.346
39.766
39.147
38.489
37.793
37.06
36.291
35.485
34.643
33.767
32.857
31.915
30.939
29.933
28.896
27.83
26.735
25.613
24.464
23.29
22.093
20.872
19.63
18.367
17.085
15.785
14.469
13.137
11.792
10.434
9.0651
7.6868
6.3003
4.9072
3.5088
2.1068
0.70251
-0.70056
-2.0967
-3.4923
-3.4336
-2.0614
-0.68879
0.69071
2.0714
3.4499
4.8247
6.1945
7.5576
8.9128
10.259
11.594
12.916
14.225
15.52
16.798
18.058
19.3
20.521
21.721
22.899
24.053
25.182
26.286
27.362
28.41
29.43
30.42
31.378
32.305
33.2
34.061
34.888
35.681
36.438
37.158
37.842
38.489
39.098
39.668
40.2
40.692
41.145
41.557
41.93
42.261
42.552
42.802
43.01
43.177
43.302
43.386
43.427
43.427
43.386
43.302
43.177
43.01
42.802
42.552
42.261
41.93
41.557
41.145
40.692
40.2
39.668
39.098
38.489
37.842
37.158
36.438
35.681
34.888
34.061
33.2
32.305
31.378
30.42
29.43
28.41
27.362
26.286
25.182
24.053
22.899
21.721
20.521
19.3
18.058
16.798
15.52
14.225
12.916
11.594
10.259
8.9128
7.5576
6.1945
4.8247
3.4499
2.0714
0.69071
-0.68879
-2.0614
-3.4336
-3.3716
-2.0242
-0.67634
0.67822
2.034
3.3875
4.7375
6.0825
7.421
8.7517
10.073
11.384
12.683
13.968
15.239
16.494
17.732
18.951
20.15
21.329
22.485
23.618
24.727
25.811
26.867
27.897
28.898
29.87
30.811
31.722
32.6
33.446
34.258
35.036
35.779
36.487
37.158
37.793
38.391
38.951
39.473
39.957
40.401
40.806
41.172
41.497
41.783
42.028
42.233
42.397
42.519
42.602
42.643
42.643
42.602
42.519
42.397
42.233
42.028
41.783
41.497
41.172
40.806
40.401
39.957
39.473
38.951
38.391
37.793
37.158
36.487
35.779
35.036
34.258
33.446
32.6
31.722
30.811
29.87
28.898
27.897
26.867
25.811
24.727
23.618
22.485
21.329
20.15
18.951
17.732
16.494
15.239
13.968
12.683
11.384
10.073
8.7517
7.421
6.0825
4.7375
3.3875
2.034
0.67822
-0.67634
-2.0242
-3.3716
-3.3062
-1.9849
-0.66322
0.66507
1.9945
3.3218
4.6456
5.9645
7.2771
8.582
9.8778
11.163
12.437
13.697
14.944
16.174
17.388
18.583
19.759
20.915
22.049
23.16
24.248
25.31
26.346
27.356
28.338
29.29
30.214
31.106
31.968
32.797
33.593
34.356
35.085
35.779
36.438
37.06
37.647
38.196
38.708
39.182
39.617
40.015
40.373
40.693
40.973
41.213
41.414
41.574
41.695
41.775
41.815
41.815
41.775
41.695
41.574
41.414
41.213
40.973
40.693
40.373
40.015
39.617
39.182
38.708
38.196
37.647
37.06
36.438
35.779
35.085
34.356
33.593
32.797
31.968
31.106
30.214
29.29
28.338
27.356
26.346
25.31
24.248
23.16
22.049
20.915
19.759
18.583
17.388
16.174
14.944
13.697
12.437
11.163
9.8778
8.582
7.2771
5.9645
4.6456
3.3218
1.9945
0.66507
-0.66322
-1.9849
-3.3062
-3.2375
-1.9437
-0.64944
0.65126
1.9531
3.2528
4.5491
5.8406
7.1259
8.4037
9.6726
10.931
12.179
13.413
14.633
15.838
17.027
18.197
19.349
20.481
21.591
22.679
23.744
24.784
25.799
26.788
27.749
28.682
29.586
30.46
31.304
32.116
32.896
33.643
34.356
35.036
35.681
36.291
36.865
37.402
37.904
38.368
38.795
39.184
39.535
39.847
40.121
40.357
40.553
40.711
40.829
40.907
40.947
40.947
40.907
40.829
40.711
40.553
40.357
40.121
39.847
39.535
39.184
38.795
38.368
37.904
37.402
36.865
36.291
35.681
35.036
34.356
33.643
32.896
32.116
31.304
30.46
29.586
28.682
27.749
26.788
25.799
24.784
23.744
22.679
21.591
20.481
19.349
18.197
17.027
15.838
14.633
13.413
12.179
10.931
9.6726
8.4037
7.1259
5.8406
4.5491
3.2528
1.9531
0.65126
-0.64944
-1.9437
-3.2375
-3.1656
-1.9005
-0.63502
0.63679
1.9097
3.1806
4.4481
5.7109
6.9677
8.2171
9.4578
10.689
11.908
13.115
14.308
15.487
16.649
17.793
18.919
20.026
21.112
22.176
23.217
24.234
25.226
26.193
27.133
28.045
28.929
29.784
30.608
31.402
32.165
32.896
33.593
34.258
34.888
35.485
36.046
36.572
37.062
37.516
37.933
38.313
38.657
38.962
39.231
39.461
39.653
39.807
39.922
39.999
40.038
40.038
39.999
39.922
39.807
39.653
39.461
39.231
38.962
38.657
38.313
37.933
37.516
37.062
36.572
36.046
35.485
34.888
34.258
33.593
32.896
32.165
31.402
30.608
29.784
28.929
28.045
27.133
26.193
25.226
24.234
23.217
22.176
21.112
20.026
18.919
17.793
16.649
15.487
14.308
13.115
11.908
10.689
9.4578
8.2171
6.9677
5.7109
4.4481
3.1806
1.9097
0.63679
-0.63502
-1.9005
-3.1656
-3.0906
-1.8555
-0.61997
0.6217
1.8644
3.1052
4.3427
5.5755
6.8025
8.0223
9.2336
10.435
11.626
12.804
13.969
15.119
16.254
17.371
18.471
19.551
20.611
21.65
22.666
23.659
24.628
25.572
26.489
27.38
28.243
29.078
29.883
30.658
31.402
32.116
32.797
33.446
34.061
34.643
35.191
35.705
36.183
36.626
37.034
37.405
37.74
38.039
38.3
38.525
38.713
38.863
38.976
39.051
39.088
39.088
39.051
38.976
38.863
38.713
38.525
38.3
38.039
37.74
37.405
37.034
36.626
36.183
35.705
35.191
34.643
34.061
33.446
32.797
32.116
31.402
30.658
29.883
29.078
28.243
27.38
26.489
25.572
24.628
23.659
22.666
21.65
20.611
19.551
18.471
17.371
16.254
15.119
13.969
12.804
11.626
10.435
9.2336
8.0223
6.8025
5.5755
4.3427
3.1052
1.8644
0.6217
-0.61997
-1.8555
-3.0906
-3.0124
-1.8085
-0.60429
0.60598
1.8173
3.0267
4.2328
5.4345
6.6305
7.8194
9.0001
10.171
11.332
12.48
13.616
14.737
15.843
16.932
18.004
19.057
20.09
21.102
22.093
23.061
24.005
24.925
25.82
26.688
27.529
28.342
29.127
29.883
30.608
31.304
31.968
32.6
33.2
33.767
34.301
34.802
35.268
35.7
36.097
36.459
36.786
37.077
37.332
37.551
37.734
37.88
37.99
38.063
38.1
38.1
38.063
37.99
37.88
37.734
37.551
37.332
37.077
36.786
36.459
36.097
35.7
35.268
34.802
34.301
33.767
33.2
32.6
31.968
31.304
30.608
29.883
29.127
28.342
27.529
26.688
25.82
24.925
24.005
23.061
22.093
21.102
20.09
19.057
18.004
16.932
15.843
14.737
13.616
12.48
11.332
10.171
9.0001
7.8194
6.6305
5.4345
4.2328
3.0267
1.8173
0.60598
-0.60429
-1.8085
-3.0124
-2.9312
-1.7598
-0.58801
0.58965
1.7683
2.9451
4.1188
5.2881
6.4518
7.6087
8.7576
9.8972
11.026
12.144
13.249
14.34
15.416
16.476
17.519
18.543
19.549
20.534
21.498
22.44
23.359
24.254
25.124
25.969
26.787
27.579
28.342
29.078
29.784
30.46
31.106
31.722
32.305
32.857
33.377
33.864
34.318
34.738
35.125
35.477
35.795
36.078
36.326
36.539
36.717
36.859
36.966
37.038
37.073
37.073
37.038
36.966
36.859
36.717
36.539
36.326
36.078
35.795
35.477
35.125
34.738
34.318
33.864
33.377
32.857
32.305
31.722
31.106
30.46
29.784
29.078
28.342
27.579
26.787
25.969
25.124
24.254
23.359
22.44
21.498
20.534
19.549
18.543
17.519
16.476
15.416
14.34
13.249
12.144
11.026
9.8972
8.7576
7.6087
6.4518
5.2881
4.1188
2.9451
1.7683
0.58965
-0.58801
-1.7598
-2.9312
-2.8471
-1.7093
-0.57113
0.57273
1.7176
2.8606
4.0006
5.1364
6.2667
7.3904
8.5063
9.6132
10.71
11.796
12.869
13.928
14.974
16.003
17.016
18.011
18.988
19.944
20.881
21.796
22.688
23.558
24.403
25.223
26.018
26.787
27.529
28.243
28.929
29.586
30.214
30.811
31.378
31.915
32.419
32.892
33.333
33.741
34.117
34.459
34.767
35.042
35.284
35.491
35.663
35.802
35.905
35.975
36.009
36.009
35.975
35.905
35.802
35.663
35.491
35.284
35.042
34.767
34.459
34.117
33.741
33.333
32.892
32.419
31.915
31.378
30.811
30.214
29.586
28.929
28.243
27.529
26.787
26.018
25.223
24.403
23.558
22.688
21.796
20.881
19.944
18.988
18.011
17.016
16.003
14.974
13.928
12.869
11.796
10.71
9.6132
8.5063
7.3904
6.2667
5.1364
4.0006
2.8606
1.7176
0.57273
-0.57113
-1.7093
-2.8471
-2.7601
-1.6571
-0.55368
0.55523
1.6651
2.7732
3.8784
4.9794
6.0752
7.1646
8.2464
9.3195
10.383
11.435
12.476
13.503
14.516
15.514
16.496
17.461
18.407
19.335
20.243
21.13
21.995
22.838
23.657
24.453
25.223
25.969
26.688
27.38
28.045
28.682
29.29
29.87
30.42
30.939
31.429
31.887
32.315
32.71
33.074
33.406
33.705
33.972
34.205
34.406
34.574
34.708
34.808
34.876
34.909
34.909
34.876
34.808
34.708
34.574
34.406
34.205
33.972
33.705
33.406
33.074
32.71
32.315
31.887
31.429
30.939
30.42
29.87
29.29
28.682
28.045
27.38
26.688
25.969
25.223
24.453
23.657
22.838
21.995
21.13
20.243
19.335
18.407
17.461
16.496
15.514
14.516
13.503
12.476
11.435
10.383
9.3195
8.2464
7.1646
6.0752
4.9794
3.8784
2.7732
1.6651
0.55523
-0.55368
-1.6571
-2.7601
-2.6703
-1.6032
-0.53567
0.53716
1.6109
2.683
3.7522
4.8174
5.8776
6.9315
7.9781
9.0163
10.045
11.063
12.07
13.064
14.044
15.009
15.959
16.893
17.809
18.706
19.584
20.442
21.279
22.095
22.888
23.657
24.403
25.124
25.82
26.489
27.133
27.749
28.338
28.898
29.43
29.933
30.406
30.85
31.263
31.646
31.998
32.319
32.609
32.867
33.093
33.287
33.449
33.579
33.676
33.741
33.773
33.773
33.741
33.676
33.579
33.449
33.287
33.093
32.867
32.609
32.319
31.998
31.646
31.263
30.85
30.406
29.933
29.43
28.898
28.338
27.749
27.133
26.489
25.82
25.124
24.403
23.657
22.888
22.095
21.279
20.442
19.584
18.706
17.809
16.893
15.959
15.009
14.044
13.064
12.07
11.063
10.045
9.0163
7.9781
6.9315
5.8776
4.8174
3.7522
2.683
1.6109
0.53716
-0.53567
-1.6032
-2.6703
-2.5778
-1.5476
-0.51711
0.51856
1.5551
2.59
3.6222
4.6505
5.674
6.6914
7.7017
8.704
9.697
10.68
11.652
12.611
13.557
14.489
15.406
16.308
17.192
18.058
18.906
19.734
20.542
21.329
22.095
22.838
23.558
24.254
24.925
25.572
26.193
26.788
27.356
27.897
28.41
28.896
29.353
29.781
30.18
30.55
30.89
31.2
31.479
31.728
31.946
32.134
32.29
32.415
32.509
32.572
32.604
32.604
32.572
32.509
32.415
32.29
32.134
31.946
31.728
31.479
31.2
30.89
30.55
30.18
29.781
29.353
28.896
28.41
27.897
27.356
26.788
26.193
25.572
24.925
24.254
23.558
22.838
22.095
21.329
20.542
19.734
18.906
18.058
17.192
16.308
15.406
14.489
13.557
12.611
11.652
10.68
9.697
8.704
7.7017
6.6914
5.674
4.6505
3.6222
2.59
1.5551
0.51856
-0.51711
-1.5476
-2.5778
-2.4827
-1.4905
-0.49803
0.49942
1.4977
2.4945
3.4885
4.4789
5.4646
6.4444
7.4175
8.3828
9.3392
10.286
11.222
12.146
13.057
13.955
14.838
15.706
16.557
17.392
18.208
19.006
19.784
20.542
21.279
21.995
22.688
23.359
24.005
24.628
25.226
25.799
26.346
26.867
27.362
27.83
28.27
28.682
29.067
29.423
29.75
30.048
30.317
30.557
30.767
30.948
31.099
31.219
31.31
31.37
31.4
31.4
31.37
31.31
31.219
31.099
30.948
30.767
30.557
30.317
30.048
29.75
29.423
29.067
28.682
28.27
27.83
27.362
26.867
26.346
25.799
25.226
24.628
24.005
23.359
22.688
21.995
21.279
20.542
19.784
19.006
18.208
17.392
16.557
15.706
14.838
13.955
13.057
12.146
11.222
10.286
9.3392
8.3828
7.4175
6.4444
5.4646
4.4789
3.4885
2.4945
1.4977
0.49942
-0.49803
-1.4905
-2.4827
-2.385
-1.4319
-0.47844
0.47977
1.4388
2.3963
3.3513
4.3027
5.2496
6.1909
7.1257
8.053
8.9718
9.8812
10.78
11.668
12.543
13.406
14.254
15.088
15.906
16.707
17.492
18.258
19.006
19.734
20.442
21.13
21.796
22.44
23.061
23.659
24.234
24.784
25.31
25.811
26.286
26.735
27.158
27.554
27.923
28.265
28.579
28.866
29.125
29.355
29.557
29.73
29.875
29.991
30.078
30.136
30.165
30.165
30.136
30.078
29.991
29.875
29.73
29.557
29.355
29.125
28.866
28.579
28.265
27.923
27.554
27.158
26.735
26.286
25.811
25.31
24.784
24.234
23.659
23.061
22.44
21.796
21.13
20.442
19.734
19.006
18.258
17.492
16.707
15.906
15.088
14.254
13.406
12.543
11.668
10.78
9.8812
8.9718
8.053
7.1257
6.1909
5.2496
4.3027
3.3513
2.3963
1.4388
0.47977
-0.47844
-1.4319
-2.385
-2.2849
-1.3718
-0.45836
0.45963
1.3784
2.2957
3.2106
4.1221
5.0292
5.9311
6.8266
7.715
8.5952
9.4664
10.328
11.178
12.017
12.843
13.656
14.455
15.238
16.006
16.758
17.492
18.208
18.906
19.584
20.243
20.881
21.498
22.093
22.666
23.217
23.744
24.248
24.727
25.182
25.613
26.018
26.397
26.751
27.079
27.38
27.654
27.902
28.123
28.316
28.482
28.621
28.732
28.815
28.871
28.899
28.899
28.871
28.815
28.732
28.621
28.482
28.316
28.123
27.902
27.654
27.38
27.079
26.751
26.397
26.018
25.613
25.182
24.727
24.248
23.744
23.217
22.666
22.093
21.498
20.881
20.243
19.584
18.906
18.208
17.492
16.758
16.006
15.238
14.455
13.656
12.843
12.017
11.178
10.328
9.4664
8.5952
7.715
6.8266
5.9311
5.0292
4.1221
3.2106
2.2957
1.3784
0.45963
-0.45836
-1.3718
-2.2849
-2.1825
-1.3103
-0.4378
0.43902
1.3166
2.1928
3.0667
3.9373
4.8037
5.6651
6.5205
7.369
8.2098
9.0419
9.8645
10.677
11.478
12.267
13.044
13.806
14.555
15.288
16.006
16.707
17.392
18.058
18.706
19.335
19.944
20.534
21.102
21.65
22.176
22.679
23.16
23.618
24.053
24.464
24.851
25.214
25.551
25.864
26.152
26.414
26.651
26.862
27.047
27.205
27.338
27.444
27.523
27.576
27.603
27.603
27.576
27.523
27.444
27.338
27.205
27.047
26.862
26.651
26.414
26.152
25.864
25.551
25.214
24.851
24.464
24.053
23.618
23.16
22.679
22.176
21.65
21.102
20.534
19.944
19.335
18.706
18.058
17.392
16.707
16.006
15.288
14.555
13.806
13.044
12.267
11.478
10.677
9.8645
9.0419
8.2098
7.369
6.5205
5.6651
4.8037
3.9373
3.0667
2.1928
1.3166
0.43902
-0.4378
-1.3103
-2.1825
-2.0778
-1.2474
-0.4168
0.41796
1.2534
2.0876
2.9195
3.7484
4.5733
5.3933
6.2077
7.0155
7.8159
8.6081
9.3913
10.165
10.927
11.679
12.418
13.144
13.857
14.555
15.238
15.906
16.557
17.192
17.809
18.407
18.988
19.549
20.09
20.611
21.112
21.591
22.049
22.485
22.899
23.29
23.659
24.004
24.326
24.623
24.897
25.147
25.372
25.573
25.749
25.9
26.026
26.127
26.203
26.253
26.279
26.279
26.253
26.203
26.127
26.026
25.9
25.749
25.573
25.372
25.147
24.897
24.623
24.326
24.004
23.659
23.29
22.899
22.485
22.049
21.591
21.112
20.611
20.09
19.549
18.988
18.407
17.809
17.192
16.557
15.906
15.238
14.555
13.857
13.144
12.418
11.679
10.927
10.165
9.3913
8.6081
7.8159
7.0155
6.2077
5.3933
4.5733
3.7484
2.9195
2.0876
1.2534
0.41796
-0.4168
-1.2474
-2.0778
-1.9709
-1.1833
-0.39536
0.39646
1.189
1.9802
2.7694
3.5556
4.3381
5.1159
5.8884
6.6547
7.4139
8.1654
8.9083
9.6418
10.365
11.078
11.779
12.468
13.144
13.806
14.455
15.088
15.706
16.308
16.893
17.461
18.011
18.543
19.057
19.551
20.026
20.481
20.915
21.329
21.721
22.093
22.442
22.769
23.075
23.357
23.617
23.854
24.067
24.258
24.425
24.568
24.688
24.783
24.855
24.903
24.927
24.927
24.903
24.855
24.783
24.688
24.568
24.425
24.258
24.067
23.854
23.617
23.357
23.075
22.769
22.442
22.093
21.721
21.329
20.915
20.481
20.026
19.551
19.057
18.543
18.011
17.461
16.893
16.308
15.706
15.088
14.455
13.806
13.144
12.468
11.779
11.078
10.365
9.6418
8.9083
8.1654
7.4139
6.6547
5.8884
5.1159
4.3381
3.5556
2.7694
1.9802
1.189
0.39646
-0.39536
-1.1833
-1.9709
-1.862
-1.1179
-0.37352
0.37456
1.1233
1.8708
2.6164
3.3591
4.0984
4.8333
5.5631
6.287
7.0043
7.7142
8.4161
9.1091
9.7926
10.466
11.128
11.779
12.418
13.044
13.656
14.254
14.838
15.406
15.959
16.496
17.016
17.519
18.004
18.471
18.919
19.349
19.759
20.15
20.521
20.872
21.202
21.511
21.8
22.067
22.312
22.536
22.738
22.918
23.075
23.211
23.324
23.414
23.482
23.527
23.55
23.55
23.527
23.482
23.414
23.324
23.211
23.075
22.918
22.738
22.536
22.312
22.067
21.8
21.511
21.202
20.872
20.521
20.15
19.759
19.349
18.919
18.471
18.004
17.519
17.016
16.496
15.959
15.406
14.838
14.254
13.656
13.044
12.418
11.779
11.128
10.466
9.7926
9.1091
8.4161
7.7142
7.0043
6.287
5.5631
4.8333
4.0984
3.3591
2.6164
1.8708
1.1233
0.37456
-0.37352
-1.1179
-1.862
-1.7512
-1.0513
-0.35128
0.35226
1.0564
1.7595
2.4606
3.1592
3.8544
4.5456
5.2319
5.9128
6.5874
7.2551
7.9151
8.5669
9.2097
9.8429
10.466
11.078
11.679
12.267
12.843
13.406
13.955
14.489
15.009
15.514
16.003
16.476
16.932
17.371
17.793
18.197
18.583
18.951
19.3
19.63
19.94
20.231
20.502
20.753
20.984
21.194
21.384
21.553
21.702
21.829
21.935
22.02
22.084
22.127
22.148
22.148
22.127
22.084
22.02
21.935
21.829
21.702
21.553
21.384
21.194
20.984
20.753
20.502
20.231
19.94
19.63
19.3
18.951
18.583
18.197
17.793
17.371
16.932
16.476
16.003
15.514
15.009
14.489
13.955
13.406
12.843
12.267
11.679
11.078
10.466
9.8429
9.2097
8.5669
7.9151
7.2551
6.5874
5.9128
5.2319
4.5456
3.8544
3.1592
2.4606
1.7595
1.0564
0.35226
-0.35128
-1.0513
-1.7512
-1.6385
-0.9837
-0.32869
0.3296
0.98846
1.6463
2.3023
2.956
3.6065
4.2531
4.8953
5.5324
6.1636
6.7883
7.4059
8.0158
8.6172
9.2097
9.7926
10.365
10.927
11.478
12.017
12.543
13.057
13.557
14.044
14.516
14.974
15.416
15.843
16.254
16.649
17.027
17.388
17.732
18.058
18.367
18.657
18.929
19.183
19.418
19.634
19.831
20.009
20.167
20.306
20.425
20.524
20.604
20.663
20.703
20.723
20.723
20.703
20.663
20.604
20.524
20.425
20.306
20.167
20.009
19.831
19.634
19.418
19.183
18.929
18.657
18.367
18.058
17.732
17.388
17.027
16.649
16.254
15.843
15.416
14.974
14.516
14.044
13.557
13.057
12.543
12.017
11.478
10.927
10.365
9.7926
9.2097
8.6172
8.0158
7.4059
6.7883
6.1636
5.5324
4.8953
4.2531
3.6065
2.956
2.3023
1.6463
0.98846
0.3296
-0.32869
-0.9837
-1.6385
-1.5241
-0.91504
-0.30574
0.3066
0.91947
1.5314
2.1416
2.7496
3.3547
3.9563
4.5537
5.1462
5.7334
6.3145
6.889
7.4563
8.0158
8.5669
9.1091
9.6418
10.165
10.677
11.178
11.668
12.146
12.611
13.064
13.503
13.928
14.34
14.737
15.119
15.487
15.838
16.174
16.494
16.798
17.085
17.355
17.608
17.844
18.063
18.264
18.447
18.612
18.759
18.888
18.999
19.092
19.166
19.221
19.258
19.277
19.277
19.258
19.221
19.166
19.092
18.999
18.888
18.759
18.612
18.447
18.264
18.063
17.844
17.608
17.355
17.085
16.798
16.494
16.174
15.838
15.487
15.119
14.737
14.34
13.928
13.503
13.064
12.611
12.146
11.668
11.178
10.677
10.165
9.6418
9.1091
8.5669
8.0158
7.4563
6.889
6.3145
5.7334
5.1462
4.5537
3.9563
3.3547
2.7496
2.1416
1.5314
0.91947
0.3066
-0.30574
-0.91504
-1.5241
-1.4082
-0.84542
-0.28248
0.28327
0.84951
1.4149
1.9787
2.5404
3.0995
3.6553
4.2072
4.7547
5.2972
5.8341
6.3649
6.889
7.4059
7.9151
8.4161
8.9083
9.3913
9.8645
10.328
10.78
11.222
11.652
12.07
12.476
12.869
13.249
13.616
13.969
14.308
14.633
14.944
15.239
15.52
15.785
16.035
16.269
16.487
16.688
16.874
17.043
17.196
17.332
17.451
17.554
17.639
17.707
17.759
17.793
17.81
17.81
17.793
17.759
17.707
17.639
17.554
17.451
17.332
17.196
17.043
16.874
16.688
16.487
16.269
16.035
15.785
15.52
15.239
14.944
14.633
14.308
13.969
13.616
13.249
12.869
12.476
12.07
11.652
11.222
10.78
10.328
9.8645
9.3913
8.9083
8.4161
7.9151
7.4059
6.889
6.3649
5.8341
5.2972
4.7547
4.2072
3.6553
3.0995
2.5404
1.9787
1.4149
0.84951
0.28327
-0.28248
-0.84542
-1.4082
-1.2908
-0.77492
-0.25893
0.25965
0.77867
1.2969
1.8137
2.3286
2.841
3.3505
3.8564
4.3582
4.8554
5.3476
5.8341
6.3145
6.7883
7.2551
7.7142
8.1654
8.6081
9.0419
9.4664
9.8812
10.286
10.68
11.063
11.435
11.796
12.144
12.48
12.804
13.115
13.413
13.697
13.968
14.225
14.469
14.697
14.912
15.112
15.297
15.467
15.622
15.762
15.887
15.996
16.09
16.168
16.231
16.278
16.309
16.325
16.325
16.309
16.278
16.231
16.168
16.09
15.996
15.887
15.762
15.622
15.467
15.297
15.112
14.912
14.697
14.469
14.225
13.968
13.697
13.413
13.115
12.804
12.48
12.144
11.796
11.435
11.063
10.68
10.286
9.8812
9.4664
9.0419
8.6081
8.1654
7.7142
7.2551
6.7883
6.3145
5.8341
5.3476
4.8554
4.3582
3.8564
3.3505
2.841
2.3286
1.8137
1.2969
0.77867
0.25965
-0.25893
-0.77492
-1.2908
-1.172
-0.70361
-0.2351
0.23575
0.70701
1.1775
1.6468
2.1143
2.5796
3.0421
3.5015
3.9571
4.4086
4.8554
5.2972
5.7334
6.1636
6.5874
7.0043
7.4139
7.8159
8.2098
8.5952
8.9718
9.3392
9.697
10.045
10.383
10.71
11.026
11.332
11.626
11.908
12.179
12.437
12.683
12.916
13.137
13.345
13.54
13.721
13.889
14.043
14.184
14.311
14.425
14.524
14.609
14.68
14.737
14.78
14.808
14.823
14.823
14.808
14.78
14.737
14.68
14.609
14.524
14.425
14.311
14.184
14.043
13.889
13.721
13.54
13.345
13.137
12.916
12.683
12.437
12.179
11.908
11.626
11.332
11.026
10.71
10.383
10.045
9.697
9.3392
8.9718
8.5952
8.2098
7.8159
7.4139
7.0043
6.5874
6.1636
5.7334
5.2972
4.8554
4.4086
3.9571
3.5015
3.0421
2.5796
2.1143
1.6468
1.1775
0.70701
0.23575
-0.2351
-0.70361
-1.172
-1.0519
-0.63155
-0.21102
0.21161
0.6346
1.0569
1.4781
1.8978
2.3154
2.7306
3.1429
3.5519
3.9571
4.3582
4.7547
5.1462
5.5324
5.9128
6.287
6.6547
7.0155
7.369
7.715
8.053
8.3828
8.704
9.0163
9.3195
9.6132
9.8972
10.171
10.435
10.689
10.931
11.163
11.384
11.594
11.792
11.978
12.153
12.316
12.467
12.605
12.732
12.846
12.947
13.036
13.113
13.177
13.228
13.266
13.292
13.305
13.305
13.292
13.266
13.228
13.177
13.113
13.036
12.947
12.846
12.732
12.605
12.467
12.316
12.153
11.978
11.792
11.594
11.384
11.163
10.931
10.689
10.435
10.171
9.8972
9.6132
9.3195
9.0163
8.704
8.3828
8.053
7.715
7.369
7.0155
6.6547
6.287
5.9128
5.5324
5.1462
4.7547
4.3582
3.9571
3.5519
3.1429
2.7306
2.3154
1.8978
1.4781
1.0569
0.6346
0.21161
-0.21102
-0.63155
-1.0519
-0.93082
-0.55883
-0.18672
0.18724
0.56153
0.93522
1.3079
1.6792
2.0488
2.4162
2.781
3.1429
3.5015
3.8564
4.2072
4.5537
4.8953
5.2319
5.5631
5.8884
6.2077
6.5205
6.8266
7.1257
7.4175
7.7017
7.9781
8.2464
8.5063
8.7576
9.0001
9.2336
9.4578
9.6726
9.8778
10.073
10.259
10.434
10.599
10.754
10.898
11.031
11.154
11.266
11.367
11.457
11.535
11.603
11.659
11.705
11.739
11.761
11.773
11.773
11.761
11.739
11.705
11.659
11.603
11.535
11.457
11.367
11.266
11.154
11.031
10.898
10.754
10.599
10.434
10.259
10.073
9.8778
9.6726
9.4578
9.2336
9.0001
8.7576
8.5063
8.2464
7.9781
7.7017
7.4175
7.1257
6.8266
6.5205
6.2077
5.8884
5.5631
5.2319
4.8953
4.5537
4.2072
3.8564
3.5015
3.1429
2.781
2.4162
2.0488
1.6792
1.3079
0.93522
0.56153
0.18724
-0.18672
-0.55883
-0.93082
-0.80871
-0.48552
-0.16223
0.16268
0.48787
0.81254
1.1363
1.459
1.78
2.0992
2.4162
2.7306
3.0421
3.3505
3.6553
3.9563
4.2531
4.5456
4.8333
5.1159
5.3933
5.6651
5.9311
6.1909
6.4444
6.6914
6.9315
7.1646
7.3904
7.6087
7.8194
8.0223
8.2171
8.4037
8.582
8.7517
8.9128
9.0651
9.2085
9.3428
9.468
9.584
9.6906
9.7878
9.8755
9.9536
10.022
10.081
10.13
10.169
10.199
10.218
10.228
10.228
10.218
10.199
10.169
10.13
10.081
10.022
9.9536
9.8755
9.7878
9.6906
9.584
9.468
9.3428
9.2085
9.0651
8.9128
8.7517
8.582
8.4037
8.2171
8.0223
7.8194
7.6087
7.3904
7.1646
6.9315
6.6914
6.4444
6.1909
5.9311
5.6651
5.3933
5.1159
4.8333
4.5456
4.2531
3.9563
3.6553
3.3505
3.0421
2.7306
2.4162
2.0992
1.78
1.459
1.1363
0.81254
0.48787
0.16268
-0.16223
-0.48552
-0.80871
-0.68574
-0.4117
-0.13756
0.13794
0.41369
0.68899
0.96356
1.2371
1.5094
1.78
2.0488
2.3154
2.5796
2.841
3.0995
3.3547
3.6065
3.8544
4.0984
4.3381
4.5733
4.8037
5.0292
5.2496
5.4646
5.674
5.8776
6.0752
6.2667
6.4518
6.6305
6.8025
6.9677
7.1259
7.2771
7.421
7.5576
7.6868
7.8084
7.9223
8.0284
8.1268
8.2172
8.2996
8.3739
8.4401
8.4982
8.5481
8.5897
8.623
8.648
8.6647
8.673
8.673
8.6647
8.648
8.623
8.5897
8.5481
8.4982
8.4401
8.3739
8.2996
8.2172
8.1268
8.0284
7.9223
7.8084
7.6868
7.5576
7.421
7.2771
7.1259
6.9677
6.8025
6.6305
6.4518
6.2667
6.0752
5.8776
5.674
5.4646
5.2496
5.0292
4.8037
4.5733
4.3381
4.0984
3.8544
3.6065
3.3547
3.0995
2.841
2.5796
2.3154
2.0488
1.78
1.5094
1.2371
0.96356
0.68899
0.41369
0.13794
-0.13756
-0.4117
-0.68574
-0.56206
-0.33744
-0.11275
0.11306
0.33907
0.56472
0.78976
1.014
1.2371
1.459
1.6792
1.8978
2.1143
2.3286
2.5404
2.7496
2.956
3.1592
3.3591
3.5556
3.7484
3.9373
4.1221
4.3027
4.4789
4.6505
4.8174
4.9794
5.1364
5.2881
5.4345
5.5755
5.7109
5.8406
5.9645
6.0825
6.1945
6.3003
6.4
6.4933
6.5803
6.6609
6.735
6.8026
6.8635
6.9178
6.9654
7.0062
7.0403
7.0677
7.0882
7.1018
7.1087
7.1087
7.1018
7.0882
7.0677
7.0403
7.0062
6.9654
6.9178
6.8635
6.8026
6.735
6.6609
6.5803
6.4933
6.4
6.3003
6.1945
6.0825
5.9645
5.8406
5.7109
5.5755
5.4345
5.2881
5.1364
4.9794
4.8174
4.6505
4.4789
4.3027
4.1221
3.9373
3.7484
3.5556
3.3591
3.1592
2.956
2.7496
2.5404
2.3286
2.1143
1.8978
1.6792
1.459
1.2371
1.014
0.78976
0.56472
0.33907
0.11306
-0.11275
-0.33744
-0.56206
-0.43777
-0.26282
-0.087817
0.088062
0.26409
0.43984
0.61513
0.78976
0.96356
1.1363
1.3079
1.4781
1.6468
1.8137
1.9787
2.1416
2.3023
2.4606
2.6164
2.7694
2.9195
3.0667
3.2106
3.3513
3.4885
3.6222
3.7522
3.8784
4.0006
4.1188
4.2328
4.3427
4.4481
4.5491
4.6456
4.7375
4.8247
4.9072
4.9848
5.0575
5.1253
5.188
5.2458
5.2984
5.3458
5.3881
5.4252
5.457
5.4836
5.5048
5.5208
5.5315
5.5368
5.5368
5.5315
5.5208
5.5048
5.4836
5.457
5.4252
5.3881
5.3458
5.2984
5.2458
5.188
5.1253
5.0575
4.9848
4.9072
4.8247
4.7375
4.6456
4.5491
4.4481
4.3427
4.2328
4.1188
4.0006
3.8784
3.7522
3.6222
3.4885
3.3513
3.2106
3.0667
2.9195
2.7694
2.6164
2.4606
2.3023
2.1416
1.9787
1.8137
1.6468
1.4781
1.3079
1.1363
0.96356
0.78976
0.61513
0.43984
0.26409
0.088062
-0.087817
-0.26282
-0.43777
-0.31303
-0.18793
-0.062793
0.062968
0.18884
0.31451
0.43984
0.56472
0.68899
0.81254
0.93522
1.0569
1.1775
1.2969
1.4149
1.5314
1.6463
1.7595
1.8708
1.9802
2.0876
2.1928
2.2957
2.3963
2.4945
2.59
2.683
2.7732
2.8606
2.9451
3.0267
3.1052
3.1806
3.2528
3.3218
3.3875
3.4499
3.5088
3.5643
3.6163
3.6648
3.7097
3.7509
3.7886
3.8225
3.8527
3.8792
3.902
3.921
3.9362
3.9476
3.9552
3.959
3.959
3.9552
3.9476
3.9362
3.921
3.902
3.8792
3.8527
3.8225
3.7886
3.7509
3.7097
3.6648
3.6163
3.5643
3.5088
3.4499
3.3875
3.3218
3.2528
3.1806
3.1052
3.0267
2.9451
2.8606
2.7732
2.683
2.59
2.4945
2.3963
2.2957
2.1928
2.0876
1.9802
1.8708
1.7595
1.6463
1.5314
1.4149
1.2969
1.1775
1.0569
0.93522
0.81254
0.68899
0.56472
0.43984
0.31451
0.18884
0.062968
-0.062793
-0.18793
-0.31303
-0.18795
-0.11284
-0.037703
0.037808
0.11338
0.18884
0.26409
0.33907
0.41369
0.48787
0.56153
0.6346
0.70701
0.77867
0.84951
0.91947
0.98846
1.0564
1.1233
1.189
1.2534
1.3166
1.3784
1.4388
1.4977
1.5551
1.6109
1.6651
1.7176
1.7683
1.8173
1.8644
1.9097
1.9531
1.9945
2.034
2.0714
2.1068
2.1401
2.1713
2.2004
2.2274
2.2522
2.2747
2.2951
2.3133
2.3292
2.3429
2.3543
2.3634
2.3702
2.3748
2.3771
2.3771
2.3748
2.3702
2.3634
2.3543
2.3429
2.3292
2.3133
2.2951
2.2747
2.2522
2.2274
2.2004
2.1713
2.1401
2.1068
2.0714
2.034
1.9945
1.9531
1.9097
1.8644
1.8173
1.7683
1.7176
1.6651
1.6109
1.5551
1.4977
1.4388
1.3784
1.3166
1.2534
1.189
1.1233
1.0564
0.98846
0.91947
0.84951
0.77867
0.70701
0.6346
0.56153
0.48787
0.41369
0.33907
0.26409
0.18884
0.11338
0.037808
-0.037703
-0.11284
-0.18795
-0.062672
-0.037626
-0.012572
0.012607
0.037808
0.062968
0.088062
0.11306
0.13794
0.16268
0.18724
0.21161
0.23575
0.25965
0.28327
0.3066
0.3296
0.35226
0.37456
0.39646
0.41796
0.43902
0.45963
0.47977
0.49942
0.51856
0.53716
0.55523
0.57273
0.58965
0.60598
0.6217
0.63679
0.65126
0.66507
0.67822
0.69071
0.70251
0.71362
0.72403
0.73374
0.74272
0.75098
0.75852
0.76531
0.77136
0.77667
0.78123
0.78503
0.78808
0.79036
0.79189
0.79265
0.79265
0.79189
0.79036
0.78808
0.78503
0.78123
0.77667
0.77136
0.76531
0.75852
0.75098
0.74272
0.73374
0.72403
0.71362
0.70251
0.69071
0.67822
0.66507
0.65126
0.63679
0.6217
0.60598
0.58965
0.57273
0.55523
0.53716
0.51856
0.49942
0.47977
0.45963
0.43902
0.41796
0.39646
0.37456
0.35226
0.3296
0.3066
0.28327
0.25965
0.23575
0.21161
0.18724
0.16268
0.13794
0.11306
0.088062
0.062968
0.037808
0.012607
-0.012572
-0.037626
-0.062672
0.062497
0.037521
0.012537
-0.012572
-0.037703
-0.062793
-0.087817
-0.11275
-0.13756
-0.16223
-0.18672
-0.21102
-0.2351
-0.25893
-0.28248
-0.30574
-0.32869
-0.35128
-0.37352
-0.39536
-0.4168
-0.4378
-0.45836
-0.47844
-0.49803
-0.51711
-0.53567
-0.55368
-0.57113
-0.58801
-0.60429
-0.61997
-0.63502
-0.64944
-0.66322
-0.67634
-0.68879
-0.70056
-0.71164
-0.72202
-0.7317
-0.74066
-0.7489
-0.75641
-0.76318
-0.76922
-0.77451
-0.77906
-0.78285
-0.78588
-0.78816
-0.78968
-0.79044
-0.79044
-0.78968
-0.78816
-0.78588
-0.78285
-0.77906
-0.77451
-0.76922
-0.76318
-0.75641
-0.7489
-0.74066
-0.7317
-0.72202
-0.71164
-0.70056
-0.68879
-0.67634
-0.66322
-0.64944
-0.63502
-0.61997
-0.60429
-0.58801
-0.57113
-0.55368
-0.53567
-0.51711
-0.49803
-0.47844
-0.45836
-0.4378
-0.4168
-0.39536
-0.37352
-0.35128
-0.32869
-0.30574
-0.28248
-0.25893
-0.2351
-0.21102
-0.18672
-0.16223
-0.13756
-0.11275
-0.087817
-0.062793
-0.037703
-0.012572
0.012537
0.037521
0.062497
0.1876
0.11254
0.037521
-0.037626
-0.11284
-0.18793
-0.26282
-0.33744
-0.4117
-0.48552
-0.55883
-0.63155
-0.70361
-0.77492
-0.84542
-0.91504
-0.9837
-1.0513
-1.1179
-1.1833
-1.2474
-1.3103
-1.3718
-1.4319
-1.4905
-1.5476
-1.6032
-1.6571
-1.7093
-1.7598
-1.8085
-1.8555
-1.9005
-1.9437
-1.9849
-2.0242
-2.0614
-2.0967
-2.1298
-2.1609
-2.1898
-2.2167
-2.2413
-2.2638
-2.2841
-2.3021
-2.318
-2.3316
-2.3429
-2.352
-2.3588
-2.3634
-2.3657
-2.3657
-2.3634
-2.3588
-2.352
-2.3429
-2.3316
-2.318
-2.3021
-2.2841
-2.2638
-2.2413
-2.2167
-2.1898
-2.1609
-2.1298
-2.0967
-2.0614
-2.0242
-1.9849
-1.9437
-1.9005
-1.8555
-1.8085
-1.7598
-1.7093
-1.6571
-1.6032
-1.5476
-1.4905
-1.4319
-1.3718
-1.3103
-1.2474
-1.1833
-1.1179
-1.0513
-0.9837
-0.91504
-0.84542
-0.77492
-0.70361
-0.63155
-0.55883
-0.48552
-0.4117
-0.33744
-0.26282
-0.18793
-0.11284
-0.037626
0.037521
0.11254
0.1876
0.31278
0.1876
0.062497
-0.062672
-0.18795
-0.31303
-0.43777
-0.56206
-0.68574
-0.80871
-0.93082
-1.0519
-1.172
-1.2908
-1.4082
-1.5241
-1.6385
-1.7512
-1.862
-1.9709
-2.0778
-2.1825
-2.2849
-2.385
-2.4827
-2.5778
-2.6703
-2.7601
-2.8471
-2.9312
-3.0124
-3.0906
-3.1656
-3.2375
-3.3062
-3.3716
-3.4336
-3.4923
-3.5475
-3.5993
-3.6475
-3.6922
-3.7333
-3.7707
-3.8045
-3.8346
-3.861
-3.8836
-3.9025
-3.9177
-3.929
-3.9366
-3.9404
-3.9404
-3.9366
-3.929
-3.9177
-3.9025
-3.8836
-3.861
-3.8346
-3.8045
-3.7707
-3.7333
-3.6922
-3.6475
-3.5993
-3.5475
-3.4923
-3.4336
-3.3716
-3.3062
-3.2375
-3.1656
-3.0906
-3.0124
-2.9312
-2.8471
-2.7601
-2.6703
-2.5778
-2.4827
-2.385
-2.2849
-2.1825
-2.0778
-1.9709
-1.862
-1.7512
-1.6385
-1.5241
-1.4082
-1.2908
-1.172
-1.0519
-0.93082
-0.80871
-0.68574
-0.56206
-0.43777
-0.31303
-0.18795
-0.062672
0.062497
0.1876
0.31278
