0.68789
0.41278
0.13754
-0.13793
-0.41354
-0.68843
-0.96211
-1.2341
-1.504
-1.7712
-2.0354
-2.2961
-2.553
-2.8056
-3.0535
-3.2965
-3.5341
-3.7661
-3.9922
-4.2122
-4.4258
-4.6329
-4.8332
-5.0266
-5.213
-5.3924
-5.5645
-5.7295
-5.8872
-6.0376
-6.1808
-6.3168
-6.4457
-6.5675
-6.6822
-6.7901
-6.8911
-6.9853
-7.073
-7.1541
-7.2289
-7.2973
-7.3597
-7.4159
-7.4662
-7.5106
-7.5493
-7.5823
-7.6096
-7.6315
-7.6478
-7.6586
-7.6641
-7.6641
-7.6586
-7.6478
-7.6315
-7.6096
-7.5823
-7.5493
-7.5106
-7.4662
-7.4159
-7.3597
-7.2973
-7.2289
-7.1541
-7.073
-6.9853
-6.8911
-6.7901
-6.6822
-6.5675
-6.4457
-6.3168
-6.1808
-6.0376
-5.8872
-5.7295
-5.5645
-5.3924
-5.213
-5.0266
-4.8332
-4.6329
-4.4258
-4.2122
-3.9922
-3.7661
-3.5341
-3.2965
-3.0535
-2.8056
-2.553
-2.2961
-2.0354
-1.7712
-1.504
-1.2341
-0.96211
-0.68843
-0.41354
-0.13793
0.13754
0.41278
0.68789
0.41278
0.24773
0.082614
-0.082845
-0.24839
-0.4135
-0.57788
-0.74125
-0.90333
-1.0639
-1.2225
-1.3792
-1.5334
-1.6851
-1.8341
-1.98
-2.1227
-2.2621
-2.3979
-2.53
-2.6583
-2.7827
-2.903
-3.0192
-3.1312
-3.2389
-3.3423
-3.4413
-3.5361
-3.6264
-3.7125
-3.7941
-3.8715
-3.9447
-4.0136
-4.0784
-4.139
-4.1957
-4.2483
-4.2971
-4.342
-4.3831
-4.4205
-4.4543
-4.4845
-4.5112
-4.5344
-4.5542
-4.5707
-4.5838
-4.5936
-4.6001
-4.6033
-4.6033
-4.6001
-4.5936
-4.5838
-4.5707
-4.5542
-4.5344
-4.5112
-4.4845
-4.4543
-4.4205
-4.3831
-4.342
-4.2971
-4.2483
-4.1957
-4.139
-4.0784
-4.0136
-3.9447
-3.8715
-3.7941
-3.7125
-3.6264
-3.5361
-3.4413
-3.3423
-3.2389
-3.1312
-3.0192
-2.903
-2.7827
-2.6583
-2.53
-2.3979
-2.2621
-2.1227
-1.98
-1.8341
-1.6851
-1.5334
-1.3792
-1.2225
-1.0639
-0.90333
-0.74125
-0.57788
-0.4135
-0.24839
-0.082845
0.082614
0.24773
0.41278
0.13754
0.082614
0.02761
-0.027687
-0.083013
-0.13819
-0.19313
-0.24773
-0.3019
-0.35555
-0.40858
-0.46092
-0.51248
-0.56318
-0.61295
-0.66172
-0.70943
-0.756
-0.80139
-0.84555
-0.88843
-0.92999
-0.9702
-1.009
-1.0465
-1.0825
-1.117
-1.1501
-1.1818
-1.212
-1.2407
-1.268
-1.2939
-1.3183
-1.3414
-1.363
-1.3833
-1.4022
-1.4198
-1.4361
-1.4511
-1.4649
-1.4774
-1.4887
-1.4988
-1.5077
-1.5154
-1.5221
-1.5276
-1.5319
-1.5352
-1.5374
-1.5385
-1.5385
-1.5374
-1.5352
-1.5319
-1.5276
-1.5221
-1.5154
-1.5077
-1.4988
-1.4887
-1.4774
-1.4649
-1.4511
-1.4361
-1.4198
-1.4022
-1.3833
-1.363
-1.3414
-1.3183
-1.2939
-1.268
-1.2407
-1.212
-1.1818
-1.1501
-1.117
-1.0825
-1.0465
-1.009
-0.9702
-0.92999
-0.88843
-0.84555
-0.80139
-0.756
-0.70943
-0.66172
-0.61295
-0.56318
-0.51248
-0.46092
-0.40858
-0.35555
-0.3019
-0.24773
-0.19313
-0.13819
-0.083013
-0.027687
0.02761
0.082614
0.13754
-0.13793
-0.082845
-0.027687
0.027764
0.083244
0.13858
0.19367
0.24842
0.30274
0.35654
0.40972
0.4622
0.51391
0.56475
0.61466
0.66357
0.7114
0.75811
0.80362
0.84791
0.89091
0.93258
0.97291
1.0118
1.0494
1.0855
1.1201
1.1533
1.1851
1.2154
1.2442
1.2716
1.2975
1.322
1.3451
1.3668
1.3872
1.4061
1.4238
1.4401
1.4552
1.4689
1.4815
1.4928
1.5029
1.5119
1.5197
1.5263
1.5318
1.5362
1.5395
1.5417
1.5428
1.5428
1.5417
1.5395
1.5362
1.5318
1.5263
1.5197
1.5119
1.5029
1.4928
1.4815
1.4689
1.4552
1.4401
1.4238
1.4061
1.3872
1.3668
1.3451
1.322
1.2975
1.2716
1.2442
1.2154
1.1851
1.1533
1.1201
1.0855
1.0494
1.0118
0.97291
0.93258
0.89091
0.84791
0.80362
0.75811
0.7114
0.66357
0.61466
0.56475
0.51391
0.4622
0.40972
0.35654
0.30274
0.24842
0.19367
0.13858
0.083244
0.027764
-0.027687
-0.082845
-0.13793
-0.41354
-0.24839
-0.083013
0.083244
0.24959
0.41549
0.58066
0.74482
0.90769
1.069
1.2284
1.3858
1.5408
1.6933
1.8429
1.9895
2.133
2.273
2.4095
2.5422
2.6711
2.7961
2.917
3.0337
3.1463
3.2545
3.3584
3.4579
3.5531
3.6439
3.7304
3.8124
3.8902
3.9637
4.033
4.0981
4.159
4.2159
4.2688
4.3178
4.3629
4.4042
4.4418
4.4758
4.5061
4.5329
4.5563
4.5762
4.5927
4.6059
4.6157
4.6223
4.6256
4.6256
4.6223
4.6157
4.6059
4.5927
4.5762
4.5563
4.5329
4.5061
4.4758
4.4418
4.4042
4.3629
4.3178
4.2688
4.2159
4.159
4.0981
4.033
3.9637
3.8902
3.8124
3.7304
3.6439
3.5531
3.4579
3.3584
3.2545
3.1463
3.0337
2.917
2.7961
2.6711
2.5422
2.4095
2.273
2.133
1.9895
1.8429
1.6933
1.5408
1.3858
1.2284
1.069
0.90769
0.74482
0.58066
0.41549
0.24959
0.083244
-0.083013
-0.24839
-0.41354
-0.68843
-0.4135
-0.13819
0.13858
0.41549
0.69167
0.96664
1.2399
1.511
1.7795
2.045
2.307
2.565
2.8188
3.0679
3.312
3.5508
3.7839
4.0111
4.2321
4.4467
4.6547
4.856
5.0503
5.2376
5.4178
5.5908
5.7565
5.9149
6.0661
6.21
6.3466
6.4761
6.5985
6.7138
6.8221
6.9236
7.0183
7.1064
7.1879
7.263
7.3318
7.3944
7.4509
7.5014
7.5461
7.5849
7.6181
7.6456
7.6675
7.6839
7.6948
7.7002
7.7002
7.6948
7.6839
7.6675
7.6456
7.6181
7.5849
7.5461
7.5014
7.4509
7.3944
7.3318
7.263
7.1879
7.1064
7.0183
6.9236
6.8221
6.7138
6.5985
6.4761
6.3466
6.21
6.0661
5.9149
5.7565
5.5908
5.4178
5.2376
5.0503
4.856
4.6547
4.4467
4.2321
4.0111
3.7839
3.5508
3.312
3.0679
2.8188
2.565
2.307
2.045
1.7795
1.511
1.2399
0.96664
0.69167
0.41549
0.13858
-0.13819
-0.4135
-0.68843
-0.96211
-0.57788
-0.19313
0.19367
0.58066
0.96664
1.3509
1.7328
2.1117
2.487
2.858
3.2241
3.5847
3.9394
4.2875
4.6287
4.9623
5.2881
5.6056
5.9145
6.2145
6.5052
6.7864
7.058
7.3198
7.5716
7.8133
8.0449
8.2664
8.4776
8.6787
8.8697
9.0506
9.2216
9.3828
9.5342
9.676
9.8084
9.9315
10.045
10.15
10.246
10.334
10.413
10.484
10.546
10.6
10.647
10.685
10.716
10.739
10.754
10.761
10.761
10.754
10.739
10.716
10.685
10.647
10.6
10.546
10.484
10.413
10.334
10.246
10.15
10.045
9.9315
9.8084
9.676
9.5342
9.3828
9.2216
9.0506
8.8697
8.6787
8.4776
8.2664
8.0449
7.8133
7.5716
7.3198
7.058
6.7864
6.5052
6.2145
5.9145
5.6056
5.2881
4.9623
4.6287
4.2875
3.9394
3.5847
3.2241
2.858
2.487
2.1117
1.7328
1.3509
0.96664
0.58066
0.19367
-0.19313
-0.57788
-0.96211
-1.2341
-0.74125
-0.24773
0.24842
0.74482
1.2399
1.7328
2.2227
2.7088
3.1901
3.666
4.1356
4.5982
5.0531
5.4997
5.9372
6.3652
6.7831
7.1904
7.5866
7.9713
8.3443
8.705
9.0534
9.3892
9.7122
10.022
10.319
10.603
10.874
11.132
11.377
11.609
11.829
12.035
12.23
12.412
12.581
12.739
12.885
13.02
13.143
13.256
13.357
13.447
13.527
13.597
13.656
13.706
13.745
13.774
13.794
13.804
13.804
13.794
13.774
13.745
13.706
13.656
13.597
13.527
13.447
13.357
13.256
13.143
13.02
12.885
12.739
12.581
12.412
12.23
12.035
11.829
11.609
11.377
11.132
10.874
10.603
10.319
10.022
9.7122
9.3892
9.0534
8.705
8.3443
7.9713
7.5866
7.1904
6.7831
6.3652
5.9372
5.4997
5.0531
4.5982
4.1356
3.666
3.1901
2.7088
2.2227
1.7328
1.2399
0.74482
0.24842
-0.24773
-0.74125
-1.2341
-1.504
-0.90333
-0.3019
0.30274
0.90769
1.511
2.1117
2.7088
3.3011
3.8876
4.4676
5.0398
5.6036
6.158
6.7022
7.2355
7.7571
8.2663
8.7627
9.2455
9.7144
10.169
10.609
11.033
11.442
11.836
12.214
12.576
12.922
13.252
13.567
13.865
14.148
14.415
14.667
14.904
15.125
15.332
15.525
15.703
15.867
16.017
16.154
16.277
16.388
16.485
16.57
16.643
16.703
16.751
16.786
16.81
16.822
16.822
16.81
16.786
16.751
16.703
16.643
16.57
16.485
16.388
16.277
16.154
16.017
15.867
15.703
15.525
15.332
15.125
14.904
14.667
14.415
14.148
13.865
13.567
13.252
12.922
12.576
12.214
11.836
11.442
11.033
10.609
10.169
9.7144
9.2455
8.7627
8.2663
7.7571
7.2355
6.7022
6.158
5.6036
5.0398
4.4676
3.8876
3.3011
2.7088
2.1117
1.511
0.90769
0.30274
-0.3019
-0.90333
-1.504
-1.7712
-1.0639
-0.35555
0.35654
1.069
1.7795
2.487
3.1901
3.8876
4.5785
5.2614
5.9354
6.5994
7.2523
7.8932
8.5212
9.1355
9.7352
10.32
10.888
11.441
11.976
12.494
12.994
13.476
13.939
14.384
14.81
15.218
15.607
15.977
16.329
16.662
16.977
17.273
17.552
17.813
18.057
18.284
18.493
18.687
18.864
19.025
19.17
19.3
19.415
19.515
19.6
19.671
19.727
19.769
19.797
19.812
19.812
19.797
19.769
19.727
19.671
19.6
19.515
19.415
19.3
19.17
19.025
18.864
18.687
18.493
18.284
18.057
17.813
17.552
17.273
16.977
16.662
16.329
15.977
15.607
15.218
14.81
14.384
13.939
13.476
12.994
12.494
11.976
11.441
10.888
10.32
9.7352
9.1355
8.5212
7.8932
7.2523
6.5994
5.9354
5.2614
4.5785
3.8876
3.1901
2.487
1.7795
1.069
0.35654
-0.35555
-1.0639
-1.7712
-2.0354
-1.2225
-0.40858
0.40972
1.2284
2.045
2.858
3.666
4.4676
5.2614
6.0463
6.8208
7.5838
8.3341
9.0706
9.7923
10.498
11.187
11.859
12.513
13.147
13.762
14.357
14.932
15.486
16.018
16.53
17.02
17.488
17.935
18.361
18.765
19.147
19.509
19.85
20.17
20.47
20.75
21.011
21.252
21.474
21.677
21.862
22.03
22.179
22.311
22.426
22.524
22.605
22.67
22.718
22.751
22.767
22.767
22.751
22.718
22.67
22.605
22.524
22.426
22.311
22.179
22.03
21.862
21.677
21.474
21.252
21.011
20.75
20.47
20.17
19.85
19.509
19.147
18.765
18.361
17.935
17.488
17.02
16.53
16.018
15.486
14.932
14.357
13.762
13.147
12.513
11.859
11.187
10.498
9.7923
9.0706
8.3341
7.5838
6.8208
6.0463
5.2614
4.4676
3.666
2.858
2.045
1.2284
0.40972
-0.40858
-1.2225
-2.0354
-2.2961
-1.3792
-0.46092
0.4622
1.3858
2.307
3.2241
4.1356
5.0398
5.9354
6.8208
7.6945
8.5552
9.4017
10.233
11.047
11.843
12.621
13.378
14.115
14.831
15.525
16.196
16.845
17.469
18.07
18.647
19.2
19.728
20.233
20.713
21.168
21.6
22.008
22.393
22.754
23.093
23.409
23.702
23.974
24.225
24.454
24.663
24.852
25.02
25.169
25.299
25.409
25.501
25.574
25.629
25.665
25.683
25.683
25.665
25.629
25.574
25.501
25.409
25.299
25.169
25.02
24.852
24.663
24.454
24.225
23.974
23.702
23.409
23.093
22.754
22.393
22.008
21.6
21.168
20.713
20.233
19.728
19.2
18.647
18.07
17.469
16.845
16.196
15.525
14.831
14.115
13.378
12.621
11.843
11.047
10.233
9.4017
8.5552
7.6945
6.8208
5.9354
5.0398
4.1356
3.2241
2.307
1.3858
0.4622
-0.46092
-1.3792
-2.2961
-2.553
-1.5334
-0.51248
0.51391
1.5408
2.565
3.5847
4.5982
5.6036
6.5994
7.5838
8.5552
9.5123
10.453
11.377
12.282
13.168
14.032
14.875
15.694
16.49
17.262
18.008
18.729
19.424
20.092
20.733
21.348
21.935
22.496
23.03
23.536
24.017
24.47
24.898
25.3
25.676
26.027
26.354
26.656
26.935
27.19
27.422
27.632
27.819
27.985
28.129
28.252
28.354
28.435
28.496
28.536
28.556
28.556
28.536
28.496
28.435
28.354
28.252
28.129
27.985
27.819
27.632
27.422
27.19
26.935
26.656
26.354
26.027
25.676
25.3
24.898
24.47
24.017
23.536
23.03
22.496
21.935
21.348
20.733
20.092
19.424
18.729
18.008
17.262
16.49
15.694
14.875
14.032
13.168
12.282
11.377
10.453
9.5123
8.5552
7.5838
6.5994
5.6036
4.5982
3.5847
2.565
1.5408
0.51391
-0.51248
-1.5334
-2.553
-2.8056
-1.6851
-0.56318
0.56475
1.6933
2.8188
3.9394
5.0531
6.158
7.2523
8.3341
9.4017
10.453
11.488
12.503
13.498
14.471
15.421
16.346
17.247
18.122
18.97
19.79
20.582
21.345
22.08
22.784
23.46
24.106
24.722
25.308
25.865
26.393
26.891
27.361
27.803
28.216
28.602
28.961
29.294
29.6
29.88
30.135
30.365
30.571
30.753
30.912
31.047
31.159
31.248
31.315
31.36
31.382
31.382
31.36
31.315
31.248
31.159
31.047
30.912
30.753
30.571
30.365
30.135
29.88
29.6
29.294
28.961
28.602
28.216
27.803
27.361
26.891
26.393
25.865
25.308
24.722
24.106
23.46
22.784
22.08
21.345
20.582
19.79
18.97
18.122
17.247
16.346
15.421
14.471
13.498
12.503
11.488
10.453
9.4017
8.3341
7.2523
6.158
5.0531
3.9394
2.8188
1.6933
0.56475
-0.56318
-1.6851
-2.8056
-3.0535
-1.8341
-0.61295
0.61466
1.8429
3.0679
4.2875
5.4997
6.7022
7.8932
9.0706
10.233
11.377
12.503
13.608
14.69
15.749
16.783
17.791
18.771
19.723
20.646
21.539
22.401
23.232
24.031
24.798
25.533
26.236
26.906
27.545
28.151
28.725
29.268
29.779
30.26
30.71
31.13
31.521
31.882
32.216
32.521
32.798
33.049
33.273
33.471
33.644
33.791
33.913
34.01
34.083
34.131
34.155
34.155
34.131
34.083
34.01
33.913
33.791
33.644
33.471
33.273
33.049
32.798
32.521
32.216
31.882
31.521
31.13
30.71
30.26
29.779
29.268
28.725
28.151
27.545
26.906
26.236
25.533
24.798
24.031
23.232
22.401
21.539
20.646
19.723
18.771
17.791
16.783
15.749
14.69
13.608
12.503
11.377
10.233
9.0706
7.8932
6.7022
5.4997
4.2875
3.0679
1.8429
0.61466
-0.61295
-1.8341
-3.0535
-3.2965
-1.98
-0.66172
0.66357
1.9895
3.312
4.6287
5.9372
7.2355
8.5212
9.7923
11.047
12.282
13.498
14.69
15.859
17.003
18.119
19.207
20.265
21.293
22.289
23.253
24.183
25.08
25.943
26.771
27.565
28.323
29.047
29.736
30.391
31.011
31.597
32.149
32.668
33.154
33.607
34.029
34.419
34.779
35.108
35.408
35.679
35.921
36.135
36.321
36.479
36.611
36.716
36.795
36.847
36.873
36.873
36.847
36.795
36.716
36.611
36.479
36.321
36.135
35.921
35.679
35.408
35.108
34.779
34.419
34.029
33.607
33.154
32.668
32.149
31.597
31.011
30.391
29.736
29.047
28.323
27.565
26.771
25.943
25.08
24.183
23.253
22.289
21.293
20.265
19.207
18.119
17.003
15.859
14.69
13.498
12.282
11.047
9.7923
8.5212
7.2355
5.9372
4.6287
3.312
1.9895
0.66357
-0.66172
-1.98
-3.2965
-3.5341
-2.1227
-0.70943
0.7114
2.133
3.5508
4.9623
6.3652
7.7571
9.1355
10.498
11.843
13.168
14.471
15.749
17.003
18.228
19.425
20.591
21.726
22.828
23.896
24.929
25.927
26.888
27.813
28.701
29.552
30.365
31.141
31.88
32.582
33.246
33.874
34.466
35.023
35.544
36.03
36.482
36.901
37.286
37.639
37.961
38.251
38.51
38.74
38.939
39.109
39.25
39.363
39.447
39.503
39.531
39.531
39.503
39.447
39.363
39.25
39.109
38.939
38.74
38.51
38.251
37.961
37.639
37.286
36.901
36.482
36.03
35.544
35.023
34.466
33.874
33.246
32.582
31.88
31.141
30.365
29.552
28.701
27.813
26.888
25.927
24.929
23.896
22.828
21.726
20.591
19.425
18.228
17.003
15.749
14.471
13.168
11.843
10.498
9.1355
7.7571
6.3652
4.9623
3.5508
2.133
0.7114
-0.70943
-2.1227
-3.5341
-3.7661
-2.2621
-0.756
0.75811
2.273
3.7839
5.2881
6.7831
8.2663
9.7352
11.187
12.621
14.032
15.421
16.783
18.119
19.425
20.7
21.943
23.152
24.326
25.464
26.566
27.629
28.653
29.639
30.585
31.492
32.359
33.186
33.973
34.721
35.429
36.099
36.729
37.322
37.877
38.395
38.877
39.323
39.734
40.111
40.453
40.762
41.039
41.283
41.496
41.677
41.827
41.947
42.037
42.097
42.127
42.127
42.097
42.037
41.947
41.827
41.677
41.496
41.283
41.039
40.762
40.453
40.111
39.734
39.323
38.877
38.395
37.877
37.322
36.729
36.099
35.429
34.721
33.973
33.186
32.359
31.492
30.585
29.639
28.653
27.629
26.566
25.464
24.326
23.152
21.943
20.7
19.425
18.119
16.783
15.421
14.032
12.621
11.187
9.7352
8.2663
6.7831
5.2881
3.7839
2.273
0.75811
-0.756
-2.2621
-3.7661
-3.9922
-2.3979
-0.80139
0.80362
2.4095
4.0111
5.6056
7.1904
8.7627
10.32
11.859
13.378
14.875
16.346
17.791
19.207
20.591
21.943
23.261
24.542
25.787
26.993
28.161
29.288
30.374
31.419
32.422
33.383
34.302
35.179
36.013
36.806
37.556
38.266
38.935
39.563
40.152
40.701
41.212
41.685
42.12
42.519
42.882
43.21
43.503
43.762
43.987
44.18
44.339
44.466
44.561
44.625
44.656
44.656
44.625
44.561
44.466
44.339
44.18
43.987
43.762
43.503
43.21
42.882
42.519
42.12
41.685
41.212
40.701
40.152
39.563
38.935
38.266
37.556
36.806
36.013
35.179
34.302
33.383
32.422
31.419
30.374
29.288
28.161
26.993
25.787
24.542
23.261
21.943
20.591
19.207
17.791
16.346
14.875
13.378
11.859
10.32
8.7627
7.1904
5.6056
4.0111
2.4095
0.80362
-0.80139
-2.3979
-3.9922
-4.2122
-2.53
-0.84555
0.84791
2.5422
4.2321
5.9145
7.5866
9.2455
10.888
12.513
14.115
15.694
17.247
18.771
20.265
21.726
23.152
24.542
25.895
27.208
28.481
29.712
30.902
32.048
33.15
34.209
35.223
36.192
37.117
37.998
38.834
39.626
40.375
41.08
41.743
42.364
42.944
43.483
43.982
44.441
44.862
45.245
45.591
45.9
46.174
46.411
46.614
46.783
46.917
47.017
47.084
47.117
47.117
47.084
47.017
46.917
46.783
46.614
46.411
46.174
45.9
45.591
45.245
44.862
44.441
43.982
43.483
42.944
42.364
41.743
41.08
40.375
39.626
38.834
37.998
37.117
36.192
35.223
34.209
33.15
32.048
30.902
29.712
28.481
27.208
25.895
24.542
23.152
21.726
20.265
18.771
17.247
15.694
14.115
12.513
10.888
9.2455
7.5866
5.9145
4.2321
2.5422
0.84791
-0.84555
-2.53
-4.2122
-4.4258
-2.6583
-0.88843
0.89091
2.6711
4.4467
6.2145
7.9713
9.7144
11.441
13.147
14.831
16.49
18.122
19.723
21.293
22.828
24.326
25.787
27.208
28.588
29.925
31.219
32.469
33.673
34.831
35.943
37.009
38.028
39
39.925
40.803
41.636
42.422
43.164
43.86
44.513
45.122
45.688
46.212
46.695
47.138
47.54
47.904
48.228
48.516
48.765
48.978
49.155
49.296
49.402
49.472
49.507
49.507
49.472
49.402
49.296
49.155
48.978
48.765
48.516
48.228
47.904
47.54
47.138
46.695
46.212
45.688
45.122
44.513
43.86
43.164
42.422
41.636
40.803
39.925
39
38.028
37.009
35.943
34.831
33.673
32.469
31.219
29.925
28.588
27.208
25.787
24.326
22.828
21.293
19.723
18.122
16.49
14.831
13.147
11.441
9.7144
7.9713
6.2145
4.4467
2.6711
0.89091
-0.88843
-2.6583
-4.4258
-4.6329
-2.7827
-0.92999
0.93258
2.7961
4.6547
6.5052
8.3443
10.169
11.976
13.762
15.525
17.262
18.97
20.646
22.289
23.896
25.464
26.993
28.481
29.925
31.325
32.68
33.988
35.248
36.461
37.625
38.74
39.807
40.824
41.793
42.712
43.584
44.407
45.183
45.912
46.596
47.233
47.826
48.375
48.88
49.343
49.764
50.145
50.485
50.785
51.047
51.27
51.455
51.603
51.713
51.787
51.823
51.823
51.787
51.713
51.603
51.455
51.27
51.047
50.785
50.485
50.145
49.764
49.343
48.88
48.375
47.826
47.233
46.596
45.912
45.183
44.407
43.584
42.712
41.793
40.824
39.807
38.74
37.625
36.461
35.248
33.988
32.68
31.325
29.925
28.481
26.993
25.464
23.896
22.289
20.646
18.97
17.262
15.525
13.762
11.976
10.169
8.3443
6.5052
4.6547
2.7961
0.93258
-0.92999
-2.7827
-4.6329
-4.8332
-2.903
-0.9702
0.97291
2.917
4.856
6.7864
8.705
10.609
12.494
14.357
16.196
18.008
19.79
21.539
23.253
24.929
26.566
28.161
29.712
31.219
32.68
34.093
35.457
36.772
38.037
39.252
40.416
41.528
42.589
43.6
44.559
45.468
46.327
47.137
47.898
48.61
49.275
49.894
50.466
50.994
51.477
51.916
52.313
52.668
52.982
53.254
53.487
53.68
53.834
53.949
54.026
54.064
54.064
54.026
53.949
53.834
53.68
53.487
53.254
52.982
52.668
52.313
51.916
51.477
50.994
50.466
49.894
49.275
48.61
47.898
47.137
46.327
45.468
44.559
43.6
42.589
41.528
40.416
39.252
38.037
36.772
35.457
34.093
32.68
31.219
29.712
28.161
26.566
24.929
23.253
21.539
19.79
18.008
16.196
14.357
12.494
10.609
8.705
6.7864
4.856
2.917
0.97291
-0.9702
-2.903
-4.8332
-5.0266
-3.0192
-1.009
1.0118
3.0337
5.0503
7.058
9.0534
11.033
12.994
14.932
16.845
18.729
20.582
22.401
24.183
25.927
27.629
29.288
30.902
32.469
33.988
35.457
36.876
38.244
39.56
40.823
42.033
43.19
44.294
45.345
46.343
47.288
48.182
49.024
49.815
50.556
51.248
51.891
52.486
53.035
53.537
53.994
54.407
54.776
55.102
55.386
55.628
55.829
55.989
56.109
56.188
56.228
56.228
56.188
56.109
55.989
55.829
55.628
55.386
55.102
54.776
54.407
53.994
53.537
53.035
52.486
51.891
51.248
50.556
49.815
49.024
48.182
47.288
46.343
45.345
44.294
43.19
42.033
40.823
39.56
38.244
36.876
35.457
33.988
32.469
30.902
29.288
27.629
25.927
24.183
22.401
20.582
18.729
16.845
14.932
12.994
11.033
9.0534
7.058
5.0503
3.0337
1.0118
-1.009
-3.0192
-5.0266
-5.213
-3.1312
-1.0465
1.0494
3.1463
5.2376
7.3198
9.3892
11.442
13.476
15.486
17.469
19.424
21.345
23.232
25.08
26.888
28.653
30.374
32.048
33.673
35.248
36.772
38.244
39.663
41.027
42.337
43.592
44.792
45.937
47.027
48.062
49.042
49.969
50.842
51.663
52.431
53.149
53.816
54.433
55.002
55.523
55.997
56.425
56.808
57.146
57.44
57.691
57.9
58.066
58.19
58.273
58.314
58.314
58.273
58.19
58.066
57.9
57.691
57.44
57.146
56.808
56.425
55.997
55.523
55.002
54.433
53.816
53.149
52.431
51.663
50.842
49.969
49.042
48.062
47.027
45.937
44.792
43.592
42.337
41.027
39.663
38.244
36.772
35.248
33.673
32.048
30.374
28.653
26.888
25.08
23.232
21.345
19.424
17.469
15.486
13.476
11.442
9.3892
7.3198
5.2376
3.1463
1.0494
-1.0465
-3.1312
-5.213
-5.3924
-3.2389
-1.0825
1.0855
3.2545
5.4178
7.5716
9.7122
11.836
13.939
16.018
18.07
20.092
22.08
24.031
25.943
27.813
29.639
31.419
33.15
34.831
36.461
38.037
39.56
41.027
42.439
43.794
45.092
46.333
47.517
48.645
49.715
50.729
51.688
52.591
53.44
54.235
54.977
55.667
56.306
56.894
57.433
57.924
58.367
58.763
59.112
59.417
59.676
59.892
60.064
60.192
60.278
60.32
60.32
60.278
60.192
60.064
59.892
59.676
59.417
59.112
58.763
58.367
57.924
57.433
56.894
56.306
55.667
54.977
54.235
53.44
52.591
51.688
50.729
49.715
48.645
47.517
46.333
45.092
43.794
42.439
41.027
39.56
38.037
36.461
34.831
33.15
31.419
29.639
27.813
25.943
24.031
22.08
20.092
18.07
16.018
13.939
11.836
9.7122
7.5716
5.4178
3.2545
1.0855
-1.0825
-3.2389
-5.3924
-5.5645
-3.3423
-1.117
1.1201
3.3584
5.5908
7.8133
10.022
12.214
14.384
16.53
18.647
20.733
22.784
24.798
26.771
28.701
30.585
32.422
34.209
35.943
37.625
39.252
40.823
42.337
43.794
45.192
46.532
47.812
49.035
50.198
51.303
52.349
53.338
54.271
55.147
55.967
56.733
57.445
58.104
58.711
59.267
59.774
60.23
60.639
61
61.314
61.582
61.804
61.982
62.114
62.203
62.247
62.247
62.203
62.114
61.982
61.804
61.582
61.314
61
60.639
60.23
59.774
59.267
58.711
58.104
57.445
56.733
55.967
55.147
54.271
53.338
52.349
51.303
50.198
49.035
47.812
46.532
45.192
43.794
42.337
40.823
39.252
37.625
35.943
34.209
32.422
30.585
28.701
26.771
24.798
22.784
20.733
18.647
16.53
14.384
12.214
10.022
7.8133
5.5908
3.3584
1.1201
-1.117
-3.3423
-5.5645
-5.7295
-3.4413
-1.1501
1.1533
3.4579
5.7565
8.0449
10.319
12.576
14.81
17.02
19.2
21.348
23.46
25.533
27.565
29.552
31.492
33.383
35.223
37.009
38.74
40.416
42.033
43.592
45.092
46.532
47.911
49.23
50.488
51.686
52.823
53.901
54.92
55.88
56.781
57.626
58.415
59.148
59.827
60.452
61.025
61.546
62.016
62.437
62.808
63.132
63.408
63.637
63.819
63.956
64.047
64.092
64.092
64.047
63.956
63.819
63.637
63.408
63.132
62.808
62.437
62.016
61.546
61.025
60.452
59.827
59.148
58.415
57.626
56.781
55.88
54.92
53.901
52.823
51.686
50.488
49.23
47.911
46.532
45.092
43.592
42.033
40.416
38.74
37.009
35.223
33.383
31.492
29.552
27.565
25.533
23.46
21.348
19.2
17.02
14.81
12.576
10.319
8.0449
5.7565
3.4579
1.1533
-1.1501
-3.4413
-5.7295
-5.8872
-3.5361
-1.1818
1.1851
3.5531
5.9149
8.2664
10.603
12.922
15.218
17.488
19.728
21.935
24.106
26.236
28.323
30.365
32.359
34.302
36.192
38.028
39.807
41.528
43.19
44.792
46.333
47.812
49.23
50.585
51.878
53.109
54.278
55.385
56.432
57.418
58.345
59.213
60.023
60.776
61.474
62.116
62.705
63.24
63.723
64.156
64.538
64.87
65.154
65.389
65.576
65.717
65.81
65.857
65.857
65.81
65.717
65.576
65.389
65.154
64.87
64.538
64.156
63.723
63.24
62.705
62.116
61.474
60.776
60.023
59.213
58.345
57.418
56.432
55.385
54.278
53.109
51.878
50.585
49.23
47.812
46.333
44.792
43.19
41.528
39.807
38.028
36.192
34.302
32.359
30.365
28.323
26.236
24.106
21.935
19.728
17.488
15.218
12.922
10.603
8.2664
5.9149
3.5531
1.1851
-1.1818
-3.5361
-5.8872
-6.0376
-3.6264
-1.212
1.2154
3.6439
6.0661
8.4776
10.874
13.252
15.607
17.935
20.233
22.496
24.722
26.906
29.047
31.141
33.186
35.179
37.117
39
40.824
42.589
44.294
45.937
47.517
49.035
50.488
51.878
53.204
54.466
55.665
56.801
57.874
58.885
59.836
60.726
61.557
62.33
63.045
63.704
64.307
64.857
65.352
65.796
66.187
66.528
66.819
67.06
67.253
67.396
67.492
67.54
67.54
67.492
67.396
67.253
67.06
66.819
66.528
66.187
65.796
65.352
64.857
64.307
63.704
63.045
62.33
61.557
60.726
59.836
58.885
57.874
56.801
55.665
54.466
53.204
51.878
50.488
49.035
47.517
45.937
44.294
42.589
40.824
39
37.117
35.179
33.186
31.141
29.047
26.906
24.722
22.496
20.233
17.935
15.607
13.252
10.874
8.4776
6.0661
3.6439
1.2154
-1.212
-3.6264
-6.0376
-6.1808
-3.7125
-1.2407
1.2442
3.7304
6.21
8.6787
11.132
13.567
15.977
18.361
20.713
23.03
25.308
27.545
29.736
31.88
33.973
36.013
37.998
39.925
41.793
43.6
45.345
47.027
48.645
50.198
51.686
53.109
54.466
55.758
56.986
58.148
59.247
60.282
61.255
62.167
63.018
63.808
64.541
65.215
65.833
66.395
66.903
67.357
67.758
68.107
68.404
68.651
68.848
68.996
69.094
69.143
69.143
69.094
68.996
68.848
68.651
68.404
68.107
67.758
67.357
66.903
66.395
65.833
65.215
64.541
63.808
63.018
62.167
61.255
60.282
59.247
58.148
56.986
55.758
54.466
53.109
51.686
50.198
48.645
47.027
45.345
43.6
41.793
39.925
37.998
36.013
33.973
31.88
29.736
27.545
25.308
23.03
20.713
18.361
15.977
13.567
11.132
8.6787
6.21
3.7304
1.2442
-1.2407
-3.7125
-6.1808
-6.3168
-3.7941
-1.268
1.2716
3.8124
6.3466
8.8697
11.377
13.865
16.329
18.765
21.168
23.536
25.865
28.151
30.391
32.582
34.721
36.806
38.834
40.803
42.712
44.559
46.343
48.062
49.715
51.303
52.823
54.278
55.665
56.986
58.24
59.428
60.551
61.609
62.604
63.535
64.405
65.213
65.961
66.651
67.282
67.857
68.376
68.839
69.249
69.606
69.91
70.163
70.364
70.514
70.615
70.665
70.665
70.615
70.514
70.364
70.163
69.91
69.606
69.249
68.839
68.376
67.857
67.282
66.651
65.961
65.213
64.405
63.535
62.604
61.609
60.551
59.428
58.24
56.986
55.665
54.278
52.823
51.303
49.715
48.062
46.343
44.559
42.712
40.803
38.834
36.806
34.721
32.582
30.391
28.151
25.865
23.536
21.168
18.765
16.329
13.865
11.377
8.8697
6.3466
3.8124
1.2716
-1.268
-3.7941
-6.3168
-6.4457
-3.8715
-1.2939
1.2975
3.8902
6.4761
9.0506
11.609
14.148
16.662
19.147
21.6
24.017
26.393
28.725
31.011
33.246
35.429
37.556
39.626
41.636
43.584
45.468
47.288
49.042
50.729
52.349
53.901
55.385
56.801
58.148
59.428
60.641
61.787
62.866
63.881
64.832
65.719
66.544
67.307
68.011
68.655
69.242
69.771
70.244
70.662
71.026
71.337
71.594
71.8
71.953
72.056
72.107
72.107
72.056
71.953
71.8
71.594
71.337
71.026
70.662
70.244
69.771
69.242
68.655
68.011
67.307
66.544
65.719
64.832
63.881
62.866
61.787
60.641
59.428
58.148
56.801
55.385
53.901
52.349
50.729
49.042
47.288
45.468
43.584
41.636
39.626
37.556
35.429
33.246
31.011
28.725
26.393
24.017
21.6
19.147
16.662
14.148
11.609
9.0506
6.4761
3.8902
1.2975
-1.2939
-3.8715
-6.4457
-6.5675
-3.9447
-1.3183
1.322
3.9637
6.5985
9.2216
11.829
14.415
16.977
19.509
22.008
24.47
26.891
29.268
31.597
33.874
36.099
38.266
40.375
42.422
44.407
46.327
48.182
49.969
51.688
53.338
54.92
56.432
57.874
59.247
60.551
61.787
62.954
64.054
65.088
66.057
66.961
67.801
68.579
69.296
69.953
70.55
71.089
71.572
71.998
72.369
72.685
72.947
73.157
73.313
73.417
73.469
73.469
73.417
73.313
73.157
72.947
72.685
72.369
71.998
71.572
71.089
70.55
69.953
69.296
68.579
67.801
66.961
66.057
65.088
64.054
62.954
61.787
60.551
59.247
57.874
56.432
54.92
53.338
51.688
49.969
48.182
46.327
44.407
42.422
40.375
38.266
36.099
33.874
31.597
29.268
26.891
24.47
22.008
19.509
16.977
14.415
11.829
9.2216
6.5985
3.9637
1.322
-1.3183
-3.9447
-6.5675
-6.6822
-4.0136
-1.3414
1.3451
4.033
6.7138
9.3828
12.035
14.667
17.273
19.85
22.393
24.898
27.361
29.779
32.149
34.466
36.729
38.935
41.08
43.164
45.183
47.137
49.024
50.842
52.591
54.271
55.88
57.418
58.885
60.282
61.609
62.866
64.054
65.174
66.226
67.211
68.131
68.986
69.778
70.507
71.175
71.783
72.332
72.823
73.256
73.634
73.955
74.222
74.435
74.595
74.701
74.754
74.754
74.701
74.595
74.435
74.222
73.955
73.634
73.256
72.823
72.332
71.783
71.175
70.507
69.778
68.986
68.131
67.211
66.226
65.174
64.054
62.866
61.609
60.282
58.885
57.418
55.88
54.271
52.591
50.842
49.024
47.137
45.183
43.164
41.08
38.935
36.729
34.466
32.149
29.779
27.361
24.898
22.393
19.85
17.273
14.667
12.035
9.3828
6.7138
4.033
1.3451
-1.3414
-4.0136
-6.6822
-6.7901
-4.0784
-1.363
1.3668
4.0981
6.8221
9.5342
12.23
14.904
17.552
20.17
22.754
25.3
27.803
30.26
32.668
35.023
37.322
39.563
41.743
43.86
45.912
47.898
49.815
51.663
53.44
55.147
56.781
58.345
59.836
61.255
62.604
63.881
65.088
66.226
67.295
68.296
69.231
70.1
70.904
71.645
72.324
72.942
73.5
73.998
74.439
74.822
75.149
75.421
75.637
75.799
75.907
75.96
75.96
75.907
75.799
75.637
75.421
75.149
74.822
74.439
73.998
73.5
72.942
72.324
71.645
70.904
70.1
69.231
68.296
67.295
66.226
65.088
63.881
62.604
61.255
59.836
58.345
56.781
55.147
53.44
51.663
49.815
47.898
45.912
43.86
41.743
39.563
37.322
35.023
32.668
30.26
27.803
25.3
22.754
20.17
17.552
14.904
12.23
9.5342
6.8221
4.0981
1.3668
-1.363
-4.0784
-6.7901
-6.8911
-4.139
-1.3833
1.3872
4.159
6.9236
9.676
12.412
15.125
17.813
20.47
23.093
25.676
28.216
30.71
33.154
35.544
37.877
40.152
42.364
44.513
46.596
48.61
50.556
52.431
54.235
55.967
57.626
59.213
60.726
62.167
63.535
64.832
66.057
67.211
68.296
69.312
70.261
71.143
71.959
72.711
73.4
74.027
74.593
75.099
75.547
75.936
76.268
76.543
76.763
76.927
77.036
77.091
77.091
77.036
76.927
76.763
76.543
76.268
75.936
75.547
75.099
74.593
74.027
73.4
72.711
71.959
71.143
70.261
69.312
68.296
67.211
66.057
64.832
63.535
62.167
60.726
59.213
57.626
55.967
54.235
52.431
50.556
48.61
46.596
44.513
42.364
40.152
37.877
35.544
33.154
30.71
28.216
25.676
23.093
20.47
17.813
15.125
12.412
9.676
6.9236
4.159
1.3872
-1.3833
-4.139
-6.8911
-6.9853
-4.1957
-1.4022
1.4061
4.2159
7.0183
9.8084
12.581
15.332
18.057
20.75
23.409
26.027
28.602
31.13
33.607
36.03
38.395
40.701
42.944
45.122
47.233
49.275
51.248
53.149
54.977
56.733
58.415
60.023
61.557
63.018
64.405
65.719
66.961
68.131
69.231
70.261
71.222
72.116
72.944
73.707
74.405
75.04
75.614
76.127
76.58
76.975
77.311
77.591
77.813
77.98
78.09
78.146
78.146
78.09
77.98
77.813
77.591
77.311
76.975
76.58
76.127
75.614
75.04
74.405
73.707
72.944
72.116
71.222
70.261
69.231
68.131
66.961
65.719
64.405
63.018
61.557
60.023
58.415
56.733
54.977
53.149
51.248
49.275
47.233
45.122
42.944
40.701
38.395
36.03
33.607
31.13
28.602
26.027
23.409
20.75
18.057
15.332
12.581
9.8084
7.0183
4.2159
1.4061
-1.4022
-4.1957
-6.9853
-7.073
-4.2483
-1.4198
1.4238
4.2688
7.1064
9.9315
12.739
15.525
18.284
21.011
23.702
26.354
28.961
31.521
34.029
36.482
38.877
41.212
43.483
45.688
47.826
49.894
51.891
53.816
55.667
57.445
59.148
60.776
62.33
63.808
65.213
66.544
67.801
68.986
70.1
71.143
72.116
73.022
73.86
74.632
75.339
75.982
76.563
77.083
77.542
77.941
78.282
78.565
78.79
78.959
79.071
79.127
79.127
79.071
78.959
78.79
78.565
78.282
77.941
77.542
77.083
76.563
75.982
75.339
74.632
73.86
73.022
72.116
71.143
70.1
68.986
67.801
66.544
65.213
63.808
62.33
60.776
59.148
57.445
55.667
53.816
51.891
49.894
47.826
45.688
43.483
41.212
38.877
36.482
34.029
31.521
28.961
26.354
23.702
21.011
18.284
15.525
12.739
9.9315
7.1064
4.2688
1.4238
-1.4198
-4.2483
-7.073
-7.1541
-4.2971
-1.4361
1.4401
4.3178
7.1879
10.045
12.885
15.703
18.493
21.252
23.974
26.656
29.294
31.882
34.419
36.901
39.323
41.685
43.982
46.212
48.375
50.466
52.486
54.433
56.306
58.104
59.827
61.474
63.045
64.541
65.961
67.307
68.579
69.778
70.904
71.959
72.944
73.86
74.707
75.488
76.204
76.855
77.442
77.968
78.432
78.836
79.18
79.466
79.694
79.865
79.978
80.035
80.035
79.978
79.865
79.694
79.466
79.18
78.836
78.432
77.968
77.442
76.855
76.204
75.488
74.707
73.86
72.944
71.959
70.904
69.778
68.579
67.307
65.961
64.541
63.045
61.474
59.827
58.104
56.306
54.433
52.486
50.466
48.375
46.212
43.982
41.685
39.323
36.901
34.419
31.882
29.294
26.656
23.974
21.252
18.493
15.703
12.885
10.045
7.1879
4.3178
1.4401
-1.4361
-4.2971
-7.1541
-7.2289
-4.342
-1.4511
1.4552
4.3629
7.263
10.15
13.02
15.867
18.687
21.474
24.225
26.935
29.6
32.216
34.779
37.286
39.734
42.12
44.441
46.695
48.88
50.994
53.035
55.002
56.894
58.711
60.452
62.116
63.704
65.215
66.651
68.011
69.296
70.507
71.645
72.711
73.707
74.632
75.488
76.277
77
77.658
78.252
78.783
79.252
79.66
80.008
80.297
80.527
80.7
80.814
80.872
80.872
80.814
80.7
80.527
80.297
80.008
79.66
79.252
78.783
78.252
77.658
77
76.277
75.488
74.632
73.707
72.711
71.645
70.507
69.296
68.011
66.651
65.215
63.704
62.116
60.452
58.711
56.894
55.002
53.035
50.994
48.88
46.695
44.441
42.12
39.734
37.286
34.779
32.216
29.6
26.935
24.225
21.474
18.687
15.867
13.02
10.15
7.263
4.3629
1.4552
-1.4511
-4.342
-7.2289
-7.2973
-4.3831
-1.4649
1.4689
4.4042
7.3318
10.246
13.143
16.017
18.864
21.677
24.454
27.19
29.88
32.521
35.108
37.639
40.111
42.519
44.862
47.138
49.343
51.477
53.537
55.523
57.433
59.267
61.025
62.705
64.307
65.833
67.282
68.655
69.953
71.175
72.324
73.4
74.405
75.339
76.204
77
77.73
78.394
78.993
79.529
80.003
80.415
80.766
81.058
81.291
81.464
81.58
81.638
81.638
81.58
81.464
81.291
81.058
80.766
80.415
80.003
79.529
78.993
78.394
77.73
77
76.204
75.339
74.405
73.4
72.324
71.175
69.953
68.655
67.282
65.833
64.307
62.705
61.025
59.267
57.433
55.523
53.537
51.477
49.343
47.138
44.862
42.519
40.111
37.639
35.108
32.521
29.88
27.19
24.454
21.677
18.864
16.017
13.143
10.246
7.3318
4.4042
1.4689
-1.4649
-4.3831
-7.2973
-7.3597
-4.4205
-1.4774
1.4815
4.4418
7.3944
10.334
13.256
16.154
19.025
21.862
24.663
27.422
30.135
32.798
35.408
37.961
40.453
42.882
45.245
47.54
49.764
51.916
53.994
55.997
57.924
59.774
61.546
63.24
64.857
66.395
67.857
69.242
70.55
71.783
72.942
74.027
75.04
75.982
76.855
77.658
78.394
79.063
79.668
80.208
80.686
81.102
81.456
81.75
81.985
82.16
82.277
82.335
82.335
82.277
82.16
81.985
81.75
81.456
81.102
80.686
80.208
79.668
79.063
78.394
77.658
76.855
75.982
75.04
74.027
72.942
71.783
70.55
69.242
67.857
66.395
64.857
63.24
61.546
59.774
57.924
55.997
53.994
51.916
49.764
47.54
45.245
42.882
40.453
37.961
35.408
32.798
30.135
27.422
24.663
21.862
19.025
16.154
13.256
10.334
7.3944
4.4418
1.4815
-1.4774
-4.4205
-7.3597
-7.4159
-4.4543
-1.4887
1.4928
4.4758
7.4509
10.413
13.357
16.277
19.17
22.03
24.852
27.632
30.365
33.049
35.679
38.251
40.762
43.21
45.591
47.904
50.145
52.313
54.407
56.425
58.367
60.23
62.016
63.723
65.352
66.903
68.376
69.771
71.089
72.332
73.5
74.593
75.614
76.563
77.442
78.252
78.993
79.668
80.277
80.822
81.303
81.722
82.079
82.375
82.612
82.789
82.906
82.965
82.965
82.906
82.789
82.612
82.375
82.079
81.722
81.303
80.822
80.277
79.668
78.993
78.252
77.442
76.563
75.614
74.593
73.5
72.332
71.089
69.771
68.376
66.903
65.352
63.723
62.016
60.23
58.367
56.425
54.407
52.313
50.145
47.904
45.591
43.21
40.762
38.251
35.679
33.049
30.365
27.632
24.852
22.03
19.17
16.277
13.357
10.413
7.4509
4.4758
1.4928
-1.4887
-4.4543
-7.4159
-7.4662
-4.4845
-1.4988
1.5029
4.5061
7.5014
10.484
13.447
16.388
19.3
22.179
25.02
27.819
30.571
33.273
35.921
38.51
41.039
43.503
45.9
48.228
50.485
52.668
54.776
56.808
58.763
60.639
62.437
64.156
65.796
67.357
68.839
70.244
71.572
72.823
73.998
75.099
76.127
77.083
77.968
78.783
79.529
80.208
80.822
81.37
81.855
82.276
82.636
82.934
83.172
83.35
83.469
83.528
83.528
83.469
83.35
83.172
82.934
82.636
82.276
81.855
81.37
80.822
80.208
79.529
78.783
77.968
77.083
76.127
75.099
73.998
72.823
71.572
70.244
68.839
67.357
65.796
64.156
62.437
60.639
58.763
56.808
54.776
52.668
50.485
48.228
45.9
43.503
41.039
38.51
35.921
33.273
30.571
27.819
25.02
22.179
19.3
16.388
13.447
10.484
7.5014
4.5061
1.5029
-1.4988
-4.4845
-7.4662
-7.5106
-4.5112
-1.5077
1.5119
4.5329
7.5461
10.546
13.527
16.485
19.415
22.311
25.169
27.985
30.753
33.471
36.135
38.74
41.283
43.762
46.174
48.516
50.785
52.982
55.102
57.146
59.112
61
62.808
64.538
66.187
67.758
69.249
70.662
71.998
73.256
74.439
75.547
76.58
77.542
78.432
79.252
80.003
80.686
81.303
81.855
82.342
82.766
83.128
83.428
83.668
83.847
83.966
84.025
84.025
83.966
83.847
83.668
83.428
83.128
82.766
82.342
81.855
81.303
80.686
80.003
79.252
78.432
77.542
76.58
75.547
74.439
73.256
71.998
70.662
69.249
67.758
66.187
64.538
62.808
61
59.112
57.146
55.102
52.982
50.785
48.516
46.174
43.762
41.283
38.74
36.135
33.471
30.753
27.985
25.169
22.311
19.415
16.485
13.527
10.546
7.5461
4.5329
1.5119
-1.5077
-4.5112
-7.5106
-7.5493
-4.5344
-1.5154
1.5197
4.5563
7.5849
10.6
13.597
16.57
19.515
22.426
25.299
28.129
30.912
33.644
36.321
38.939
41.496
43.987
46.411
48.765
51.047
53.254
55.386
57.44
59.417
61.314
63.132
64.87
66.528
68.107
69.606
71.026
72.369
73.634
74.822
75.936
76.975
77.941
78.836
79.66
80.415
81.102
81.722
82.276
82.766
83.193
83.556
83.858
84.099
84.279
84.398
84.458
84.458
84.398
84.279
84.099
83.858
83.556
83.193
82.766
82.276
81.722
81.102
80.415
79.66
78.836
77.941
76.975
75.936
74.822
73.634
72.369
71.026
69.606
68.107
66.528
64.87
63.132
61.314
59.417
57.44
55.386
53.254
51.047
48.765
46.411
43.987
41.496
38.939
36.321
33.644
30.912
28.129
25.299
22.426
19.515
16.57
13.597
10.6
7.5849
4.5563
1.5197
-1.5154
-4.5344
-7.5493
-7.5823
-4.5542
-1.5221
1.5263
4.5762
7.6181
10.647
13.656
16.643
19.6
22.524
25.409
28.252
31.047
33.791
36.479
39.109
41.677
44.18
46.614
48.978
51.27
53.487
55.628
57.691
59.676
61.582
63.408
65.154
66.819
68.404
69.91
71.337
72.685
73.955
75.149
76.268
77.311
78.282
79.18
80.008
80.766
81.456
82.079
82.636
83.128
83.556
83.921
84.225
84.466
84.647
84.767
84.827
84.827
84.767
84.647
84.466
84.225
83.921
83.556
83.128
82.636
82.079
81.456
80.766
80.008
79.18
78.282
77.311
76.268
75.149
73.955
72.685
71.337
69.91
68.404
66.819
65.154
63.408
61.582
59.676
57.691
55.628
53.487
51.27
48.978
46.614
44.18
41.677
39.109
36.479
33.791
31.047
28.252
25.409
22.524
19.6
16.643
13.656
10.647
7.6181
4.5762
1.5263
-1.5221
-4.5542
-7.5823
-7.6096
-4.5707
-1.5276
1.5318
4.5927
7.6456
10.685
13.706
16.703
19.671
22.605
25.501
28.354
31.159
33.913
36.611
39.25
41.827
44.339
46.783
49.155
51.455
53.68
55.829
57.9
59.892
61.804
63.637
65.389
67.06
68.651
70.163
71.594
72.947
74.222
75.421
76.543
77.591
78.565
79.466
80.297
81.058
81.75
82.375
82.934
83.428
83.858
84.225
84.529
84.771
84.953
85.073
85.134
85.134
85.073
84.953
84.771
84.529
84.225
83.858
83.428
82.934
82.375
81.75
81.058
80.297
79.466
78.565
77.591
76.543
75.421
74.222
72.947
71.594
70.163
68.651
67.06
65.389
63.637
61.804
59.892
57.9
55.829
53.68
51.455
49.155
46.783
44.339
41.827
39.25
36.611
33.913
31.159
28.354
25.501
22.605
19.671
16.703
13.706
10.685
7.6456
4.5927
1.5318
-1.5276
-4.5707
-7.6096
-7.6315
-4.5838
-1.5319
1.5362
4.6059
7.6675
10.716
13.745
16.751
19.727
22.67
25.574
28.435
31.248
34.01
36.716
39.363
41.947
44.466
46.917
49.296
51.603
53.834
55.989
58.066
60.064
61.982
63.819
65.576
67.253
68.848
70.364
71.8
73.157
74.435
75.637
76.763
77.813
78.79
79.694
80.527
81.291
81.985
82.612
83.172
83.668
84.099
84.466
84.771
85.015
85.197
85.318
85.378
85.378
85.318
85.197
85.015
84.771
84.466
84.099
83.668
83.172
82.612
81.985
81.291
80.527
79.694
78.79
77.813
76.763
75.637
74.435
73.157
71.8
70.364
68.848
67.253
65.576
63.819
61.982
60.064
58.066
55.989
53.834
51.603
49.296
46.917
44.466
41.947
39.363
36.716
34.01
31.248
28.435
25.574
22.67
19.727
16.751
13.745
10.716
7.6675
4.6059
1.5362
-1.5319
-4.5838
-7.6315
-7.6478
-4.5936
-1.5352
1.5395
4.6157
7.6839
10.739
13.774
16.786
19.769
22.718
25.629
28.496
31.315
34.083
36.795
39.447
42.037
44.561
47.017
49.402
51.713
53.949
56.109
58.19
60.192
62.114
63.956
65.717
67.396
68.996
70.514
71.953
73.313
74.595
75.799
76.927
77.98
78.959
79.865
80.7
81.464
82.16
82.789
83.35
83.847
84.279
84.647
84.953
85.197
85.379
85.5
85.561
85.561
85.5
85.379
85.197
84.953
84.647
84.279
83.847
83.35
82.789
82.16
81.464
80.7
79.865
78.959
77.98
76.927
75.799
74.595
73.313
71.953
70.514
68.996
67.396
65.717
63.956
62.114
60.192
58.19
56.109
53.949
51.713
49.402
47.017
44.561
42.037
39.447
36.795
34.083
31.315
28.496
25.629
22.718
19.769
16.786
13.774
10.739
7.6839
4.6157
1.5395
-1.5352
-4.5936
-7.6478
-7.6586
-4.6001
-1.5374
1.5417
4.6223
7.6948
10.754
13.794
16.81
19.797
22.751
25.665
28.536
31.36
34.131
36.847
39.503
42.097
44.625
47.084
49.472
51.787
54.026
56.188
58.273
60.278
62.203
64.047
65.81
67.492
69.094
70.615
72.056
73.417
74.701
75.907
77.036
78.09
79.071
79.978
80.814
81.58
82.277
82.906
83.469
83.966
84.398
84.767
85.073
85.318
85.5
85.622
85.682
85.682
85.622
85.5
85.318
85.073
84.767
84.398
83.966
83.469
82.906
82.277
81.58
80.814
79.978
79.071
78.09
77.036
75.907
74.701
73.417
72.056
70.615
69.094
67.492
65.81
64.047
62.203
60.278
58.273
56.188
54.026
51.787
49.472
47.084
44.625
42.097
39.503
36.847
34.131
31.36
28.536
25.665
22.751
19.797
16.81
13.794
10.754
7.6948
4.6223
1.5417
-1.5374
-4.6001
-7.6586
-7.6641
-4.6033
-1.5385
1.5428
4.6256
7.7002
10.761
13.804
16.822
19.812
22.767
25.683
28.556
31.382
34.155
36.873
39.531
42.127
44.656
47.117
49.507
51.823
54.064
56.228
58.314
60.32
62.247
64.092
65.857
67.54
69.143
70.665
72.107
73.469
74.754
75.96
77.091
78.146
79.127
80.035
80.872
81.638
82.335
82.965
83.528
84.025
84.458
84.827
85.134
85.378
85.561
85.682
85.743
85.743
85.682
85.561
85.378
85.134
84.827
84.458
84.025
83.528
82.965
82.335
81.638
80.872
80.035
79.127
78.146
77.091
75.96
74.754
73.469
72.107
70.665
69.143
67.54
65.857
64.092
62.247
60.32
58.314
56.228
54.064
51.823
49.507
47.117
44.656
42.127
39.531
36.873
34.155
31.382
28.556
25.683
22.767
19.812
16.822
13.804
10.761
7.7002
4.6256
1.5428
-1.5385
-4.6033
-7.6641
-7.6641
-4.6033
-1.5385
1.5428
4.6256
7.7002
10.761
13.804
16.822
19.812
22.767
25.683
28.556
31.382
34.155
36.873
39.531
42.127
44.656
47.117
49.507
51.823
54.064
56.228
58.314
60.32
62.247
64.092
65.857
67.54
69.143
70.665
72.107
73.469
74.754
75.96
77.091
78.146
79.127
80.035
80.872
81.638
82.335
82.965
83.528
84.025
84.458
84.827
85.134
85.378
85.561
85.682
85.743
85.743
85.682
85.561
85.378
85.134
84.827
84.458
84.025
83.528
82.965
82.335
81.638
80.872
80.035
79.127
78.146
77.091
75.96
74.754
73.469
72.107
70.665
69.143
67.54
65.857
64.092
62.247
60.32
58.314
56.228
54.064
51.823
49.507
47.117
44.656
42.127
39.531
36.873
34.155
31.382
28.556
25.683
22.767
19.812
16.822
13.804
10.761
7.7002
4.6256
1.5428
-1.5385
-4.6033
-7.6641
-7.6586
-4.6001
-1.5374
1.5417
4.6223
7.6948
10.754
13.794
16.81
19.797
22.751
25.665
28.536
31.36
34.131
36.847
39.503
42.097
44.625
47.084
49.472
51.787
54.026
56.188
58.273
60.278
62.203
64.047
65.81
67.492
69.094
70.615
72.056
73.417
74.701
75.907
77.036
78.09
79.071
79.978
80.814
81.58
82.277
82.906
83.469
83.966
84.398
84.767
85.073
85.318
85.5
85.622
85.682
85.682
85.622
85.5
85.318
85.073
84.767
84.398
83.966
83.469
82.906
82.277
81.58
80.814
79.978
79.071
78.09
77.036
75.907
74.701
73.417
72.056
70.615
69.094
67.492
65.81
64.047
62.203
60.278
58.273
56.188
54.026
51.787
49.472
47.084
44.625
42.097
39.503
36.847
34.131
31.36
28.536
25.665
22.751
19.797
16.81
13.794
10.754
7.6948
4.6223
1.5417
-1.5374
-4.6001
-7.6586
-7.6478
-4.5936
-1.5352
1.5395
4.6157
7.6839
10.739
13.774
16.786
19.769
22.718
25.629
28.496
31.315
34.083
36.795
39.447
42.037
44.561
47.017
49.402
51.713
53.949
56.109
58.19
60.192
62.114
63.956
65.717
67.396
68.996
70.514
71.953
73.313
74.595
75.799
76.927
77.98
78.959
79.865
80.7
81.464
82.16
82.789
83.35
83.847
84.279
84.647
84.953
85.197
85.379
85.5
85.561
85.561
85.5
85.379
85.197
84.953
84.647
84.279
83.847
83.35
82.789
82.16
81.464
80.7
79.865
78.959
77.98
76.927
75.799
74.595
73.313
71.953
70.514
68.996
67.396
65.717
63.956
62.114
60.192
58.19
56.109
53.949
51.713
49.402
47.017
44.561
42.037
39.447
36.795
34.083
31.315
28.496
25.629
22.718
19.769
16.786
13.774
10.739
7.6839
4.6157
1.5395
-1.5352
-4.5936
-7.6478
-7.6315
-4.5838
-1.5319
1.5362
4.6059
7.6675
10.716
13.745
16.751
19.727
22.67
25.574
28.435
31.248
34.01
36.716
39.363
41.947
44.466
46.917
49.296
51.603
53.834
55.989
58.066
60.064
61.982
63.819
65.576
67.253
68.848
70.364
71.8
73.157
74.435
75.637
76.763
77.813
78.79
79.694
80.527
81.291
81.985
82.612
83.172
83.668
84.099
84.466
84.771
85.015
85.197
85.318
85.378
85.378
85.318
85.197
85.015
84.771
84.466
84.099
83.668
83.172
82.612
81.985
81.291
80.527
79.694
78.79
77.813
76.763
75.637
74.435
73.157
71.8
70.364
68.848
67.253
65.576
63.819
61.982
60.064
58.066
55.989
53.834
51.603
49.296
46.917
44.466
41.947
39.363
36.716
34.01
31.248
28.435
25.574
22.67
19.727
16.751
13.745
10.716
7.6675
4.6059
1.5362
-1.5319
-4.5838
-7.6315
-7.6096
-4.5707
-1.5276
1.5318
4.5927
7.6456
10.685
13.706
16.703
19.671
22.605
25.501
28.354
31.159
33.913
36.611
39.25
41.827
44.339
46.783
49.155
51.455
53.68
55.829
57.9
59.892
61.804
63.637
65.389
67.06
68.651
70.163
71.594
72.947
74.222
75.421
76.543
77.591
78.565
79.466
80.297
81.058
81.75
82.375
82.934
83.428
83.858
84.225
84.529
84.771
84.953
85.073
85.134
85.134
85.073
84.953
84.771
84.529
84.225
83.858
83.428
82.934
82.375
81.75
81.058
80.297
79.466
78.565
77.591
76.543
75.421
74.222
72.947
71.594
70.163
68.651
67.06
65.389
63.637
61.804
59.892
57.9
55.829
53.68
51.455
49.155
46.783
44.339
41.827
39.25
36.611
33.913
31.159
28.354
25.501
22.605
19.671
16.703
13.706
10.685
7.6456
4.5927
1.5318
-1.5276
-4.5707
-7.6096
-7.5823
-4.5542
-1.5221
1.5263
4.5762
7.6181
10.647
13.656
16.643
19.6
22.524
25.409
28.252
31.047
33.791
36.479
39.109
41.677
44.18
46.614
48.978
51.27
53.487
55.628
57.691
59.676
61.582
63.408
65.154
66.819
68.404
69.91
71.337
72.685
73.955
75.149
76.268
77.311
78.282
79.18
80.008
80.766
81.456
82.079
82.636
83.128
83.556
83.921
84.225
84.466
84.647
84.767
84.827
84.827
84.767
84.647
84.466
84.225
83.921
83.556
83.128
82.636
82.079
81.456
80.766
80.008
79.18
78.282
77.311
76.268
75.149
73.955
72.685
71.337
69.91
68.404
66.819
65.154
63.408
61.582
59.676
57.691
55.628
53.487
51.27
48.978
46.614
44.18
41.677
39.109
36.479
33.791
31.047
28.252
25.409
22.524
19.6
16.643
13.656
10.647
7.6181
4.5762
1.5263
-1.5221
-4.5542
-7.5823
-7.5493
-4.5344
-1.5154
1.5197
4.5563
7.5849
10.6
13.597
16.57
19.515
22.426
25.299
28.129
30.912
33.644
36.321
38.939
41.496
43.987
46.411
48.765
51.047
53.254
55.386
57.44
59.417
61.314
63.132
64.87
66.528
68.107
69.606
71.026
72.369
73.634
74.822
75.936
76.975
77.941
78.836
79.66
80.415
81.102
81.722
82.276
82.766
83.193
83.556
83.858
84.099
84.279
84.398
84.458
84.458
84.398
84.279
84.099
83.858
83.556
83.193
82.766
82.276
81.722
81.102
80.415
79.66
78.836
77.941
76.975
75.936
74.822
73.634
72.369
71.026
69.606
68.107
66.528
64.87
63.132
61.314
59.417
57.44
55.386
53.254
51.047
48.765
46.411
43.987
41.496
38.939
36.321
33.644
30.912
28.129
25.299
22.426
19.515
16.57
13.597
10.6
7.5849
4.5563
1.5197
-1.5154
-4.5344
-7.5493
-7.5106
-4.5112
-1.5077
1.5119
4.5329
7.5461
10.546
13.527
16.485
19.415
22.311
25.169
27.985
30.753
33.471
36.135
38.74
41.283
43.762
46.174
48.516
50.785
52.982
55.102
57.146
59.112
61
62.808
64.538
66.187
67.758
69.249
70.662
71.998
73.256
74.439
75.547
76.58
77.542
78.432
79.252
80.003
80.686
81.303
81.855
82.342
82.766
83.128
83.428
83.668
83.847
83.966
84.025
84.025
83.966
83.847
83.668
83.428
83.128
82.766
82.342
81.855
81.303
80.686
80.003
79.252
78.432
77.542
76.58
75.547
74.439
73.256
71.998
70.662
69.249
67.758
66.187
64.538
62.808
61
59.112
57.146
55.102
52.982
50.785
48.516
46.174
43.762
41.283
38.74
36.135
33.471
30.753
27.985
25.169
22.311
19.415
16.485
13.527
10.546
7.5461
4.5329
1.5119
-1.5077
-4.5112
-7.5106
-7.4662
-4.4845
-1.4988
1.5029
4.5061
7.5014
10.484
13.447
16.388
19.3
22.179
25.02
27.819
30.571
33.273
35.921
38.51
41.039
43.503
45.9
48.228
50.485
52.668
54.776
56.808
58.763
60.639
62.437
64.156
65.796
67.357
68.839
70.244
71.572
72.823
73.998
75.099
76.127
77.083
77.968
78.783
79.529
80.208
80.822
81.37
81.855
82.276
82.636
82.934
83.172
83.35
83.469
83.528
83.528
83.469
83.35
83.172
82.934
82.636
82.276
81.855
81.37
80.822
80.208
79.529
78.783
77.968
77.083
76.127
75.099
73.998
72.823
71.572
70.244
68.839
67.357
65.796
64.156
62.437
60.639
58.763
56.808
54.776
52.668
50.485
48.228
45.9
43.503
41.039
38.51
35.921
33.273
30.571
27.819
25.02
22.179
19.3
16.388
13.447
10.484
7.5014
4.5061
1.5029
-1.4988
-4.4845
-7.4662
-7.4159
-4.4543
-1.4887
1.4928
4.4758
7.4509
10.413
13.357
16.277
19.17
22.03
24.852
27.632
30.365
33.049
35.679
38.251
40.762
43.21
45.591
47.904
50.145
52.313
54.407
56.425
58.367
60.23
62.016
63.723
65.352
66.903
68.376
69.771
71.089
72.332
73.5
74.593
75.614
76.563
77.442
78.252
78.993
79.668
80.277
80.822
81.303
81.722
82.079
82.375
82.612
82.789
82.906
82.965
82.965
82.906
82.789
82.612
82.375
82.079
81.722
81.303
80.822
80.277
79.668
78.993
78.252
77.442
76.563
75.614
74.593
73.5
72.332
71.089
69.771
68.376
66.903
65.352
63.723
62.016
60.23
58.367
56.425
54.407
52.313
50.145
47.904
45.591
43.21
40.762
38.251
35.679
33.049
30.365
27.632
24.852
22.03
19.17
16.277
13.357
10.413
7.4509
4.4758
1.4928
-1.4887
-4.4543
-7.4159
-7.3597
-4.4205
-1.4774
1.4815
4.4418
7.3944
10.334
13.256
16.154
19.025
21.862
24.663
27.422
30.135
32.798
35.408
37.961
40.453
42.882
45.245
47.54
49.764
51.916
53.994
55.997
57.924
59.774
61.546
63.24
64.857
66.395
67.857
69.242
70.55
71.783
72.942
74.027
75.04
75.982
76.855
77.658
78.394
79.063
79.668
80.208
80.686
81.102
81.456
81.75
81.985
82.16
82.277
82.335
82.335
82.277
82.16
81.985
81.75
81.456
81.102
80.686
80.208
79.668
79.063
78.394
77.658
76.855
75.982
75.04
74.027
72.942
71.783
70.55
69.242
67.857
66.395
64.857
63.24
61.546
59.774
57.924
55.997
53.994
51.916
49.764
47.54
45.245
42.882
40.453
37.961
35.408
32.798
30.135
27.422
24.663
21.862
19.025
16.154
13.256
10.334
7.3944
4.4418
1.4815
-1.4774
-4.4205
-7.3597
-7.2973
-4.3831
-1.4649
1.4689
4.4042
7.3318
10.246
13.143
16.017
18.864
21.677
24.454
27.19
29.88
32.521
35.108
37.639
40.111
42.519
44.862
47.138
49.343
51.477
53.537
55.523
57.433
59.267
61.025
62.705
64.307
65.833
67.282
68.655
69.953
71.175
72.324
73.4
74.405
75.339
76.204
77
77.73
78.394
78.993
79.529
80.003
80.415
80.766
81.058
81.291
81.464
81.58
81.638
81.638
81.58
81.464
81.291
81.058
80.766
80.415
80.003
79.529
78.993
78.394
77.73
77
76.204
75.339
74.405
73.4
72.324
71.175
69.953
68.655
67.282
65.833
64.307
62.705
61.025
59.267
57.433
55.523
53.537
51.477
49.343
47.138
44.862
42.519
40.111
37.639
35.108
32.521
29.88
27.19
24.454
21.677
18.864
16.017
13.143
10.246
7.3318
4.4042
1.4689
-1.4649
-4.3831
-7.2973
-7.2289
-4.342
-1.4511
1.4552
4.3629
7.263
10.15
13.02
15.867
18.687
21.474
24.225
26.935
29.6
32.216
34.779
37.286
39.734
42.12
44.441
46.695
48.88
50.994
53.035
55.002
56.894
58.711
60.452
62.116
63.704
65.215
66.651
68.011
69.296
70.507
71.645
72.711
73.707
74.632
75.488
76.277
77
77.658
78.252
78.783
79.252
79.66
80.008
80.297
80.527
80.7
80.814
80.872
80.872
80.814
80.7
80.527
80.297
80.008
79.66
79.252
78.783
78.252
77.658
77
76.277
75.488
74.632
73.707
72.711
71.645
70.507
69.296
68.011
66.651
65.215
63.704
62.116
60.452
58.711
56.894
55.002
53.035
50.994
48.88
46.695
44.441
42.12
39.734
37.286
34.779
32.216
29.6
26.935
24.225
21.474
18.687
15.867
13.02
10.15
7.263
4.3629
1.4552
-1.4511
-4.342
-7.2289
-7.1541
-4.2971
-1.4361
1.4401
4.3178
7.1879
10.045
12.885
15.703
18.493
21.252
23.974
26.656
29.294
31.882
34.419
36.901
39.323
41.685
43.982
46.212
48.375
50.466
52.486
54.433
56.306
58.104
59.827
61.474
63.045
64.541
65.961
67.307
68.579
69.778
70.904
71.959
72.944
73.86
74.707
75.488
76.204
76.855
77.442
77.968
78.432
78.836
79.18
79.466
79.694
79.865
79.978
80.035
80.035
79.978
79.865
79.694
79.466
79.18
78.836
78.432
77.968
77.442
76.855
76.204
75.488
74.707
73.86
72.944
71.959
70.904
69.778
68.579
67.307
65.961
64.541
63.045
61.474
59.827
58.104
56.306
54.433
52.486
50.466
48.375
46.212
43.982
41.685
39.323
36.901
34.419
31.882
29.294
26.656
23.974
21.252
18.493
15.703
12.885
10.045
7.1879
4.3178
1.4401
-1.4361
-4.2971
-7.1541
-7.073
-4.2483
-1.4198
1.4238
4.2688
7.1064
9.9315
12.739
15.525
18.284
21.011
23.702
26.354
28.961
31.521
34.029
36.482
38.877
41.212
43.483
45.688
47.826
49.894
51.891
53.816
55.667
57.445
59.148
60.776
62.33
63.808
65.213
66.544
67.801
68.986
70.1
71.143
72.116
73.022
73.86
74.632
75.339
75.982
76.563
77.083
77.542
77.941
78.282
78.565
78.79
78.959
79.071
79.127
79.127
79.071
78.959
78.79
78.565
78.282
77.941
77.542
77.083
76.563
75.982
75.339
74.632
73.86
73.022
72.116
71.143
70.1
68.986
67.801
66.544
65.213
63.808
62.33
60.776
59.148
57.445
55.667
53.816
51.891
49.894
47.826
45.688
43.483
41.212
38.877
36.482
34.029
31.521
28.961
26.354
23.702
21.011
18.284
15.525
12.739
9.9315
7.1064
4.2688
1.4238
-1.4198
-4.2483
-7.073
-6.9853
-4.1957
-1.4022
1.4061
4.2159
7.0183
9.8084
12.581
15.332
18.057
20.75
23.409
26.027
28.602
31.13
33.607
36.03
38.395
40.701
42.944
45.122
47.233
49.275
51.248
53.149
54.977
56.733
58.415
60.023
61.557
63.018
64.405
65.719
66.961
68.131
69.231
70.261
71.222
72.116
72.944
73.707
74.405
75.04
75.614
76.127
76.58
76.975
77.311
77.591
77.813
77.98
78.09
78.146
78.146
78.09
77.98
77.813
77.591
77.311
76.975
76.58
76.127
75.614
75.04
74.405
73.707
72.944
72.116
71.222
70.261
69.231
68.131
66.961
65.719
64.405
63.018
61.557
60.023
58.415
56.733
54.977
53.149
51.248
49.275
47.233
45.122
42.944
40.701
38.395
36.03
33.607
31.13
28.602
26.027
23.409
20.75
18.057
15.332
12.581
9.8084
7.0183
4.2159
1.4061
-1.4022
-4.1957
-6.9853
-6.8911
-4.139
-1.3833
1.3872
4.159
6.9236
9.676
12.412
15.125
17.813
20.47
23.093
25.676
28.216
30.71
33.154
35.544
37.877
40.152
42.364
44.513
46.596
48.61
50.556
52.431
54.235
55.967
57.626
59.213
60.726
62.167
63.535
64.832
66.057
67.211
68.296
69.312
70.261
71.143
71.959
72.711
73.4
74.027
74.593
75.099
75.547
75.936
76.268
76.543
76.763
76.927
77.036
77.091
77.091
77.036
76.927
76.763
76.543
76.268
75.936
75.547
75.099
74.593
74.027
73.4
72.711
71.959
71.143
70.261
69.312
68.296
67.211
66.057
64.832
63.535
62.167
60.726
59.213
57.626
55.967
54.235
52.431
50.556
48.61
46.596
44.513
42.364
40.152
37.877
35.544
33.154
30.71
28.216
25.676
23.093
20.47
17.813
15.125
12.412
9.676
6.9236
4.159
1.3872
-1.3833
-4.139
-6.8911
-6.7901
-4.0784
-1.363
1.3668
4.0981
6.8221
9.5342
12.23
14.904
17.552
20.17
22.754
25.3
27.803
30.26
32.668
35.023
37.322
39.563
41.743
43.86
45.912
47.898
49.815
51.663
53.44
55.147
56.781
58.345
59.836
61.255
62.604
63.881
65.088
66.226
67.295
68.296
69.231
70.1
70.904
71.645
72.324
72.942
73.5
73.998
74.439
74.822
75.149
75.421
75.637
75.799
75.907
75.96
75.96
75.907
75.799
75.637
75.421
75.149
74.822
74.439
73.998
73.5
72.942
72.324
71.645
70.904
70.1
69.231
68.296
67.295
66.226
65.088
63.881
62.604
61.255
59.836
58.345
56.781
55.147
53.44
51.663
49.815
47.898
45.912
43.86
41.743
39.563
37.322
35.023
32.668
30.26
27.803
25.3
22.754
20.17
17.552
14.904
12.23
9.5342
6.8221
4.0981
1.3668
-1.363
-4.0784
-6.7901
-6.6822
-4.0136
-1.3414
1.3451
4.033
6.7138
9.3828
12.035
14.667
17.273
19.85
22.393
24.898
27.361
29.779
32.149
34.466
36.729
38.935
41.08
43.164
45.183
47.137
49.024
50.842
52.591
54.271
55.88
57.418
58.885
60.282
61.609
62.866
64.054
65.174
66.226
67.211
68.131
68.986
69.778
70.507
71.175
71.783
72.332
72.823
73.256
73.634
73.955
74.222
74.435
74.595
74.701
74.754
74.754
74.701
74.595
74.435
74.222
73.955
73.634
73.256
72.823
72.332
71.783
71.175
70.507
69.778
68.986
68.131
67.211
66.226
65.174
64.054
62.866
61.609
60.282
58.885
57.418
55.88
54.271
52.591
50.842
49.024
47.137
45.183
43.164
41.08
38.935
36.729
34.466
32.149
29.779
27.361
24.898
22.393
19.85
17.273
14.667
12.035
9.3828
6.7138
4.033
1.3451
-1.3414
-4.0136
-6.6822
-6.5675
-3.9447
-1.3183
1.322
3.9637
6.5985
9.2216
11.829
14.415
16.977
19.509
22.008
24.47
26.891
29.268
31.597
33.874
36.099
38.266
40.375
42.422
44.407
46.327
48.182
49.969
51.688
53.338
54.92
56.432
57.874
59.247
60.551
61.787
62.954
64.054
65.088
66.057
66.961
67.801
68.579
69.296
69.953
70.55
71.089
71.572
71.998
72.369
72.685
72.947
73.157
73.313
73.417
73.469
73.469
73.417
73.313
73.157
72.947
72.685
72.369
71.998
71.572
71.089
70.55
69.953
69.296
68.579
67.801
66.961
66.057
65.088
64.054
62.954
61.787
60.551
59.247
57.874
56.432
54.92
53.338
51.688
49.969
48.182
46.327
44.407
42.422
40.375
38.266
36.099
33.874
31.597
29.268
26.891
24.47
22.008
19.509
16.977
14.415
11.829
9.2216
6.5985
3.9637
1.322
-1.3183
-3.9447
-6.5675
-6.4457
-3.8715
-1.2939
1.2975
3.8902
6.4761
9.0506
11.609
14.148
16.662
19.147
21.6
24.017
26.393
28.725
31.011
33.246
35.429
37.556
39.626
41.636
43.584
45.468
47.288
49.042
50.729
52.349
53.901
55.385
56.801
58.148
59.428
60.641
61.787
62.866
63.881
64.832
65.719
66.544
67.307
68.011
68.655
69.242
69.771
70.244
70.662
71.026
71.337
71.594
71.8
71.953
72.056
72.107
72.107
72.056
71.953
71.8
71.594
71.337
71.026
70.662
70.244
69.771
69.242
68.655
68.011
67.307
66.544
65.719
64.832
63.881
62.866
61.787
60.641
59.428
58.148
56.801
55.385
53.901
52.349
50.729
49.042
47.288
45.468
43.584
41.636
39.626
37.556
35.429
33.246
31.011
28.725
26.393
24.017
21.6
19.147
16.662
14.148
11.609
9.0506
6.4761
3.8902
1.2975
-1.2939
-3.8715
-6.4457
-6.3168
-3.7941
-1.268
1.2716
3.8124
6.3466
8.8697
11.377
13.865
16.329
18.765
21.168
23.536
25.865
28.151
30.391
32.582
34.721
36.806
38.834
40.803
42.712
44.559
46.343
48.062
49.715
51.303
52.823
54.278
55.665
56.986
58.24
59.428
60.551
61.609
62.604
63.535
64.405
65.213
65.961
66.651
67.282
67.857
68.376
68.839
69.249
69.606
69.91
70.163
70.364
70.514
70.615
70.665
70.665
70.615
70.514
70.364
70.163
69.91
69.606
69.249
68.839
68.376
67.857
67.282
66.651
65.961
65.213
64.405
63.535
62.604
61.609
60.551
59.428
58.24
56.986
55.665
54.278
52.823
51.303
49.715
48.062
46.343
44.559
42.712
40.803
38.834
36.806
34.721
32.582
30.391
28.151
25.865
23.536
21.168
18.765
16.329
13.865
11.377
8.8697
6.3466
3.8124
1.2716
-1.268
-3.7941
-6.3168
-6.1808
-3.7125
-1.2407
1.2442
3.7304
6.21
8.6787
11.132
13.567
15.977
18.361
20.713
23.03
25.308
27.545
29.736
31.88
33.973
36.013
37.998
39.925
41.793
43.6
45.345
47.027
48.645
50.198
51.686
53.109
54.466
55.758
56.986
58.148
59.247
60.282
61.255
62.167
63.018
63.808
64.541
65.215
65.833
66.395
66.903
67.357
67.758
68.107
68.404
68.651
68.848
68.996
69.094
69.143
69.143
69.094
68.996
68.848
68.651
68.404
68.107
67.758
67.357
66.903
66.395
65.833
65.215
64.541
63.808
63.018
62.167
61.255
60.282
59.247
58.148
56.986
55.758
54.466
53.109
51.686
50.198
48.645
47.027
45.345
43.6
41.793
39.925
37.998
36.013
33.973
31.88
29.736
27.545
25.308
23.03
20.713
18.361
15.977
13.567
11.132
8.6787
6.21
3.7304
1.2442
-1.2407
-3.7125
-6.1808
-6.0376
-3.6264
-1.212
1.2154
3.6439
6.0661
8.4776
10.874
13.252
15.607
17.935
20.233
22.496
24.722
26.906
29.047
31.141
33.186
35.179
37.117
39
40.824
42.589
44.294
45.937
47.517
49.035
50.488
51.878
53.204
54.466
55.665
56.801
57.874
58.885
59.836
60.726
61.557
62.33
63.045
63.704
64.307
64.857
65.352
65.796
66.187
66.528
66.819
67.06
67.253
67.396
67.492
67.54
67.54
67.492
67.396
67.253
67.06
66.819
66.528
66.187
65.796
65.352
64.857
64.307
63.704
63.045
62.33
61.557
60.726
59.836
58.885
57.874
56.801
55.665
54.466
53.204
51.878
50.488
49.035
47.517
45.937
44.294
42.589
40.824
39
37.117
35.179
33.186
31.141
29.047
26.906
24.722
22.496
20.233
17.935
15.607
13.252
10.874
8.4776
6.0661
3.6439
1.2154
-1.212
-3.6264
-6.0376
-5.8872
-3.5361
-1.1818
1.1851
3.5531
5.9149
8.2664
10.603
12.922
15.218
17.488
19.728
21.935
24.106
26.236
28.323
30.365
32.359
34.302
36.192
38.028
39.807
41.528
43.19
44.792
46.333
47.812
49.23
50.585
51.878
53.109
54.278
55.385
56.432
57.418
58.345
59.213
60.023
60.776
61.474
62.116
62.705
63.24
63.723
64.156
64.538
64.87
65.154
65.389
65.576
65.717
65.81
65.857
65.857
65.81
65.717
65.576
65.389
65.154
64.87
64.538
64.156
63.723
63.24
62.705
62.116
61.474
60.776
60.023
59.213
58.345
57.418
56.432
55.385
54.278
53.109
51.878
50.585
49.23
47.812
46.333
44.792
43.19
41.528
39.807
38.028
36.192
34.302
32.359
30.365
28.323
26.236
24.106
21.935
19.728
17.488
15.218
12.922
10.603
8.2664
5.9149
3.5531
1.1851
-1.1818
-3.5361
-5.8872
-5.7295
-3.4413
-1.1501
1.1533
3.4579
5.7565
8.0449
10.319
12.576
14.81
17.02
19.2
21.348
23.46
25.533
27.565
29.552
31.492
33.383
35.223
37.009
38.74
40.416
42.033
43.592
45.092
46.532
47.911
49.23
50.488
51.686
52.823
53.901
54.92
55.88
56.781
57.626
58.415
59.148
59.827
60.452
61.025
61.546
62.016
62.437
62.808
63.132
63.408
63.637
63.819
63.956
64.047
64.092
64.092
64.047
63.956
63.819
63.637
63.408
63.132
62.808
62.437
62.016
61.546
61.025
60.452
59.827
59.148
58.415
57.626
56.781
55.88
54.92
53.901
52.823
51.686
50.488
49.23
47.911
46.532
45.092
43.592
42.033
40.416
38.74
37.009
35.223
33.383
31.492
29.552
27.565
25.533
23.46
21.348
19.2
17.02
14.81
12.576
10.319
8.0449
5.7565
3.4579
1.1533
-1.1501
-3.4413
-5.7295
-5.5645
-3.3423
-1.117
1.1201
3.3584
5.5908
7.8133
10.022
12.214
14.384
16.53
18.647
20.733
22.784
24.798
26.771
28.701
30.585
32.422
34.209
35.943
37.625
39.252
40.823
42.337
43.794
45.192
46.532
47.812
49.035
50.198
51.303
52.349
53.338
54.271
55.147
55.967
56.733
57.445
58.104
58.711
59.267
59.774
60.23
60.639
61
61.314
61.582
61.804
61.982
62.114
62.203
62.247
62.247
62.203
62.114
61.982
61.804
61.582
61.314
61
60.639
60.23
59.774
59.267
58.711
58.104
57.445
56.733
55.967
55.147
54.271
53.338
52.349
51.303
50.198
49.035
47.812
46.532
45.192
43.794
42.337
40.823
39.252
37.625
35.943
34.209
32.422
30.585
28.701
26.771
24.798
22.784
20.733
18.647
16.53
14.384
12.214
10.022
7.8133
5.5908
3.3584
1.1201
-1.117
-3.3423
-5.5645
-5.3924
-3.2389
-1.0825
1.0855
3.2545
5.4178
7.5716
9.7122
11.836
13.939
16.018
18.07
20.092
22.08
24.031
25.943
27.813
29.639
31.419
33.15
34.831
36.461
38.037
39.56
41.027
42.439
43.794
45.092
46.333
47.517
48.645
49.715
50.729
51.688
52.591
53.44
54.235
54.977
55.667
56.306
56.894
57.433
57.924
58.367
58.763
59.112
59.417
59.676
59.892
60.064
60.192
60.278
60.32
60.32
60.278
60.192
60.064
59.892
59.676
59.417
59.112
58.763
58.367
57.924
57.433
56.894
56.306
55.667
54.977
54.235
53.44
52.591
51.688
50.729
49.715
48.645
47.517
46.333
45.092
43.794
42.439
41.027
39.56
38.037
36.461
34.831
33.15
31.419
29.639
27.813
25.943
24.031
22.08
20.092
18.07
16.018
13.939
11.836
9.7122
7.5716
5.4178
3.2545
1.0855
-1.0825
-3.2389
-5.3924
-5.213
-3.1312
-1.0465
1.0494
3.1463
5.2376
7.3198
9.3892
11.442
13.476
15.486
17.469
19.424
21.345
23.232
25.08
26.888
28.653
30.374
32.048
33.673
35.248
36.772
38.244
39.663
41.027
42.337
43.592
44.792
45.937
47.027
48.062
49.042
49.969
50.842
51.663
52.431
53.149
53.816
54.433
55.002
55.523
55.997
56.425
56.808
57.146
57.44
57.691
57.9
58.066
58.19
58.273
58.314
58.314
58.273
58.19
58.066
57.9
57.691
57.44
57.146
56.808
56.425
55.997
55.523
55.002
54.433
53.816
53.149
52.431
51.663
50.842
49.969
49.042
48.062
47.027
45.937
44.792
43.592
42.337
41.027
39.663
38.244
36.772
35.248
33.673
32.048
30.374
28.653
26.888
25.08
23.232
21.345
19.424
17.469
15.486
13.476
11.442
9.3892
7.3198
5.2376
3.1463
1.0494
-1.0465
-3.1312
-5.213
-5.0266
-3.0192
-1.009
1.0118
3.0337
5.0503
7.058
9.0534
11.033
12.994
14.932
16.845
18.729
20.582
22.401
24.183
25.927
27.629
29.288
30.902
32.469
33.988
35.457
36.876
38.244
39.56
40.823
42.033
43.19
44.294
45.345
46.343
47.288
48.182
49.024
49.815
50.556
51.248
51.891
52.486
53.035
53.537
53.994
54.407
54.776
55.102
55.386
55.628
55.829
55.989
56.109
56.188
56.228
56.228
56.188
56.109
55.989
55.829
55.628
55.386
55.102
54.776
54.407
53.994
53.537
53.035
52.486
51.891
51.248
50.556
49.815
49.024
48.182
47.288
46.343
45.345
44.294
43.19
42.033
40.823
39.56
38.244
36.876
35.457
33.988
32.469
30.902
29.288
27.629
25.927
24.183
22.401
20.582
18.729
16.845
14.932
12.994
11.033
9.0534
7.058
5.0503
3.0337
1.0118
-1.009
-3.0192
-5.0266
-4.8332
-2.903
-0.9702
0.97291
2.917
4.856
6.7864
8.705
10.609
12.494
14.357
16.196
18.008
19.79
21.539
23.253
24.929
26.566
28.161
29.712
31.219
32.68
34.093
35.457
36.772
38.037
39.252
40.416
41.528
42.589
43.6
44.559
45.468
46.327
47.137
47.898
48.61
49.275
49.894
50.466
50.994
51.477
51.916
52.313
52.668
52.982
53.254
53.487
53.68
53.834
53.949
54.026
54.064
54.064
54.026
53.949
53.834
53.68
53.487
53.254
52.982
52.668
52.313
51.916
51.477
50.994
50.466
49.894
49.275
48.61
47.898
47.137
46.327
45.468
44.559
43.6
42.589
41.528
40.416
39.252
38.037
36.772
35.457
34.093
32.68
31.219
29.712
28.161
26.566
24.929
23.253
21.539
19.79
18.008
16.196
14.357
12.494
10.609
8.705
6.7864
4.856
2.917
0.97291
-0.9702
-2.903
-4.8332
-4.6329
-2.7827
-0.92999
0.93258
2.7961
4.6547
6.5052
8.3443
10.169
11.976
13.762
15.525
17.262
18.97
20.646
22.289
23.896
25.464
26.993
28.481
29.925
31.325
32.68
33.988
35.248
36.461
37.625
38.74
39.807
40.824
41.793
42.712
43.584
44.407
45.183
45.912
46.596
47.233
47.826
48.375
48.88
49.343
49.764
50.145
50.485
50.785
51.047
51.27
51.455
51.603
51.713
51.787
51.823
51.823
51.787
51.713
51.603
51.455
51.27
51.047
50.785
50.485
50.145
49.764
49.343
48.88
48.375
47.826
47.233
46.596
45.912
45.183
44.407
43.584
42.712
41.793
40.824
39.807
38.74
37.625
36.461
35.248
33.988
32.68
31.325
29.925
28.481
26.993
25.464
23.896
22.289
20.646
18.97
17.262
15.525
13.762
11.976
10.169
8.3443
6.5052
4.6547
2.7961
0.93258
-0.92999
-2.7827
-4.6329
-4.4258
-2.6583
-0.88843
0.89091
2.6711
4.4467
6.2145
7.9713
9.7144
11.441
13.147
14.831
16.49
18.122
19.723
21.293
22.828
24.326
25.787
27.208
28.588
29.925
31.219
32.469
33.673
34.831
35.943
37.009
38.028
39
39.925
40.803
41.636
42.422
43.164
43.86
44.513
45.122
45.688
46.212
46.695
47.138
47.54
47.904
48.228
48.516
48.765
48.978
49.155
49.296
49.402
49.472
49.507
49.507
49.472
49.402
49.296
49.155
48.978
48.765
48.516
48.228
47.904
47.54
47.138
46.695
46.212
45.688
45.122
44.513
43.86
43.164
42.422
41.636
40.803
39.925
39
38.028
37.009
35.943
34.831
33.673
32.469
31.219
29.925
28.588
27.208
25.787
24.326
22.828
21.293
19.723
18.122
16.49
14.831
13.147
11.441
9.7144
7.9713
6.2145
4.4467
2.6711
0.89091
-0.88843
-2.6583
-4.4258
-4.2122
-2.53
-0.84555
0.84791
2.5422
4.2321
5.9145
7.5866
9.2455
10.888
12.513
14.115
15.694
17.247
18.771
20.265
21.726
23.152
24.542
25.895
27.208
28.481
29.712
30.902
32.048
33.15
34.209
35.223
36.192
37.117
37.998
38.834
39.626
40.375
41.08
41.743
42.364
42.944
43.483
43.982
44.441
44.862
45.245
45.591
45.9
46.174
46.411
46.614
46.783
46.917
47.017
47.084
47.117
47.117
47.084
47.017
46.917
46.783
46.614
46.411
46.174
45.9
45.591
45.245
44.862
44.441
43.982
43.483
42.944
42.364
41.743
41.08
40.375
39.626
38.834
37.998
37.117
36.192
35.223
34.209
33.15
32.048
30.902
29.712
28.481
27.208
25.895
24.542
23.152
21.726
20.265
18.771
17.247
15.694
14.115
12.513
10.888
9.2455
7.5866
5.9145
4.2321
2.5422
0.84791
-0.84555
-2.53
-4.2122
-3.9922
-2.3979
-0.80139
0.80362
2.4095
4.0111
5.6056
7.1904
8.7627
10.32
11.859
13.378
14.875
16.346
17.791
19.207
20.591
21.943
23.261
24.542
25.787
26.993
28.161
29.288
30.374
31.419
32.422
33.383
34.302
35.179
36.013
36.806
37.556
38.266
38.935
39.563
40.152
40.701
41.212
41.685
42.12
42.519
42.882
43.21
43.503
43.762
43.987
44.18
44.339
44.466
44.561
44.625
44.656
44.656
44.625
44.561
44.466
44.339
44.18
43.987
43.762
43.503
43.21
42.882
42.519
42.12
41.685
41.212
40.701
40.152
39.563
38.935
38.266
37.556
36.806
36.013
35.179
34.302
33.383
32.422
31.419
30.374
29.288
28.161
26.993
25.787
24.542
23.261
21.943
20.591
19.207
17.791
16.346
14.875
13.378
11.859
10.32
8.7627
7.1904
5.6056
4.0111
2.4095
0.80362
-0.80139
-2.3979
-3.9922
-3.7661
-2.2621
-0.756
0.75811
2.273
3.7839
5.2881
6.7831
8.2663
9.7352
11.187
12.621
14.032
15.421
16.783
18.119
19.425
20.7
21.943
23.152
24.326
25.464
26.566
27.629
28.653
29.639
30.585
31.492
32.359
33.186
33.973
34.721
35.429
36.099
36.729
37.322
37.877
38.395
38.877
39.323
39.734
40.111
40.453
40.762
41.039
41.283
41.496
41.677
41.827
41.947
42.037
42.097
42.127
42.127
42.097
42.037
41.947
41.827
41.677
41.496
41.283
41.039
40.762
40.453
40.111
39.734
39.323
38.877
38.395
37.877
37.322
36.729
36.099
35.429
34.721
33.973
33.186
32.359
31.492
30.585
29.639
28.653
27.629
26.566
25.464
24.326
23.152
21.943
20.7
19.425
18.119
16.783
15.421
14.032
12.621
11.187
9.7352
8.2663
6.7831
5.2881
3.7839
2.273
0.75811
-0.756
-2.2621
-3.7661
-3.5341
-2.1227
-0.70943
0.7114
2.133
3.5508
4.9623
6.3652
7.7571
9.1355
10.498
11.843
13.168
14.471
15.749
17.003
18.228
19.425
20.591
21.726
22.828
23.896
24.929
25.927
26.888
27.813
28.701
29.552
30.365
31.141
31.88
32.582
33.246
33.874
34.466
35.023
35.544
36.03
36.482
36.901
37.286
37.639
37.961
38.251
38.51
38.74
38.939
39.109
39.25
39.363
39.447
39.503
39.531
39.531
39.503
39.447
39.363
39.25
39.109
38.939
38.74
38.51
38.251
37.961
37.639
37.286
36.901
36.482
36.03
35.544
35.023
34.466
33.874
33.246
32.582
31.88
31.141
30.365
29.552
28.701
27.813
26.888
25.927
24.929
23.896
22.828
21.726
20.591
19.425
18.228
17.003
15.749
14.471
13.168
11.843
10.498
9.1355
7.7571
6.3652
4.9623
3.5508
2.133
0.7114
-0.70943
-2.1227
-3.5341
-3.2965
-1.98
-0.66172
0.66357
1.9895
3.312
4.6287
5.9372
7.2355
8.5212
9.7923
11.047
12.282
13.498
14.69
15.859
17.003
18.119
19.207
20.265
21.293
22.289
23.253
24.183
25.08
25.943
26.771
27.565
28.323
29.047
29.736
30.391
31.011
31.597
32.149
32.668
33.154
33.607
34.029
34.419
34.779
35.108
35.408
35.679
35.921
36.135
36.321
36.479
36.611
36.716
36.795
36.847
36.873
36.873
36.847
36.795
36.716
36.611
36.479
36.321
36.135
35.921
35.679
35.408
35.108
34.779
34.419
34.029
33.607
33.154
32.668
32.149
31.597
31.011
30.391
29.736
29.047
28.323
27.565
26.771
25.943
25.08
24.183
23.253
22.289
21.293
20.265
19.207
18.119
17.003
15.859
14.69
13.498
12.282
11.047
9.7923
8.5212
7.2355
5.9372
4.6287
3.312
1.9895
0.66357
-0.66172
-1.98
-3.2965
-3.0535
-1.8341
-0.61295
0.61466
1.8429
3.0679
4.2875
5.4997
6.7022
7.8932
9.0706
10.233
11.377
12.503
13.608
14.69
15.749
16.783
17.791
18.771
19.723
20.646
21.539
22.401
23.232
24.031
24.798
25.533
26.236
26.906
27.545
28.151
28.725
29.268
29.779
30.26
30.71
31.13
31.521
31.882
32.216
32.521
32.798
33.049
33.273
33.471
33.644
33.791
33.913
34.01
34.083
34.131
34.155
34.155
34.131
34.083
34.01
33.913
33.791
33.644
33.471
33.273
33.049
32.798
32.521
32.216
31.882
31.521
31.13
30.71
30.26
29.779
29.268
28.725
28.151
27.545
26.906
26.236
25.533
24.798
24.031
23.232
22.401
21.539
20.646
19.723
18.771
17.791
16.783
15.749
14.69
13.608
12.503
11.377
10.233
9.0706
7.8932
6.7022
5.4997
4.2875
3.0679
1.8429
0.61466
-0.61295
-1.8341
-3.0535
-2.8056
-1.6851
-0.56318
0.56475
1.6933
2.8188
3.9394
5.0531
6.158
7.2523
8.3341
9.4017
10.453
11.488
12.503
13.498
14.471
15.421
16.346
17.247
18.122
18.97
19.79
20.582
21.345
22.08
22.784
23.46
24.106
24.722
25.308
25.865
26.393
26.891
27.361
27.803
28.216
28.602
28.961
29.294
29.6
29.88
30.135
30.365
30.571
30.753
30.912
31.047
31.159
31.248
31.315
31.36
31.382
31.382
31.36
31.315
31.248
31.159
31.047
30.912
30.753
30.571
30.365
30.135
29.88
29.6
29.294
28.961
28.602
28.216
27.803
27.361
26.891
26.393
25.865
25.308
24.722
24.106
23.46
22.784
22.08
21.345
20.582
19.79
18.97
18.122
17.247
16.346
15.421
14.471
13.498
12.503
11.488
10.453
9.4017
8.3341
7.2523
6.158
5.0531
3.9394
2.8188
1.6933
0.56475
-0.56318
-1.6851
-2.8056
-2.553
-1.5334
-0.51248
0.51391
1.5408
2.565
3.5847
4.5982
5.6036
6.5994
7.5838
8.5552
9.5123
10.453
11.377
12.282
13.168
14.032
14.875
15.694
16.49
17.262
18.008
18.729
19.424
20.092
20.733
21.348
21.935
22.496
23.03
23.536
24.017
24.47
24.898
25.3
25.676
26.027
26.354
26.656
26.935
27.19
27.422
27.632
27.819
27.985
28.129
28.252
28.354
28.435
28.496
28.536
28.556
28.556
28.536
28.496
28.435
28.354
28.252
28.129
27.985
27.819
27.632
27.422
27.19
26.935
26.656
26.354
26.027
25.676
25.3
24.898
24.47
24.017
23.536
23.03
22.496
21.935
21.348
20.733
20.092
19.424
18.729
18.008
17.262
16.49
15.694
14.875
14.032
13.168
12.282
11.377
10.453
9.5123
8.5552
7.5838
6.5994
5.6036
4.5982
3.5847
2.565
1.5408
0.51391
-0.51248
-1.5334
-2.553
-2.2961
-1.3792
-0.46092
0.4622
1.3858
2.307
3.2241
4.1356
5.0398
5.9354
6.8208
7.6945
8.5552
9.4017
10.233
11.047
11.843
12.621
13.378
14.115
14.831
15.525
16.196
16.845
17.469
18.07
18.647
19.2
19.728
20.233
20.713
21.168
21.6
22.008
22.393
22.754
23.093
23.409
23.702
23.974
24.225
24.454
24.663
24.852
25.02
25.169
25.299
25.409
25.501
25.574
25.629
25.665
25.683
25.683
25.665
25.629
25.574
25.501
25.409
25.299
25.169
25.02
24.852
24.663
24.454
24.225
23.974
23.702
23.409
23.093
22.754
22.393
22.008
21.6
21.168
20.713
20.233
19.728
19.2
18.647
18.07
17.469
16.845
16.196
15.525
14.831
14.115
13.378
12.621
11.843
11.047
10.233
9.4017
8.5552
7.6945
6.8208
5.9354
5.0398
4.1356
3.2241
2.307
1.3858
0.4622
-0.46092
-1.3792
-2.2961
-2.0354
-1.2225
-0.40858
0.40972
1.2284
2.045
2.858
3.666
4.4676
5.2614
6.0463
6.8208
7.5838
8.3341
9.0706
9.7923
10.498
11.187
11.859
12.513
13.147
13.762
14.357
14.932
15.486
16.018
16.53
17.02
17.488
17.935
18.361
18.765
19.147
19.509
19.85
20.17
20.47
20.75
21.011
21.252
21.474
21.677
21.862
22.03
22.179
22.311
22.426
22.524
22.605
22.67
22.718
22.751
22.767
22.767
22.751
22.718
22.67
22.605
22.524
22.426
22.311
22.179
22.03
21.862
21.677
21.474
21.252
21.011
20.75
20.47
20.17
19.85
19.509
19.147
18.765
18.361
17.935
17.488
17.02
16.53
16.018
15.486
14.932
14.357
13.762
13.147
12.513
11.859
11.187
10.498
9.7923
9.0706
8.3341
7.5838
6.8208
6.0463
5.2614
4.4676
3.666
2.858
2.045
1.2284
0.40972
-0.40858
-1.2225
-2.0354
-1.7712
-1.0639
-0.35555
0.35654
1.069
1.7795
2.487
3.1901
3.8876
4.5785
5.2614
5.9354
6.5994
7.2523
7.8932
8.5212
9.1355
9.7352
10.32
10.888
11.441
11.976
12.494
12.994
13.476
13.939
14.384
14.81
15.218
15.607
15.977
16.329
16.662
16.977
17.273
17.552
17.813
18.057
18.284
18.493
18.687
18.864
19.025
19.17
19.3
19.415
19.515
19.6
19.671
19.727
19.769
19.797
19.812
19.812
19.797
19.769
19.727
19.671
19.6
19.515
19.415
19.3
19.17
19.025
18.864
18.687
18.493
18.284
18.057
17.813
17.552
17.273
16.977
16.662
16.329
15.977
15.607
15.218
14.81
14.384
13.939
13.476
12.994
12.494
11.976
11.441
10.888
10.32
9.7352
9.1355
8.5212
7.8932
7.2523
6.5994
5.9354
5.2614
4.5785
3.8876
3.1901
2.487
1.7795
1.069
0.35654
-0.35555
-1.0639
-1.7712
-1.504
-0.90333
-0.3019
0.30274
0.90769
1.511
2.1117
2.7088
3.3011
3.8876
4.4676
5.0398
5.6036
6.158
6.7022
7.2355
7.7571
8.2663
8.7627
9.2455
9.7144
10.169
10.609
11.033
11.442
11.836
12.214
12.576
12.922
13.252
13.567
13.865
14.148
14.415
14.667
14.904
15.125
15.332
15.525
15.703
15.867
16.017
16.154
16.277
16.388
16.485
16.57
16.643
16.703
16.751
16.786
16.81
16.822
16.822
16.81
16.786
16.751
16.703
16.643
16.57
16.485
16.388
16.277
16.154
16.017
15.867
15.703
15.525
15.332
15.125
14.904
14.667
14.415
14.148
13.865
13.567
13.252
12.922
12.576
12.214
11.836
11.442
11.033
10.609
10.169
9.7144
9.2455
8.7627
8.2663
7.7571
7.2355
6.7022
6.158
5.6036
5.0398
4.4676
3.8876
3.3011
2.7088
2.1117
1.511
0.90769
0.30274
-0.3019
-0.90333
-1.504
-1.2341
-0.74125
-0.24773
0.24842
0.74482
1.2399
1.7328
2.2227
2.7088
3.1901
3.666
4.1356
4.5982
5.0531
5.4997
5.9372
6.3652
6.7831
7.1904
7.5866
7.9713
8.3443
8.705
9.0534
9.3892
9.7122
10.022
10.319
10.603
10.874
11.132
11.377
11.609
11.829
12.035
12.23
12.412
12.581
12.739
12.885
13.02
13.143
13.256
13.357
13.447
13.527
13.597
13.656
13.706
13.745
13.774
13.794
13.804
13.804
13.794
13.774
13.745
13.706
13.656
13.597
13.527
13.447
13.357
13.256
13.143
13.02
12.885
12.739
12.581
12.412
12.23
12.035
11.829
11.609
11.377
11.132
10.874
10.603
10.319
10.022
9.7122
9.3892
9.0534
8.705
8.3443
7.9713
7.5866
7.1904
6.7831
6.3652
5.9372
5.4997
5.0531
4.5982
4.1356
3.666
3.1901
2.7088
2.2227
1.7328
1.2399
0.74482
0.24842
-0.24773
-0.74125
-1.2341
-0.96211
-0.57788
-0.19313
0.19367
0.58066
0.96664
1.3509
1.7328
2.1117
2.487
2.858
3.2241
3.5847
3.9394
4.2875
4.6287
4.9623
5.2881
5.6056
5.9145
6.2145
6.5052
6.7864
7.058
7.3198
7.5716
7.8133
8.0449
8.2664
8.4776
8.6787
8.8697
9.0506
9.2216
9.3828
9.5342
9.676
9.8084
9.9315
10.045
10.15
10.246
10.334
10.413
10.484
10.546
10.6
10.647
10.685
10.716
10.739
10.754
10.761
10.761
10.754
10.739
10.716
10.685
10.647
10.6
10.546
10.484
10.413
10.334
10.246
10.15
10.045
9.9315
9.8084
9.676
9.5342
9.3828
9.2216
9.0506
8.8697
8.6787
8.4776
8.2664
8.0449
7.8133
7.5716
7.3198
7.058
6.7864
6.5052
6.2145
5.9145
5.6056
5.2881
4.9623
4.6287
4.2875
3.9394
3.5847
3.2241
2.858
2.487
2.1117
1.7328
1.3509
0.96664
0.58066
0.19367
-0.19313
-0.57788
-0.96211
-0.68843
-0.4135
-0.13819
0.13858
0.41549
0.69167
0.96664
1.2399
1.511
1.7795
2.045
2.307
2.565
2.8188
3.0679
3.312
3.5508
3.7839
4.0111
4.2321
4.4467
4.6547
4.856
5.0503
5.2376
5.4178
5.5908
5.7565
5.9149
6.0661
6.21
6.3466
6.4761
6.5985
6.7138
6.8221
6.9236
7.0183
7.1064
7.1879
7.263
7.3318
7.3944
7.4509
7.5014
7.5461
7.5849
7.6181
7.6456
7.6675
7.6839
7.6948
7.7002
7.7002
7.6948
7.6839
7.6675
7.6456
7.6181
7.5849
7.5461
7.5014
7.4509
7.3944
7.3318
7.263
7.1879
7.1064
7.0183
6.9236
6.8221
6.7138
6.5985
6.4761
6.3466
6.21
6.0661
5.9149
5.7565
5.5908
5.4178
5.2376
5.0503
4.856
4.6547
4.4467
4.2321
4.0111
3.7839
3.5508
3.312
3.0679
2.8188
2.565
2.307
2.045
1.7795
1.511
1.2399
0.96664
0.69167
0.41549
0.13858
-0.13819
-0.4135
-0.68843
-0.41354
-0.24839
-0.083013
0.083244
0.24959
0.41549
0.58066
0.74482
0.90769
1.069
1.2284
1.3858
1.5408
1.6933
1.8429
1.9895
2.133
2.273
2.4095
2.5422
2.6711
2.7961
2.917
3.0337
3.1463
3.2545
3.3584
3.4579
3.5531
3.6439
3.7304
3.8124
3.8902
3.9637
4.033
4.0981
4.159
4.2159
4.2688
4.3178
4.3629
4.4042
4.4418
4.4758
4.5061
4.5329
4.5563
4.5762
4.5927
4.6059
4.6157
4.6223
4.6256
4.6256
4.6223
4.6157
4.6059
4.5927
4.5762
4.5563
4.5329
4.5061
4.4758
4.4418
4.4042
4.3629
4.3178
4.2688
4.2159
4.159
4.0981
4.033
3.9637
3.8902
3.8124
3.7304
3.6439
3.5531
3.4579
3.3584
3.2545
3.1463
3.0337
2.917
2.7961
2.6711
2.5422
2.4095
2.273
2.133
1.9895
1.8429
1.6933
1.5408
1.3858
1.2284
1.069
0.90769
0.74482
0.58066
0.41549
0.24959
0.083244
-0.083013
-0.24839
-0.41354
-0.13793
-0.082845
-0.027687
0.027764
0.083244
0.13858
0.19367
0.24842
0.30274
0.35654
0.40972
0.4622
0.51391
0.56475
0.61466
0.66357
0.7114
0.75811
0.80362
0.84791
0.89091
0.93258
0.97291
1.0118
1.0494
1.0855
1.1201
1.1533
1.1851
1.2154
1.2442
1.2716
1.2975
1.322
1.3451
1.3668
1.3872
1.4061
1.4238
1.4401
1.4552
1.4689
1.4815
1.4928
1.5029
1.5119
1.5197
1.5263
1.5318
1.5362
1.5395
1.5417
1.5428
1.5428
1.5417
1.5395
1.5362
1.5318
1.5263
1.5197
1.5119
1.5029
1.4928
1.4815
1.4689
1.4552
1.4401
1.4238
1.4061
1.3872
1.3668
1.3451
1.322
1.2975
1.2716
1.2442
1.2154
1.1851
1.1533
1.1201
1.0855
1.0494
1.0118
0.97291
0.93258
0.89091
0.84791
0.80362
0.75811
0.7114
0.66357
0.61466
0.56475
0.51391
0.4622
0.40972
0.35654
0.30274
0.24842
0.19367
0.13858
0.083244
0.027764
-0.027687
-0.082845
-0.13793
0.13754
0.082614
0.02761
-0.027687
-0.083013
-0.13819
-0.19313
-0.24773
-0.3019
-0.35555
-0.40858
-0.46092
-0.51248
-0.56318
-0.61295
-0.66172
-0.70943
-0.756
-0.80139
-0.84555
-0.88843
-0.92999
-0.9702
-1.009
-1.0465
-1.0825
-1.117
-1.1501
-1.1818
-1.212
-1.2407
-1.268
-1.2939
-1.3183
-1.3414
-1.363
-1.3833
-1.4022
-1.4198
-1.4361
-1.4511
-1.4649
-1.4774
-1.4887
-1.4988
-1.5077
-1.5154
-1.5221
-1.5276
-1.5319
-1.5352
-1.5374
-1.5385
-1.5385
-1.5374
-1.5352
-1.5319
-1.5276
-1.5221
-1.5154
-1.5077
-1.4988
-1.4887
-1.4774
-1.4649
-1.4511
-1.4361
-1.4198
-1.4022
-1.3833
-1.363
-1.3414
-1.3183
-1.2939
-1.268
-1.2407
-1.212
-1.1818
-1.1501
-1.117
-1.0825
-1.0465
-1.009
-0.9702
-0.92999
-0.88843
-0.84555
-0.80139
-0.756
-0.70943
-0.66172
-0.61295
-0.56318
-0.51248
-0.46092
-0.40858
-0.35555
-0.3019
-0.24773
-0.19313
-0.13819
-0.083013
-0.027687
0.02761
0.082614
0.13754
0.41278
0.24773
0.082614
-0.082845
-0.24839
-0.4135
-0.57788
-0.74125
-0.90333
-1.0639
-1.2225
-1.3792
-1.5334
-1.6851
-1.8341
-1.98
-2.1227
-2.2621
-2.3979
-2.53
-2.6583
-2.7827
-2.903
-3.0192
-3.1312
-3.2389
-3.3423
-3.4413
-3.5361
-3.6264
-3.7125
-3.7941
-3.8715
-3.9447
-4.0136
-4.0784
-4.139
-4.1957
-4.2483
-4.2971
-4.342
-4.3831
-4.4205
-4.4543
-4.4845
-4.5112
-4.5344
-4.5542
-4.5707
-4.5838
-4.5936
-4.6001
-4.6033
-4.6033
-4.6001
-4.5936
-4.5838
-4.5707
-4.5542
-4.5344
-4.5112
-4.4845
-4.4543
-4.4205
-4.3831
-4.342
-4.2971
-4.2483
-4.1957
-4.139
-4.0784
-4.0136
-3.9447
-3.8715
-3.7941
-3.7125
-3.6264
-3.5361
-3.4413
-3.3423
-3.2389
-3.1312
-3.0192
-2.903
-2.7827
-2.6583
-2.53
-2.3979
-2.2621
-2.1227
-1.98
-1.8341
-1.6851
-1.5334
-1.3792
-1.2225
-1.0639
-0.90333
-0.74125
-0.57788
-0.4135
-0.24839
-0.082845
0.082614
0.24773
0.41278
0.68789
0.41278
0.13754
-0.13793
-0.41354
-0.68843
-0.96211
-1.2341
-1.504
-1.7712
-2.0354
-2.2961
-2.553
-2.8056
-3.0535
-3.2965
-3.5341
-3.7661
-3.9922
-4.2122
-4.4258
-4.6329
-4.8332
-5.0266
-5.213
-5.3924
-5.5645
-5.7295
-5.8872
-6.0376
-6.1808
-6.3168
-6.4457
-6.5675
-6.6822
-6.7901
-6.8911
-6.9853
-7.073
-7.1541
-7.2289
-7.2973
-7.3597
-7.4159
-7.4662
-7.5106
-7.5493
-7.5823
-7.6096
-7.6315
-7.6478
-7.6586
-7.6641
-7.6641
-7.6586
-7.6478
-7.6315
-7.6096
-7.5823
-7.5493
-7.5106
-7.4662
-7.4159
-7.3597
-7.2973
-7.2289
-7.1541
-7.073
-6.9853
-6.8911
-6.7901
-6.6822
-6.5675
-6.4457
-6.3168
-6.1808
-6.0376
-5.8872
-5.7295
-5.5645
-5.3924
-5.213
-5.0266
-4.8332
-4.6329
-4.4258
-4.2122
-3.9922
-3.7661
-3.5341
-3.2965
-3.0535
-2.8056
-2.553
-2.2961
-2.0354
-1.7712
-1.504
-1.2341
-0.96211
-0.68843
-0.41354
-0.13793
0.13754
0.41278
0.68789
