0.741
0.44469
0.14818
-0.1486
-0.44551
-0.74158
-1.0363
-1.329
-1.6192
-1.9065
-2.1902
-2.4699
-2.7452
-3.0155
-3.2806
-3.5399
-3.7931
-4.0399
-4.28
-4.5131
-4.739
-4.9575
-5.1684
-5.3716
-5.5669
-5.7543
-5.9337
-6.1052
-6.2686
-6.4241
-6.5717
-6.7114
-6.8434
-6.9678
-7.0846
-7.1941
-7.2963
-7.3914
-7.4796
-7.561
-7.6358
-7.7041
-7.7661
-7.822
-7.8718
-7.9157
-7.9539
-7.9863
-8.0133
-8.0347
-8.0507
-8.0614
-8.0667
-8.0667
-8.0614
-8.0507
-8.0347
-8.0133
-7.9863
-7.9539
-7.9157
-7.8718
-7.822
-7.7661
-7.7041
-7.6358
-7.561
-7.4796
-7.3914
-7.2963
-7.1941
-7.0846
-6.9678
-6.8434
-6.7114
-6.5717
-6.4241
-6.2686
-6.1052
-5.9337
-5.7543
-5.5669
-5.3716
-5.1684
-4.9575
-4.739
-4.5131
-4.28
-4.0399
-3.7931
-3.5399
-3.2806
-3.0155
-2.7452
-2.4699
-2.1902
-1.9065
-1.6192
-1.329
-1.0363
-0.74158
-0.44551
-0.1486
0.14818
0.44469
0.741
0.44469
0.26691
0.089011
-0.08926
-0.26761
-0.44546
-0.62247
-0.79831
-0.97265
-1.1452
-1.3156
-1.4837
-1.649
-1.8114
-1.9706
-2.1264
-2.2785
-2.4267
-2.571
-2.711
-2.8467
-2.9779
-3.1046
-3.2267
-3.344
-3.4566
-3.5643
-3.6673
-3.7655
-3.8589
-3.9476
-4.0315
-4.1108
-4.1855
-4.2557
-4.3214
-4.3828
-4.44
-4.4929
-4.5418
-4.5868
-4.6278
-4.665
-4.6986
-4.7285
-4.7549
-4.7778
-4.7973
-4.8135
-4.8264
-4.836
-4.8424
-4.8456
-4.8456
-4.8424
-4.836
-4.8264
-4.8135
-4.7973
-4.7778
-4.7549
-4.7285
-4.6986
-4.665
-4.6278
-4.5868
-4.5418
-4.4929
-4.44
-4.3828
-4.3214
-4.2557
-4.1855
-4.1108
-4.0315
-3.9476
-3.8589
-3.7655
-3.6673
-3.5643
-3.4566
-3.344
-3.2267
-3.1046
-2.9779
-2.8467
-2.711
-2.571
-2.4267
-2.2785
-2.1264
-1.9706
-1.8114
-1.649
-1.4837
-1.3156
-1.1452
-0.97265
-0.79831
-0.62247
-0.44546
-0.26761
-0.08926
0.089011
0.26691
0.44469
0.14818
0.089011
0.02975
-0.029833
-0.089441
-0.14888
-0.20804
-0.26681
-0.32508
-0.38275
-0.43971
-0.49587
-0.55113
-0.60541
-0.65862
-0.71067
-0.76151
-0.81106
-0.85927
-0.90607
-0.95143
-0.99529
-1.0376
-1.0784
-1.1176
-1.1553
-1.1913
-1.2257
-1.2585
-1.2897
-1.3194
-1.3474
-1.3739
-1.3989
-1.4223
-1.4443
-1.4648
-1.4839
-1.5016
-1.518
-1.533
-1.5467
-1.5592
-1.5704
-1.5804
-1.5892
-1.5969
-1.6034
-1.6088
-1.6131
-1.6163
-1.6184
-1.6195
-1.6195
-1.6184
-1.6163
-1.6131
-1.6088
-1.6034
-1.5969
-1.5892
-1.5804
-1.5704
-1.5592
-1.5467
-1.533
-1.518
-1.5016
-1.4839
-1.4648
-1.4443
-1.4223
-1.3989
-1.3739
-1.3474
-1.3194
-1.2897
-1.2585
-1.2257
-1.1913
-1.1553
-1.1176
-1.0784
-1.0376
-0.99529
-0.95143
-0.90607
-0.85927
-0.81106
-0.76151
-0.71067
-0.65862
-0.60541
-0.55113
-0.49587
-0.43971
-0.38275
-0.32508
-0.26681
-0.20804
-0.14888
-0.089441
-0.029833
0.02975
0.089011
0.14818
-0.1486
-0.08926
-0.029833
0.029916
0.08969
0.1493
0.20862
0.26755
0.32599
0.38381
0.44093
0.49725
0.55267
0.60709
0.66045
0.71265
0.76363
0.81332
0.86166
0.90859
0.95407
0.99806
1.0405
1.0814
1.1207
1.1585
1.1946
1.2291
1.262
1.2933
1.323
1.3512
1.3777
1.4028
1.4263
1.4483
1.4689
1.4881
1.5058
1.5222
1.5373
1.551
1.5635
1.5747
1.5848
1.5936
1.6013
1.6078
1.6133
1.6176
1.6208
1.6229
1.624
1.624
1.6229
1.6208
1.6176
1.6133
1.6078
1.6013
1.5936
1.5848
1.5747
1.5635
1.551
1.5373
1.5222
1.5058
1.4881
1.4689
1.4483
1.4263
1.4028
1.3777
1.3512
1.323
1.2933
1.262
1.2291
1.1946
1.1585
1.1207
1.0814
1.0405
0.99806
0.95407
0.90859
0.86166
0.81332
0.76363
0.71265
0.66045
0.60709
0.55267
0.49725
0.44093
0.38381
0.32599
0.26755
0.20862
0.1493
0.08969
0.029916
-0.029833
-0.08926
-0.1486
-0.44551
-0.26761
-0.089441
0.08969
0.2689
0.4476
0.62547
0.80215
0.97734
1.1507
1.322
1.4908
1.657
1.8201
1.9801
2.1366
2.2895
2.4384
2.5833
2.7241
2.8604
2.9923
3.1196
3.2422
3.3601
3.4732
3.5815
3.685
3.7837
3.8775
3.9666
4.0509
4.1306
4.2057
4.2762
4.3423
4.404
4.4614
4.5146
4.5637
4.6089
4.6501
4.6875
4.7213
4.7513
4.7778
4.8009
4.8205
4.8367
4.8497
4.8593
4.8658
4.869
4.869
4.8658
4.8593
4.8497
4.8367
4.8205
4.8009
4.7778
4.7513
4.7213
4.6875
4.6501
4.6089
4.5637
4.5146
4.4614
4.404
4.3423
4.2762
4.2057
4.1306
4.0509
3.9666
3.8775
3.7837
3.685
3.5815
3.4732
3.3601
3.2422
3.1196
2.9923
2.8604
2.7241
2.5833
2.4384
2.2895
2.1366
1.9801
1.8201
1.657
1.4908
1.322
1.1507
0.97734
0.80215
0.62547
0.4476
0.2689
0.08969
-0.089441
-0.26761
-0.44551
-0.74158
-0.44546
-0.14888
0.1493
0.4476
0.74507
1.0411
1.3352
1.6268
1.9154
2.2005
2.4816
2.7581
3.0297
3.296
3.5565
3.811
4.0589
4.3002
4.5344
4.7614
4.9809
5.1928
5.3969
5.5931
5.7814
5.9617
6.1339
6.2982
6.4544
6.6027
6.7431
6.8757
7.0006
7.118
7.228
7.3307
7.4263
7.5149
7.5967
7.6718
7.7404
7.8027
7.8589
7.9089
7.953
7.9914
8.024
8.0511
8.0726
8.0887
8.0994
8.1048
8.1048
8.0994
8.0887
8.0726
8.0511
8.024
7.9914
7.953
7.9089
7.8589
7.8027
7.7404
7.6718
7.5967
7.5149
7.4263
7.3307
7.228
7.118
7.0006
6.8757
6.7431
6.6027
6.4544
6.2982
6.1339
5.9617
5.7814
5.5931
5.3969
5.1928
4.9809
4.7614
4.5344
4.3002
4.0589
3.811
3.5565
3.296
3.0297
2.7581
2.4816
2.2005
1.9154
1.6268
1.3352
1.0411
0.74507
0.4476
0.1493
-0.14888
-0.44546
-0.74158
-1.0363
-0.62247
-0.20804
0.20862
0.62547
1.0411
1.4548
1.8658
2.2733
2.6766
3.0749
3.4676
3.8541
4.2336
4.6057
4.9698
5.3253
5.6718
6.0089
6.3362
6.6533
6.9601
7.2562
7.5414
7.8156
8.0787
8.3306
8.5713
8.8008
9.0191
9.2263
9.4225
9.6078
9.7824
9.9465
10.1
10.244
10.377
10.501
10.615
10.72
10.816
10.903
10.982
11.052
11.113
11.167
11.212
11.25
11.28
11.303
11.318
11.325
11.325
11.318
11.303
11.28
11.25
11.212
11.167
11.113
11.052
10.982
10.903
10.816
10.72
10.615
10.501
10.377
10.244
10.1
9.9465
9.7824
9.6078
9.4225
9.2263
9.0191
8.8008
8.5713
8.3306
8.0787
7.8156
7.5414
7.2562
6.9601
6.6533
6.3362
6.0089
5.6718
5.3253
4.9698
4.6057
4.2336
3.8541
3.4676
3.0749
2.6766
2.2733
1.8658
1.4548
1.0411
0.62547
0.20862
-0.20804
-0.62247
-1.0363
-1.329
-0.79831
-0.26681
0.26755
0.80215
1.3352
1.8658
2.3929
2.9155
3.4327
3.9435
4.4472
4.9428
5.4296
5.9068
6.3737
6.8296
7.274
7.7063
8.1261
8.5328
8.9262
9.306
9.6718
10.023
10.361
10.684
10.993
11.287
11.567
11.833
12.084
12.322
12.546
12.756
12.953
13.137
13.309
13.467
13.614
13.749
13.872
13.983
14.084
14.174
14.253
14.321
14.38
14.428
14.467
14.496
14.515
14.525
14.525
14.515
14.496
14.467
14.428
14.38
14.321
14.253
14.174
14.084
13.983
13.872
13.749
13.614
13.467
13.309
13.137
12.953
12.756
12.546
12.322
12.084
11.833
11.567
11.287
10.993
10.684
10.361
10.023
9.6718
9.306
8.9262
8.5328
8.1261
7.7063
7.274
6.8296
6.3737
5.9068
5.4296
4.9428
4.4472
3.9435
3.4327
2.9155
2.3929
1.8658
1.3352
0.80215
0.26755
-0.26681
-0.79831
-1.329
-1.6192
-0.97265
-0.32508
0.32599
0.97734
1.6268
2.2733
2.9155
3.5522
4.1824
4.8048
5.4184
6.0223
6.6154
7.1968
7.7657
8.3212
8.8626
9.3894
9.9008
10.396
10.876
11.338
11.784
12.213
12.624
13.017
13.393
13.752
14.093
14.417
14.723
15.013
15.286
15.542
15.782
16.007
16.215
16.409
16.587
16.751
16.901
17.037
17.16
17.269
17.365
17.449
17.52
17.58
17.627
17.662
17.685
17.697
17.697
17.685
17.662
17.627
17.58
17.52
17.449
17.365
17.269
17.16
17.037
16.901
16.751
16.587
16.409
16.215
16.007
15.782
15.542
15.286
15.013
14.723
14.417
14.093
13.752
13.393
13.017
12.624
12.213
11.784
11.338
10.876
10.396
9.9008
9.3894
8.8626
8.3212
7.7657
7.1968
6.6154
6.0223
5.4184
4.8048
4.1824
3.5522
2.9155
2.2733
1.6268
0.97734
0.32599
-0.32508
-0.97265
-1.6192
-1.9065
-1.1452
-0.38275
0.38381
1.1507
1.9154
2.6766
3.4327
4.1824
4.9243
5.6571
6.3797
7.0906
7.7889
8.4735
9.1432
9.7973
10.435
11.055
11.657
12.241
12.805
13.35
13.875
14.379
14.863
15.327
15.769
16.192
16.593
16.974
17.335
17.676
17.998
18.299
18.582
18.846
19.092
19.32
19.53
19.723
19.9
20.06
20.204
20.333
20.446
20.545
20.629
20.698
20.754
20.795
20.822
20.836
20.836
20.822
20.795
20.754
20.698
20.629
20.545
20.446
20.333
20.204
20.06
19.9
19.723
19.53
19.32
19.092
18.846
18.582
18.299
17.998
17.676
17.335
16.974
16.593
16.192
15.769
15.327
14.863
14.379
13.875
13.35
12.805
12.241
11.657
11.055
10.435
9.7973
9.1432
8.4735
7.7889
7.0906
6.3797
5.6571
4.9243
4.1824
3.4327
2.6766
1.9154
1.1507
0.38381
-0.38275
-1.1452
-1.9065
-2.1902
-1.3156
-0.43971
0.44093
1.322
2.2005
3.0749
3.9435
4.8048
5.6571
6.4991
7.3291
8.1459
8.9481
9.7345
10.504
11.255
11.988
12.7
13.392
14.062
14.711
15.337
15.939
16.519
17.075
17.608
18.116
18.601
19.063
19.501
19.915
20.307
20.676
21.023
21.348
21.651
21.933
22.195
22.436
22.658
22.861
23.045
23.211
23.359
23.489
23.602
23.699
23.779
23.842
23.89
23.921
23.937
23.937
23.921
23.89
23.842
23.779
23.699
23.602
23.489
23.359
23.211
23.045
22.861
22.658
22.436
22.195
21.933
21.651
21.348
21.023
20.676
20.307
19.915
19.501
19.063
18.601
18.116
17.608
17.075
16.519
15.939
15.337
14.711
14.062
13.392
12.7
11.988
11.255
10.504
9.7345
8.9481
8.1459
7.3291
6.4991
5.6571
4.8048
3.9435
3.0749
2.2005
1.322
0.44093
-0.43971
-1.3156
-2.1902
-2.4699
-1.4837
-0.49587
0.49725
1.4908
2.4816
3.4676
4.4472
5.4184
6.3797
7.3291
8.2652
9.1863
10.091
10.978
11.846
12.693
13.519
14.322
15.102
15.858
16.59
17.295
17.975
18.629
19.256
19.856
20.43
20.977
21.497
21.991
22.459
22.901
23.317
23.708
24.074
24.416
24.735
25.03
25.302
25.552
25.781
25.988
26.175
26.342
26.489
26.617
26.726
26.816
26.887
26.941
26.977
26.994
26.994
26.977
26.941
26.887
26.816
26.726
26.617
26.489
26.342
26.175
25.988
25.781
25.552
25.302
25.03
24.735
24.416
24.074
23.708
23.317
22.901
22.459
21.991
21.497
20.977
20.43
19.856
19.256
18.629
17.975
17.295
16.59
15.858
15.102
14.322
13.519
12.693
11.846
10.978
10.091
9.1863
8.2652
7.3291
6.3797
5.4184
4.4472
3.4676
2.4816
1.4908
0.49725
-0.49587
-1.4837
-2.4699
-2.7452
-1.649
-0.55113
0.55267
1.657
2.7581
3.8541
4.9428
6.0223
7.0906
8.1459
9.1863
10.21
11.216
12.201
13.166
14.108
15.025
15.918
16.786
17.626
18.438
19.223
19.978
20.705
21.402
22.069
22.707
23.315
23.893
24.442
24.962
25.453
25.915
26.35
26.757
27.137
27.491
27.819
28.122
28.4
28.654
28.885
29.093
29.278
29.441
29.583
29.704
29.804
29.884
29.944
29.983
30.003
30.003
29.983
29.944
29.884
29.804
29.704
29.583
29.441
29.278
29.093
28.885
28.654
28.4
28.122
27.819
27.491
27.137
26.757
26.35
25.915
25.453
24.962
24.442
23.893
23.315
22.707
22.069
21.402
20.705
19.978
19.223
18.438
17.626
16.786
15.918
15.025
14.108
13.166
12.201
11.216
10.21
9.1863
8.1459
7.0906
6.0223
4.9428
3.8541
2.7581
1.657
0.55267
-0.55113
-1.649
-2.7452
-3.0155
-1.8114
-0.60541
0.60709
1.8201
3.0297
4.2336
5.4296
6.6154
7.7889
8.9481
10.091
11.216
12.32
13.403
14.462
15.497
16.505
17.486
18.439
19.362
20.254
21.116
21.946
22.744
23.51
24.243
24.943
25.611
26.246
26.849
27.42
27.96
28.468
28.945
29.392
29.81
30.199
30.559
30.892
31.197
31.476
31.73
31.958
32.161
32.341
32.497
32.63
32.74
32.827
32.893
32.936
32.958
32.958
32.936
32.893
32.827
32.74
32.63
32.497
32.341
32.161
31.958
31.73
31.476
31.197
30.892
30.559
30.199
29.81
29.392
28.945
28.468
27.96
27.42
26.849
26.246
25.611
24.943
24.243
23.51
22.744
21.946
21.116
20.254
19.362
18.439
17.486
16.505
15.497
14.462
13.403
12.32
11.216
10.091
8.9481
7.7889
6.6154
5.4296
4.2336
3.0297
1.8201
0.60709
-0.60541
-1.8114
-3.0155
-3.2806
-1.9706
-0.65862
0.66045
1.9801
3.296
4.6057
5.9068
7.1968
8.4735
9.7345
10.978
12.201
13.403
14.581
15.733
16.859
17.956
19.023
20.059
21.063
22.034
22.972
23.875
24.743
25.576
26.373
27.135
27.862
28.553
29.209
29.83
30.417
30.97
31.489
31.976
32.43
32.853
33.245
33.607
33.939
34.243
34.518
34.767
34.988
35.183
35.353
35.497
35.617
35.712
35.784
35.831
35.855
35.855
35.831
35.784
35.712
35.617
35.497
35.353
35.183
34.988
34.767
34.518
34.243
33.939
33.607
33.245
32.853
32.43
31.976
31.489
30.97
30.417
29.83
29.209
28.553
27.862
27.135
26.373
25.576
24.743
23.875
22.972
22.034
21.063
20.059
19.023
17.956
16.859
15.733
14.581
13.403
12.201
10.978
9.7345
8.4735
7.1968
5.9068
4.6057
3.296
1.9801
0.66045
-0.65862
-1.9706
-3.2806
-3.5399
-2.1264
-0.71067
0.71265
2.1366
3.5565
4.9698
6.3737
7.7657
9.1432
10.504
11.846
13.166
14.462
15.733
16.977
18.191
19.375
20.527
21.645
22.728
23.776
24.788
25.762
26.699
27.598
28.458
29.28
30.064
30.81
31.518
32.188
32.821
33.418
33.978
34.503
34.994
35.45
35.873
36.263
36.622
36.95
37.247
37.515
37.754
37.965
38.148
38.303
38.433
38.535
38.612
38.663
38.689
38.689
38.663
38.612
38.535
38.433
38.303
38.148
37.965
37.754
37.515
37.247
36.95
36.622
36.263
35.873
35.45
34.994
34.503
33.978
33.418
32.821
32.188
31.518
30.81
30.064
29.28
28.458
27.598
26.699
25.762
24.788
23.776
22.728
21.645
20.527
19.375
18.191
16.977
15.733
14.462
13.166
11.846
10.504
9.1432
7.7657
6.3737
4.9698
3.5565
2.1366
0.71265
-0.71067
-2.1264
-3.5399
-3.7931
-2.2785
-0.76151
0.76363
2.2895
3.811
5.3253
6.8296
8.3212
9.7973
11.255
12.693
14.108
15.497
16.859
18.191
19.493
20.761
21.995
23.193
24.354
25.477
26.561
27.605
28.609
29.572
30.494
31.375
32.215
33.014
33.773
34.491
35.169
35.809
36.409
36.972
37.497
37.986
38.439
38.858
39.242
39.593
39.912
40.199
40.455
40.681
40.877
41.044
41.182
41.292
41.375
41.429
41.457
41.457
41.429
41.375
41.292
41.182
41.044
40.877
40.681
40.455
40.199
39.912
39.593
39.242
38.858
38.439
37.986
37.497
36.972
36.409
35.809
35.169
34.491
33.773
33.014
32.215
31.375
30.494
29.572
28.609
27.605
26.561
25.477
24.354
23.193
21.995
20.761
19.493
18.191
16.859
15.497
14.108
12.693
11.255
9.7973
8.3212
6.8296
5.3253
3.811
2.2895
0.76363
-0.76151
-2.2785
-3.7931
-4.0399
-2.4267
-0.81106
0.81332
2.4384
4.0589
5.6718
7.274
8.8626
10.435
11.988
13.519
15.025
16.505
17.956
19.375
20.761
22.112
23.426
24.702
25.939
27.135
28.289
29.401
30.47
31.496
32.478
33.417
34.311
35.163
35.97
36.735
37.458
38.139
38.778
39.378
39.937
40.458
40.941
41.386
41.796
42.17
42.509
42.815
43.087
43.328
43.537
43.715
43.862
43.979
44.067
44.126
44.155
44.155
44.126
44.067
43.979
43.862
43.715
43.537
43.328
43.087
42.815
42.509
42.17
41.796
41.386
40.941
40.458
39.937
39.378
38.778
38.139
37.458
36.735
35.97
35.163
34.311
33.417
32.478
31.496
30.47
29.401
28.289
27.135
25.939
24.702
23.426
22.112
20.761
19.375
17.956
16.505
15.025
13.519
11.988
10.435
8.8626
7.274
5.6718
4.0589
2.4384
0.81332
-0.81106
-2.4267
-4.0399
-4.28
-2.571
-0.85927
0.86166
2.5833
4.3002
6.0089
7.7063
9.3894
11.055
12.7
14.322
15.918
17.486
19.023
20.527
21.995
23.426
24.819
26.171
27.481
28.748
29.971
31.149
32.281
33.368
34.409
35.403
36.351
37.253
38.108
38.919
39.684
40.406
41.083
41.718
42.311
42.863
43.374
43.846
44.28
44.676
45.036
45.36
45.649
45.903
46.125
46.313
46.469
46.594
46.687
46.748
46.779
46.779
46.748
46.687
46.594
46.469
46.313
46.125
45.903
45.649
45.36
45.036
44.676
44.28
43.846
43.374
42.863
42.311
41.718
41.083
40.406
39.684
38.919
38.108
37.253
36.351
35.403
34.409
33.368
32.281
31.149
29.971
28.748
27.481
26.171
24.819
23.426
21.995
20.527
19.023
17.486
15.918
14.322
12.7
11.055
9.3894
7.7063
6.0089
4.3002
2.5833
0.86166
-0.85927
-2.571
-4.28
-4.5131
-2.711
-0.90607
0.90859
2.7241
4.5344
6.3362
8.1261
9.9008
11.657
13.392
15.102
16.786
18.439
20.059
21.645
23.193
24.702
26.171
27.596
28.977
30.313
31.603
32.845
34.04
35.186
36.283
37.331
38.331
39.282
40.184
41.039
41.846
42.607
43.321
43.991
44.616
45.197
45.737
46.235
46.692
47.11
47.489
47.831
48.135
48.404
48.637
48.836
49.001
49.132
49.23
49.295
49.327
49.327
49.295
49.23
49.132
49.001
48.836
48.637
48.404
48.135
47.831
47.489
47.11
46.692
46.235
45.737
45.197
44.616
43.991
43.321
42.607
41.846
41.039
40.184
39.282
38.331
37.331
36.283
35.186
34.04
32.845
31.603
30.313
28.977
27.596
26.171
24.702
23.193
21.645
20.059
18.439
16.786
15.102
13.392
11.657
9.9008
8.1261
6.3362
4.5344
2.7241
0.90859
-0.90607
-2.711
-4.5131
-4.739
-2.8467
-0.95143
0.95407
2.8604
4.7614
6.6533
8.5328
10.396
12.241
14.062
15.858
17.626
19.362
21.063
22.728
24.354
25.939
27.481
28.977
30.428
31.831
33.185
34.49
35.744
36.947
38.099
39.2
40.25
41.248
42.196
43.093
43.941
44.74
45.49
46.193
46.849
47.46
48.026
48.549
49.029
49.468
49.866
50.225
50.545
50.827
51.072
51.281
51.454
51.592
51.694
51.763
51.797
51.797
51.763
51.694
51.592
51.454
51.281
51.072
50.827
50.545
50.225
49.866
49.468
49.029
48.549
48.026
47.46
46.849
46.193
45.49
44.74
43.941
43.093
42.196
41.248
40.25
39.2
38.099
36.947
35.744
34.49
33.185
31.831
30.428
28.977
27.481
25.939
24.354
22.728
21.063
19.362
17.626
15.858
14.062
12.241
10.396
8.5328
6.6533
4.7614
2.8604
0.95407
-0.95143
-2.8467
-4.739
-4.9575
-2.9779
-0.99529
0.99806
2.9923
4.9809
6.9601
8.9262
10.876
12.805
14.711
16.59
18.438
20.254
22.034
23.776
25.477
27.135
28.748
30.313
31.831
33.298
34.715
36.08
37.392
38.651
39.856
41.008
42.106
43.15
44.142
45.08
45.967
46.802
47.587
48.323
49.009
49.648
50.241
50.788
51.29
51.749
52.166
52.541
52.876
53.171
53.427
53.646
53.826
53.97
54.078
54.15
54.185
54.185
54.15
54.078
53.97
53.826
53.646
53.427
53.171
52.876
52.541
52.166
51.749
51.29
50.788
50.241
49.648
49.009
48.323
47.587
46.802
45.967
45.08
44.142
43.15
42.106
41.008
39.856
38.651
37.392
36.08
34.715
33.298
31.831
30.313
28.748
27.135
25.477
23.776
22.034
20.254
18.438
16.59
14.711
12.805
10.876
8.9262
6.9601
4.9809
2.9923
0.99806
-0.99529
-2.9779
-4.9575
-5.1684
-3.1046
-1.0376
1.0405
3.1196
5.1928
7.2562
9.306
11.338
13.35
15.337
17.295
19.223
21.116
22.972
24.788
26.561
28.289
29.971
31.603
33.185
34.715
36.192
37.615
38.983
40.295
41.552
42.752
43.897
44.986
46.02
46.998
47.923
48.794
49.612
50.379
51.095
51.761
52.379
52.949
53.473
53.951
54.385
54.777
55.125
55.433
55.7
55.928
56.117
56.267
56.379
56.454
56.491
56.491
56.454
56.379
56.267
56.117
55.928
55.7
55.433
55.125
54.777
54.385
53.951
53.473
52.949
52.379
51.761
51.095
50.379
49.612
48.794
47.923
46.998
46.02
44.986
43.897
42.752
41.552
40.295
38.983
37.615
36.192
34.715
33.185
31.603
29.971
28.289
26.561
24.788
22.972
21.116
19.223
17.295
15.337
13.35
11.338
9.306
7.2562
5.1928
3.1196
1.0405
-1.0376
-3.1046
-5.1684
-5.3716
-3.2267
-1.0784
1.0814
3.2422
5.3969
7.5414
9.6718
11.784
13.875
15.939
17.975
19.978
21.946
23.875
25.762
27.605
29.401
31.149
32.845
34.49
36.08
37.615
39.093
40.515
41.879
43.185
44.433
45.623
46.755
47.829
48.846
49.807
50.712
51.563
52.359
53.103
53.796
54.438
55.03
55.575
56.072
56.524
56.93
57.293
57.613
57.89
58.127
58.323
58.479
58.596
58.673
58.712
58.712
58.673
58.596
58.479
58.323
58.127
57.89
57.613
57.293
56.93
56.524
56.072
55.575
55.03
54.438
53.796
53.103
52.359
51.563
50.712
49.807
48.846
47.829
46.755
45.623
44.433
43.185
41.879
40.515
39.093
37.615
36.08
34.49
32.845
31.149
29.401
27.605
25.762
23.875
21.946
19.978
17.975
15.939
13.875
11.784
9.6718
7.5414
5.3969
3.2422
1.0814
-1.0784
-3.2267
-5.3716
-5.5669
-3.344
-1.1176
1.1207
3.3601
5.5931
7.8156
10.023
12.213
14.379
16.519
18.629
20.705
22.744
24.743
26.699
28.609
30.47
32.281
34.04
35.744
37.392
38.983
40.515
41.988
43.402
44.756
46.049
47.282
48.455
49.568
50.622
51.618
52.556
53.438
54.264
55.035
55.752
56.418
57.032
57.596
58.111
58.579
59.001
59.377
59.708
59.996
60.241
60.444
60.606
60.727
60.807
60.847
60.847
60.807
60.727
60.606
60.444
60.241
59.996
59.708
59.377
59.001
58.579
58.111
57.596
57.032
56.418
55.752
55.035
54.264
53.438
52.556
51.618
50.622
49.568
48.455
47.282
46.049
44.756
43.402
41.988
40.515
38.983
37.392
35.744
34.04
32.281
30.47
28.609
26.699
24.743
22.744
20.705
18.629
16.519
14.379
12.213
10.023
7.8156
5.5931
3.3601
1.1207
-1.1176
-3.344
-5.5669
-5.7543
-3.4566
-1.1553
1.1585
3.4732
5.7814
8.0787
10.361
12.624
14.863
17.075
19.256
21.402
23.51
25.576
27.598
29.572
31.496
33.368
35.186
36.947
38.651
40.295
41.879
43.402
44.863
46.262
47.599
48.874
50.086
51.237
52.327
53.356
54.326
55.237
56.091
56.888
57.63
58.317
58.952
59.535
60.068
60.552
60.987
61.376
61.718
62.016
62.269
62.48
62.647
62.772
62.855
62.896
62.896
62.855
62.772
62.647
62.48
62.269
62.016
61.718
61.376
60.987
60.552
60.068
59.535
58.952
58.317
57.63
56.888
56.091
55.237
54.326
53.356
52.327
51.237
50.086
48.874
47.599
46.262
44.863
43.402
41.879
40.295
38.651
36.947
35.186
33.368
31.496
29.572
27.598
25.576
23.51
21.402
19.256
17.075
14.863
12.624
10.361
8.0787
5.7814
3.4732
1.1585
-1.1553
-3.4566
-5.7543
-5.9337
-3.5643
-1.1913
1.1946
3.5815
5.9617
8.3306
10.684
13.017
15.327
17.608
19.856
22.069
24.243
26.373
28.458
30.494
32.478
34.409
36.283
38.099
39.856
41.552
43.185
44.756
46.262
47.705
49.084
50.398
51.648
52.835
53.959
55.02
56.02
56.96
57.84
58.662
59.427
60.136
60.791
61.392
61.942
62.44
62.889
63.29
63.643
63.95
64.212
64.428
64.601
64.73
64.815
64.858
64.858
64.815
64.73
64.601
64.428
64.212
63.95
63.643
63.29
62.889
62.44
61.942
61.392
60.791
60.136
59.427
58.662
57.84
56.96
56.02
55.02
53.959
52.835
51.648
50.398
49.084
47.705
46.262
44.756
43.185
41.552
39.856
38.099
36.283
34.409
32.478
30.494
28.458
26.373
24.243
22.069
19.856
17.608
15.327
13.017
10.684
8.3306
5.9617
3.5815
1.1946
-1.1913
-3.5643
-5.9337
-6.1052
-3.6673
-1.2257
1.2291
3.685
6.1339
8.5713
10.993
13.393
15.769
18.116
20.43
22.707
24.943
27.135
29.28
31.375
33.417
35.403
37.331
39.2
41.008
42.752
44.433
46.049
47.599
49.084
50.502
51.854
53.141
54.362
55.518
56.61
57.639
58.606
59.511
60.357
61.144
61.874
62.548
63.166
63.732
64.245
64.707
65.119
65.483
65.799
66.067
66.29
66.468
66.6
66.689
66.733
66.733
66.689
66.6
66.468
66.29
66.067
65.799
65.483
65.119
64.707
64.245
63.732
63.166
62.548
61.874
61.144
60.357
59.511
58.606
57.639
56.61
55.518
54.362
53.141
51.854
50.502
49.084
47.599
46.049
44.433
42.752
41.008
39.2
37.331
35.403
33.417
31.375
29.28
27.135
24.943
22.707
20.43
18.116
15.769
13.393
10.993
8.5713
6.1339
3.685
1.2291
-1.2257
-3.6673
-6.1052
-6.2686
-3.7655
-1.2585
1.262
3.7837
6.2982
8.8008
11.287
13.752
16.192
18.601
20.977
23.315
25.611
27.862
30.064
32.215
34.311
36.351
38.331
40.25
42.106
43.897
45.623
47.282
48.874
50.398
51.854
53.243
54.564
55.817
57.005
58.126
59.183
60.175
61.105
61.974
62.782
63.531
64.223
64.858
65.439
65.965
66.44
66.863
67.236
67.561
67.837
68.066
68.248
68.384
68.475
68.52
68.52
68.475
68.384
68.248
68.066
67.837
67.561
67.236
66.863
66.44
65.965
65.439
64.858
64.223
63.531
62.782
61.974
61.105
60.175
59.183
58.126
57.005
55.817
54.564
53.243
51.854
50.398
48.874
47.282
45.623
43.897
42.106
40.25
38.331
36.351
34.311
32.215
30.064
27.862
25.611
23.315
20.977
18.601
16.192
13.752
11.287
8.8008
6.2982
3.7837
1.262
-1.2585
-3.7655
-6.2686
-6.4241
-3.8589
-1.2897
1.2933
3.8775
6.4544
9.0191
11.567
14.093
16.593
19.063
21.497
23.893
26.246
28.553
30.81
33.014
35.163
37.253
39.282
41.248
43.15
44.986
46.755
48.455
50.086
51.648
53.141
54.564
55.917
57.202
58.419
59.568
60.651
61.668
62.621
63.511
64.339
65.107
65.816
66.467
67.062
67.602
68.088
68.522
68.905
69.237
69.52
69.755
69.941
70.081
70.174
70.22
70.22
70.174
70.081
69.941
69.755
69.52
69.237
68.905
68.522
68.088
67.602
67.062
66.467
65.816
65.107
64.339
63.511
62.621
61.668
60.651
59.568
58.419
57.202
55.917
54.564
53.141
51.648
50.086
48.455
46.755
44.986
43.15
41.248
39.282
37.253
35.163
33.014
30.81
28.553
26.246
23.893
21.497
19.063
16.593
14.093
11.567
9.0191
6.4544
3.8775
1.2933
-1.2897
-3.8589
-6.4241
-6.5717
-3.9476
-1.3194
1.323
3.9666
6.6027
9.2263
11.833
14.417
16.974
19.501
21.991
24.442
26.849
29.209
31.518
33.773
35.97
38.108
40.184
42.196
44.142
46.02
47.829
49.568
51.237
52.835
54.362
55.817
57.202
58.517
59.761
60.937
62.045
63.085
64.06
64.971
65.818
66.603
67.329
67.995
68.603
69.156
69.653
70.097
70.488
70.828
71.118
71.358
71.549
71.691
71.786
71.834
71.834
71.786
71.691
71.549
71.358
71.118
70.828
70.488
70.097
69.653
69.156
68.603
67.995
67.329
66.603
65.818
64.971
64.06
63.085
62.045
60.937
59.761
58.517
57.202
55.817
54.362
52.835
51.237
49.568
47.829
46.02
44.142
42.196
40.184
38.108
35.97
33.773
31.518
29.209
26.849
24.442
21.991
19.501
16.974
14.417
11.833
9.2263
6.6027
3.9666
1.323
-1.3194
-3.9476
-6.5717
-6.7114
-4.0315
-1.3474
1.3512
4.0509
6.7431
9.4225
12.084
14.723
17.335
19.915
22.459
24.962
27.42
29.83
32.188
34.491
36.735
38.919
41.039
43.093
45.08
46.998
48.846
50.622
52.327
53.959
55.518
57.005
58.419
59.761
61.032
62.233
63.364
64.427
65.423
66.353
67.218
68.02
68.761
69.441
70.063
70.627
71.135
71.588
71.988
72.335
72.631
72.876
73.071
73.217
73.313
73.362
73.362
73.313
73.217
73.071
72.876
72.631
72.335
71.988
71.588
71.135
70.627
70.063
69.441
68.761
68.02
67.218
66.353
65.423
64.427
63.364
62.233
61.032
59.761
58.419
57.005
55.518
53.959
52.327
50.622
48.846
46.998
45.08
43.093
41.039
38.919
36.735
34.491
32.188
29.83
27.42
24.962
22.459
19.915
17.335
14.723
12.084
9.4225
6.7431
4.0509
1.3512
-1.3474
-4.0315
-6.7114
-6.8434
-4.1108
-1.3739
1.3777
4.1306
6.8757
9.6078
12.322
15.013
17.676
20.307
22.901
25.453
27.96
30.417
32.821
35.169
37.458
39.684
41.846
43.941
45.967
47.923
49.807
51.618
53.356
55.02
56.61
58.126
59.568
60.937
62.233
63.457
64.611
65.695
66.71
67.658
68.54
69.358
70.114
70.807
71.441
72.016
72.535
72.997
73.404
73.758
74.06
74.31
74.508
74.657
74.756
74.805
74.805
74.756
74.657
74.508
74.31
74.06
73.758
73.404
72.997
72.535
72.016
71.441
70.807
70.114
69.358
68.54
67.658
66.71
65.695
64.611
63.457
62.233
60.937
59.568
58.126
56.61
55.02
53.356
51.618
49.807
47.923
45.967
43.941
41.846
39.684
37.458
35.169
32.821
30.417
27.96
25.453
22.901
20.307
17.676
15.013
12.322
9.6078
6.8757
4.1306
1.3777
-1.3739
-4.1108
-6.8434
-6.9678
-4.1855
-1.3989
1.4028
4.2057
7.0006
9.7824
12.546
15.286
17.998
20.676
23.317
25.915
28.468
30.97
33.418
35.809
38.139
40.406
42.607
44.74
46.802
48.794
50.712
52.556
54.326
56.02
57.639
59.183
60.651
62.045
63.364
64.611
65.785
66.889
67.923
68.888
69.786
70.619
71.388
72.095
72.74
73.326
73.853
74.324
74.739
75.099
75.406
75.661
75.863
76.014
76.115
76.165
76.165
76.115
76.014
75.863
75.661
75.406
75.099
74.739
74.324
73.853
73.326
72.74
72.095
71.388
70.619
69.786
68.888
67.923
66.889
65.785
64.611
63.364
62.045
60.651
59.183
57.639
56.02
54.326
52.556
50.712
48.794
46.802
44.74
42.607
40.406
38.139
35.809
33.418
30.97
28.468
25.915
23.317
20.676
17.998
15.286
12.546
9.7824
7.0006
4.2057
1.4028
-1.3989
-4.1855
-6.9678
-7.0846
-4.2557
-1.4223
1.4263
4.2762
7.118
9.9465
12.756
15.542
18.299
21.023
23.708
26.35
28.945
31.489
33.978
36.409
38.778
41.083
43.321
45.49
47.587
49.612
51.563
53.438
55.237
56.96
58.606
60.175
61.668
63.085
64.427
65.695
66.889
68.011
69.062
70.044
70.957
71.804
72.586
73.304
73.96
74.556
75.092
75.571
75.993
76.359
76.671
76.93
77.136
77.29
77.392
77.443
77.443
77.392
77.29
77.136
76.93
76.671
76.359
75.993
75.571
75.092
74.556
73.96
73.304
72.586
71.804
70.957
70.044
69.062
68.011
66.889
65.695
64.427
63.085
61.668
60.175
58.606
56.96
55.237
53.438
51.563
49.612
47.587
45.49
43.321
41.083
38.778
36.409
33.978
31.489
28.945
26.35
23.708
21.023
18.299
15.542
12.756
9.9465
7.118
4.2762
1.4263
-1.4223
-4.2557
-7.0846
-7.1941
-4.3214
-1.4443
1.4483
4.3423
7.228
10.1
12.953
15.782
18.582
21.348
24.074
26.757
29.392
31.976
34.503
36.972
39.378
41.718
43.991
46.193
48.323
50.379
52.359
54.264
56.091
57.84
59.511
61.105
62.621
64.06
65.423
66.71
67.923
69.062
70.129
71.126
72.054
72.914
73.708
74.437
75.103
75.708
76.253
76.739
77.167
77.539
77.856
78.119
78.328
78.484
78.588
78.64
78.64
78.588
78.484
78.328
78.119
77.856
77.539
77.167
76.739
76.253
75.708
75.103
74.437
73.708
72.914
72.054
71.126
70.129
69.062
67.923
66.71
65.423
64.06
62.621
61.105
59.511
57.84
56.091
54.264
52.359
50.379
48.323
46.193
43.991
41.718
39.378
36.972
34.503
31.976
29.392
26.757
24.074
21.348
18.582
15.782
12.953
10.1
7.228
4.3423
1.4483
-1.4443
-4.3214
-7.1941
-7.2963
-4.3828
-1.4648
1.4689
4.404
7.3307
10.244
13.137
16.007
18.846
21.651
24.416
27.137
29.81
32.43
34.994
37.497
39.937
42.311
44.616
46.849
49.009
51.095
53.103
55.035
56.888
58.662
60.357
61.974
63.511
64.971
66.353
67.658
68.888
70.044
71.126
72.137
73.078
73.95
74.755
75.495
76.171
76.784
77.337
77.83
78.264
78.642
78.963
79.229
79.442
79.6
79.706
79.758
79.758
79.706
79.6
79.442
79.229
78.963
78.642
78.264
77.83
77.337
76.784
76.171
75.495
74.755
73.95
73.078
72.137
71.126
70.044
68.888
67.658
66.353
64.971
63.511
61.974
60.357
58.662
56.888
55.035
53.103
51.095
49.009
46.849
44.616
42.311
39.937
37.497
34.994
32.43
29.81
27.137
24.416
21.651
18.846
16.007
13.137
10.244
7.3307
4.404
1.4689
-1.4648
-4.3828
-7.2963
-7.3914
-4.44
-1.4839
1.4881
4.4614
7.4263
10.377
13.309
16.215
19.092
21.933
24.735
27.491
30.199
32.853
35.45
37.986
40.458
42.863
45.197
47.46
49.648
51.761
53.796
55.752
57.63
59.427
61.144
62.782
64.339
65.818
67.218
68.54
69.786
70.957
72.054
73.078
74.031
74.915
75.73
76.48
77.164
77.786
78.346
78.845
79.285
79.667
79.993
80.263
80.478
80.638
80.745
80.799
80.799
80.745
80.638
80.478
80.263
79.993
79.667
79.285
78.845
78.346
77.786
77.164
76.48
75.73
74.915
74.031
73.078
72.054
70.957
69.786
68.54
67.218
65.818
64.339
62.782
61.144
59.427
57.63
55.752
53.796
51.761
49.648
47.46
45.197
42.863
40.458
37.986
35.45
32.853
30.199
27.491
24.735
21.933
19.092
16.215
13.309
10.377
7.4263
4.4614
1.4881
-1.4839
-4.44
-7.3914
-7.4796
-4.4929
-1.5016
1.5058
4.5146
7.5149
10.501
13.467
16.409
19.32
22.195
25.03
27.819
30.559
33.245
35.873
38.439
40.941
43.374
45.737
48.026
50.241
52.379
54.438
56.418
58.317
60.136
61.874
63.531
65.107
66.603
68.02
69.358
70.619
71.804
72.914
73.95
74.915
75.809
76.634
77.393
78.086
78.714
79.281
79.786
80.231
80.618
80.948
81.221
81.439
81.601
81.709
81.763
81.763
81.709
81.601
81.439
81.221
80.948
80.618
80.231
79.786
79.281
78.714
78.086
77.393
76.634
75.809
74.915
73.95
72.914
71.804
70.619
69.358
68.02
66.603
65.107
63.531
61.874
60.136
58.317
56.418
54.438
52.379
50.241
48.026
45.737
43.374
40.941
38.439
35.873
33.245
30.559
27.819
25.03
22.195
19.32
16.409
13.467
10.501
7.5149
4.5146
1.5058
-1.5016
-4.4929
-7.4796
-7.561
-4.5418
-1.518
1.5222
4.5637
7.5967
10.615
13.614
16.587
19.53
22.436
25.302
28.122
30.892
33.607
36.263
38.858
41.386
43.846
46.235
48.549
50.788
52.949
55.03
57.032
58.952
60.791
62.548
64.223
65.816
67.329
68.761
70.114
71.388
72.586
73.708
74.755
75.73
76.634
77.469
78.236
78.936
79.572
80.144
80.655
81.105
81.496
81.83
82.106
82.325
82.49
82.599
82.653
82.653
82.599
82.49
82.325
82.106
81.83
81.496
81.105
80.655
80.144
79.572
78.936
78.236
77.469
76.634
75.73
74.755
73.708
72.586
71.388
70.114
68.761
67.329
65.816
64.223
62.548
60.791
58.952
57.032
55.03
52.949
50.788
48.549
46.235
43.846
41.386
38.858
36.263
33.607
30.892
28.122
25.302
22.436
19.53
16.587
13.614
10.615
7.5967
4.5637
1.5222
-1.518
-4.5418
-7.561
-7.6358
-4.5868
-1.533
1.5373
4.6089
7.6718
10.72
13.749
16.751
19.723
22.658
25.552
28.4
31.197
33.939
36.622
39.242
41.796
44.28
46.692
49.029
51.29
53.473
55.575
57.596
59.535
61.392
63.166
64.858
66.467
67.995
69.441
70.807
72.095
73.304
74.437
75.495
76.48
77.393
78.236
79.01
79.717
80.359
80.937
81.453
81.908
82.303
82.639
82.918
83.14
83.306
83.416
83.472
83.472
83.416
83.306
83.14
82.918
82.639
82.303
81.908
81.453
80.937
80.359
79.717
79.01
78.236
77.393
76.48
75.495
74.437
73.304
72.095
70.807
69.441
67.995
66.467
64.858
63.166
61.392
59.535
57.596
55.575
53.473
51.29
49.029
46.692
44.28
41.796
39.242
36.622
33.939
31.197
28.4
25.552
22.658
19.723
16.751
13.749
10.72
7.6718
4.6089
1.5373
-1.533
-4.5868
-7.6358
-7.7041
-4.6278
-1.5467
1.551
4.6501
7.7404
10.816
13.872
16.901
19.9
22.861
25.781
28.654
31.476
34.243
36.95
39.593
42.17
44.676
47.11
49.468
51.749
53.951
56.072
58.111
60.068
61.942
63.732
65.439
67.062
68.603
70.063
71.441
72.74
73.96
75.103
76.171
77.164
78.086
78.936
79.717
80.431
81.078
81.662
82.182
82.641
83.04
83.379
83.661
83.885
84.052
84.163
84.219
84.219
84.163
84.052
83.885
83.661
83.379
83.04
82.641
82.182
81.662
81.078
80.431
79.717
78.936
78.086
77.164
76.171
75.103
73.96
72.74
71.441
70.063
68.603
67.062
65.439
63.732
61.942
60.068
58.111
56.072
53.951
51.749
49.468
47.11
44.676
42.17
39.593
36.95
34.243
31.476
28.654
25.781
22.861
19.9
16.901
13.872
10.816
7.7404
4.6501
1.551
-1.5467
-4.6278
-7.7041
-7.7661
-4.665
-1.5592
1.5635
4.6875
7.8027
10.903
13.983
17.037
20.06
23.045
25.988
28.885
31.73
34.518
37.247
39.912
42.509
45.036
47.489
49.866
52.166
54.385
56.524
58.579
60.552
62.44
64.245
65.965
67.602
69.156
70.627
72.016
73.326
74.556
75.708
76.784
77.786
78.714
79.572
80.359
81.078
81.731
82.319
82.844
83.307
83.709
84.051
84.334
84.56
84.729
84.841
84.897
84.897
84.841
84.729
84.56
84.334
84.051
83.709
83.307
82.844
82.319
81.731
81.078
80.359
79.572
78.714
77.786
76.784
75.708
74.556
73.326
72.016
70.627
69.156
67.602
65.965
64.245
62.44
60.552
58.579
56.524
54.385
52.166
49.866
47.489
45.036
42.509
39.912
37.247
34.518
31.73
28.885
25.988
23.045
20.06
17.037
13.983
10.903
7.8027
4.6875
1.5635
-1.5592
-4.665
-7.7661
-7.822
-4.6986
-1.5704
1.5747
4.7213
7.8589
10.982
14.084
17.16
20.204
23.211
26.175
29.093
31.958
34.767
37.515
40.199
42.815
45.36
47.831
50.225
52.541
54.777
56.93
59.001
60.987
62.889
64.707
66.44
68.088
69.653
71.135
72.535
73.853
75.092
76.253
77.337
78.346
79.281
80.144
80.937
81.662
82.319
82.912
83.44
83.906
84.311
84.656
84.941
85.169
85.339
85.452
85.508
85.508
85.452
85.339
85.169
84.941
84.656
84.311
83.906
83.44
82.912
82.319
81.662
80.937
80.144
79.281
78.346
77.337
76.253
75.092
73.853
72.535
71.135
69.653
68.088
66.44
64.707
62.889
60.987
59.001
56.93
54.777
52.541
50.225
47.831
45.36
42.815
40.199
37.515
34.767
31.958
29.093
26.175
23.211
20.204
17.16
14.084
10.982
7.8589
4.7213
1.5747
-1.5704
-4.6986
-7.822
-7.8718
-4.7285
-1.5804
1.5848
4.7513
7.9089
11.052
14.174
17.269
20.333
23.359
26.342
29.278
32.161
34.988
37.754
40.455
43.087
45.649
48.135
50.545
52.876
55.125
57.293
59.377
61.376
63.29
65.119
66.863
68.522
70.097
71.588
72.997
74.324
75.571
76.739
77.83
78.845
79.786
80.655
81.453
82.182
82.844
83.44
83.972
84.441
84.848
85.195
85.483
85.711
85.883
85.996
86.053
86.053
85.996
85.883
85.711
85.483
85.195
84.848
84.441
83.972
83.44
82.844
82.182
81.453
80.655
79.786
78.845
77.83
76.739
75.571
74.324
72.997
71.588
70.097
68.522
66.863
65.119
63.29
61.376
59.377
57.293
55.125
52.876
50.545
48.135
45.649
43.087
40.455
37.754
34.988
32.161
29.278
26.342
23.359
20.333
17.269
14.174
11.052
7.9089
4.7513
1.5848
-1.5804
-4.7285
-7.8718
-7.9157
-4.7549
-1.5892
1.5936
4.7778
7.953
11.113
14.253
17.365
20.446
23.489
26.489
29.441
32.341
35.183
37.965
40.681
43.328
45.903
48.404
50.827
53.171
55.433
57.613
59.708
61.718
63.643
65.483
67.236
68.905
70.488
71.988
73.404
74.739
75.993
77.167
78.264
79.285
80.231
81.105
81.908
82.641
83.307
83.906
84.441
84.912
85.322
85.671
85.96
86.19
86.362
86.477
86.534
86.534
86.477
86.362
86.19
85.96
85.671
85.322
84.912
84.441
83.906
83.307
82.641
81.908
81.105
80.231
79.285
78.264
77.167
75.993
74.739
73.404
71.988
70.488
68.905
67.236
65.483
63.643
61.718
59.708
57.613
55.433
53.171
50.827
48.404
45.903
43.328
40.681
37.965
35.183
32.341
29.441
26.489
23.489
20.446
17.365
14.253
11.113
7.953
4.7778
1.5936
-1.5892
-4.7549
-7.9157
-7.9539
-4.7778
-1.5969
1.6013
4.8009
7.9914
11.167
14.321
17.449
20.545
23.602
26.617
29.583
32.497
35.353
38.148
40.877
43.537
46.125
48.637
51.072
53.427
55.7
57.89
59.996
62.016
63.95
65.799
67.561
69.237
70.828
72.335
73.758
75.099
76.359
77.539
78.642
79.667
80.618
81.496
82.303
83.04
83.709
84.311
84.848
85.322
85.734
86.084
86.375
86.606
86.779
86.894
86.951
86.951
86.894
86.779
86.606
86.375
86.084
85.734
85.322
84.848
84.311
83.709
83.04
82.303
81.496
80.618
79.667
78.642
77.539
76.359
75.099
73.758
72.335
70.828
69.237
67.561
65.799
63.95
62.016
59.996
57.89
55.7
53.427
51.072
48.637
46.125
43.537
40.877
38.148
35.353
32.497
29.583
26.617
23.602
20.545
17.449
14.321
11.167
7.9914
4.8009
1.6013
-1.5969
-4.7778
-7.9539
-7.9863
-4.7973
-1.6034
1.6078
4.8205
8.024
11.212
14.38
17.52
20.629
23.699
26.726
29.704
32.63
35.497
38.303
41.044
43.715
46.313
48.836
51.281
53.646
55.928
58.127
60.241
62.269
64.212
66.067
67.837
69.52
71.118
72.631
74.06
75.406
76.671
77.856
78.963
79.993
80.948
81.83
82.639
83.379
84.051
84.656
85.195
85.671
86.084
86.436
86.728
86.96
87.134
87.249
87.307
87.307
87.249
87.134
86.96
86.728
86.436
86.084
85.671
85.195
84.656
84.051
83.379
82.639
81.83
80.948
79.993
78.963
77.856
76.671
75.406
74.06
72.631
71.118
69.52
67.837
66.067
64.212
62.269
60.241
58.127
55.928
53.646
51.281
48.836
46.313
43.715
41.044
38.303
35.497
32.63
29.704
26.726
23.699
20.629
17.52
14.38
11.212
8.024
4.8205
1.6078
-1.6034
-4.7973
-7.9863
-8.0133
-4.8135
-1.6088
1.6133
4.8367
8.0511
11.25
14.428
17.58
20.698
23.779
26.816
29.804
32.74
35.617
38.433
41.182
43.862
46.469
49.001
51.454
53.826
56.117
58.323
60.444
62.48
64.428
66.29
68.066
69.755
71.358
72.876
74.31
75.661
76.93
78.119
79.229
80.263
81.221
82.106
82.918
83.661
84.334
84.941
85.483
85.96
86.375
86.728
87.02
87.253
87.428
87.543
87.601
87.601
87.543
87.428
87.253
87.02
86.728
86.375
85.96
85.483
84.941
84.334
83.661
82.918
82.106
81.221
80.263
79.229
78.119
76.93
75.661
74.31
72.876
71.358
69.755
68.066
66.29
64.428
62.48
60.444
58.323
56.117
53.826
51.454
49.001
46.469
43.862
41.182
38.433
35.617
32.74
29.804
26.816
23.779
20.698
17.58
14.428
11.25
8.0511
4.8367
1.6133
-1.6088
-4.8135
-8.0133
-8.0347
-4.8264
-1.6131
1.6176
4.8497
8.0726
11.28
14.467
17.627
20.754
23.842
26.887
29.884
32.827
35.712
38.535
41.292
43.979
46.594
49.132
51.592
53.97
56.267
58.479
60.606
62.647
64.601
66.468
68.248
69.941
71.549
73.071
74.508
75.863
77.136
78.328
79.442
80.478
81.439
82.325
83.14
83.885
84.56
85.169
85.711
86.19
86.606
86.96
87.253
87.487
87.662
87.778
87.836
87.836
87.778
87.662
87.487
87.253
86.96
86.606
86.19
85.711
85.169
84.56
83.885
83.14
82.325
81.439
80.478
79.442
78.328
77.136
75.863
74.508
73.071
71.549
69.941
68.248
66.468
64.601
62.647
60.606
58.479
56.267
53.97
51.592
49.132
46.594
43.979
41.292
38.535
35.712
32.827
29.884
26.887
23.842
20.754
17.627
14.467
11.28
8.0726
4.8497
1.6176
-1.6131
-4.8264
-8.0347
-8.0507
-4.836
-1.6163
1.6208
4.8593
8.0887
11.303
14.496
17.662
20.795
23.89
26.941
29.944
32.893
35.784
38.612
41.375
44.067
46.687
49.23
51.694
54.078
56.379
58.596
60.727
62.772
64.73
66.6
68.384
70.081
71.691
73.217
74.657
76.014
77.29
78.484
79.6
80.638
81.601
82.49
83.306
84.052
84.729
85.339
85.883
86.362
86.779
87.134
87.428
87.662
87.837
87.953
88.011
88.011
87.953
87.837
87.662
87.428
87.134
86.779
86.362
85.883
85.339
84.729
84.052
83.306
82.49
81.601
80.638
79.6
78.484
77.29
76.014
74.657
73.217
71.691
70.081
68.384
66.6
64.73
62.772
60.727
58.596
56.379
54.078
51.694
49.23
46.687
44.067
41.375
38.612
35.784
32.893
29.944
26.941
23.89
20.795
17.662
14.496
11.303
8.0887
4.8593
1.6208
-1.6163
-4.836
-8.0507
-8.0614
-4.8424
-1.6184
1.6229
4.8658
8.0994
11.318
14.515
17.685
20.822
23.921
26.977
29.983
32.936
35.831
38.663
41.429
44.126
46.748
49.295
51.763
54.15
56.454
58.673
60.807
62.855
64.815
66.689
68.475
70.174
71.786
73.313
74.756
76.115
77.392
78.588
79.706
80.745
81.709
82.599
83.416
84.163
84.841
85.452
85.996
86.477
86.894
87.249
87.543
87.778
87.953
88.069
88.128
88.128
88.069
87.953
87.778
87.543
87.249
86.894
86.477
85.996
85.452
84.841
84.163
83.416
82.599
81.709
80.745
79.706
78.588
77.392
76.115
74.756
73.313
71.786
70.174
68.475
66.689
64.815
62.855
60.807
58.673
56.454
54.15
51.763
49.295
46.748
44.126
41.429
38.663
35.831
32.936
29.983
26.977
23.921
20.822
17.685
14.515
11.318
8.0994
4.8658
1.6229
-1.6184
-4.8424
-8.0614
-8.0667
-4.8456
-1.6195
1.624
4.869
8.1048
11.325
14.525
17.697
20.836
23.937
26.994
30.003
32.958
35.855
38.689
41.457
44.155
46.779
49.327
51.797
54.185
56.491
58.712
60.847
62.896
64.858
66.733
68.52
70.22
71.834
73.362
74.805
76.165
77.443
78.64
79.758
80.799
81.763
82.653
83.472
84.219
84.897
85.508
86.053
86.534
86.951
87.307
87.601
87.836
88.011
88.128
88.186
88.186
88.128
88.011
87.836
87.601
87.307
86.951
86.534
86.053
85.508
84.897
84.219
83.472
82.653
81.763
80.799
79.758
78.64
77.443
76.165
74.805
73.362
71.834
70.22
68.52
66.733
64.858
62.896
60.847
58.712
56.491
54.185
51.797
49.327
46.779
44.155
41.457
38.689
35.855
32.958
30.003
26.994
23.937
20.836
17.697
14.525
11.325
8.1048
4.869
1.624
-1.6195
-4.8456
-8.0667
-8.0667
-4.8456
-1.6195
1.624
4.869
8.1048
11.325
14.525
17.697
20.836
23.937
26.994
30.003
32.958
35.855
38.689
41.457
44.155
46.779
49.327
51.797
54.185
56.491
58.712
60.847
62.896
64.858
66.733
68.52
70.22
71.834
73.362
74.805
76.165
77.443
78.64
79.758
80.799
81.763
82.653
83.472
84.219
84.897
85.508
86.053
86.534
86.951
87.307
87.601
87.836
88.011
88.128
88.186
88.186
88.128
88.011
87.836
87.601
87.307
86.951
86.534
86.053
85.508
84.897
84.219
83.472
82.653
81.763
80.799
79.758
78.64
77.443
76.165
74.805
73.362
71.834
70.22
68.52
66.733
64.858
62.896
60.847
58.712
56.491
54.185
51.797
49.327
46.779
44.155
41.457
38.689
35.855
32.958
30.003
26.994
23.937
20.836
17.697
14.525
11.325
8.1048
4.869
1.624
-1.6195
-4.8456
-8.0667
-8.0614
-4.8424
-1.6184
1.6229
4.8658
8.0994
11.318
14.515
17.685
20.822
23.921
26.977
29.983
32.936
35.831
38.663
41.429
44.126
46.748
49.295
51.763
54.15
56.454
58.673
60.807
62.855
64.815
66.689
68.475
70.174
71.786
73.313
74.756
76.115
77.392
78.588
79.706
80.745
81.709
82.599
83.416
84.163
84.841
85.452
85.996
86.477
86.894
87.249
87.543
87.778
87.953
88.069
88.128
88.128
88.069
87.953
87.778
87.543
87.249
86.894
86.477
85.996
85.452
84.841
84.163
83.416
82.599
81.709
80.745
79.706
78.588
77.392
76.115
74.756
73.313
71.786
70.174
68.475
66.689
64.815
62.855
60.807
58.673
56.454
54.15
51.763
49.295
46.748
44.126
41.429
38.663
35.831
32.936
29.983
26.977
23.921
20.822
17.685
14.515
11.318
8.0994
4.8658
1.6229
-1.6184
-4.8424
-8.0614
-8.0507
-4.836
-1.6163
1.6208
4.8593
8.0887
11.303
14.496
17.662
20.795
23.89
26.941
29.944
32.893
35.784
38.612
41.375
44.067
46.687
49.23
51.694
54.078
56.379
58.596
60.727
62.772
64.73
66.6
68.384
70.081
71.691
73.217
74.657
76.014
77.29
78.484
79.6
80.638
81.601
82.49
83.306
84.052
84.729
85.339
85.883
86.362
86.779
87.134
87.428
87.662
87.837
87.953
88.011
88.011
87.953
87.837
87.662
87.428
87.134
86.779
86.362
85.883
85.339
84.729
84.052
83.306
82.49
81.601
80.638
79.6
78.484
77.29
76.014
74.657
73.217
71.691
70.081
68.384
66.6
64.73
62.772
60.727
58.596
56.379
54.078
51.694
49.23
46.687
44.067
41.375
38.612
35.784
32.893
29.944
26.941
23.89
20.795
17.662
14.496
11.303
8.0887
4.8593
1.6208
-1.6163
-4.836
-8.0507
-8.0347
-4.8264
-1.6131
1.6176
4.8497
8.0726
11.28
14.467
17.627
20.754
23.842
26.887
29.884
32.827
35.712
38.535
41.292
43.979
46.594
49.132
51.592
53.97
56.267
58.479
60.606
62.647
64.601
66.468
68.248
69.941
71.549
73.071
74.508
75.863
77.136
78.328
79.442
80.478
81.439
82.325
83.14
83.885
84.56
85.169
85.711
86.19
86.606
86.96
87.253
87.487
87.662
87.778
87.836
87.836
87.778
87.662
87.487
87.253
86.96
86.606
86.19
85.711
85.169
84.56
83.885
83.14
82.325
81.439
80.478
79.442
78.328
77.136
75.863
74.508
73.071
71.549
69.941
68.248
66.468
64.601
62.647
60.606
58.479
56.267
53.97
51.592
49.132
46.594
43.979
41.292
38.535
35.712
32.827
29.884
26.887
23.842
20.754
17.627
14.467
11.28
8.0726
4.8497
1.6176
-1.6131
-4.8264
-8.0347
-8.0133
-4.8135
-1.6088
1.6133
4.8367
8.0511
11.25
14.428
17.58
20.698
23.779
26.816
29.804
32.74
35.617
38.433
41.182
43.862
46.469
49.001
51.454
53.826
56.117
58.323
60.444
62.48
64.428
66.29
68.066
69.755
71.358
72.876
74.31
75.661
76.93
78.119
79.229
80.263
81.221
82.106
82.918
83.661
84.334
84.941
85.483
85.96
86.375
86.728
87.02
87.253
87.428
87.543
87.601
87.601
87.543
87.428
87.253
87.02
86.728
86.375
85.96
85.483
84.941
84.334
83.661
82.918
82.106
81.221
80.263
79.229
78.119
76.93
75.661
74.31
72.876
71.358
69.755
68.066
66.29
64.428
62.48
60.444
58.323
56.117
53.826
51.454
49.001
46.469
43.862
41.182
38.433
35.617
32.74
29.804
26.816
23.779
20.698
17.58
14.428
11.25
8.0511
4.8367
1.6133
-1.6088
-4.8135
-8.0133
-7.9863
-4.7973
-1.6034
1.6078
4.8205
8.024
11.212
14.38
17.52
20.629
23.699
26.726
29.704
32.63
35.497
38.303
41.044
43.715
46.313
48.836
51.281
53.646
55.928
58.127
60.241
62.269
64.212
66.067
67.837
69.52
71.118
72.631
74.06
75.406
76.671
77.856
78.963
79.993
80.948
81.83
82.639
83.379
84.051
84.656
85.195
85.671
86.084
86.436
86.728
86.96
87.134
87.249
87.307
87.307
87.249
87.134
86.96
86.728
86.436
86.084
85.671
85.195
84.656
84.051
83.379
82.639
81.83
80.948
79.993
78.963
77.856
76.671
75.406
74.06
72.631
71.118
69.52
67.837
66.067
64.212
62.269
60.241
58.127
55.928
53.646
51.281
48.836
46.313
43.715
41.044
38.303
35.497
32.63
29.704
26.726
23.699
20.629
17.52
14.38
11.212
8.024
4.8205
1.6078
-1.6034
-4.7973
-7.9863
-7.9539
-4.7778
-1.5969
1.6013
4.8009
7.9914
11.167
14.321
17.449
20.545
23.602
26.617
29.583
32.497
35.353
38.148
40.877
43.537
46.125
48.637
51.072
53.427
55.7
57.89
59.996
62.016
63.95
65.799
67.561
69.237
70.828
72.335
73.758
75.099
76.359
77.539
78.642
79.667
80.618
81.496
82.303
83.04
83.709
84.311
84.848
85.322
85.734
86.084
86.375
86.606
86.779
86.894
86.951
86.951
86.894
86.779
86.606
86.375
86.084
85.734
85.322
84.848
84.311
83.709
83.04
82.303
81.496
80.618
79.667
78.642
77.539
76.359
75.099
73.758
72.335
70.828
69.237
67.561
65.799
63.95
62.016
59.996
57.89
55.7
53.427
51.072
48.637
46.125
43.537
40.877
38.148
35.353
32.497
29.583
26.617
23.602
20.545
17.449
14.321
11.167
7.9914
4.8009
1.6013
-1.5969
-4.7778
-7.9539
-7.9157
-4.7549
-1.5892
1.5936
4.7778
7.953
11.113
14.253
17.365
20.446
23.489
26.489
29.441
32.341
35.183
37.965
40.681
43.328
45.903
48.404
50.827
53.171
55.433
57.613
59.708
61.718
63.643
65.483
67.236
68.905
70.488
71.988
73.404
74.739
75.993
77.167
78.264
79.285
80.231
81.105
81.908
82.641
83.307
83.906
84.441
84.912
85.322
85.671
85.96
86.19
86.362
86.477
86.534
86.534
86.477
86.362
86.19
85.96
85.671
85.322
84.912
84.441
83.906
83.307
82.641
81.908
81.105
80.231
79.285
78.264
77.167
75.993
74.739
73.404
71.988
70.488
68.905
67.236
65.483
63.643
61.718
59.708
57.613
55.433
53.171
50.827
48.404
45.903
43.328
40.681
37.965
35.183
32.341
29.441
26.489
23.489
20.446
17.365
14.253
11.113
7.953
4.7778
1.5936
-1.5892
-4.7549
-7.9157
-7.8718
-4.7285
-1.5804
1.5848
4.7513
7.9089
11.052
14.174
17.269
20.333
23.359
26.342
29.278
32.161
34.988
37.754
40.455
43.087
45.649
48.135
50.545
52.876
55.125
57.293
59.377
61.376
63.29
65.119
66.863
68.522
70.097
71.588
72.997
74.324
75.571
76.739
77.83
78.845
79.786
80.655
81.453
82.182
82.844
83.44
83.972
84.441
84.848
85.195
85.483
85.711
85.883
85.996
86.053
86.053
85.996
85.883
85.711
85.483
85.195
84.848
84.441
83.972
83.44
82.844
82.182
81.453
80.655
79.786
78.845
77.83
76.739
75.571
74.324
72.997
71.588
70.097
68.522
66.863
65.119
63.29
61.376
59.377
57.293
55.125
52.876
50.545
48.135
45.649
43.087
40.455
37.754
34.988
32.161
29.278
26.342
23.359
20.333
17.269
14.174
11.052
7.9089
4.7513
1.5848
-1.5804
-4.7285
-7.8718
-7.822
-4.6986
-1.5704
1.5747
4.7213
7.8589
10.982
14.084
17.16
20.204
23.211
26.175
29.093
31.958
34.767
37.515
40.199
42.815
45.36
47.831
50.225
52.541
54.777
56.93
59.001
60.987
62.889
64.707
66.44
68.088
69.653
71.135
72.535
73.853
75.092
76.253
77.337
78.346
79.281
80.144
80.937
81.662
82.319
82.912
83.44
83.906
84.311
84.656
84.941
85.169
85.339
85.452
85.508
85.508
85.452
85.339
85.169
84.941
84.656
84.311
83.906
83.44
82.912
82.319
81.662
80.937
80.144
79.281
78.346
77.337
76.253
75.092
73.853
72.535
71.135
69.653
68.088
66.44
64.707
62.889
60.987
59.001
56.93
54.777
52.541
50.225
47.831
45.36
42.815
40.199
37.515
34.767
31.958
29.093
26.175
23.211
20.204
17.16
14.084
10.982
7.8589
4.7213
1.5747
-1.5704
-4.6986
-7.822
-7.7661
-4.665
-1.5592
1.5635
4.6875
7.8027
10.903
13.983
17.037
20.06
23.045
25.988
28.885
31.73
34.518
37.247
39.912
42.509
45.036
47.489
49.866
52.166
54.385
56.524
58.579
60.552
62.44
64.245
65.965
67.602
69.156
70.627
72.016
73.326
74.556
75.708
76.784
77.786
78.714
79.572
80.359
81.078
81.731
82.319
82.844
83.307
83.709
84.051
84.334
84.56
84.729
84.841
84.897
84.897
84.841
84.729
84.56
84.334
84.051
83.709
83.307
82.844
82.319
81.731
81.078
80.359
79.572
78.714
77.786
76.784
75.708
74.556
73.326
72.016
70.627
69.156
67.602
65.965
64.245
62.44
60.552
58.579
56.524
54.385
52.166
49.866
47.489
45.036
42.509
39.912
37.247
34.518
31.73
28.885
25.988
23.045
20.06
17.037
13.983
10.903
7.8027
4.6875
1.5635
-1.5592
-4.665
-7.7661
-7.7041
-4.6278
-1.5467
1.551
4.6501
7.7404
10.816
13.872
16.901
19.9
22.861
25.781
28.654
31.476
34.243
36.95
39.593
42.17
44.676
47.11
49.468
51.749
53.951
56.072
58.111
60.068
61.942
63.732
65.439
67.062
68.603
70.063
71.441
72.74
73.96
75.103
76.171
77.164
78.086
78.936
79.717
80.431
81.078
81.662
82.182
82.641
83.04
83.379
83.661
83.885
84.052
84.163
84.219
84.219
84.163
84.052
83.885
83.661
83.379
83.04
82.641
82.182
81.662
81.078
80.431
79.717
78.936
78.086
77.164
76.171
75.103
73.96
72.74
71.441
70.063
68.603
67.062
65.439
63.732
61.942
60.068
58.111
56.072
53.951
51.749
49.468
47.11
44.676
42.17
39.593
36.95
34.243
31.476
28.654
25.781
22.861
19.9
16.901
13.872
10.816
7.7404
4.6501
1.551
-1.5467
-4.6278
-7.7041
-7.6358
-4.5868
-1.533
1.5373
4.6089
7.6718
10.72
13.749
16.751
19.723
22.658
25.552
28.4
31.197
33.939
36.622
39.242
41.796
44.28
46.692
49.029
51.29
53.473
55.575
57.596
59.535
61.392
63.166
64.858
66.467
67.995
69.441
70.807
72.095
73.304
74.437
75.495
76.48
77.393
78.236
79.01
79.717
80.359
80.937
81.453
81.908
82.303
82.639
82.918
83.14
83.306
83.416
83.472
83.472
83.416
83.306
83.14
82.918
82.639
82.303
81.908
81.453
80.937
80.359
79.717
79.01
78.236
77.393
76.48
75.495
74.437
73.304
72.095
70.807
69.441
67.995
66.467
64.858
63.166
61.392
59.535
57.596
55.575
53.473
51.29
49.029
46.692
44.28
41.796
39.242
36.622
33.939
31.197
28.4
25.552
22.658
19.723
16.751
13.749
10.72
7.6718
4.6089
1.5373
-1.533
-4.5868
-7.6358
-7.561
-4.5418
-1.518
1.5222
4.5637
7.5967
10.615
13.614
16.587
19.53
22.436
25.302
28.122
30.892
33.607
36.263
38.858
41.386
43.846
46.235
48.549
50.788
52.949
55.03
57.032
58.952
60.791
62.548
64.223
65.816
67.329
68.761
70.114
71.388
72.586
73.708
74.755
75.73
76.634
77.469
78.236
78.936
79.572
80.144
80.655
81.105
81.496
81.83
82.106
82.325
82.49
82.599
82.653
82.653
82.599
82.49
82.325
82.106
81.83
81.496
81.105
80.655
80.144
79.572
78.936
78.236
77.469
76.634
75.73
74.755
73.708
72.586
71.388
70.114
68.761
67.329
65.816
64.223
62.548
60.791
58.952
57.032
55.03
52.949
50.788
48.549
46.235
43.846
41.386
38.858
36.263
33.607
30.892
28.122
25.302
22.436
19.53
16.587
13.614
10.615
7.5967
4.5637
1.5222
-1.518
-4.5418
-7.561
-7.4796
-4.4929
-1.5016
1.5058
4.5146
7.5149
10.501
13.467
16.409
19.32
22.195
25.03
27.819
30.559
33.245
35.873
38.439
40.941
43.374
45.737
48.026
50.241
52.379
54.438
56.418
58.317
60.136
61.874
63.531
65.107
66.603
68.02
69.358
70.619
71.804
72.914
73.95
74.915
75.809
76.634
77.393
78.086
78.714
79.281
79.786
80.231
80.618
80.948
81.221
81.439
81.601
81.709
81.763
81.763
81.709
81.601
81.439
81.221
80.948
80.618
80.231
79.786
79.281
78.714
78.086
77.393
76.634
75.809
74.915
73.95
72.914
71.804
70.619
69.358
68.02
66.603
65.107
63.531
61.874
60.136
58.317
56.418
54.438
52.379
50.241
48.026
45.737
43.374
40.941
38.439
35.873
33.245
30.559
27.819
25.03
22.195
19.32
16.409
13.467
10.501
7.5149
4.5146
1.5058
-1.5016
-4.4929
-7.4796
-7.3914
-4.44
-1.4839
1.4881
4.4614
7.4263
10.377
13.309
16.215
19.092
21.933
24.735
27.491
30.199
32.853
35.45
37.986
40.458
42.863
45.197
47.46
49.648
51.761
53.796
55.752
57.63
59.427
61.144
62.782
64.339
65.818
67.218
68.54
69.786
70.957
72.054
73.078
74.031
74.915
75.73
76.48
77.164
77.786
78.346
78.845
79.285
79.667
79.993
80.263
80.478
80.638
80.745
80.799
80.799
80.745
80.638
80.478
80.263
79.993
79.667
79.285
78.845
78.346
77.786
77.164
76.48
75.73
74.915
74.031
73.078
72.054
70.957
69.786
68.54
67.218
65.818
64.339
62.782
61.144
59.427
57.63
55.752
53.796
51.761
49.648
47.46
45.197
42.863
40.458
37.986
35.45
32.853
30.199
27.491
24.735
21.933
19.092
16.215
13.309
10.377
7.4263
4.4614
1.4881
-1.4839
-4.44
-7.3914
-7.2963
-4.3828
-1.4648
1.4689
4.404
7.3307
10.244
13.137
16.007
18.846
21.651
24.416
27.137
29.81
32.43
34.994
37.497
39.937
42.311
44.616
46.849
49.009
51.095
53.103
55.035
56.888
58.662
60.357
61.974
63.511
64.971
66.353
67.658
68.888
70.044
71.126
72.137
73.078
73.95
74.755
75.495
76.171
76.784
77.337
77.83
78.264
78.642
78.963
79.229
79.442
79.6
79.706
79.758
79.758
79.706
79.6
79.442
79.229
78.963
78.642
78.264
77.83
77.337
76.784
76.171
75.495
74.755
73.95
73.078
72.137
71.126
70.044
68.888
67.658
66.353
64.971
63.511
61.974
60.357
58.662
56.888
55.035
53.103
51.095
49.009
46.849
44.616
42.311
39.937
37.497
34.994
32.43
29.81
27.137
24.416
21.651
18.846
16.007
13.137
10.244
7.3307
4.404
1.4689
-1.4648
-4.3828
-7.2963
-7.1941
-4.3214
-1.4443
1.4483
4.3423
7.228
10.1
12.953
15.782
18.582
21.348
24.074
26.757
29.392
31.976
34.503
36.972
39.378
41.718
43.991
46.193
48.323
50.379
52.359
54.264
56.091
57.84
59.511
61.105
62.621
64.06
65.423
66.71
67.923
69.062
70.129
71.126
72.054
72.914
73.708
74.437
75.103
75.708
76.253
76.739
77.167
77.539
77.856
78.119
78.328
78.484
78.588
78.64
78.64
78.588
78.484
78.328
78.119
77.856
77.539
77.167
76.739
76.253
75.708
75.103
74.437
73.708
72.914
72.054
71.126
70.129
69.062
67.923
66.71
65.423
64.06
62.621
61.105
59.511
57.84
56.091
54.264
52.359
50.379
48.323
46.193
43.991
41.718
39.378
36.972
34.503
31.976
29.392
26.757
24.074
21.348
18.582
15.782
12.953
10.1
7.228
4.3423
1.4483
-1.4443
-4.3214
-7.1941
-7.0846
-4.2557
-1.4223
1.4263
4.2762
7.118
9.9465
12.756
15.542
18.299
21.023
23.708
26.35
28.945
31.489
33.978
36.409
38.778
41.083
43.321
45.49
47.587
49.612
51.563
53.438
55.237
56.96
58.606
60.175
61.668
63.085
64.427
65.695
66.889
68.011
69.062
70.044
70.957
71.804
72.586
73.304
73.96
74.556
75.092
75.571
75.993
76.359
76.671
76.93
77.136
77.29
77.392
77.443
77.443
77.392
77.29
77.136
76.93
76.671
76.359
75.993
75.571
75.092
74.556
73.96
73.304
72.586
71.804
70.957
70.044
69.062
68.011
66.889
65.695
64.427
63.085
61.668
60.175
58.606
56.96
55.237
53.438
51.563
49.612
47.587
45.49
43.321
41.083
38.778
36.409
33.978
31.489
28.945
26.35
23.708
21.023
18.299
15.542
12.756
9.9465
7.118
4.2762
1.4263
-1.4223
-4.2557
-7.0846
-6.9678
-4.1855
-1.3989
1.4028
4.2057
7.0006
9.7824
12.546
15.286
17.998
20.676
23.317
25.915
28.468
30.97
33.418
35.809
38.139
40.406
42.607
44.74
46.802
48.794
50.712
52.556
54.326
56.02
57.639
59.183
60.651
62.045
63.364
64.611
65.785
66.889
67.923
68.888
69.786
70.619
71.388
72.095
72.74
73.326
73.853
74.324
74.739
75.099
75.406
75.661
75.863
76.014
76.115
76.165
76.165
76.115
76.014
75.863
75.661
75.406
75.099
74.739
74.324
73.853
73.326
72.74
72.095
71.388
70.619
69.786
68.888
67.923
66.889
65.785
64.611
63.364
62.045
60.651
59.183
57.639
56.02
54.326
52.556
50.712
48.794
46.802
44.74
42.607
40.406
38.139
35.809
33.418
30.97
28.468
25.915
23.317
20.676
17.998
15.286
12.546
9.7824
7.0006
4.2057
1.4028
-1.3989
-4.1855
-6.9678
-6.8434
-4.1108
-1.3739
1.3777
4.1306
6.8757
9.6078
12.322
15.013
17.676
20.307
22.901
25.453
27.96
30.417
32.821
35.169
37.458
39.684
41.846
43.941
45.967
47.923
49.807
51.618
53.356
55.02
56.61
58.126
59.568
60.937
62.233
63.457
64.611
65.695
66.71
67.658
68.54
69.358
70.114
70.807
71.441
72.016
72.535
72.997
73.404
73.758
74.06
74.31
74.508
74.657
74.756
74.805
74.805
74.756
74.657
74.508
74.31
74.06
73.758
73.404
72.997
72.535
72.016
71.441
70.807
70.114
69.358
68.54
67.658
66.71
65.695
64.611
63.457
62.233
60.937
59.568
58.126
56.61
55.02
53.356
51.618
49.807
47.923
45.967
43.941
41.846
39.684
37.458
35.169
32.821
30.417
27.96
25.453
22.901
20.307
17.676
15.013
12.322
9.6078
6.8757
4.1306
1.3777
-1.3739
-4.1108
-6.8434
-6.7114
-4.0315
-1.3474
1.3512
4.0509
6.7431
9.4225
12.084
14.723
17.335
19.915
22.459
24.962
27.42
29.83
32.188
34.491
36.735
38.919
41.039
43.093
45.08
46.998
48.846
50.622
52.327
53.959
55.518
57.005
58.419
59.761
61.032
62.233
63.364
64.427
65.423
66.353
67.218
68.02
68.761
69.441
70.063
70.627
71.135
71.588
71.988
72.335
72.631
72.876
73.071
73.217
73.313
73.362
73.362
73.313
73.217
73.071
72.876
72.631
72.335
71.988
71.588
71.135
70.627
70.063
69.441
68.761
68.02
67.218
66.353
65.423
64.427
63.364
62.233
61.032
59.761
58.419
57.005
55.518
53.959
52.327
50.622
48.846
46.998
45.08
43.093
41.039
38.919
36.735
34.491
32.188
29.83
27.42
24.962
22.459
19.915
17.335
14.723
12.084
9.4225
6.7431
4.0509
1.3512
-1.3474
-4.0315
-6.7114
-6.5717
-3.9476
-1.3194
1.323
3.9666
6.6027
9.2263
11.833
14.417
16.974
19.501
21.991
24.442
26.849
29.209
31.518
33.773
35.97
38.108
40.184
42.196
44.142
46.02
47.829
49.568
51.237
52.835
54.362
55.817
57.202
58.517
59.761
60.937
62.045
63.085
64.06
64.971
65.818
66.603
67.329
67.995
68.603
69.156
69.653
70.097
70.488
70.828
71.118
71.358
71.549
71.691
71.786
71.834
71.834
71.786
71.691
71.549
71.358
71.118
70.828
70.488
70.097
69.653
69.156
68.603
67.995
67.329
66.603
65.818
64.971
64.06
63.085
62.045
60.937
59.761
58.517
57.202
55.817
54.362
52.835
51.237
49.568
47.829
46.02
44.142
42.196
40.184
38.108
35.97
33.773
31.518
29.209
26.849
24.442
21.991
19.501
16.974
14.417
11.833
9.2263
6.6027
3.9666
1.323
-1.3194
-3.9476
-6.5717
-6.4241
-3.8589
-1.2897
1.2933
3.8775
6.4544
9.0191
11.567
14.093
16.593
19.063
21.497
23.893
26.246
28.553
30.81
33.014
35.163
37.253
39.282
41.248
43.15
44.986
46.755
48.455
50.086
51.648
53.141
54.564
55.917
57.202
58.419
59.568
60.651
61.668
62.621
63.511
64.339
65.107
65.816
66.467
67.062
67.602
68.088
68.522
68.905
69.237
69.52
69.755
69.941
70.081
70.174
70.22
70.22
70.174
70.081
69.941
69.755
69.52
69.237
68.905
68.522
68.088
67.602
67.062
66.467
65.816
65.107
64.339
63.511
62.621
61.668
60.651
59.568
58.419
57.202
55.917
54.564
53.141
51.648
50.086
48.455
46.755
44.986
43.15
41.248
39.282
37.253
35.163
33.014
30.81
28.553
26.246
23.893
21.497
19.063
16.593
14.093
11.567
9.0191
6.4544
3.8775
1.2933
-1.2897
-3.8589
-6.4241
-6.2686
-3.7655
-1.2585
1.262
3.7837
6.2982
8.8008
11.287
13.752
16.192
18.601
20.977
23.315
25.611
27.862
30.064
32.215
34.311
36.351
38.331
40.25
42.106
43.897
45.623
47.282
48.874
50.398
51.854
53.243
54.564
55.817
57.005
58.126
59.183
60.175
61.105
61.974
62.782
63.531
64.223
64.858
65.439
65.965
66.44
66.863
67.236
67.561
67.837
68.066
68.248
68.384
68.475
68.52
68.52
68.475
68.384
68.248
68.066
67.837
67.561
67.236
66.863
66.44
65.965
65.439
64.858
64.223
63.531
62.782
61.974
61.105
60.175
59.183
58.126
57.005
55.817
54.564
53.243
51.854
50.398
48.874
47.282
45.623
43.897
42.106
40.25
38.331
36.351
34.311
32.215
30.064
27.862
25.611
23.315
20.977
18.601
16.192
13.752
11.287
8.8008
6.2982
3.7837
1.262
-1.2585
-3.7655
-6.2686
-6.1052
-3.6673
-1.2257
1.2291
3.685
6.1339
8.5713
10.993
13.393
15.769
18.116
20.43
22.707
24.943
27.135
29.28
31.375
33.417
35.403
37.331
39.2
41.008
42.752
44.433
46.049
47.599
49.084
50.502
51.854
53.141
54.362
55.518
56.61
57.639
58.606
59.511
60.357
61.144
61.874
62.548
63.166
63.732
64.245
64.707
65.119
65.483
65.799
66.067
66.29
66.468
66.6
66.689
66.733
66.733
66.689
66.6
66.468
66.29
66.067
65.799
65.483
65.119
64.707
64.245
63.732
63.166
62.548
61.874
61.144
60.357
59.511
58.606
57.639
56.61
55.518
54.362
53.141
51.854
50.502
49.084
47.599
46.049
44.433
42.752
41.008
39.2
37.331
35.403
33.417
31.375
29.28
27.135
24.943
22.707
20.43
18.116
15.769
13.393
10.993
8.5713
6.1339
3.685
1.2291
-1.2257
-3.6673
-6.1052
-5.9337
-3.5643
-1.1913
1.1946
3.5815
5.9617
8.3306
10.684
13.017
15.327
17.608
19.856
22.069
24.243
26.373
28.458
30.494
32.478
34.409
36.283
38.099
39.856
41.552
43.185
44.756
46.262
47.705
49.084
50.398
51.648
52.835
53.959
55.02
56.02
56.96
57.84
58.662
59.427
60.136
60.791
61.392
61.942
62.44
62.889
63.29
63.643
63.95
64.212
64.428
64.601
64.73
64.815
64.858
64.858
64.815
64.73
64.601
64.428
64.212
63.95
63.643
63.29
62.889
62.44
61.942
61.392
60.791
60.136
59.427
58.662
57.84
56.96
56.02
55.02
53.959
52.835
51.648
50.398
49.084
47.705
46.262
44.756
43.185
41.552
39.856
38.099
36.283
34.409
32.478
30.494
28.458
26.373
24.243
22.069
19.856
17.608
15.327
13.017
10.684
8.3306
5.9617
3.5815
1.1946
-1.1913
-3.5643
-5.9337
-5.7543
-3.4566
-1.1553
1.1585
3.4732
5.7814
8.0787
10.361
12.624
14.863
17.075
19.256
21.402
23.51
25.576
27.598
29.572
31.496
33.368
35.186
36.947
38.651
40.295
41.879
43.402
44.863
46.262
47.599
48.874
50.086
51.237
52.327
53.356
54.326
55.237
56.091
56.888
57.63
58.317
58.952
59.535
60.068
60.552
60.987
61.376
61.718
62.016
62.269
62.48
62.647
62.772
62.855
62.896
62.896
62.855
62.772
62.647
62.48
62.269
62.016
61.718
61.376
60.987
60.552
60.068
59.535
58.952
58.317
57.63
56.888
56.091
55.237
54.326
53.356
52.327
51.237
50.086
48.874
47.599
46.262
44.863
43.402
41.879
40.295
38.651
36.947
35.186
33.368
31.496
29.572
27.598
25.576
23.51
21.402
19.256
17.075
14.863
12.624
10.361
8.0787
5.7814
3.4732
1.1585
-1.1553
-3.4566
-5.7543
-5.5669
-3.344
-1.1176
1.1207
3.3601
5.5931
7.8156
10.023
12.213
14.379
16.519
18.629
20.705
22.744
24.743
26.699
28.609
30.47
32.281
34.04
35.744
37.392
38.983
40.515
41.988
43.402
44.756
46.049
47.282
48.455
49.568
50.622
51.618
52.556
53.438
54.264
55.035
55.752
56.418
57.032
57.596
58.111
58.579
59.001
59.377
59.708
59.996
60.241
60.444
60.606
60.727
60.807
60.847
60.847
60.807
60.727
60.606
60.444
60.241
59.996
59.708
59.377
59.001
58.579
58.111
57.596
57.032
56.418
55.752
55.035
54.264
53.438
52.556
51.618
50.622
49.568
48.455
47.282
46.049
44.756
43.402
41.988
40.515
38.983
37.392
35.744
34.04
32.281
30.47
28.609
26.699
24.743
22.744
20.705
18.629
16.519
14.379
12.213
10.023
7.8156
5.5931
3.3601
1.1207
-1.1176
-3.344
-5.5669
-5.3716
-3.2267
-1.0784
1.0814
3.2422
5.3969
7.5414
9.6718
11.784
13.875
15.939
17.975
19.978
21.946
23.875
25.762
27.605
29.401
31.149
32.845
34.49
36.08
37.615
39.093
40.515
41.879
43.185
44.433
45.623
46.755
47.829
48.846
49.807
50.712
51.563
52.359
53.103
53.796
54.438
55.03
55.575
56.072
56.524
56.93
57.293
57.613
57.89
58.127
58.323
58.479
58.596
58.673
58.712
58.712
58.673
58.596
58.479
58.323
58.127
57.89
57.613
57.293
56.93
56.524
56.072
55.575
55.03
54.438
53.796
53.103
52.359
51.563
50.712
49.807
48.846
47.829
46.755
45.623
44.433
43.185
41.879
40.515
39.093
37.615
36.08
34.49
32.845
31.149
29.401
27.605
25.762
23.875
21.946
19.978
17.975
15.939
13.875
11.784
9.6718
7.5414
5.3969
3.2422
1.0814
-1.0784
-3.2267
-5.3716
-5.1684
-3.1046
-1.0376
1.0405
3.1196
5.1928
7.2562
9.306
11.338
13.35
15.337
17.295
19.223
21.116
22.972
24.788
26.561
28.289
29.971
31.603
33.185
34.715
36.192
37.615
38.983
40.295
41.552
42.752
43.897
44.986
46.02
46.998
47.923
48.794
49.612
50.379
51.095
51.761
52.379
52.949
53.473
53.951
54.385
54.777
55.125
55.433
55.7
55.928
56.117
56.267
56.379
56.454
56.491
56.491
56.454
56.379
56.267
56.117
55.928
55.7
55.433
55.125
54.777
54.385
53.951
53.473
52.949
52.379
51.761
51.095
50.379
49.612
48.794
47.923
46.998
46.02
44.986
43.897
42.752
41.552
40.295
38.983
37.615
36.192
34.715
33.185
31.603
29.971
28.289
26.561
24.788
22.972
21.116
19.223
17.295
15.337
13.35
11.338
9.306
7.2562
5.1928
3.1196
1.0405
-1.0376
-3.1046
-5.1684
-4.9575
-2.9779
-0.99529
0.99806
2.9923
4.9809
6.9601
8.9262
10.876
12.805
14.711
16.59
18.438
20.254
22.034
23.776
25.477
27.135
28.748
30.313
31.831
33.298
34.715
36.08
37.392
38.651
39.856
41.008
42.106
43.15
44.142
45.08
45.967
46.802
47.587
48.323
49.009
49.648
50.241
50.788
51.29
51.749
52.166
52.541
52.876
53.171
53.427
53.646
53.826
53.97
54.078
54.15
54.185
54.185
54.15
54.078
53.97
53.826
53.646
53.427
53.171
52.876
52.541
52.166
51.749
51.29
50.788
50.241
49.648
49.009
48.323
47.587
46.802
45.967
45.08
44.142
43.15
42.106
41.008
39.856
38.651
37.392
36.08
34.715
33.298
31.831
30.313
28.748
27.135
25.477
23.776
22.034
20.254
18.438
16.59
14.711
12.805
10.876
8.9262
6.9601
4.9809
2.9923
0.99806
-0.99529
-2.9779
-4.9575
-4.739
-2.8467
-0.95143
0.95407
2.8604
4.7614
6.6533
8.5328
10.396
12.241
14.062
15.858
17.626
19.362
21.063
22.728
24.354
25.939
27.481
28.977
30.428
31.831
33.185
34.49
35.744
36.947
38.099
39.2
40.25
41.248
42.196
43.093
43.941
44.74
45.49
46.193
46.849
47.46
48.026
48.549
49.029
49.468
49.866
50.225
50.545
50.827
51.072
51.281
51.454
51.592
51.694
51.763
51.797
51.797
51.763
51.694
51.592
51.454
51.281
51.072
50.827
50.545
50.225
49.866
49.468
49.029
48.549
48.026
47.46
46.849
46.193
45.49
44.74
43.941
43.093
42.196
41.248
40.25
39.2
38.099
36.947
35.744
34.49
33.185
31.831
30.428
28.977
27.481
25.939
24.354
22.728
21.063
19.362
17.626
15.858
14.062
12.241
10.396
8.5328
6.6533
4.7614
2.8604
0.95407
-0.95143
-2.8467
-4.739
-4.5131
-2.711
-0.90607
0.90859
2.7241
4.5344
6.3362
8.1261
9.9008
11.657
13.392
15.102
16.786
18.439
20.059
21.645
23.193
24.702
26.171
27.596
28.977
30.313
31.603
32.845
34.04
35.186
36.283
37.331
38.331
39.282
40.184
41.039
41.846
42.607
43.321
43.991
44.616
45.197
45.737
46.235
46.692
47.11
47.489
47.831
48.135
48.404
48.637
48.836
49.001
49.132
49.23
49.295
49.327
49.327
49.295
49.23
49.132
49.001
48.836
48.637
48.404
48.135
47.831
47.489
47.11
46.692
46.235
45.737
45.197
44.616
43.991
43.321
42.607
41.846
41.039
40.184
39.282
38.331
37.331
36.283
35.186
34.04
32.845
31.603
30.313
28.977
27.596
26.171
24.702
23.193
21.645
20.059
18.439
16.786
15.102
13.392
11.657
9.9008
8.1261
6.3362
4.5344
2.7241
0.90859
-0.90607
-2.711
-4.5131
-4.28
-2.571
-0.85927
0.86166
2.5833
4.3002
6.0089
7.7063
9.3894
11.055
12.7
14.322
15.918
17.486
19.023
20.527
21.995
23.426
24.819
26.171
27.481
28.748
29.971
31.149
32.281
33.368
34.409
35.403
36.351
37.253
38.108
38.919
39.684
40.406
41.083
41.718
42.311
42.863
43.374
43.846
44.28
44.676
45.036
45.36
45.649
45.903
46.125
46.313
46.469
46.594
46.687
46.748
46.779
46.779
46.748
46.687
46.594
46.469
46.313
46.125
45.903
45.649
45.36
45.036
44.676
44.28
43.846
43.374
42.863
42.311
41.718
41.083
40.406
39.684
38.919
38.108
37.253
36.351
35.403
34.409
33.368
32.281
31.149
29.971
28.748
27.481
26.171
24.819
23.426
21.995
20.527
19.023
17.486
15.918
14.322
12.7
11.055
9.3894
7.7063
6.0089
4.3002
2.5833
0.86166
-0.85927
-2.571
-4.28
-4.0399
-2.4267
-0.81106
0.81332
2.4384
4.0589
5.6718
7.274
8.8626
10.435
11.988
13.519
15.025
16.505
17.956
19.375
20.761
22.112
23.426
24.702
25.939
27.135
28.289
29.401
30.47
31.496
32.478
33.417
34.311
35.163
35.97
36.735
37.458
38.139
38.778
39.378
39.937
40.458
40.941
41.386
41.796
42.17
42.509
42.815
43.087
43.328
43.537
43.715
43.862
43.979
44.067
44.126
44.155
44.155
44.126
44.067
43.979
43.862
43.715
43.537
43.328
43.087
42.815
42.509
42.17
41.796
41.386
40.941
40.458
39.937
39.378
38.778
38.139
37.458
36.735
35.97
35.163
34.311
33.417
32.478
31.496
30.47
29.401
28.289
27.135
25.939
24.702
23.426
22.112
20.761
19.375
17.956
16.505
15.025
13.519
11.988
10.435
8.8626
7.274
5.6718
4.0589
2.4384
0.81332
-0.81106
-2.4267
-4.0399
-3.7931
-2.2785
-0.76151
0.76363
2.2895
3.811
5.3253
6.8296
8.3212
9.7973
11.255
12.693
14.108
15.497
16.859
18.191
19.493
20.761
21.995
23.193
24.354
25.477
26.561
27.605
28.609
29.572
30.494
31.375
32.215
33.014
33.773
34.491
35.169
35.809
36.409
36.972
37.497
37.986
38.439
38.858
39.242
39.593
39.912
40.199
40.455
40.681
40.877
41.044
41.182
41.292
41.375
41.429
41.457
41.457
41.429
41.375
41.292
41.182
41.044
40.877
40.681
40.455
40.199
39.912
39.593
39.242
38.858
38.439
37.986
37.497
36.972
36.409
35.809
35.169
34.491
33.773
33.014
32.215
31.375
30.494
29.572
28.609
27.605
26.561
25.477
24.354
23.193
21.995
20.761
19.493
18.191
16.859
15.497
14.108
12.693
11.255
9.7973
8.3212
6.8296
5.3253
3.811
2.2895
0.76363
-0.76151
-2.2785
-3.7931
-3.5399
-2.1264
-0.71067
0.71265
2.1366
3.5565
4.9698
6.3737
7.7657
9.1432
10.504
11.846
13.166
14.462
15.733
16.977
18.191
19.375
20.527
21.645
22.728
23.776
24.788
25.762
26.699
27.598
28.458
29.28
30.064
30.81
31.518
32.188
32.821
33.418
33.978
34.503
34.994
35.45
35.873
36.263
36.622
36.95
37.247
37.515
37.754
37.965
38.148
38.303
38.433
38.535
38.612
38.663
38.689
38.689
38.663
38.612
38.535
38.433
38.303
38.148
37.965
37.754
37.515
37.247
36.95
36.622
36.263
35.873
35.45
34.994
34.503
33.978
33.418
32.821
32.188
31.518
30.81
30.064
29.28
28.458
27.598
26.699
25.762
24.788
23.776
22.728
21.645
20.527
19.375
18.191
16.977
15.733
14.462
13.166
11.846
10.504
9.1432
7.7657
6.3737
4.9698
3.5565
2.1366
0.71265
-0.71067
-2.1264
-3.5399
-3.2806
-1.9706
-0.65862
0.66045
1.9801
3.296
4.6057
5.9068
7.1968
8.4735
9.7345
10.978
12.201
13.403
14.581
15.733
16.859
17.956
19.023
20.059
21.063
22.034
22.972
23.875
24.743
25.576
26.373
27.135
27.862
28.553
29.209
29.83
30.417
30.97
31.489
31.976
32.43
32.853
33.245
33.607
33.939
34.243
34.518
34.767
34.988
35.183
35.353
35.497
35.617
35.712
35.784
35.831
35.855
35.855
35.831
35.784
35.712
35.617
35.497
35.353
35.183
34.988
34.767
34.518
34.243
33.939
33.607
33.245
32.853
32.43
31.976
31.489
30.97
30.417
29.83
29.209
28.553
27.862
27.135
26.373
25.576
24.743
23.875
22.972
22.034
21.063
20.059
19.023
17.956
16.859
15.733
14.581
13.403
12.201
10.978
9.7345
8.4735
7.1968
5.9068
4.6057
3.296
1.9801
0.66045
-0.65862
-1.9706
-3.2806
-3.0155
-1.8114
-0.60541
0.60709
1.8201
3.0297
4.2336
5.4296
6.6154
7.7889
8.9481
10.091
11.216
12.32
13.403
14.462
15.497
16.505
17.486
18.439
19.362
20.254
21.116
21.946
22.744
23.51
24.243
24.943
25.611
26.246
26.849
27.42
27.96
28.468
28.945
29.392
29.81
30.199
30.559
30.892
31.197
31.476
31.73
31.958
32.161
32.341
32.497
32.63
32.74
32.827
32.893
32.936
32.958
32.958
32.936
32.893
32.827
32.74
32.63
32.497
32.341
32.161
31.958
31.73
31.476
31.197
30.892
30.559
30.199
29.81
29.392
28.945
28.468
27.96
27.42
26.849
26.246
25.611
24.943
24.243
23.51
22.744
21.946
21.116
20.254
19.362
18.439
17.486
16.505
15.497
14.462
13.403
12.32
11.216
10.091
8.9481
7.7889
6.6154
5.4296
4.2336
3.0297
1.8201
0.60709
-0.60541
-1.8114
-3.0155
-2.7452
-1.649
-0.55113
0.55267
1.657
2.7581
3.8541
4.9428
6.0223
7.0906
8.1459
9.1863
10.21
11.216
12.201
13.166
14.108
15.025
15.918
16.786
17.626
18.438
19.223
19.978
20.705
21.402
22.069
22.707
23.315
23.893
24.442
24.962
25.453
25.915
26.35
26.757
27.137
27.491
27.819
28.122
28.4
28.654
28.885
29.093
29.278
29.441
29.583
29.704
29.804
29.884
29.944
29.983
30.003
30.003
29.983
29.944
29.884
29.804
29.704
29.583
29.441
29.278
29.093
28.885
28.654
28.4
28.122
27.819
27.491
27.137
26.757
26.35
25.915
25.453
24.962
24.442
23.893
23.315
22.707
22.069
21.402
20.705
19.978
19.223
18.438
17.626
16.786
15.918
15.025
14.108
13.166
12.201
11.216
10.21
9.1863
8.1459
7.0906
6.0223
4.9428
3.8541
2.7581
1.657
0.55267
-0.55113
-1.649
-2.7452
-2.4699
-1.4837
-0.49587
0.49725
1.4908
2.4816
3.4676
4.4472
5.4184
6.3797
7.3291
8.2652
9.1863
10.091
10.978
11.846
12.693
13.519
14.322
15.102
15.858
16.59
17.295
17.975
18.629
19.256
19.856
20.43
20.977
21.497
21.991
22.459
22.901
23.317
23.708
24.074
24.416
24.735
25.03
25.302
25.552
25.781
25.988
26.175
26.342
26.489
26.617
26.726
26.816
26.887
26.941
26.977
26.994
26.994
26.977
26.941
26.887
26.816
26.726
26.617
26.489
26.342
26.175
25.988
25.781
25.552
25.302
25.03
24.735
24.416
24.074
23.708
23.317
22.901
22.459
21.991
21.497
20.977
20.43
19.856
19.256
18.629
17.975
17.295
16.59
15.858
15.102
14.322
13.519
12.693
11.846
10.978
10.091
9.1863
8.2652
7.3291
6.3797
5.4184
4.4472
3.4676
2.4816
1.4908
0.49725
-0.49587
-1.4837
-2.4699
-2.1902
-1.3156
-0.43971
0.44093
1.322
2.2005
3.0749
3.9435
4.8048
5.6571
6.4991
7.3291
8.1459
8.9481
9.7345
10.504
11.255
11.988
12.7
13.392
14.062
14.711
15.337
15.939
16.519
17.075
17.608
18.116
18.601
19.063
19.501
19.915
20.307
20.676
21.023
21.348
21.651
21.933
22.195
22.436
22.658
22.861
23.045
23.211
23.359
23.489
23.602
23.699
23.779
23.842
23.89
23.921
23.937
23.937
23.921
23.89
23.842
23.779
23.699
23.602
23.489
23.359
23.211
23.045
22.861
22.658
22.436
22.195
21.933
21.651
21.348
21.023
20.676
20.307
19.915
19.501
19.063
18.601
18.116
17.608
17.075
16.519
15.939
15.337
14.711
14.062
13.392
12.7
11.988
11.255
10.504
9.7345
8.9481
8.1459
7.3291
6.4991
5.6571
4.8048
3.9435
3.0749
2.2005
1.322
0.44093
-0.43971
-1.3156
-2.1902
-1.9065
-1.1452
-0.38275
0.38381
1.1507
1.9154
2.6766
3.4327
4.1824
4.9243
5.6571
6.3797
7.0906
7.7889
8.4735
9.1432
9.7973
10.435
11.055
11.657
12.241
12.805
13.35
13.875
14.379
14.863
15.327
15.769
16.192
16.593
16.974
17.335
17.676
17.998
18.299
18.582
18.846
19.092
19.32
19.53
19.723
19.9
20.06
20.204
20.333
20.446
20.545
20.629
20.698
20.754
20.795
20.822
20.836
20.836
20.822
20.795
20.754
20.698
20.629
20.545
20.446
20.333
20.204
20.06
19.9
19.723
19.53
19.32
19.092
18.846
18.582
18.299
17.998
17.676
17.335
16.974
16.593
16.192
15.769
15.327
14.863
14.379
13.875
13.35
12.805
12.241
11.657
11.055
10.435
9.7973
9.1432
8.4735
7.7889
7.0906
6.3797
5.6571
4.9243
4.1824
3.4327
2.6766
1.9154
1.1507
0.38381
-0.38275
-1.1452
-1.9065
-1.6192
-0.97265
-0.32508
0.32599
0.97734
1.6268
2.2733
2.9155
3.5522
4.1824
4.8048
5.4184
6.0223
6.6154
7.1968
7.7657
8.3212
8.8626
9.3894
9.9008
10.396
10.876
11.338
11.784
12.213
12.624
13.017
13.393
13.752
14.093
14.417
14.723
15.013
15.286
15.542
15.782
16.007
16.215
16.409
16.587
16.751
16.901
17.037
17.16
17.269
17.365
17.449
17.52
17.58
17.627
17.662
17.685
17.697
17.697
17.685
17.662
17.627
17.58
17.52
17.449
17.365
17.269
17.16
17.037
16.901
16.751
16.587
16.409
16.215
16.007
15.782
15.542
15.286
15.013
14.723
14.417
14.093
13.752
13.393
13.017
12.624
12.213
11.784
11.338
10.876
10.396
9.9008
9.3894
8.8626
8.3212
7.7657
7.1968
6.6154
6.0223
5.4184
4.8048
4.1824
3.5522
2.9155
2.2733
1.6268
0.97734
0.32599
-0.32508
-0.97265
-1.6192
-1.329
-0.79831
-0.26681
0.26755
0.80215
1.3352
1.8658
2.3929
2.9155
3.4327
3.9435
4.4472
4.9428
5.4296
5.9068
6.3737
6.8296
7.274
7.7063
8.1261
8.5328
8.9262
9.306
9.6718
10.023
10.361
10.684
10.993
11.287
11.567
11.833
12.084
12.322
12.546
12.756
12.953
13.137
13.309
13.467
13.614
13.749
13.872
13.983
14.084
14.174
14.253
14.321
14.38
14.428
14.467
14.496
14.515
14.525
14.525
14.515
14.496
14.467
14.428
14.38
14.321
14.253
14.174
14.084
13.983
13.872
13.749
13.614
13.467
13.309
13.137
12.953
12.756
12.546
12.322
12.084
11.833
11.567
11.287
10.993
10.684
10.361
10.023
9.6718
9.306
8.9262
8.5328
8.1261
7.7063
7.274
6.8296
6.3737
5.9068
5.4296
4.9428
4.4472
3.9435
3.4327
2.9155
2.3929
1.8658
1.3352
0.80215
0.26755
-0.26681
-0.79831
-1.329
-1.0363
-0.62247
-0.20804
0.20862
0.62547
1.0411
1.4548
1.8658
2.2733
2.6766
3.0749
3.4676
3.8541
4.2336
4.6057
4.9698
5.3253
5.6718
6.0089
6.3362
6.6533
6.9601
7.2562
7.5414
7.8156
8.0787
8.3306
8.5713
8.8008
9.0191
9.2263
9.4225
9.6078
9.7824
9.9465
10.1
10.244
10.377
10.501
10.615
10.72
10.816
10.903
10.982
11.052
11.113
11.167
11.212
11.25
11.28
11.303
11.318
11.325
11.325
11.318
11.303
11.28
11.25
11.212
11.167
11.113
11.052
10.982
10.903
10.816
10.72
10.615
10.501
10.377
10.244
10.1
9.9465
9.7824
9.6078
9.4225
9.2263
9.0191
8.8008
8.5713
8.3306
8.0787
7.8156
7.5414
7.2562
6.9601
6.6533
6.3362
6.0089
5.6718
5.3253
4.9698
4.6057
4.2336
3.8541
3.4676
3.0749
2.6766
2.2733
1.8658
1.4548
1.0411
0.62547
0.20862
-0.20804
-0.62247
-1.0363
-0.74158
-0.44546
-0.14888
0.1493
0.4476
0.74507
1.0411
1.3352
1.6268
1.9154
2.2005
2.4816
2.7581
3.0297
3.296
3.5565
3.811
4.0589
4.3002
4.5344
4.7614
4.9809
5.1928
5.3969
5.5931
5.7814
5.9617
6.1339
6.2982
6.4544
6.6027
6.7431
6.8757
7.0006
7.118
7.228
7.3307
7.4263
7.5149
7.5967
7.6718
7.7404
7.8027
7.8589
7.9089
7.953
7.9914
8.024
8.0511
8.0726
8.0887
8.0994
8.1048
8.1048
8.0994
8.0887
8.0726
8.0511
8.024
7.9914
7.953
7.9089
7.8589
7.8027
7.7404
7.6718
7.5967
7.5149
7.4263
7.3307
7.228
7.118
7.0006
6.8757
6.7431
6.6027
6.4544
6.2982
6.1339
5.9617
5.7814
5.5931
5.3969
5.1928
4.9809
4.7614
4.5344
4.3002
4.0589
3.811
3.5565
3.296
3.0297
2.7581
2.4816
2.2005
1.9154
1.6268
1.3352
1.0411
0.74507
0.4476
0.1493
-0.14888
-0.44546
-0.74158
-0.44551
-0.26761
-0.089441
0.08969
0.2689
0.4476
0.62547
0.80215
0.97734
1.1507
1.322
1.4908
1.657
1.8201
1.9801
2.1366
2.2895
2.4384
2.5833
2.7241
2.8604
2.9923
3.1196
3.2422
3.3601
3.4732
3.5815
3.685
3.7837
3.8775
3.9666
4.0509
4.1306
4.2057
4.2762
4.3423
4.404
4.4614
4.5146
4.5637
4.6089
4.6501
4.6875
4.7213
4.7513
4.7778
4.8009
4.8205
4.8367
4.8497
4.8593
4.8658
4.869
4.869
4.8658
4.8593
4.8497
4.8367
4.8205
4.8009
4.7778
4.7513
4.7213
4.6875
4.6501
4.6089
4.5637
4.5146
4.4614
4.404
4.3423
4.2762
4.2057
4.1306
4.0509
3.9666
3.8775
3.7837
3.685
3.5815
3.4732
3.3601
3.2422
3.1196
2.9923
2.8604
2.7241
2.5833
2.4384
2.2895
2.1366
1.9801
1.8201
1.657
1.4908
1.322
1.1507
0.97734
0.80215
0.62547
0.4476
0.2689
0.08969
-0.089441
-0.26761
-0.44551
-0.1486
-0.08926
-0.029833
0.029916
0.08969
0.1493
0.20862
0.26755
0.32599
0.38381
0.44093
0.49725
0.55267
0.60709
0.66045
0.71265
0.76363
0.81332
0.86166
0.90859
0.95407
0.99806
1.0405
1.0814
1.1207
1.1585
1.1946
1.2291
1.262
1.2933
1.323
1.3512
1.3777
1.4028
1.4263
1.4483
1.4689
1.4881
1.5058
1.5222
1.5373
1.551
1.5635
1.5747
1.5848
1.5936
1.6013
1.6078
1.6133
1.6176
1.6208
1.6229
1.624
1.624
1.6229
1.6208
1.6176
1.6133
1.6078
1.6013
1.5936
1.5848
1.5747
1.5635
1.551
1.5373
1.5222
1.5058
1.4881
1.4689
1.4483
1.4263
1.4028
1.3777
1.3512
1.323
1.2933
1.262
1.2291
1.1946
1.1585
1.1207
1.0814
1.0405
0.99806
0.95407
0.90859
0.86166
0.81332
0.76363
0.71265
0.66045
0.60709
0.55267
0.49725
0.44093
0.38381
0.32599
0.26755
0.20862
0.1493
0.08969
0.029916
-0.029833
-0.08926
-0.1486
0.14818
0.089011
0.02975
-0.029833
-0.089441
-0.14888
-0.20804
-0.26681
-0.32508
-0.38275
-0.43971
-0.49587
-0.55113
-0.60541
-0.65862
-0.71067
-0.76151
-0.81106
-0.85927
-0.90607
-0.95143
-0.99529
-1.0376
-1.0784
-1.1176
-1.1553
-1.1913
-1.2257
-1.2585
-1.2897
-1.3194
-1.3474
-1.3739
-1.3989
-1.4223
-1.4443
-1.4648
-1.4839
-1.5016
-1.518
-1.533
-1.5467
-1.5592
-1.5704
-1.5804
-1.5892
-1.5969
-1.6034
-1.6088
-1.6131
-1.6163
-1.6184
-1.6195
-1.6195
-1.6184
-1.6163
-1.6131
-1.6088
-1.6034
-1.5969
-1.5892
-1.5804
-1.5704
-1.5592
-1.5467
-1.533
-1.518
-1.5016
-1.4839
-1.4648
-1.4443
-1.4223
-1.3989
-1.3739
-1.3474
-1.3194
-1.2897
-1.2585
-1.2257
-1.1913
-1.1553
-1.1176
-1.0784
-1.0376
-0.99529
-0.95143
-0.90607
-0.85927
-0.81106
-0.76151
-0.71067
-0.65862
-0.60541
-0.55113
-0.49587
-0.43971
-0.38275
-0.32508
-0.26681
-0.20804
-0.14888
-0.089441
-0.029833
0.02975
0.089011
0.14818
0.44469
0.26691
0.089011
-0.08926
-0.26761
-0.44546
-0.62247
-0.79831
-0.97265
-1.1452
-1.3156
-1.4837
-1.649
-1.8114
-1.9706
-2.1264
-2.2785
-2.4267
-2.571
-2.711
-2.8467
-2.9779
-3.1046
-3.2267
-3.344
-3.4566
-3.5643
-3.6673
-3.7655
-3.8589
-3.9476
-4.0315
-4.1108
-4.1855
-4.2557
-4.3214
-4.3828
-4.44
-4.4929
-4.5418
-4.5868
-4.6278
-4.665
-4.6986
-4.7285
-4.7549
-4.7778
-4.7973
-4.8135
-4.8264
-4.836
-4.8424
-4.8456
-4.8456
-4.8424
-4.836
-4.8264
-4.8135
-4.7973
-4.7778
-4.7549
-4.7285
-4.6986
-4.665
-4.6278
-4.5868
-4.5418
-4.4929
-4.44
-4.3828
-4.3214
-4.2557
-4.1855
-4.1108
-4.0315
-3.9476
-3.8589
-3.7655
-3.6673
-3.5643
-3.4566
-3.344
-3.2267
-3.1046
-2.9779
-2.8467
-2.711
-2.571
-2.4267
-2.2785
-2.1264
-1.9706
-1.8114
-1.649
-1.4837
-1.3156
-1.1452
-0.97265
-0.79831
-0.62247
-0.44546
-0.26761
-0.08926
0.089011
0.26691
0.44469
0.741
0.44469
0.14818
-0.1486
-0.44551
-0.74158
-1.0363
-1.329
-1.6192
-1.9065
-2.1902
-2.4699
-2.7452
-3.0155
-3.2806
-3.5399
-3.7931
-4.0399
-4.28
-4.5131
-4.739
-4.9575
-5.1684
-5.3716
-5.5669
-5.7543
-5.9337
-6.1052
-6.2686
-6.4241
-6.5717
-6.7114
-6.8434
-6.9678
-7.0846
-7.1941
-7.2963
-7.3914
-7.4796
-7.561
-7.6358
-7.7041
-7.7661
-7.822
-7.8718
-7.9157
-7.9539
-7.9863
-8.0133
-8.0347
-8.0507
-8.0614
-8.0667
-8.0667
-8.0614
-8.0507
-8.0347
-8.0133
-7.9863
-7.9539
-7.9157
-7.8718
-7.822
-7.7661
-7.7041
-7.6358
-7.561
-7.4796
-7.3914
-7.2963
-7.1941
-7.0846
-6.9678
-6.8434
-6.7114
-6.5717
-6.4241
-6.2686
-6.1052
-5.9337
-5.7543
-5.5669
-5.3716
-5.1684
-4.9575
-4.739
-4.5131
-4.28
-4.0399
-3.7931
-3.5399
-3.2806
-3.0155
-2.7452
-2.4699
-2.1902
-1.9065
-1.6192
-1.329
-1.0363
-0.74158
-0.44551
-0.1486
0.14818
0.44469
0.741
