0.35717
0.21424
0.071371
-0.071571
-0.21463
-0.35746
-0.49989
-0.64177
-0.78294
-0.92325
-1.0625
-1.2007
-1.3375
-1.4729
-1.6066
-1.7386
-1.8688
-1.9969
-2.1229
-2.2466
-2.3679
-2.4867
-2.6028
-2.7162
-2.8268
-2.9344
-3.039
-3.1404
-3.2386
-3.3335
-3.425
-3.513
-3.5975
-3.6784
-3.7555
-3.829
-3.8986
-3.9644
-4.0264
-4.0843
-4.1383
-4.1883
-4.2342
-4.2761
-4.3138
-4.3474
-4.3769
-4.4022
-4.4233
-4.4402
-4.4528
-4.4613
-4.4655
-4.4655
-4.4613
-4.4528
-4.4402
-4.4233
-4.4022
-4.3769
-4.3474
-4.3138
-4.2761
-4.2342
-4.1883
-4.1383
-4.0843
-4.0264
-3.9644
-3.8986
-3.829
-3.7555
-3.6784
-3.5975
-3.513
-3.425
-3.3335
-3.2386
-3.1404
-3.039
-2.9344
-2.8268
-2.7162
-2.6028
-2.4867
-2.3679
-2.2466
-2.1229
-1.9969
-1.8688
-1.7386
-1.6066
-1.4729
-1.3375
-1.2007
-1.0625
-0.92325
-0.78294
-0.64177
-0.49989
-0.35746
-0.21463
-0.071571
0.071371
0.21424
0.35717
0.21424
0.12852
0.04285
-0.04297
-0.12886
-0.21461
-0.30012
-0.38531
-0.47006
-0.5543
-0.63793
-0.72087
-0.80301
-0.88428
-0.96459
-1.0438
-1.122
-1.1989
-1.2745
-1.3488
-1.4216
-1.4929
-1.5627
-1.6308
-1.6972
-1.7618
-1.8246
-1.8855
-1.9444
-2.0014
-2.0563
-2.1092
-2.1599
-2.2084
-2.2548
-2.2989
-2.3407
-2.3802
-2.4173
-2.4522
-2.4846
-2.5146
-2.5422
-2.5673
-2.5899
-2.6101
-2.6278
-2.643
-2.6557
-2.6658
-2.6734
-2.6785
-2.681
-2.681
-2.6785
-2.6734
-2.6658
-2.6557
-2.643
-2.6278
-2.6101
-2.5899
-2.5673
-2.5422
-2.5146
-2.4846
-2.4522
-2.4173
-2.3802
-2.3407
-2.2989
-2.2548
-2.2084
-2.1599
-2.1092
-2.0563
-2.0014
-1.9444
-1.8855
-1.8246
-1.7618
-1.6972
-1.6308
-1.5627
-1.4929
-1.4216
-1.3488
-1.2745
-1.1989
-1.122
-1.0438
-0.96459
-0.88428
-0.80301
-0.72087
-0.63793
-0.5543
-0.47006
-0.38531
-0.30012
-0.21461
-0.12886
-0.04297
0.04285
0.12852
0.21424
0.071371
0.04285
0.014318
-0.014358
-0.043057
-0.071709
-0.10028
-0.12874
-0.15707
-0.18521
-0.21316
-0.24087
-0.26832
-0.29547
-0.3223
-0.34879
-0.37489
-0.40059
-0.42587
-0.45068
-0.47502
-0.49885
-0.52215
-0.5449
-0.56709
-0.58868
-0.60965
-0.63
-0.6497
-0.66874
-0.68709
-0.70475
-0.72169
-0.73791
-0.7534
-0.76813
-0.7821
-0.7953
-0.80773
-0.81936
-0.83019
-0.84021
-0.84943
-0.85782
-0.8654
-0.87214
-0.87805
-0.88312
-0.88735
-0.89074
-0.89328
-0.89498
-0.89583
-0.89583
-0.89498
-0.89328
-0.89074
-0.88735
-0.88312
-0.87805
-0.87214
-0.8654
-0.85782
-0.84943
-0.84021
-0.83019
-0.81936
-0.80773
-0.7953
-0.7821
-0.76813
-0.7534
-0.73791
-0.72169
-0.70475
-0.68709
-0.66874
-0.6497
-0.63
-0.60965
-0.58868
-0.56709
-0.5449
-0.52215
-0.49885
-0.47502
-0.45068
-0.42587
-0.40059
-0.37489
-0.34879
-0.3223
-0.29547
-0.26832
-0.24087
-0.21316
-0.18521
-0.15707
-0.12874
-0.10028
-0.071709
-0.043057
-0.014358
0.014318
0.04285
0.071371
-0.071571
-0.04297
-0.014358
0.014398
0.043177
0.071909
0.10056
0.1291
0.1575
0.18573
0.21375
0.24154
0.26906
0.29629
0.3232
0.34976
0.37594
0.40171
0.42705
0.45194
0.47634
0.50024
0.52361
0.54642
0.56867
0.59032
0.61135
0.63176
0.65151
0.6706
0.68901
0.70671
0.72371
0.73997
0.7555
0.77027
0.78428
0.79752
0.80998
0.82164
0.8325
0.84256
0.8518
0.86022
0.86781
0.87457
0.8805
0.88558
0.88982
0.89322
0.89577
0.89747
0.89832
0.89832
0.89747
0.89577
0.89322
0.88982
0.88558
0.8805
0.87457
0.86781
0.86022
0.8518
0.84256
0.8325
0.82164
0.80998
0.79752
0.78428
0.77027
0.7555
0.73997
0.72371
0.70671
0.68901
0.6706
0.65151
0.63176
0.61135
0.59032
0.56867
0.54642
0.52361
0.50024
0.47634
0.45194
0.42705
0.40171
0.37594
0.34976
0.3232
0.29629
0.26906
0.24154
0.21375
0.18573
0.1575
0.1291
0.10056
0.071909
0.043177
0.014398
-0.014358
-0.04297
-0.071571
-0.21463
-0.12886
-0.043057
0.043177
0.12948
0.21565
0.30157
0.38717
0.47233
0.55698
0.64102
0.72435
0.80689
0.88855
0.96925
1.0489
1.1274
1.2047
1.2807
1.3553
1.4285
1.5002
1.5702
1.6387
1.7054
1.7703
1.8334
1.8946
1.9538
2.0111
2.0663
2.1194
2.1703
2.2191
2.2657
2.31
2.352
2.3917
2.429
2.464
2.4966
2.5267
2.5545
2.5797
2.6025
2.6227
2.6405
2.6558
2.6685
2.6787
2.6863
2.6914
2.694
2.694
2.6914
2.6863
2.6787
2.6685
2.6558
2.6405
2.6227
2.6025
2.5797
2.5545
2.5267
2.4966
2.464
2.429
2.3917
2.352
2.31
2.2657
2.2191
2.1703
2.1194
2.0663
2.0111
1.9538
1.8946
1.8334
1.7703
1.7054
1.6387
1.5702
1.5002
1.4285
1.3553
1.2807
1.2047
1.1274
1.0489
0.96925
0.88855
0.80689
0.72435
0.64102
0.55698
0.47233
0.38717
0.30157
0.21565
0.12948
0.043177
-0.043057
-0.12886
-0.21463
-0.35746
-0.21461
-0.071709
0.071909
0.21565
0.35915
0.50225
0.6448
0.78665
0.92762
1.0676
1.2064
1.3438
1.4798
1.6142
1.7469
1.8776
2.0063
2.1329
2.2572
2.3791
2.4984
2.6151
2.7291
2.8402
2.9483
3.0534
3.1553
3.254
3.3493
3.4412
3.5297
3.6145
3.6958
3.7733
3.8471
3.9171
3.9832
4.0454
4.1037
4.1579
4.2081
4.2543
4.2963
4.3343
4.368
4.3976
4.423
4.4442
4.4612
4.4739
4.4824
4.4867
4.4867
4.4824
4.4739
4.4612
4.4442
4.423
4.3976
4.368
4.3343
4.2963
4.2543
4.2081
4.1579
4.1037
4.0454
3.9832
3.9171
3.8471
3.7733
3.6958
3.6145
3.5297
3.4412
3.3493
3.254
3.1553
3.0534
2.9483
2.8402
2.7291
2.6151
2.4984
2.3791
2.2572
2.1329
2.0063
1.8776
1.7469
1.6142
1.4798
1.3438
1.2064
1.0676
0.92762
0.78665
0.6448
0.50225
0.35915
0.21565
0.071909
-0.071709
-0.21461
-0.35746
-0.49989
-0.30012
-0.10028
0.10056
0.30157
0.50225
0.70238
0.90173
1.1001
1.2972
1.493
1.687
1.8793
2.0695
2.2574
2.4429
2.6258
2.8058
2.9828
3.1566
3.327
3.4939
3.6572
3.8165
3.9719
4.1231
4.27
4.4126
4.5505
4.6839
4.8124
4.9361
5.0548
5.1684
5.2768
5.38
5.4779
5.5703
5.6573
5.7388
5.8147
5.8849
5.9494
6.0082
6.0613
6.1085
6.1499
6.1854
6.215
6.2388
6.2566
6.2684
6.2744
6.2744
6.2684
6.2566
6.2388
6.215
6.1854
6.1499
6.1085
6.0613
6.0082
5.9494
5.8849
5.8147
5.7388
5.6573
5.5703
5.4779
5.38
5.2768
5.1684
5.0548
4.9361
4.8124
4.6839
4.5505
4.4126
4.27
4.1231
3.9719
3.8165
3.6572
3.4939
3.327
3.1566
2.9828
2.8058
2.6258
2.4429
2.2574
2.0695
1.8793
1.687
1.493
1.2972
1.1001
0.90173
0.70238
0.50225
0.30157
0.10056
-0.10028
-0.30012
-0.49989
-0.64177
-0.38531
-0.12874
0.1291
0.38717
0.6448
0.90173
1.1577
1.4123
1.6654
1.9167
2.1659
2.4127
2.6568
2.8981
3.1363
3.371
3.6021
3.8294
4.0525
4.2713
4.4856
4.6951
4.8997
5.0992
5.2933
5.482
5.6649
5.8421
6.0132
6.1783
6.337
6.4894
6.6353
6.7745
6.907
7.0326
7.1513
7.263
7.3676
7.465
7.5552
7.638
7.7135
7.7816
7.8422
7.8953
7.9409
7.979
8.0095
8.0323
8.0476
8.0552
8.0552
8.0476
8.0323
8.0095
7.979
7.9409
7.8953
7.8422
7.7816
7.7135
7.638
7.5552
7.465
7.3676
7.263
7.1513
7.0326
6.907
6.7745
6.6353
6.4894
6.337
6.1783
6.0132
5.8421
5.6649
5.482
5.2933
5.0992
4.8997
4.6951
4.4856
4.2713
4.0525
3.8294
3.6021
3.371
3.1363
2.8981
2.6568
2.4127
2.1659
1.9167
1.6654
1.4123
1.1577
0.90173
0.6448
0.38717
0.1291
-0.12874
-0.38531
-0.64177
-0.78294
-0.47006
-0.15707
0.1575
0.47233
0.78665
1.1001
1.4123
1.723
2.0318
2.3383
2.6423
2.9434
3.2413
3.5356
3.8262
4.1125
4.3945
4.6717
4.9439
5.2109
5.4723
5.7279
5.9775
6.2209
6.4577
6.6879
6.9111
7.1272
7.336
7.5373
7.731
7.9169
8.0949
8.2647
8.4263
8.5796
8.7244
8.8607
8.9883
9.1071
9.2171
9.3182
9.4103
9.4933
9.5673
9.6321
9.6878
9.7342
9.7713
9.7992
9.8178
9.8271
9.8271
9.8178
9.7992
9.7713
9.7342
9.6878
9.6321
9.5673
9.4933
9.4103
9.3182
9.2171
9.1071
8.9883
8.8607
8.7244
8.5796
8.4263
8.2647
8.0949
7.9169
7.731
7.5373
7.336
7.1272
6.9111
6.6879
6.4577
6.2209
5.9775
5.7279
5.4723
5.2109
4.9439
4.6717
4.3945
4.1125
3.8262
3.5356
3.2413
2.9434
2.6423
2.3383
2.0318
1.723
1.4123
1.1001
0.78665
0.47233
0.1575
-0.15707
-0.47006
-0.78294
-0.92325
-0.5543
-0.18521
0.18573
0.55698
0.92762
1.2972
1.6654
2.0318
2.3959
2.7574
3.1158
3.4709
3.8222
4.1693
4.5119
4.8496
5.182
5.5089
5.83
6.1447
6.453
6.7545
7.0488
7.3357
7.615
7.8864
8.1496
8.4045
8.6507
8.8881
9.1165
9.3357
9.5456
9.7458
9.9364
10.117
10.288
10.449
10.599
10.739
10.869
10.988
11.097
11.195
11.282
11.358
11.424
11.479
11.522
11.555
11.577
11.588
11.588
11.577
11.555
11.522
11.479
11.424
11.358
11.282
11.195
11.097
10.988
10.869
10.739
10.599
10.449
10.288
10.117
9.9364
9.7458
9.5456
9.3357
9.1165
8.8881
8.6507
8.4045
8.1496
7.8864
7.615
7.3357
7.0488
6.7545
6.453
6.1447
5.83
5.5089
5.182
4.8496
4.5119
4.1693
3.8222
3.4709
3.1158
2.7574
2.3959
2.0318
1.6654
1.2972
0.92762
0.55698
0.18573
-0.18521
-0.5543
-0.92325
-1.0625
-0.63793
-0.21316
0.21375
0.64102
1.0676
1.493
1.9167
2.3383
2.7574
3.1734
3.5859
3.9946
4.3988
4.7983
5.1926
5.5812
5.9639
6.3401
6.7096
7.0718
7.4266
7.7736
8.1123
8.4425
8.764
9.0763
9.3792
9.6725
9.9559
10.229
10.492
10.744
10.986
11.216
11.436
11.644
11.84
12.025
12.198
12.359
12.509
12.646
12.771
12.884
12.984
13.072
13.148
13.211
13.261
13.299
13.324
13.337
13.337
13.324
13.299
13.261
13.211
13.148
13.072
12.984
12.884
12.771
12.646
12.509
12.359
12.198
12.025
11.84
11.644
11.436
11.216
10.986
10.744
10.492
10.229
9.9559
9.6725
9.3792
9.0763
8.764
8.4425
8.1123
7.7736
7.4266
7.0718
6.7096
6.3401
5.9639
5.5812
5.1926
4.7983
4.3988
3.9946
3.5859
3.1734
2.7574
2.3383
1.9167
1.493
1.0676
0.64102
0.21375
-0.21316
-0.63793
-1.0625
-1.2007
-0.72087
-0.24087
0.24154
0.72435
1.2064
1.687
2.1659
2.6423
3.1158
3.5859
4.0521
4.5139
4.9707
5.4221
5.8676
6.3068
6.7392
7.1643
7.5818
7.9912
8.3921
8.7841
9.1669
9.5401
9.9033
10.256
10.599
10.93
11.25
11.559
11.856
12.141
12.414
12.674
12.922
13.157
13.379
13.588
13.784
13.966
14.135
14.29
14.431
14.559
14.672
14.771
14.857
14.928
14.985
15.028
15.056
15.07
15.07
15.056
15.028
14.985
14.928
14.857
14.771
14.672
14.559
14.431
14.29
14.135
13.966
13.784
13.588
13.379
13.157
12.922
12.674
12.414
12.141
11.856
11.559
11.25
10.93
10.599
10.256
9.9033
9.5401
9.1669
8.7841
8.3921
7.9912
7.5818
7.1643
6.7392
6.3068
5.8676
5.4221
4.9707
4.5139
4.0521
3.5859
3.1158
2.6423
2.1659
1.687
1.2064
0.72435
0.24154
-0.24087
-0.72087
-1.2007
-1.3375
-0.80301
-0.26832
0.26906
0.80689
1.3438
1.8793
2.4127
2.9434
3.4709
3.9946
4.5139
5.0282
5.5371
6.04
6.5363
7.0255
7.5071
7.9807
8.4458
8.9018
9.3484
9.7851
10.211
10.627
11.032
11.425
11.806
12.175
12.532
12.876
13.207
13.525
13.829
14.119
14.395
14.657
14.904
15.137
15.355
15.558
15.746
15.918
16.076
16.218
16.344
16.455
16.55
16.629
16.692
16.74
16.772
16.788
16.788
16.772
16.74
16.692
16.629
16.55
16.455
16.344
16.218
16.076
15.918
15.746
15.558
15.355
15.137
14.904
14.657
14.395
14.119
13.829
13.525
13.207
12.876
12.532
12.175
11.806
11.425
11.032
10.627
10.211
9.7851
9.3484
8.9018
8.4458
7.9807
7.5071
7.0255
6.5363
6.04
5.5371
5.0282
4.5139
3.9946
3.4709
2.9434
2.4127
1.8793
1.3438
0.80689
0.26906
-0.26832
-0.80301
-1.3375
-1.4729
-0.88428
-0.29547
0.29629
0.88855
1.4798
2.0695
2.6568
3.2413
3.8222
4.3988
4.9707
5.5371
6.0975
6.6512
7.1978
7.7365
8.2669
8.7884
9.3005
9.8027
10.294
10.775
11.245
11.703
12.148
12.581
13.001
13.408
13.8
14.179
14.544
14.893
15.228
15.548
15.852
16.14
16.412
16.669
16.909
17.132
17.339
17.529
17.703
17.859
17.998
18.12
18.225
18.312
18.382
18.434
18.469
18.487
18.487
18.469
18.434
18.382
18.312
18.225
18.12
17.998
17.859
17.703
17.529
17.339
17.132
16.909
16.669
16.412
16.14
15.852
15.548
15.228
14.893
14.544
14.179
13.8
13.408
13.001
12.581
12.148
11.703
11.245
10.775
10.294
9.8027
9.3005
8.7884
8.2669
7.7365
7.1978
6.6512
6.0975
5.5371
4.9707
4.3988
3.8222
3.2413
2.6568
2.0695
1.4798
0.88855
0.29629
-0.29547
-0.88428
-1.4729
-1.6066
-0.96459
-0.3223
0.3232
0.96925
1.6142
2.2574
2.8981
3.5356
4.1693
4.7983
5.4221
6.04
6.6512
7.2553
7.8514
8.4391
9.0177
9.5865
10.145
10.693
11.229
11.754
12.266
12.765
13.251
13.724
14.182
14.625
15.054
15.467
15.864
16.246
16.611
16.959
17.291
17.606
17.903
18.182
18.444
18.688
18.914
19.121
19.31
19.481
19.632
19.765
19.88
19.975
20.051
20.108
20.147
20.166
20.166
20.147
20.108
20.051
19.975
19.88
19.765
19.632
19.481
19.31
19.121
18.914
18.688
18.444
18.182
17.903
17.606
17.291
16.959
16.611
16.246
15.864
15.467
15.054
14.625
14.182
13.724
13.251
12.765
12.266
11.754
11.229
10.693
10.145
9.5865
9.0177
8.4391
7.8514
7.2553
6.6512
6.04
5.4221
4.7983
4.1693
3.5356
2.8981
2.2574
1.6142
0.96925
0.3232
-0.3223
-0.96459
-1.6066
-1.7386
-1.0438
-0.34879
0.34976
1.0489
1.7469
2.4429
3.1363
3.8262
4.5119
5.1926
5.8676
6.5363
7.1978
7.8514
8.4966
9.1325
9.7586
10.374
10.979
11.572
12.152
12.72
13.274
13.814
14.34
14.851
15.347
15.827
16.291
16.738
17.168
17.581
17.976
18.353
18.712
19.052
19.374
19.676
19.96
20.224
20.468
20.692
20.897
21.081
21.246
21.39
21.513
21.616
21.699
21.761
21.802
21.823
21.823
21.802
21.761
21.699
21.616
21.513
21.39
21.246
21.081
20.897
20.692
20.468
20.224
19.96
19.676
19.374
19.052
18.712
18.353
17.976
17.581
17.168
16.738
16.291
15.827
15.347
14.851
14.34
13.814
13.274
12.72
12.152
11.572
10.979
10.374
9.7586
9.1325
8.4966
7.8514
7.1978
6.5363
5.8676
5.1926
4.5119
3.8262
3.1363
2.4429
1.7469
1.0489
0.34976
-0.34879
-1.0438
-1.7386
-1.8688
-1.122
-0.37489
0.37594
1.1274
1.8776
2.6258
3.371
4.1125
4.8496
5.5812
6.3068
7.0255
7.7365
8.4391
9.1325
9.8161
10.489
11.151
11.801
12.438
13.062
13.672
14.268
14.848
15.414
15.963
16.496
17.012
17.51
17.991
18.453
18.897
19.321
19.727
20.113
20.478
20.824
21.149
21.454
21.737
22
22.241
22.461
22.659
22.836
22.991
23.123
23.234
23.323
23.389
23.434
23.456
23.456
23.434
23.389
23.323
23.234
23.123
22.991
22.836
22.659
22.461
22.241
22
21.737
21.454
21.149
20.824
20.478
20.113
19.727
19.321
18.897
18.453
17.991
17.51
17.012
16.496
15.963
15.414
14.848
14.268
13.672
13.062
12.438
11.801
11.151
10.489
9.8161
9.1325
8.4391
7.7365
7.0255
6.3068
5.5812
4.8496
4.1125
3.371
2.6258
1.8776
1.1274
0.37594
-0.37489
-1.122
-1.8688
-1.9969
-1.1989
-0.40059
0.40171
1.2047
2.0063
2.8058
3.6021
4.3945
5.182
5.9639
6.7392
7.5071
8.2669
9.0177
9.7586
10.489
11.208
11.915
12.61
13.29
13.957
14.609
15.246
15.866
16.47
17.057
17.627
18.178
18.71
19.224
19.718
20.192
20.646
21.079
21.491
21.882
22.252
22.599
22.925
23.228
23.508
23.766
24.001
24.213
24.401
24.567
24.709
24.827
24.922
24.993
25.04
25.064
25.064
25.04
24.993
24.922
24.827
24.709
24.567
24.401
24.213
24.001
23.766
23.508
23.228
22.925
22.599
22.252
21.882
21.491
21.079
20.646
20.192
19.718
19.224
18.71
18.178
17.627
17.057
16.47
15.866
15.246
14.609
13.957
13.29
12.61
11.915
11.208
10.489
9.7586
9.0177
8.2669
7.5071
6.7392
5.9639
5.182
4.3945
3.6021
2.8058
2.0063
1.2047
0.40171
-0.40059
-1.1989
-1.9969
-2.1229
-1.2745
-0.42587
0.42705
1.2807
2.1329
2.9828
3.8294
4.6717
5.5089
6.3401
7.1643
7.9807
8.7884
9.5865
10.374
11.151
11.915
12.667
13.405
14.129
14.838
15.531
16.208
16.867
17.509
18.133
18.739
19.325
19.891
20.437
20.962
21.466
21.948
22.409
22.847
23.263
23.655
24.025
24.371
24.693
24.991
25.265
25.515
25.74
25.941
26.117
26.267
26.393
26.494
26.57
26.62
26.645
26.645
26.62
26.57
26.494
26.393
26.267
26.117
25.941
25.74
25.515
25.265
24.991
24.693
24.371
24.025
23.655
23.263
22.847
22.409
21.948
21.466
20.962
20.437
19.891
19.325
18.739
18.133
17.509
16.867
16.208
15.531
14.838
14.129
13.405
12.667
11.915
11.151
10.374
9.5865
8.7884
7.9807
7.1643
6.3401
5.5089
4.6717
3.8294
2.9828
2.1329
1.2807
0.42705
-0.42587
-1.2745
-2.1229
-2.2466
-1.3488
-0.45068
0.45194
1.3553
2.2572
3.1566
4.0525
4.9439
5.83
6.7096
7.5818
8.4458
9.3005
10.145
10.979
11.801
12.61
13.405
14.186
14.952
15.702
16.436
17.152
17.85
18.53
19.19
19.831
20.451
21.05
21.628
22.183
22.717
23.227
23.715
24.179
24.618
25.034
25.425
25.791
26.132
26.448
26.738
27.002
27.24
27.452
27.638
27.798
27.931
28.038
28.118
28.171
28.198
28.198
28.171
28.118
28.038
27.931
27.798
27.638
27.452
27.24
27.002
26.738
26.448
26.132
25.791
25.425
25.034
24.618
24.179
23.715
23.227
22.717
22.183
21.628
21.05
20.451
19.831
19.19
18.53
17.85
17.152
16.436
15.702
14.952
14.186
13.405
12.61
11.801
10.979
10.145
9.3005
8.4458
7.5818
6.7096
5.83
4.9439
4.0525
3.1566
2.2572
1.3553
0.45194
-0.45068
-1.3488
-2.2466
-2.3679
-1.4216
-0.47502
0.47634
1.4285
2.3791
3.327
4.2713
5.2109
6.1447
7.0718
7.9912
8.9018
9.8027
10.693
11.572
12.438
13.29
14.129
14.952
15.759
16.55
17.323
18.078
18.814
19.53
20.226
20.901
21.555
22.187
22.795
23.381
23.943
24.482
24.995
25.484
25.948
26.386
26.798
27.184
27.543
27.876
28.181
28.46
28.711
28.935
29.131
29.299
29.439
29.552
29.636
29.692
29.721
29.721
29.692
29.636
29.552
29.439
29.299
29.131
28.935
28.711
28.46
28.181
27.876
27.543
27.184
26.798
26.386
25.948
25.484
24.995
24.482
23.943
23.381
22.795
22.187
21.555
20.901
20.226
19.53
18.814
18.078
17.323
16.55
15.759
14.952
14.129
13.29
12.438
11.572
10.693
9.8027
8.9018
7.9912
7.0718
6.1447
5.2109
4.2713
3.327
2.3791
1.4285
0.47634
-0.47502
-1.4216
-2.3679
-2.4867
-1.4929
-0.49885
0.50024
1.5002
2.4984
3.4939
4.4856
5.4723
6.453
7.4266
8.3921
9.3484
10.294
11.229
12.152
13.062
13.957
14.838
15.702
16.55
17.38
18.192
18.985
19.758
20.51
21.241
21.95
22.636
23.3
23.939
24.554
25.145
25.71
26.249
26.763
27.249
27.709
28.142
28.547
28.925
29.274
29.595
29.888
30.151
30.386
30.592
30.769
30.916
31.034
31.123
31.182
31.212
31.212
31.182
31.123
31.034
30.916
30.769
30.592
30.386
30.151
29.888
29.595
29.274
28.925
28.547
28.142
27.709
27.249
26.763
26.249
25.71
25.145
24.554
23.939
23.3
22.636
21.95
21.241
20.51
19.758
18.985
18.192
17.38
16.55
15.702
14.838
13.957
13.062
12.152
11.229
10.294
9.3484
8.3921
7.4266
6.453
5.4723
4.4856
3.4939
2.4984
1.5002
0.50024
-0.49885
-1.4929
-2.4867
-2.6028
-1.5627
-0.52215
0.52361
1.5702
2.6151
3.6572
4.6951
5.7279
6.7545
7.7736
8.7841
9.7851
10.775
11.754
12.72
13.672
14.609
15.531
16.436
17.323
18.192
19.042
19.872
20.681
21.468
22.233
22.975
23.694
24.388
25.057
25.701
26.319
26.911
27.475
28.013
28.522
29.004
29.457
29.881
30.276
30.642
30.978
31.284
31.56
31.806
32.021
32.206
32.361
32.484
32.577
32.639
32.67
32.67
32.639
32.577
32.484
32.361
32.206
32.021
31.806
31.56
31.284
30.978
30.642
30.276
29.881
29.457
29.004
28.522
28.013
27.475
26.911
26.319
25.701
25.057
24.388
23.694
22.975
22.233
21.468
20.681
19.872
19.042
18.192
17.323
16.436
15.531
14.609
13.672
12.72
11.754
10.775
9.7851
8.7841
7.7736
6.7545
5.7279
4.6951
3.6572
2.6151
1.5702
0.52361
-0.52215
-1.5627
-2.6028
-2.7162
-1.6308
-0.5449
0.54642
1.6387
2.7291
3.8165
4.8997
5.9775
7.0488
8.1123
9.1669
10.211
11.245
12.266
13.274
14.268
15.246
16.208
17.152
18.078
18.985
19.872
20.738
21.582
22.404
23.202
23.977
24.726
25.451
26.149
26.821
27.466
28.083
28.673
29.233
29.765
30.268
30.74
31.183
31.595
31.977
32.327
32.647
32.935
33.192
33.417
33.61
33.771
33.9
33.996
34.061
34.093
34.093
34.061
33.996
33.9
33.771
33.61
33.417
33.192
32.935
32.647
32.327
31.977
31.595
31.183
30.74
30.268
29.765
29.233
28.673
28.083
27.466
26.821
26.149
25.451
24.726
23.977
23.202
22.404
21.582
20.738
19.872
18.985
18.078
17.152
16.208
15.246
14.268
13.274
12.266
11.245
10.211
9.1669
8.1123
7.0488
5.9775
4.8997
3.8165
2.7291
1.6387
0.54642
-0.5449
-1.6308
-2.7162
-2.8268
-1.6972
-0.56709
0.56867
1.7054
2.8402
3.9719
5.0992
6.2209
7.3357
8.4425
9.5401
10.627
11.703
12.765
13.814
14.848
15.866
16.867
17.85
18.814
19.758
20.681
21.582
22.461
23.316
24.147
24.953
25.733
26.487
27.214
27.913
28.584
29.227
29.84
30.423
30.977
31.5
31.992
32.452
32.881
33.279
33.643
33.976
34.276
34.543
34.777
34.978
35.145
35.28
35.38
35.448
35.481
35.481
35.448
35.38
35.28
35.145
34.978
34.777
34.543
34.276
33.976
33.643
33.279
32.881
32.452
31.992
31.5
30.977
30.423
29.84
29.227
28.584
27.913
27.214
26.487
25.733
24.953
24.147
23.316
22.461
21.582
20.681
19.758
18.814
17.85
16.867
15.866
14.848
13.814
12.765
11.703
10.627
9.5401
8.4425
7.3357
6.2209
5.0992
3.9719
2.8402
1.7054
0.56867
-0.56709
-1.6972
-2.8268
-2.9344
-1.7618
-0.58868
0.59032
1.7703
2.9483
4.1231
5.2933
6.4577
7.615
8.764
9.9033
11.032
12.148
13.251
14.34
15.414
16.47
17.509
18.53
19.53
20.51
21.468
22.404
23.316
24.203
25.066
25.903
26.713
27.495
28.25
28.976
29.672
30.339
30.976
31.582
32.156
32.699
33.21
33.688
34.133
34.546
34.924
35.27
35.581
35.858
36.101
36.31
36.484
36.623
36.727
36.797
36.832
36.832
36.797
36.727
36.623
36.484
36.31
36.101
35.858
35.581
35.27
34.924
34.546
34.133
33.688
33.21
32.699
32.156
31.582
30.976
30.339
29.672
28.976
28.25
27.495
26.713
25.903
25.066
24.203
23.316
22.404
21.468
20.51
19.53
18.53
17.509
16.47
15.414
14.34
13.251
12.148
11.032
9.9033
8.764
7.615
6.4577
5.2933
4.1231
2.9483
1.7703
0.59032
-0.58868
-1.7618
-2.9344
-3.039
-1.8246
-0.60965
0.61135
1.8334
3.0534
4.27
5.482
6.6879
7.8864
9.0763
10.256
11.425
12.581
13.724
14.851
15.963
17.057
18.133
19.19
20.226
21.241
22.233
23.202
24.147
25.066
25.959
26.826
27.665
28.475
29.257
30.008
30.73
31.421
32.08
32.707
33.302
33.864
34.393
34.888
35.35
35.777
36.169
36.526
36.849
37.136
37.388
37.604
37.784
37.928
38.036
38.108
38.145
38.145
38.108
38.036
37.928
37.784
37.604
37.388
37.136
36.849
36.526
36.169
35.777
35.35
34.888
34.393
33.864
33.302
32.707
32.08
31.421
30.73
30.008
29.257
28.475
27.665
26.826
25.959
25.066
24.147
23.202
22.233
21.241
20.226
19.19
18.133
17.057
15.963
14.851
13.724
12.581
11.425
10.256
9.0763
7.8864
6.6879
5.482
4.27
3.0534
1.8334
0.61135
-0.60965
-1.8246
-3.039
-3.1404
-1.8855
-0.63
0.63176
1.8946
3.1553
4.4126
5.6649
6.9111
8.1496
9.3792
10.599
11.806
13.001
14.182
15.347
16.496
17.627
18.739
19.831
20.901
21.95
22.975
23.977
24.953
25.903
26.826
27.721
28.588
29.425
30.233
31.01
31.756
32.469
33.151
33.799
34.414
34.995
35.541
36.053
36.53
36.971
37.376
37.746
38.079
38.375
38.635
38.859
39.045
39.194
39.306
39.38
39.418
39.418
39.38
39.306
39.194
39.045
38.859
38.635
38.375
38.079
37.746
37.376
36.971
36.53
36.053
35.541
34.995
34.414
33.799
33.151
32.469
31.756
31.01
30.233
29.425
28.588
27.721
26.826
25.903
24.953
23.977
22.975
21.95
20.901
19.831
18.739
17.627
16.496
15.347
14.182
13.001
11.806
10.599
9.3792
8.1496
6.9111
5.6649
4.4126
3.1553
1.8946
0.63176
-0.63
-1.8855
-3.1404
-3.2386
-1.9444
-0.6497
0.65151
1.9538
3.254
4.5505
5.8421
7.1272
8.4045
9.6725
10.93
12.175
13.408
14.625
15.827
17.012
18.178
19.325
20.451
21.555
22.636
23.694
24.726
25.733
26.713
27.665
28.588
29.482
30.346
31.178
31.98
32.749
33.485
34.187
34.856
35.49
36.089
36.653
37.18
37.672
38.127
38.545
38.926
39.27
39.575
39.844
40.074
40.266
40.42
40.535
40.612
40.65
40.65
40.612
40.535
40.42
40.266
40.074
39.844
39.575
39.27
38.926
38.545
38.127
37.672
37.18
36.653
36.089
35.49
34.856
34.187
33.485
32.749
31.98
31.178
30.346
29.482
28.588
27.665
26.713
25.733
24.726
23.694
22.636
21.555
20.451
19.325
18.178
17.012
15.827
14.625
13.408
12.175
10.93
9.6725
8.4045
7.1272
5.8421
4.5505
3.254
1.9538
0.65151
-0.6497
-1.9444
-3.2386
-3.3335
-2.0014
-0.66874
0.6706
2.0111
3.3493
4.6839
6.0132
7.336
8.6507
9.9559
11.25
12.532
13.8
15.054
16.291
17.51
18.71
19.891
21.05
22.187
23.3
24.388
25.451
26.487
27.495
28.475
29.425
30.346
31.235
32.092
32.917
33.708
34.466
35.189
35.877
36.53
37.146
37.726
38.27
38.776
39.244
39.674
40.066
40.42
40.735
41.011
41.248
41.445
41.604
41.723
41.802
41.841
41.841
41.802
41.723
41.604
41.445
41.248
41.011
40.735
40.42
40.066
39.674
39.244
38.776
38.27
37.726
37.146
36.53
35.877
35.189
34.466
33.708
32.917
32.092
31.235
30.346
29.425
28.475
27.495
26.487
25.451
24.388
23.3
22.187
21.05
19.891
18.71
17.51
16.291
15.054
13.8
12.532
11.25
9.9559
8.6507
7.336
6.0132
4.6839
3.3493
2.0111
0.6706
-0.66874
-2.0014
-3.3335
-3.425
-2.0563
-0.68709
0.68901
2.0663
3.4412
4.8124
6.1783
7.5373
8.8881
10.229
11.559
12.876
14.179
15.467
16.738
17.991
19.224
20.437
21.628
22.795
23.939
25.057
26.149
27.214
28.25
29.257
30.233
31.178
32.092
32.973
33.82
34.633
35.412
36.155
36.862
37.532
38.166
38.762
39.32
39.84
40.321
40.763
41.166
41.529
41.853
42.137
42.38
42.583
42.746
42.868
42.949
42.99
42.99
42.949
42.868
42.746
42.583
42.38
42.137
41.853
41.529
41.166
40.763
40.321
39.84
39.32
38.762
38.166
37.532
36.862
36.155
35.412
34.633
33.82
32.973
32.092
31.178
30.233
29.257
28.25
27.214
26.149
25.057
23.939
22.795
21.628
20.437
19.224
17.991
16.738
15.467
14.179
12.876
11.559
10.229
8.8881
7.5373
6.1783
4.8124
3.4412
2.0663
0.68901
-0.68709
-2.0563
-3.425
-3.513
-2.1092
-0.70475
0.70671
2.1194
3.5297
4.9361
6.337
7.731
9.1165
10.492
11.856
13.207
14.544
15.864
17.168
18.453
19.718
20.962
22.183
23.381
24.554
25.701
26.821
27.913
28.976
30.008
31.01
31.98
32.917
33.82
34.689
35.523
36.322
37.084
37.809
38.497
39.147
39.758
40.33
40.864
41.357
41.811
42.224
42.597
42.929
43.219
43.469
43.677
43.844
43.969
44.053
44.094
44.094
44.053
43.969
43.844
43.677
43.469
43.219
42.929
42.597
42.224
41.811
41.357
40.864
40.33
39.758
39.147
38.497
37.809
37.084
36.322
35.523
34.689
33.82
32.917
31.98
31.01
30.008
28.976
27.913
26.821
25.701
24.554
23.381
22.183
20.962
19.718
18.453
17.168
15.864
14.544
13.207
11.856
10.492
9.1165
7.731
6.337
4.9361
3.5297
2.1194
0.70671
-0.70475
-2.1092
-3.513
-3.5975
-2.1599
-0.72169
0.72371
2.1703
3.6145
5.0548
6.4894
7.9169
9.3357
10.744
12.141
13.525
14.893
16.246
17.581
18.897
20.192
21.466
22.717
23.943
25.145
26.319
27.466
28.584
29.672
30.73
31.756
32.749
33.708
34.633
35.523
36.377
37.195
37.975
38.718
39.422
40.088
40.714
41.3
41.846
42.352
42.816
43.239
43.621
43.961
44.259
44.514
44.727
44.898
45.026
45.112
45.155
45.155
45.112
45.026
44.898
44.727
44.514
44.259
43.961
43.621
43.239
42.816
42.352
41.846
41.3
40.714
40.088
39.422
38.718
37.975
37.195
36.377
35.523
34.633
33.708
32.749
31.756
30.73
29.672
28.584
27.466
26.319
25.145
23.943
22.717
21.466
20.192
18.897
17.581
16.246
14.893
13.525
12.141
10.744
9.3357
7.9169
6.4894
5.0548
3.6145
2.1703
0.72371
-0.72169
-2.1599
-3.5975
-3.6784
-2.2084
-0.73791
0.73997
2.2191
3.6958
5.1684
6.6353
8.0949
9.5456
10.986
12.414
13.829
15.228
16.611
17.976
19.321
20.646
21.948
23.227
24.482
25.71
26.911
28.083
29.227
30.339
31.421
32.469
33.485
34.466
35.412
36.322
37.195
38.031
38.829
39.588
40.308
40.989
41.629
42.228
42.787
43.303
43.778
44.211
44.601
44.949
45.253
45.515
45.733
45.907
46.038
46.126
46.17
46.17
46.126
46.038
45.907
45.733
45.515
45.253
44.949
44.601
44.211
43.778
43.303
42.787
42.228
41.629
40.989
40.308
39.588
38.829
38.031
37.195
36.322
35.412
34.466
33.485
32.469
31.421
30.339
29.227
28.083
26.911
25.71
24.482
23.227
21.948
20.646
19.321
17.976
16.611
15.228
13.829
12.414
10.986
9.5456
8.0949
6.6353
5.1684
3.6958
2.2191
0.73997
-0.73791
-2.2084
-3.6784
-3.7555
-2.2548
-0.7534
0.7555
2.2657
3.7733
5.2768
6.7745
8.2647
9.7458
11.216
12.674
14.119
15.548
16.959
18.353
19.727
21.079
22.409
23.715
24.995
26.249
27.475
28.673
29.84
30.976
32.08
33.151
34.187
35.189
36.155
37.084
37.975
38.829
39.644
40.419
41.154
41.849
42.502
43.114
43.684
44.212
44.697
45.139
45.537
45.892
46.203
46.47
46.692
46.871
47.004
47.094
47.138
47.138
47.094
47.004
46.871
46.692
46.47
46.203
45.892
45.537
45.139
44.697
44.212
43.684
43.114
42.502
41.849
41.154
40.419
39.644
38.829
37.975
37.084
36.155
35.189
34.187
33.151
32.08
30.976
29.84
28.673
27.475
26.249
24.995
23.715
22.409
21.079
19.727
18.353
16.959
15.548
14.119
12.674
11.216
9.7458
8.2647
6.7745
5.2768
3.7733
2.2657
0.7555
-0.7534
-2.2548
-3.7555
-3.829
-2.2989
-0.76813
0.77027
2.31
3.8471
5.38
6.907
8.4263
9.9364
11.436
12.922
14.395
15.852
17.291
18.712
20.113
21.491
22.847
24.179
25.484
26.763
28.013
29.233
30.423
31.582
32.707
33.799
34.856
35.877
36.862
37.809
38.718
39.588
40.419
41.209
41.959
42.667
43.334
43.958
44.539
45.077
45.571
46.021
46.428
46.789
47.106
47.379
47.606
47.787
47.924
48.015
48.06
48.06
48.015
47.924
47.787
47.606
47.379
47.106
46.789
46.428
46.021
45.571
45.077
44.539
43.958
43.334
42.667
41.959
41.209
40.419
39.588
38.718
37.809
36.862
35.877
34.856
33.799
32.707
31.582
30.423
29.233
28.013
26.763
25.484
24.179
22.847
21.491
20.113
18.712
17.291
15.852
14.395
12.922
11.436
9.9364
8.4263
6.907
5.38
3.8471
2.31
0.77027
-0.76813
-2.2989
-3.829
-3.8986
-2.3407
-0.7821
0.78428
2.352
3.9171
5.4779
7.0326
8.5796
10.117
11.644
13.157
14.657
16.14
17.606
19.052
20.478
21.882
23.263
24.618
25.948
27.249
28.522
29.765
30.977
32.156
33.302
34.414
35.49
36.53
37.532
38.497
39.422
40.308
41.154
41.959
42.722
43.443
44.122
44.757
45.349
45.897
46.4
46.859
47.272
47.641
47.963
48.24
48.471
48.657
48.795
48.888
48.934
48.934
48.888
48.795
48.657
48.471
48.24
47.963
47.641
47.272
46.859
46.4
45.897
45.349
44.757
44.122
43.443
42.722
41.959
41.154
40.308
39.422
38.497
37.532
36.53
35.49
34.414
33.302
32.156
30.977
29.765
28.522
27.249
25.948
24.618
23.263
21.882
20.478
19.052
17.606
16.14
14.657
13.157
11.644
10.117
8.5796
7.0326
5.4779
3.9171
2.352
0.78428
-0.7821
-2.3407
-3.8986
-3.9644
-2.3802
-0.7953
0.79752
2.3917
3.9832
5.5703
7.1513
8.7244
10.288
11.84
13.379
14.904
16.412
17.903
19.374
20.824
22.252
23.655
25.034
26.386
27.709
29.004
30.268
31.5
32.699
33.864
34.995
36.089
37.146
38.166
39.147
40.088
40.989
41.849
42.667
43.443
44.177
44.867
45.513
46.114
46.671
47.183
47.65
48.07
48.445
48.773
49.055
49.29
49.478
49.619
49.713
49.76
49.76
49.713
49.619
49.478
49.29
49.055
48.773
48.445
48.07
47.65
47.183
46.671
46.114
45.513
44.867
44.177
43.443
42.667
41.849
40.989
40.088
39.147
38.166
37.146
36.089
34.995
33.864
32.699
31.5
30.268
29.004
27.709
26.386
25.034
23.655
22.252
20.824
19.374
17.903
16.412
14.904
13.379
11.84
10.288
8.7244
7.1513
5.5703
3.9832
2.3917
0.79752
-0.7953
-2.3802
-3.9644
-4.0264
-2.4173
-0.80773
0.80998
2.429
4.0454
5.6573
7.263
8.8607
10.449
12.025
13.588
15.137
16.669
18.182
19.676
21.149
22.599
24.025
25.425
26.798
28.142
29.457
30.74
31.992
33.21
34.393
35.541
36.653
37.726
38.762
39.758
40.714
41.629
42.502
43.334
44.122
44.867
45.567
46.223
46.835
47.4
47.92
48.394
48.821
49.201
49.535
49.821
50.059
50.251
50.394
50.49
50.538
50.538
50.49
50.394
50.251
50.059
49.821
49.535
49.201
48.821
48.394
47.92
47.4
46.835
46.223
45.567
44.867
44.122
43.334
42.502
41.629
40.714
39.758
38.762
37.726
36.653
35.541
34.393
33.21
31.992
30.74
29.457
28.142
26.798
25.425
24.025
22.599
21.149
19.676
18.182
16.669
15.137
13.588
12.025
10.449
8.8607
7.263
5.6573
4.0454
2.429
0.80998
-0.80773
-2.4173
-4.0264
-4.0843
-2.4522
-0.81936
0.82164
2.464
4.1037
5.7388
7.3676
8.9883
10.599
12.198
13.784
15.355
16.909
18.444
19.96
21.454
22.925
24.371
25.791
27.184
28.547
29.881
31.183
32.452
33.688
34.888
36.053
37.18
38.27
39.32
40.33
41.3
42.228
43.114
43.958
44.757
45.513
46.223
46.889
47.509
48.083
48.61
49.091
49.524
49.91
50.248
50.538
50.78
50.974
51.12
51.217
51.265
51.265
51.217
51.12
50.974
50.78
50.538
50.248
49.91
49.524
49.091
48.61
48.083
47.509
46.889
46.223
45.513
44.757
43.958
43.114
42.228
41.3
40.33
39.32
38.27
37.18
36.053
34.888
33.688
32.452
31.183
29.881
28.547
27.184
25.791
24.371
22.925
21.454
19.96
18.444
16.909
15.355
13.784
12.198
10.599
8.9883
7.3676
5.7388
4.1037
2.464
0.82164
-0.81936
-2.4522
-4.0843
-4.1383
-2.4846
-0.83019
0.8325
2.4966
4.1579
5.8147
7.465
9.1071
10.739
12.359
13.966
15.558
17.132
18.688
20.224
21.737
23.228
24.693
26.132
27.543
28.925
30.276
31.595
32.881
34.133
35.35
36.53
37.672
38.776
39.84
40.864
41.846
42.787
43.684
44.539
45.349
46.114
46.835
47.509
48.137
48.718
49.253
49.74
50.179
50.57
50.912
51.206
51.452
51.648
51.796
51.894
51.943
51.943
51.894
51.796
51.648
51.452
51.206
50.912
50.57
50.179
49.74
49.253
48.718
48.137
47.509
46.835
46.114
45.349
44.539
43.684
42.787
41.846
40.864
39.84
38.776
37.672
36.53
35.35
34.133
32.881
31.595
30.276
28.925
27.543
26.132
24.693
23.228
21.737
20.224
18.688
17.132
15.558
13.966
12.359
10.739
9.1071
7.465
5.8147
4.1579
2.4966
0.8325
-0.83019
-2.4846
-4.1383
-4.1883
-2.5146
-0.84021
0.84256
2.5267
4.2081
5.8849
7.5552
9.2171
10.869
12.509
14.135
15.746
17.339
18.914
20.468
22
23.508
24.991
26.448
27.876
29.274
30.642
31.977
33.279
34.546
35.777
36.971
38.127
39.244
40.321
41.357
42.352
43.303
44.212
45.077
45.897
46.671
47.4
48.083
48.718
49.307
49.848
50.34
50.785
51.18
51.527
51.825
52.073
52.272
52.421
52.521
52.57
52.57
52.521
52.421
52.272
52.073
51.825
51.527
51.18
50.785
50.34
49.848
49.307
48.718
48.083
47.4
46.671
45.897
45.077
44.212
43.303
42.352
41.357
40.321
39.244
38.127
36.971
35.777
34.546
33.279
31.977
30.642
29.274
27.876
26.448
24.991
23.508
22
20.468
18.914
17.339
15.746
14.135
12.509
10.869
9.2171
7.5552
5.8849
4.2081
2.5267
0.84256
-0.84021
-2.5146
-4.1883
-4.2342
-2.5422
-0.84943
0.8518
2.5545
4.2543
5.9494
7.638
9.3182
10.988
12.646
14.29
15.918
17.529
19.121
20.692
22.241
23.766
25.265
26.738
28.181
29.595
30.978
32.327
33.643
34.924
36.169
37.376
38.545
39.674
40.763
41.811
42.816
43.778
44.697
45.571
46.4
47.183
47.92
48.61
49.253
49.848
50.394
50.892
51.342
51.742
52.092
52.393
52.644
52.845
52.996
53.097
53.147
53.147
53.097
52.996
52.845
52.644
52.393
52.092
51.742
51.342
50.892
50.394
49.848
49.253
48.61
47.92
47.183
46.4
45.571
44.697
43.778
42.816
41.811
40.763
39.674
38.545
37.376
36.169
34.924
33.643
32.327
30.978
29.595
28.181
26.738
25.265
23.766
22.241
20.692
19.121
17.529
15.918
14.29
12.646
10.988
9.3182
7.638
5.9494
4.2543
2.5545
0.8518
-0.84943
-2.5422
-4.2342
-4.2761
-2.5673
-0.85782
0.86022
2.5797
4.2963
6.0082
7.7135
9.4103
11.097
12.771
14.431
16.076
17.703
19.31
20.897
22.461
24.001
25.515
27.002
28.46
29.888
31.284
32.647
33.976
35.27
36.526
37.746
38.926
40.066
41.166
42.224
43.239
44.211
45.139
46.021
46.859
47.65
48.394
49.091
49.74
50.34
50.892
51.395
51.849
52.253
52.607
52.911
53.164
53.367
53.52
53.621
53.672
53.672
53.621
53.52
53.367
53.164
52.911
52.607
52.253
51.849
51.395
50.892
50.34
49.74
49.091
48.394
47.65
46.859
46.021
45.139
44.211
43.239
42.224
41.166
40.066
38.926
37.746
36.526
35.27
33.976
32.647
31.284
29.888
28.46
27.002
25.515
24.001
22.461
20.897
19.31
17.703
16.076
14.431
12.771
11.097
9.4103
7.7135
6.0082
4.2963
2.5797
0.86022
-0.85782
-2.5673
-4.2761
-4.3138
-2.5899
-0.8654
0.86781
2.6025
4.3343
6.0613
7.7816
9.4933
11.195
12.884
14.559
16.218
17.859
19.481
21.081
22.659
24.213
25.74
27.24
28.711
30.151
31.56
32.935
34.276
35.581
36.849
38.079
39.27
40.42
41.529
42.597
43.621
44.601
45.537
46.428
47.272
48.07
48.821
49.524
50.179
50.785
51.342
51.849
52.307
52.714
53.071
53.378
53.634
53.839
53.992
54.095
54.146
54.146
54.095
53.992
53.839
53.634
53.378
53.071
52.714
52.307
51.849
51.342
50.785
50.179
49.524
48.821
48.07
47.272
46.428
45.537
44.601
43.621
42.597
41.529
40.42
39.27
38.079
36.849
35.581
34.276
32.935
31.56
30.151
28.711
27.24
25.74
24.213
22.659
21.081
19.481
17.859
16.218
14.559
12.884
11.195
9.4933
7.7816
6.0613
4.3343
2.6025
0.86781
-0.8654
-2.5899
-4.3138
-4.3474
-2.6101
-0.87214
0.87457
2.6227
4.368
6.1085
7.8422
9.5673
11.282
12.984
14.672
16.344
17.998
19.632
21.246
22.836
24.401
25.941
27.452
28.935
30.386
31.806
33.192
34.543
35.858
37.136
38.375
39.575
40.735
41.853
42.929
43.961
44.949
45.892
46.789
47.641
48.445
49.201
49.91
50.57
51.18
51.742
52.253
52.714
53.125
53.485
53.794
54.052
54.258
54.413
54.516
54.568
54.568
54.516
54.413
54.258
54.052
53.794
53.485
53.125
52.714
52.253
51.742
51.18
50.57
49.91
49.201
48.445
47.641
46.789
45.892
44.949
43.961
42.929
41.853
40.735
39.575
38.375
37.136
35.858
34.543
33.192
31.806
30.386
28.935
27.452
25.941
24.401
22.836
21.246
19.632
17.998
16.344
14.672
12.984
11.282
9.5673
7.8422
6.1085
4.368
2.6227
0.87457
-0.87214
-2.6101
-4.3474
-4.3769
-2.6278
-0.87805
0.8805
2.6405
4.3976
6.1499
7.8953
9.6321
11.358
13.072
14.771
16.455
18.12
19.765
21.39
22.991
24.567
26.117
27.638
29.131
30.592
32.021
33.417
34.777
36.101
37.388
38.635
39.844
41.011
42.137
43.219
44.259
45.253
46.203
47.106
47.963
48.773
49.535
50.248
50.912
51.527
52.092
52.607
53.071
53.485
53.847
54.158
54.418
54.626
54.782
54.886
54.938
54.938
54.886
54.782
54.626
54.418
54.158
53.847
53.485
53.071
52.607
52.092
51.527
50.912
50.248
49.535
48.773
47.963
47.106
46.203
45.253
44.259
43.219
42.137
41.011
39.844
38.635
37.388
36.101
34.777
33.417
32.021
30.592
29.131
27.638
26.117
24.567
22.991
21.39
19.765
18.12
16.455
14.771
13.072
11.358
9.6321
7.8953
6.1499
4.3976
2.6405
0.8805
-0.87805
-2.6278
-4.3769
-4.4022
-2.643
-0.88312
0.88558
2.6558
4.423
6.1854
7.9409
9.6878
11.424
13.148
14.857
16.55
18.225
19.88
21.513
23.123
24.709
26.267
27.798
29.299
30.769
32.206
33.61
34.978
36.31
37.604
38.859
40.074
41.248
42.38
43.469
44.514
45.515
46.47
47.379
48.24
49.055
49.821
50.538
51.206
51.825
52.393
52.911
53.378
53.794
54.158
54.471
54.732
54.941
55.098
55.203
55.255
55.255
55.203
55.098
54.941
54.732
54.471
54.158
53.794
53.378
52.911
52.393
51.825
51.206
50.538
49.821
49.055
48.24
47.379
46.47
45.515
44.514
43.469
42.38
41.248
40.074
38.859
37.604
36.31
34.978
33.61
32.206
30.769
29.299
27.798
26.267
24.709
23.123
21.513
19.88
18.225
16.55
14.857
13.148
11.424
9.6878
7.9409
6.1854
4.423
2.6558
0.88558
-0.88312
-2.643
-4.4022
-4.4233
-2.6557
-0.88735
0.88982
2.6685
4.4442
6.215
7.979
9.7342
11.479
13.211
14.928
16.629
18.312
19.975
21.616
23.234
24.827
26.393
27.931
29.439
30.916
32.361
33.771
35.145
36.484
37.784
39.045
40.266
41.445
42.583
43.677
44.727
45.733
46.692
47.606
48.471
49.29
50.059
50.78
51.452
52.073
52.644
53.164
53.634
54.052
54.418
54.732
54.994
55.204
55.362
55.467
55.52
55.52
55.467
55.362
55.204
54.994
54.732
54.418
54.052
53.634
53.164
52.644
52.073
51.452
50.78
50.059
49.29
48.471
47.606
46.692
45.733
44.727
43.677
42.583
41.445
40.266
39.045
37.784
36.484
35.145
33.771
32.361
30.916
29.439
27.931
26.393
24.827
23.234
21.616
19.975
18.312
16.629
14.928
13.211
11.479
9.7342
7.979
6.215
4.4442
2.6685
0.88982
-0.88735
-2.6557
-4.4233
-4.4402
-2.6658
-0.89074
0.89322
2.6787
4.4612
6.2388
8.0095
9.7713
11.522
13.261
14.985
16.692
18.382
20.051
21.699
23.323
24.922
26.494
28.038
29.552
31.034
32.484
33.9
35.28
36.623
37.928
39.194
40.42
41.604
42.746
43.844
44.898
45.907
46.871
47.787
48.657
49.478
50.251
50.974
51.648
52.272
52.845
53.367
53.839
54.258
54.626
54.941
55.204
55.415
55.573
55.679
55.732
55.732
55.679
55.573
55.415
55.204
54.941
54.626
54.258
53.839
53.367
52.845
52.272
51.648
50.974
50.251
49.478
48.657
47.787
46.871
45.907
44.898
43.844
42.746
41.604
40.42
39.194
37.928
36.623
35.28
33.9
32.484
31.034
29.552
28.038
26.494
24.922
23.323
21.699
20.051
18.382
16.692
14.985
13.261
11.522
9.7713
8.0095
6.2388
4.4612
2.6787
0.89322
-0.89074
-2.6658
-4.4402
-4.4528
-2.6734
-0.89328
0.89577
2.6863
4.4739
6.2566
8.0323
9.7992
11.555
13.299
15.028
16.74
18.434
20.108
21.761
23.389
24.993
26.57
28.118
29.636
31.123
32.577
33.996
35.38
36.727
38.036
39.306
40.535
41.723
42.868
43.969
45.026
46.038
47.004
47.924
48.795
49.619
50.394
51.12
51.796
52.421
52.996
53.52
53.992
54.413
54.782
55.098
55.362
55.573
55.732
55.838
55.891
55.891
55.838
55.732
55.573
55.362
55.098
54.782
54.413
53.992
53.52
52.996
52.421
51.796
51.12
50.394
49.619
48.795
47.924
47.004
46.038
45.026
43.969
42.868
41.723
40.535
39.306
38.036
36.727
35.38
33.996
32.577
31.123
29.636
28.118
26.57
24.993
23.389
21.761
20.108
18.434
16.74
15.028
13.299
11.555
9.7992
8.0323
6.2566
4.4739
2.6863
0.89577
-0.89328
-2.6734
-4.4528
-4.4613
-2.6785
-0.89498
0.89747
2.6914
4.4824
6.2684
8.0476
9.8178
11.577
13.324
15.056
16.772
18.469
20.147
21.802
23.434
25.04
26.62
28.171
29.692
31.182
32.639
34.061
35.448
36.797
38.108
39.38
40.612
41.802
42.949
44.053
45.112
46.126
47.094
48.015
48.888
49.713
50.49
51.217
51.894
52.521
53.097
53.621
54.095
54.516
54.886
55.203
55.467
55.679
55.838
55.944
55.997
55.997
55.944
55.838
55.679
55.467
55.203
54.886
54.516
54.095
53.621
53.097
52.521
51.894
51.217
50.49
49.713
48.888
48.015
47.094
46.126
45.112
44.053
42.949
41.802
40.612
39.38
38.108
36.797
35.448
34.061
32.639
31.182
29.692
28.171
26.62
25.04
23.434
21.802
20.147
18.469
16.772
15.056
13.324
11.577
9.8178
8.0476
6.2684
4.4824
2.6914
0.89747
-0.89498
-2.6785
-4.4613
-4.4655
-2.681
-0.89583
0.89832
2.694
4.4867
6.2744
8.0552
9.8271
11.588
13.337
15.07
16.788
18.487
20.166
21.823
23.456
25.064
26.645
28.198
29.721
31.212
32.67
34.093
35.481
36.832
38.145
39.418
40.65
41.841
42.99
44.094
45.155
46.17
47.138
48.06
48.934
49.76
50.538
51.265
51.943
52.57
53.147
53.672
54.146
54.568
54.938
55.255
55.52
55.732
55.891
55.997
56.05
56.05
55.997
55.891
55.732
55.52
55.255
54.938
54.568
54.146
53.672
53.147
52.57
51.943
51.265
50.538
49.76
48.934
48.06
47.138
46.17
45.155
44.094
42.99
41.841
40.65
39.418
38.145
36.832
35.481
34.093
32.67
31.212
29.721
28.198
26.645
25.064
23.456
21.823
20.166
18.487
16.788
15.07
13.337
11.588
9.8271
8.0552
6.2744
4.4867
2.694
0.89832
-0.89583
-2.681
-4.4655
-4.4655
-2.681
-0.89583
0.89832
2.694
4.4867
6.2744
8.0552
9.8271
11.588
13.337
15.07
16.788
18.487
20.166
21.823
23.456
25.064
26.645
28.198
29.721
31.212
32.67
34.093
35.481
36.832
38.145
39.418
40.65
41.841
42.99
44.094
45.155
46.17
47.138
48.06
48.934
49.76
50.538
51.265
51.943
52.57
53.147
53.672
54.146
54.568
54.938
55.255
55.52
55.732
55.891
55.997
56.05
56.05
55.997
55.891
55.732
55.52
55.255
54.938
54.568
54.146
53.672
53.147
52.57
51.943
51.265
50.538
49.76
48.934
48.06
47.138
46.17
45.155
44.094
42.99
41.841
40.65
39.418
38.145
36.832
35.481
34.093
32.67
31.212
29.721
28.198
26.645
25.064
23.456
21.823
20.166
18.487
16.788
15.07
13.337
11.588
9.8271
8.0552
6.2744
4.4867
2.694
0.89832
-0.89583
-2.681
-4.4655
-4.4613
-2.6785
-0.89498
0.89747
2.6914
4.4824
6.2684
8.0476
9.8178
11.577
13.324
15.056
16.772
18.469
20.147
21.802
23.434
25.04
26.62
28.171
29.692
31.182
32.639
34.061
35.448
36.797
38.108
39.38
40.612
41.802
42.949
44.053
45.112
46.126
47.094
48.015
48.888
49.713
50.49
51.217
51.894
52.521
53.097
53.621
54.095
54.516
54.886
55.203
55.467
55.679
55.838
55.944
55.997
55.997
55.944
55.838
55.679
55.467
55.203
54.886
54.516
54.095
53.621
53.097
52.521
51.894
51.217
50.49
49.713
48.888
48.015
47.094
46.126
45.112
44.053
42.949
41.802
40.612
39.38
38.108
36.797
35.448
34.061
32.639
31.182
29.692
28.171
26.62
25.04
23.434
21.802
20.147
18.469
16.772
15.056
13.324
11.577
9.8178
8.0476
6.2684
4.4824
2.6914
0.89747
-0.89498
-2.6785
-4.4613
-4.4528
-2.6734
-0.89328
0.89577
2.6863
4.4739
6.2566
8.0323
9.7992
11.555
13.299
15.028
16.74
18.434
20.108
21.761
23.389
24.993
26.57
28.118
29.636
31.123
32.577
33.996
35.38
36.727
38.036
39.306
40.535
41.723
42.868
43.969
45.026
46.038
47.004
47.924
48.795
49.619
50.394
51.12
51.796
52.421
52.996
53.52
53.992
54.413
54.782
55.098
55.362
55.573
55.732
55.838
55.891
55.891
55.838
55.732
55.573
55.362
55.098
54.782
54.413
53.992
53.52
52.996
52.421
51.796
51.12
50.394
49.619
48.795
47.924
47.004
46.038
45.026
43.969
42.868
41.723
40.535
39.306
38.036
36.727
35.38
33.996
32.577
31.123
29.636
28.118
26.57
24.993
23.389
21.761
20.108
18.434
16.74
15.028
13.299
11.555
9.7992
8.0323
6.2566
4.4739
2.6863
0.89577
-0.89328
-2.6734
-4.4528
-4.4402
-2.6658
-0.89074
0.89322
2.6787
4.4612
6.2388
8.0095
9.7713
11.522
13.261
14.985
16.692
18.382
20.051
21.699
23.323
24.922
26.494
28.038
29.552
31.034
32.484
33.9
35.28
36.623
37.928
39.194
40.42
41.604
42.746
43.844
44.898
45.907
46.871
47.787
48.657
49.478
50.251
50.974
51.648
52.272
52.845
53.367
53.839
54.258
54.626
54.941
55.204
55.415
55.573
55.679
55.732
55.732
55.679
55.573
55.415
55.204
54.941
54.626
54.258
53.839
53.367
52.845
52.272
51.648
50.974
50.251
49.478
48.657
47.787
46.871
45.907
44.898
43.844
42.746
41.604
40.42
39.194
37.928
36.623
35.28
33.9
32.484
31.034
29.552
28.038
26.494
24.922
23.323
21.699
20.051
18.382
16.692
14.985
13.261
11.522
9.7713
8.0095
6.2388
4.4612
2.6787
0.89322
-0.89074
-2.6658
-4.4402
-4.4233
-2.6557
-0.88735
0.88982
2.6685
4.4442
6.215
7.979
9.7342
11.479
13.211
14.928
16.629
18.312
19.975
21.616
23.234
24.827
26.393
27.931
29.439
30.916
32.361
33.771
35.145
36.484
37.784
39.045
40.266
41.445
42.583
43.677
44.727
45.733
46.692
47.606
48.471
49.29
50.059
50.78
51.452
52.073
52.644
53.164
53.634
54.052
54.418
54.732
54.994
55.204
55.362
55.467
55.52
55.52
55.467
55.362
55.204
54.994
54.732
54.418
54.052
53.634
53.164
52.644
52.073
51.452
50.78
50.059
49.29
48.471
47.606
46.692
45.733
44.727
43.677
42.583
41.445
40.266
39.045
37.784
36.484
35.145
33.771
32.361
30.916
29.439
27.931
26.393
24.827
23.234
21.616
19.975
18.312
16.629
14.928
13.211
11.479
9.7342
7.979
6.215
4.4442
2.6685
0.88982
-0.88735
-2.6557
-4.4233
-4.4022
-2.643
-0.88312
0.88558
2.6558
4.423
6.1854
7.9409
9.6878
11.424
13.148
14.857
16.55
18.225
19.88
21.513
23.123
24.709
26.267
27.798
29.299
30.769
32.206
33.61
34.978
36.31
37.604
38.859
40.074
41.248
42.38
43.469
44.514
45.515
46.47
47.379
48.24
49.055
49.821
50.538
51.206
51.825
52.393
52.911
53.378
53.794
54.158
54.471
54.732
54.941
55.098
55.203
55.255
55.255
55.203
55.098
54.941
54.732
54.471
54.158
53.794
53.378
52.911
52.393
51.825
51.206
50.538
49.821
49.055
48.24
47.379
46.47
45.515
44.514
43.469
42.38
41.248
40.074
38.859
37.604
36.31
34.978
33.61
32.206
30.769
29.299
27.798
26.267
24.709
23.123
21.513
19.88
18.225
16.55
14.857
13.148
11.424
9.6878
7.9409
6.1854
4.423
2.6558
0.88558
-0.88312
-2.643
-4.4022
-4.3769
-2.6278
-0.87805
0.8805
2.6405
4.3976
6.1499
7.8953
9.6321
11.358
13.072
14.771
16.455
18.12
19.765
21.39
22.991
24.567
26.117
27.638
29.131
30.592
32.021
33.417
34.777
36.101
37.388
38.635
39.844
41.011
42.137
43.219
44.259
45.253
46.203
47.106
47.963
48.773
49.535
50.248
50.912
51.527
52.092
52.607
53.071
53.485
53.847
54.158
54.418
54.626
54.782
54.886
54.938
54.938
54.886
54.782
54.626
54.418
54.158
53.847
53.485
53.071
52.607
52.092
51.527
50.912
50.248
49.535
48.773
47.963
47.106
46.203
45.253
44.259
43.219
42.137
41.011
39.844
38.635
37.388
36.101
34.777
33.417
32.021
30.592
29.131
27.638
26.117
24.567
22.991
21.39
19.765
18.12
16.455
14.771
13.072
11.358
9.6321
7.8953
6.1499
4.3976
2.6405
0.8805
-0.87805
-2.6278
-4.3769
-4.3474
-2.6101
-0.87214
0.87457
2.6227
4.368
6.1085
7.8422
9.5673
11.282
12.984
14.672
16.344
17.998
19.632
21.246
22.836
24.401
25.941
27.452
28.935
30.386
31.806
33.192
34.543
35.858
37.136
38.375
39.575
40.735
41.853
42.929
43.961
44.949
45.892
46.789
47.641
48.445
49.201
49.91
50.57
51.18
51.742
52.253
52.714
53.125
53.485
53.794
54.052
54.258
54.413
54.516
54.568
54.568
54.516
54.413
54.258
54.052
53.794
53.485
53.125
52.714
52.253
51.742
51.18
50.57
49.91
49.201
48.445
47.641
46.789
45.892
44.949
43.961
42.929
41.853
40.735
39.575
38.375
37.136
35.858
34.543
33.192
31.806
30.386
28.935
27.452
25.941
24.401
22.836
21.246
19.632
17.998
16.344
14.672
12.984
11.282
9.5673
7.8422
6.1085
4.368
2.6227
0.87457
-0.87214
-2.6101
-4.3474
-4.3138
-2.5899
-0.8654
0.86781
2.6025
4.3343
6.0613
7.7816
9.4933
11.195
12.884
14.559
16.218
17.859
19.481
21.081
22.659
24.213
25.74
27.24
28.711
30.151
31.56
32.935
34.276
35.581
36.849
38.079
39.27
40.42
41.529
42.597
43.621
44.601
45.537
46.428
47.272
48.07
48.821
49.524
50.179
50.785
51.342
51.849
52.307
52.714
53.071
53.378
53.634
53.839
53.992
54.095
54.146
54.146
54.095
53.992
53.839
53.634
53.378
53.071
52.714
52.307
51.849
51.342
50.785
50.179
49.524
48.821
48.07
47.272
46.428
45.537
44.601
43.621
42.597
41.529
40.42
39.27
38.079
36.849
35.581
34.276
32.935
31.56
30.151
28.711
27.24
25.74
24.213
22.659
21.081
19.481
17.859
16.218
14.559
12.884
11.195
9.4933
7.7816
6.0613
4.3343
2.6025
0.86781
-0.8654
-2.5899
-4.3138
-4.2761
-2.5673
-0.85782
0.86022
2.5797
4.2963
6.0082
7.7135
9.4103
11.097
12.771
14.431
16.076
17.703
19.31
20.897
22.461
24.001
25.515
27.002
28.46
29.888
31.284
32.647
33.976
35.27
36.526
37.746
38.926
40.066
41.166
42.224
43.239
44.211
45.139
46.021
46.859
47.65
48.394
49.091
49.74
50.34
50.892
51.395
51.849
52.253
52.607
52.911
53.164
53.367
53.52
53.621
53.672
53.672
53.621
53.52
53.367
53.164
52.911
52.607
52.253
51.849
51.395
50.892
50.34
49.74
49.091
48.394
47.65
46.859
46.021
45.139
44.211
43.239
42.224
41.166
40.066
38.926
37.746
36.526
35.27
33.976
32.647
31.284
29.888
28.46
27.002
25.515
24.001
22.461
20.897
19.31
17.703
16.076
14.431
12.771
11.097
9.4103
7.7135
6.0082
4.2963
2.5797
0.86022
-0.85782
-2.5673
-4.2761
-4.2342
-2.5422
-0.84943
0.8518
2.5545
4.2543
5.9494
7.638
9.3182
10.988
12.646
14.29
15.918
17.529
19.121
20.692
22.241
23.766
25.265
26.738
28.181
29.595
30.978
32.327
33.643
34.924
36.169
37.376
38.545
39.674
40.763
41.811
42.816
43.778
44.697
45.571
46.4
47.183
47.92
48.61
49.253
49.848
50.394
50.892
51.342
51.742
52.092
52.393
52.644
52.845
52.996
53.097
53.147
53.147
53.097
52.996
52.845
52.644
52.393
52.092
51.742
51.342
50.892
50.394
49.848
49.253
48.61
47.92
47.183
46.4
45.571
44.697
43.778
42.816
41.811
40.763
39.674
38.545
37.376
36.169
34.924
33.643
32.327
30.978
29.595
28.181
26.738
25.265
23.766
22.241
20.692
19.121
17.529
15.918
14.29
12.646
10.988
9.3182
7.638
5.9494
4.2543
2.5545
0.8518
-0.84943
-2.5422
-4.2342
-4.1883
-2.5146
-0.84021
0.84256
2.5267
4.2081
5.8849
7.5552
9.2171
10.869
12.509
14.135
15.746
17.339
18.914
20.468
22
23.508
24.991
26.448
27.876
29.274
30.642
31.977
33.279
34.546
35.777
36.971
38.127
39.244
40.321
41.357
42.352
43.303
44.212
45.077
45.897
46.671
47.4
48.083
48.718
49.307
49.848
50.34
50.785
51.18
51.527
51.825
52.073
52.272
52.421
52.521
52.57
52.57
52.521
52.421
52.272
52.073
51.825
51.527
51.18
50.785
50.34
49.848
49.307
48.718
48.083
47.4
46.671
45.897
45.077
44.212
43.303
42.352
41.357
40.321
39.244
38.127
36.971
35.777
34.546
33.279
31.977
30.642
29.274
27.876
26.448
24.991
23.508
22
20.468
18.914
17.339
15.746
14.135
12.509
10.869
9.2171
7.5552
5.8849
4.2081
2.5267
0.84256
-0.84021
-2.5146
-4.1883
-4.1383
-2.4846
-0.83019
0.8325
2.4966
4.1579
5.8147
7.465
9.1071
10.739
12.359
13.966
15.558
17.132
18.688
20.224
21.737
23.228
24.693
26.132
27.543
28.925
30.276
31.595
32.881
34.133
35.35
36.53
37.672
38.776
39.84
40.864
41.846
42.787
43.684
44.539
45.349
46.114
46.835
47.509
48.137
48.718
49.253
49.74
50.179
50.57
50.912
51.206
51.452
51.648
51.796
51.894
51.943
51.943
51.894
51.796
51.648
51.452
51.206
50.912
50.57
50.179
49.74
49.253
48.718
48.137
47.509
46.835
46.114
45.349
44.539
43.684
42.787
41.846
40.864
39.84
38.776
37.672
36.53
35.35
34.133
32.881
31.595
30.276
28.925
27.543
26.132
24.693
23.228
21.737
20.224
18.688
17.132
15.558
13.966
12.359
10.739
9.1071
7.465
5.8147
4.1579
2.4966
0.8325
-0.83019
-2.4846
-4.1383
-4.0843
-2.4522
-0.81936
0.82164
2.464
4.1037
5.7388
7.3676
8.9883
10.599
12.198
13.784
15.355
16.909
18.444
19.96
21.454
22.925
24.371
25.791
27.184
28.547
29.881
31.183
32.452
33.688
34.888
36.053
37.18
38.27
39.32
40.33
41.3
42.228
43.114
43.958
44.757
45.513
46.223
46.889
47.509
48.083
48.61
49.091
49.524
49.91
50.248
50.538
50.78
50.974
51.12
51.217
51.265
51.265
51.217
51.12
50.974
50.78
50.538
50.248
49.91
49.524
49.091
48.61
48.083
47.509
46.889
46.223
45.513
44.757
43.958
43.114
42.228
41.3
40.33
39.32
38.27
37.18
36.053
34.888
33.688
32.452
31.183
29.881
28.547
27.184
25.791
24.371
22.925
21.454
19.96
18.444
16.909
15.355
13.784
12.198
10.599
8.9883
7.3676
5.7388
4.1037
2.464
0.82164
-0.81936
-2.4522
-4.0843
-4.0264
-2.4173
-0.80773
0.80998
2.429
4.0454
5.6573
7.263
8.8607
10.449
12.025
13.588
15.137
16.669
18.182
19.676
21.149
22.599
24.025
25.425
26.798
28.142
29.457
30.74
31.992
33.21
34.393
35.541
36.653
37.726
38.762
39.758
40.714
41.629
42.502
43.334
44.122
44.867
45.567
46.223
46.835
47.4
47.92
48.394
48.821
49.201
49.535
49.821
50.059
50.251
50.394
50.49
50.538
50.538
50.49
50.394
50.251
50.059
49.821
49.535
49.201
48.821
48.394
47.92
47.4
46.835
46.223
45.567
44.867
44.122
43.334
42.502
41.629
40.714
39.758
38.762
37.726
36.653
35.541
34.393
33.21
31.992
30.74
29.457
28.142
26.798
25.425
24.025
22.599
21.149
19.676
18.182
16.669
15.137
13.588
12.025
10.449
8.8607
7.263
5.6573
4.0454
2.429
0.80998
-0.80773
-2.4173
-4.0264
-3.9644
-2.3802
-0.7953
0.79752
2.3917
3.9832
5.5703
7.1513
8.7244
10.288
11.84
13.379
14.904
16.412
17.903
19.374
20.824
22.252
23.655
25.034
26.386
27.709
29.004
30.268
31.5
32.699
33.864
34.995
36.089
37.146
38.166
39.147
40.088
40.989
41.849
42.667
43.443
44.177
44.867
45.513
46.114
46.671
47.183
47.65
48.07
48.445
48.773
49.055
49.29
49.478
49.619
49.713
49.76
49.76
49.713
49.619
49.478
49.29
49.055
48.773
48.445
48.07
47.65
47.183
46.671
46.114
45.513
44.867
44.177
43.443
42.667
41.849
40.989
40.088
39.147
38.166
37.146
36.089
34.995
33.864
32.699
31.5
30.268
29.004
27.709
26.386
25.034
23.655
22.252
20.824
19.374
17.903
16.412
14.904
13.379
11.84
10.288
8.7244
7.1513
5.5703
3.9832
2.3917
0.79752
-0.7953
-2.3802
-3.9644
-3.8986
-2.3407
-0.7821
0.78428
2.352
3.9171
5.4779
7.0326
8.5796
10.117
11.644
13.157
14.657
16.14
17.606
19.052
20.478
21.882
23.263
24.618
25.948
27.249
28.522
29.765
30.977
32.156
33.302
34.414
35.49
36.53
37.532
38.497
39.422
40.308
41.154
41.959
42.722
43.443
44.122
44.757
45.349
45.897
46.4
46.859
47.272
47.641
47.963
48.24
48.471
48.657
48.795
48.888
48.934
48.934
48.888
48.795
48.657
48.471
48.24
47.963
47.641
47.272
46.859
46.4
45.897
45.349
44.757
44.122
43.443
42.722
41.959
41.154
40.308
39.422
38.497
37.532
36.53
35.49
34.414
33.302
32.156
30.977
29.765
28.522
27.249
25.948
24.618
23.263
21.882
20.478
19.052
17.606
16.14
14.657
13.157
11.644
10.117
8.5796
7.0326
5.4779
3.9171
2.352
0.78428
-0.7821
-2.3407
-3.8986
-3.829
-2.2989
-0.76813
0.77027
2.31
3.8471
5.38
6.907
8.4263
9.9364
11.436
12.922
14.395
15.852
17.291
18.712
20.113
21.491
22.847
24.179
25.484
26.763
28.013
29.233
30.423
31.582
32.707
33.799
34.856
35.877
36.862
37.809
38.718
39.588
40.419
41.209
41.959
42.667
43.334
43.958
44.539
45.077
45.571
46.021
46.428
46.789
47.106
47.379
47.606
47.787
47.924
48.015
48.06
48.06
48.015
47.924
47.787
47.606
47.379
47.106
46.789
46.428
46.021
45.571
45.077
44.539
43.958
43.334
42.667
41.959
41.209
40.419
39.588
38.718
37.809
36.862
35.877
34.856
33.799
32.707
31.582
30.423
29.233
28.013
26.763
25.484
24.179
22.847
21.491
20.113
18.712
17.291
15.852
14.395
12.922
11.436
9.9364
8.4263
6.907
5.38
3.8471
2.31
0.77027
-0.76813
-2.2989
-3.829
-3.7555
-2.2548
-0.7534
0.7555
2.2657
3.7733
5.2768
6.7745
8.2647
9.7458
11.216
12.674
14.119
15.548
16.959
18.353
19.727
21.079
22.409
23.715
24.995
26.249
27.475
28.673
29.84
30.976
32.08
33.151
34.187
35.189
36.155
37.084
37.975
38.829
39.644
40.419
41.154
41.849
42.502
43.114
43.684
44.212
44.697
45.139
45.537
45.892
46.203
46.47
46.692
46.871
47.004
47.094
47.138
47.138
47.094
47.004
46.871
46.692
46.47
46.203
45.892
45.537
45.139
44.697
44.212
43.684
43.114
42.502
41.849
41.154
40.419
39.644
38.829
37.975
37.084
36.155
35.189
34.187
33.151
32.08
30.976
29.84
28.673
27.475
26.249
24.995
23.715
22.409
21.079
19.727
18.353
16.959
15.548
14.119
12.674
11.216
9.7458
8.2647
6.7745
5.2768
3.7733
2.2657
0.7555
-0.7534
-2.2548
-3.7555
-3.6784
-2.2084
-0.73791
0.73997
2.2191
3.6958
5.1684
6.6353
8.0949
9.5456
10.986
12.414
13.829
15.228
16.611
17.976
19.321
20.646
21.948
23.227
24.482
25.71
26.911
28.083
29.227
30.339
31.421
32.469
33.485
34.466
35.412
36.322
37.195
38.031
38.829
39.588
40.308
40.989
41.629
42.228
42.787
43.303
43.778
44.211
44.601
44.949
45.253
45.515
45.733
45.907
46.038
46.126
46.17
46.17
46.126
46.038
45.907
45.733
45.515
45.253
44.949
44.601
44.211
43.778
43.303
42.787
42.228
41.629
40.989
40.308
39.588
38.829
38.031
37.195
36.322
35.412
34.466
33.485
32.469
31.421
30.339
29.227
28.083
26.911
25.71
24.482
23.227
21.948
20.646
19.321
17.976
16.611
15.228
13.829
12.414
10.986
9.5456
8.0949
6.6353
5.1684
3.6958
2.2191
0.73997
-0.73791
-2.2084
-3.6784
-3.5975
-2.1599
-0.72169
0.72371
2.1703
3.6145
5.0548
6.4894
7.9169
9.3357
10.744
12.141
13.525
14.893
16.246
17.581
18.897
20.192
21.466
22.717
23.943
25.145
26.319
27.466
28.584
29.672
30.73
31.756
32.749
33.708
34.633
35.523
36.377
37.195
37.975
38.718
39.422
40.088
40.714
41.3
41.846
42.352
42.816
43.239
43.621
43.961
44.259
44.514
44.727
44.898
45.026
45.112
45.155
45.155
45.112
45.026
44.898
44.727
44.514
44.259
43.961
43.621
43.239
42.816
42.352
41.846
41.3
40.714
40.088
39.422
38.718
37.975
37.195
36.377
35.523
34.633
33.708
32.749
31.756
30.73
29.672
28.584
27.466
26.319
25.145
23.943
22.717
21.466
20.192
18.897
17.581
16.246
14.893
13.525
12.141
10.744
9.3357
7.9169
6.4894
5.0548
3.6145
2.1703
0.72371
-0.72169
-2.1599
-3.5975
-3.513
-2.1092
-0.70475
0.70671
2.1194
3.5297
4.9361
6.337
7.731
9.1165
10.492
11.856
13.207
14.544
15.864
17.168
18.453
19.718
20.962
22.183
23.381
24.554
25.701
26.821
27.913
28.976
30.008
31.01
31.98
32.917
33.82
34.689
35.523
36.322
37.084
37.809
38.497
39.147
39.758
40.33
40.864
41.357
41.811
42.224
42.597
42.929
43.219
43.469
43.677
43.844
43.969
44.053
44.094
44.094
44.053
43.969
43.844
43.677
43.469
43.219
42.929
42.597
42.224
41.811
41.357
40.864
40.33
39.758
39.147
38.497
37.809
37.084
36.322
35.523
34.689
33.82
32.917
31.98
31.01
30.008
28.976
27.913
26.821
25.701
24.554
23.381
22.183
20.962
19.718
18.453
17.168
15.864
14.544
13.207
11.856
10.492
9.1165
7.731
6.337
4.9361
3.5297
2.1194
0.70671
-0.70475
-2.1092
-3.513
-3.425
-2.0563
-0.68709
0.68901
2.0663
3.4412
4.8124
6.1783
7.5373
8.8881
10.229
11.559
12.876
14.179
15.467
16.738
17.991
19.224
20.437
21.628
22.795
23.939
25.057
26.149
27.214
28.25
29.257
30.233
31.178
32.092
32.973
33.82
34.633
35.412
36.155
36.862
37.532
38.166
38.762
39.32
39.84
40.321
40.763
41.166
41.529
41.853
42.137
42.38
42.583
42.746
42.868
42.949
42.99
42.99
42.949
42.868
42.746
42.583
42.38
42.137
41.853
41.529
41.166
40.763
40.321
39.84
39.32
38.762
38.166
37.532
36.862
36.155
35.412
34.633
33.82
32.973
32.092
31.178
30.233
29.257
28.25
27.214
26.149
25.057
23.939
22.795
21.628
20.437
19.224
17.991
16.738
15.467
14.179
12.876
11.559
10.229
8.8881
7.5373
6.1783
4.8124
3.4412
2.0663
0.68901
-0.68709
-2.0563
-3.425
-3.3335
-2.0014
-0.66874
0.6706
2.0111
3.3493
4.6839
6.0132
7.336
8.6507
9.9559
11.25
12.532
13.8
15.054
16.291
17.51
18.71
19.891
21.05
22.187
23.3
24.388
25.451
26.487
27.495
28.475
29.425
30.346
31.235
32.092
32.917
33.708
34.466
35.189
35.877
36.53
37.146
37.726
38.27
38.776
39.244
39.674
40.066
40.42
40.735
41.011
41.248
41.445
41.604
41.723
41.802
41.841
41.841
41.802
41.723
41.604
41.445
41.248
41.011
40.735
40.42
40.066
39.674
39.244
38.776
38.27
37.726
37.146
36.53
35.877
35.189
34.466
33.708
32.917
32.092
31.235
30.346
29.425
28.475
27.495
26.487
25.451
24.388
23.3
22.187
21.05
19.891
18.71
17.51
16.291
15.054
13.8
12.532
11.25
9.9559
8.6507
7.336
6.0132
4.6839
3.3493
2.0111
0.6706
-0.66874
-2.0014
-3.3335
-3.2386
-1.9444
-0.6497
0.65151
1.9538
3.254
4.5505
5.8421
7.1272
8.4045
9.6725
10.93
12.175
13.408
14.625
15.827
17.012
18.178
19.325
20.451
21.555
22.636
23.694
24.726
25.733
26.713
27.665
28.588
29.482
30.346
31.178
31.98
32.749
33.485
34.187
34.856
35.49
36.089
36.653
37.18
37.672
38.127
38.545
38.926
39.27
39.575
39.844
40.074
40.266
40.42
40.535
40.612
40.65
40.65
40.612
40.535
40.42
40.266
40.074
39.844
39.575
39.27
38.926
38.545
38.127
37.672
37.18
36.653
36.089
35.49
34.856
34.187
33.485
32.749
31.98
31.178
30.346
29.482
28.588
27.665
26.713
25.733
24.726
23.694
22.636
21.555
20.451
19.325
18.178
17.012
15.827
14.625
13.408
12.175
10.93
9.6725
8.4045
7.1272
5.8421
4.5505
3.254
1.9538
0.65151
-0.6497
-1.9444
-3.2386
-3.1404
-1.8855
-0.63
0.63176
1.8946
3.1553
4.4126
5.6649
6.9111
8.1496
9.3792
10.599
11.806
13.001
14.182
15.347
16.496
17.627
18.739
19.831
20.901
21.95
22.975
23.977
24.953
25.903
26.826
27.721
28.588
29.425
30.233
31.01
31.756
32.469
33.151
33.799
34.414
34.995
35.541
36.053
36.53
36.971
37.376
37.746
38.079
38.375
38.635
38.859
39.045
39.194
39.306
39.38
39.418
39.418
39.38
39.306
39.194
39.045
38.859
38.635
38.375
38.079
37.746
37.376
36.971
36.53
36.053
35.541
34.995
34.414
33.799
33.151
32.469
31.756
31.01
30.233
29.425
28.588
27.721
26.826
25.903
24.953
23.977
22.975
21.95
20.901
19.831
18.739
17.627
16.496
15.347
14.182
13.001
11.806
10.599
9.3792
8.1496
6.9111
5.6649
4.4126
3.1553
1.8946
0.63176
-0.63
-1.8855
-3.1404
-3.039
-1.8246
-0.60965
0.61135
1.8334
3.0534
4.27
5.482
6.6879
7.8864
9.0763
10.256
11.425
12.581
13.724
14.851
15.963
17.057
18.133
19.19
20.226
21.241
22.233
23.202
24.147
25.066
25.959
26.826
27.665
28.475
29.257
30.008
30.73
31.421
32.08
32.707
33.302
33.864
34.393
34.888
35.35
35.777
36.169
36.526
36.849
37.136
37.388
37.604
37.784
37.928
38.036
38.108
38.145
38.145
38.108
38.036
37.928
37.784
37.604
37.388
37.136
36.849
36.526
36.169
35.777
35.35
34.888
34.393
33.864
33.302
32.707
32.08
31.421
30.73
30.008
29.257
28.475
27.665
26.826
25.959
25.066
24.147
23.202
22.233
21.241
20.226
19.19
18.133
17.057
15.963
14.851
13.724
12.581
11.425
10.256
9.0763
7.8864
6.6879
5.482
4.27
3.0534
1.8334
0.61135
-0.60965
-1.8246
-3.039
-2.9344
-1.7618
-0.58868
0.59032
1.7703
2.9483
4.1231
5.2933
6.4577
7.615
8.764
9.9033
11.032
12.148
13.251
14.34
15.414
16.47
17.509
18.53
19.53
20.51
21.468
22.404
23.316
24.203
25.066
25.903
26.713
27.495
28.25
28.976
29.672
30.339
30.976
31.582
32.156
32.699
33.21
33.688
34.133
34.546
34.924
35.27
35.581
35.858
36.101
36.31
36.484
36.623
36.727
36.797
36.832
36.832
36.797
36.727
36.623
36.484
36.31
36.101
35.858
35.581
35.27
34.924
34.546
34.133
33.688
33.21
32.699
32.156
31.582
30.976
30.339
29.672
28.976
28.25
27.495
26.713
25.903
25.066
24.203
23.316
22.404
21.468
20.51
19.53
18.53
17.509
16.47
15.414
14.34
13.251
12.148
11.032
9.9033
8.764
7.615
6.4577
5.2933
4.1231
2.9483
1.7703
0.59032
-0.58868
-1.7618
-2.9344
-2.8268
-1.6972
-0.56709
0.56867
1.7054
2.8402
3.9719
5.0992
6.2209
7.3357
8.4425
9.5401
10.627
11.703
12.765
13.814
14.848
15.866
16.867
17.85
18.814
19.758
20.681
21.582
22.461
23.316
24.147
24.953
25.733
26.487
27.214
27.913
28.584
29.227
29.84
30.423
30.977
31.5
31.992
32.452
32.881
33.279
33.643
33.976
34.276
34.543
34.777
34.978
35.145
35.28
35.38
35.448
35.481
35.481
35.448
35.38
35.28
35.145
34.978
34.777
34.543
34.276
33.976
33.643
33.279
32.881
32.452
31.992
31.5
30.977
30.423
29.84
29.227
28.584
27.913
27.214
26.487
25.733
24.953
24.147
23.316
22.461
21.582
20.681
19.758
18.814
17.85
16.867
15.866
14.848
13.814
12.765
11.703
10.627
9.5401
8.4425
7.3357
6.2209
5.0992
3.9719
2.8402
1.7054
0.56867
-0.56709
-1.6972
-2.8268
-2.7162
-1.6308
-0.5449
0.54642
1.6387
2.7291
3.8165
4.8997
5.9775
7.0488
8.1123
9.1669
10.211
11.245
12.266
13.274
14.268
15.246
16.208
17.152
18.078
18.985
19.872
20.738
21.582
22.404
23.202
23.977
24.726
25.451
26.149
26.821
27.466
28.083
28.673
29.233
29.765
30.268
30.74
31.183
31.595
31.977
32.327
32.647
32.935
33.192
33.417
33.61
33.771
33.9
33.996
34.061
34.093
34.093
34.061
33.996
33.9
33.771
33.61
33.417
33.192
32.935
32.647
32.327
31.977
31.595
31.183
30.74
30.268
29.765
29.233
28.673
28.083
27.466
26.821
26.149
25.451
24.726
23.977
23.202
22.404
21.582
20.738
19.872
18.985
18.078
17.152
16.208
15.246
14.268
13.274
12.266
11.245
10.211
9.1669
8.1123
7.0488
5.9775
4.8997
3.8165
2.7291
1.6387
0.54642
-0.5449
-1.6308
-2.7162
-2.6028
-1.5627
-0.52215
0.52361
1.5702
2.6151
3.6572
4.6951
5.7279
6.7545
7.7736
8.7841
9.7851
10.775
11.754
12.72
13.672
14.609
15.531
16.436
17.323
18.192
19.042
19.872
20.681
21.468
22.233
22.975
23.694
24.388
25.057
25.701
26.319
26.911
27.475
28.013
28.522
29.004
29.457
29.881
30.276
30.642
30.978
31.284
31.56
31.806
32.021
32.206
32.361
32.484
32.577
32.639
32.67
32.67
32.639
32.577
32.484
32.361
32.206
32.021
31.806
31.56
31.284
30.978
30.642
30.276
29.881
29.457
29.004
28.522
28.013
27.475
26.911
26.319
25.701
25.057
24.388
23.694
22.975
22.233
21.468
20.681
19.872
19.042
18.192
17.323
16.436
15.531
14.609
13.672
12.72
11.754
10.775
9.7851
8.7841
7.7736
6.7545
5.7279
4.6951
3.6572
2.6151
1.5702
0.52361
-0.52215
-1.5627
-2.6028
-2.4867
-1.4929
-0.49885
0.50024
1.5002
2.4984
3.4939
4.4856
5.4723
6.453
7.4266
8.3921
9.3484
10.294
11.229
12.152
13.062
13.957
14.838
15.702
16.55
17.38
18.192
18.985
19.758
20.51
21.241
21.95
22.636
23.3
23.939
24.554
25.145
25.71
26.249
26.763
27.249
27.709
28.142
28.547
28.925
29.274
29.595
29.888
30.151
30.386
30.592
30.769
30.916
31.034
31.123
31.182
31.212
31.212
31.182
31.123
31.034
30.916
30.769
30.592
30.386
30.151
29.888
29.595
29.274
28.925
28.547
28.142
27.709
27.249
26.763
26.249
25.71
25.145
24.554
23.939
23.3
22.636
21.95
21.241
20.51
19.758
18.985
18.192
17.38
16.55
15.702
14.838
13.957
13.062
12.152
11.229
10.294
9.3484
8.3921
7.4266
6.453
5.4723
4.4856
3.4939
2.4984
1.5002
0.50024
-0.49885
-1.4929
-2.4867
-2.3679
-1.4216
-0.47502
0.47634
1.4285
2.3791
3.327
4.2713
5.2109
6.1447
7.0718
7.9912
8.9018
9.8027
10.693
11.572
12.438
13.29
14.129
14.952
15.759
16.55
17.323
18.078
18.814
19.53
20.226
20.901
21.555
22.187
22.795
23.381
23.943
24.482
24.995
25.484
25.948
26.386
26.798
27.184
27.543
27.876
28.181
28.46
28.711
28.935
29.131
29.299
29.439
29.552
29.636
29.692
29.721
29.721
29.692
29.636
29.552
29.439
29.299
29.131
28.935
28.711
28.46
28.181
27.876
27.543
27.184
26.798
26.386
25.948
25.484
24.995
24.482
23.943
23.381
22.795
22.187
21.555
20.901
20.226
19.53
18.814
18.078
17.323
16.55
15.759
14.952
14.129
13.29
12.438
11.572
10.693
9.8027
8.9018
7.9912
7.0718
6.1447
5.2109
4.2713
3.327
2.3791
1.4285
0.47634
-0.47502
-1.4216
-2.3679
-2.2466
-1.3488
-0.45068
0.45194
1.3553
2.2572
3.1566
4.0525
4.9439
5.83
6.7096
7.5818
8.4458
9.3005
10.145
10.979
11.801
12.61
13.405
14.186
14.952
15.702
16.436
17.152
17.85
18.53
19.19
19.831
20.451
21.05
21.628
22.183
22.717
23.227
23.715
24.179
24.618
25.034
25.425
25.791
26.132
26.448
26.738
27.002
27.24
27.452
27.638
27.798
27.931
28.038
28.118
28.171
28.198
28.198
28.171
28.118
28.038
27.931
27.798
27.638
27.452
27.24
27.002
26.738
26.448
26.132
25.791
25.425
25.034
24.618
24.179
23.715
23.227
22.717
22.183
21.628
21.05
20.451
19.831
19.19
18.53
17.85
17.152
16.436
15.702
14.952
14.186
13.405
12.61
11.801
10.979
10.145
9.3005
8.4458
7.5818
6.7096
5.83
4.9439
4.0525
3.1566
2.2572
1.3553
0.45194
-0.45068
-1.3488
-2.2466
-2.1229
-1.2745
-0.42587
0.42705
1.2807
2.1329
2.9828
3.8294
4.6717
5.5089
6.3401
7.1643
7.9807
8.7884
9.5865
10.374
11.151
11.915
12.667
13.405
14.129
14.838
15.531
16.208
16.867
17.509
18.133
18.739
19.325
19.891
20.437
20.962
21.466
21.948
22.409
22.847
23.263
23.655
24.025
24.371
24.693
24.991
25.265
25.515
25.74
25.941
26.117
26.267
26.393
26.494
26.57
26.62
26.645
26.645
26.62
26.57
26.494
26.393
26.267
26.117
25.941
25.74
25.515
25.265
24.991
24.693
24.371
24.025
23.655
23.263
22.847
22.409
21.948
21.466
20.962
20.437
19.891
19.325
18.739
18.133
17.509
16.867
16.208
15.531
14.838
14.129
13.405
12.667
11.915
11.151
10.374
9.5865
8.7884
7.9807
7.1643
6.3401
5.5089
4.6717
3.8294
2.9828
2.1329
1.2807
0.42705
-0.42587
-1.2745
-2.1229
-1.9969
-1.1989
-0.40059
0.40171
1.2047
2.0063
2.8058
3.6021
4.3945
5.182
5.9639
6.7392
7.5071
8.2669
9.0177
9.7586
10.489
11.208
11.915
12.61
13.29
13.957
14.609
15.246
15.866
16.47
17.057
17.627
18.178
18.71
19.224
19.718
20.192
20.646
21.079
21.491
21.882
22.252
22.599
22.925
23.228
23.508
23.766
24.001
24.213
24.401
24.567
24.709
24.827
24.922
24.993
25.04
25.064
25.064
25.04
24.993
24.922
24.827
24.709
24.567
24.401
24.213
24.001
23.766
23.508
23.228
22.925
22.599
22.252
21.882
21.491
21.079
20.646
20.192
19.718
19.224
18.71
18.178
17.627
17.057
16.47
15.866
15.246
14.609
13.957
13.29
12.61
11.915
11.208
10.489
9.7586
9.0177
8.2669
7.5071
6.7392
5.9639
5.182
4.3945
3.6021
2.8058
2.0063
1.2047
0.40171
-0.40059
-1.1989
-1.9969
-1.8688
-1.122
-0.37489
0.37594
1.1274
1.8776
2.6258
3.371
4.1125
4.8496
5.5812
6.3068
7.0255
7.7365
8.4391
9.1325
9.8161
10.489
11.151
11.801
12.438
13.062
13.672
14.268
14.848
15.414
15.963
16.496
17.012
17.51
17.991
18.453
18.897
19.321
19.727
20.113
20.478
20.824
21.149
21.454
21.737
22
22.241
22.461
22.659
22.836
22.991
23.123
23.234
23.323
23.389
23.434
23.456
23.456
23.434
23.389
23.323
23.234
23.123
22.991
22.836
22.659
22.461
22.241
22
21.737
21.454
21.149
20.824
20.478
20.113
19.727
19.321
18.897
18.453
17.991
17.51
17.012
16.496
15.963
15.414
14.848
14.268
13.672
13.062
12.438
11.801
11.151
10.489
9.8161
9.1325
8.4391
7.7365
7.0255
6.3068
5.5812
4.8496
4.1125
3.371
2.6258
1.8776
1.1274
0.37594
-0.37489
-1.122
-1.8688
-1.7386
-1.0438
-0.34879
0.34976
1.0489
1.7469
2.4429
3.1363
3.8262
4.5119
5.1926
5.8676
6.5363
7.1978
7.8514
8.4966
9.1325
9.7586
10.374
10.979
11.572
12.152
12.72
13.274
13.814
14.34
14.851
15.347
15.827
16.291
16.738
17.168
17.581
17.976
18.353
18.712
19.052
19.374
19.676
19.96
20.224
20.468
20.692
20.897
21.081
21.246
21.39
21.513
21.616
21.699
21.761
21.802
21.823
21.823
21.802
21.761
21.699
21.616
21.513
21.39
21.246
21.081
20.897
20.692
20.468
20.224
19.96
19.676
19.374
19.052
18.712
18.353
17.976
17.581
17.168
16.738
16.291
15.827
15.347
14.851
14.34
13.814
13.274
12.72
12.152
11.572
10.979
10.374
9.7586
9.1325
8.4966
7.8514
7.1978
6.5363
5.8676
5.1926
4.5119
3.8262
3.1363
2.4429
1.7469
1.0489
0.34976
-0.34879
-1.0438
-1.7386
-1.6066
-0.96459
-0.3223
0.3232
0.96925
1.6142
2.2574
2.8981
3.5356
4.1693
4.7983
5.4221
6.04
6.6512
7.2553
7.8514
8.4391
9.0177
9.5865
10.145
10.693
11.229
11.754
12.266
12.765
13.251
13.724
14.182
14.625
15.054
15.467
15.864
16.246
16.611
16.959
17.291
17.606
17.903
18.182
18.444
18.688
18.914
19.121
19.31
19.481
19.632
19.765
19.88
19.975
20.051
20.108
20.147
20.166
20.166
20.147
20.108
20.051
19.975
19.88
19.765
19.632
19.481
19.31
19.121
18.914
18.688
18.444
18.182
17.903
17.606
17.291
16.959
16.611
16.246
15.864
15.467
15.054
14.625
14.182
13.724
13.251
12.765
12.266
11.754
11.229
10.693
10.145
9.5865
9.0177
8.4391
7.8514
7.2553
6.6512
6.04
5.4221
4.7983
4.1693
3.5356
2.8981
2.2574
1.6142
0.96925
0.3232
-0.3223
-0.96459
-1.6066
-1.4729
-0.88428
-0.29547
0.29629
0.88855
1.4798
2.0695
2.6568
3.2413
3.8222
4.3988
4.9707
5.5371
6.0975
6.6512
7.1978
7.7365
8.2669
8.7884
9.3005
9.8027
10.294
10.775
11.245
11.703
12.148
12.581
13.001
13.408
13.8
14.179
14.544
14.893
15.228
15.548
15.852
16.14
16.412
16.669
16.909
17.132
17.339
17.529
17.703
17.859
17.998
18.12
18.225
18.312
18.382
18.434
18.469
18.487
18.487
18.469
18.434
18.382
18.312
18.225
18.12
17.998
17.859
17.703
17.529
17.339
17.132
16.909
16.669
16.412
16.14
15.852
15.548
15.228
14.893
14.544
14.179
13.8
13.408
13.001
12.581
12.148
11.703
11.245
10.775
10.294
9.8027
9.3005
8.7884
8.2669
7.7365
7.1978
6.6512
6.0975
5.5371
4.9707
4.3988
3.8222
3.2413
2.6568
2.0695
1.4798
0.88855
0.29629
-0.29547
-0.88428
-1.4729
-1.3375
-0.80301
-0.26832
0.26906
0.80689
1.3438
1.8793
2.4127
2.9434
3.4709
3.9946
4.5139
5.0282
5.5371
6.04
6.5363
7.0255
7.5071
7.9807
8.4458
8.9018
9.3484
9.7851
10.211
10.627
11.032
11.425
11.806
12.175
12.532
12.876
13.207
13.525
13.829
14.119
14.395
14.657
14.904
15.137
15.355
15.558
15.746
15.918
16.076
16.218
16.344
16.455
16.55
16.629
16.692
16.74
16.772
16.788
16.788
16.772
16.74
16.692
16.629
16.55
16.455
16.344
16.218
16.076
15.918
15.746
15.558
15.355
15.137
14.904
14.657
14.395
14.119
13.829
13.525
13.207
12.876
12.532
12.175
11.806
11.425
11.032
10.627
10.211
9.7851
9.3484
8.9018
8.4458
7.9807
7.5071
7.0255
6.5363
6.04
5.5371
5.0282
4.5139
3.9946
3.4709
2.9434
2.4127
1.8793
1.3438
0.80689
0.26906
-0.26832
-0.80301
-1.3375
-1.2007
-0.72087
-0.24087
0.24154
0.72435
1.2064
1.687
2.1659
2.6423
3.1158
3.5859
4.0521
4.5139
4.9707
5.4221
5.8676
6.3068
6.7392
7.1643
7.5818
7.9912
8.3921
8.7841
9.1669
9.5401
9.9033
10.256
10.599
10.93
11.25
11.559
11.856
12.141
12.414
12.674
12.922
13.157
13.379
13.588
13.784
13.966
14.135
14.29
14.431
14.559
14.672
14.771
14.857
14.928
14.985
15.028
15.056
15.07
15.07
15.056
15.028
14.985
14.928
14.857
14.771
14.672
14.559
14.431
14.29
14.135
13.966
13.784
13.588
13.379
13.157
12.922
12.674
12.414
12.141
11.856
11.559
11.25
10.93
10.599
10.256
9.9033
9.5401
9.1669
8.7841
8.3921
7.9912
7.5818
7.1643
6.7392
6.3068
5.8676
5.4221
4.9707
4.5139
4.0521
3.5859
3.1158
2.6423
2.1659
1.687
1.2064
0.72435
0.24154
-0.24087
-0.72087
-1.2007
-1.0625
-0.63793
-0.21316
0.21375
0.64102
1.0676
1.493
1.9167
2.3383
2.7574
3.1734
3.5859
3.9946
4.3988
4.7983
5.1926
5.5812
5.9639
6.3401
6.7096
7.0718
7.4266
7.7736
8.1123
8.4425
8.764
9.0763
9.3792
9.6725
9.9559
10.229
10.492
10.744
10.986
11.216
11.436
11.644
11.84
12.025
12.198
12.359
12.509
12.646
12.771
12.884
12.984
13.072
13.148
13.211
13.261
13.299
13.324
13.337
13.337
13.324
13.299
13.261
13.211
13.148
13.072
12.984
12.884
12.771
12.646
12.509
12.359
12.198
12.025
11.84
11.644
11.436
11.216
10.986
10.744
10.492
10.229
9.9559
9.6725
9.3792
9.0763
8.764
8.4425
8.1123
7.7736
7.4266
7.0718
6.7096
6.3401
5.9639
5.5812
5.1926
4.7983
4.3988
3.9946
3.5859
3.1734
2.7574
2.3383
1.9167
1.493
1.0676
0.64102
0.21375
-0.21316
-0.63793
-1.0625
-0.92325
-0.5543
-0.18521
0.18573
0.55698
0.92762
1.2972
1.6654
2.0318
2.3959
2.7574
3.1158
3.4709
3.8222
4.1693
4.5119
4.8496
5.182
5.5089
5.83
6.1447
6.453
6.7545
7.0488
7.3357
7.615
7.8864
8.1496
8.4045
8.6507
8.8881
9.1165
9.3357
9.5456
9.7458
9.9364
10.117
10.288
10.449
10.599
10.739
10.869
10.988
11.097
11.195
11.282
11.358
11.424
11.479
11.522
11.555
11.577
11.588
11.588
11.577
11.555
11.522
11.479
11.424
11.358
11.282
11.195
11.097
10.988
10.869
10.739
10.599
10.449
10.288
10.117
9.9364
9.7458
9.5456
9.3357
9.1165
8.8881
8.6507
8.4045
8.1496
7.8864
7.615
7.3357
7.0488
6.7545
6.453
6.1447
5.83
5.5089
5.182
4.8496
4.5119
4.1693
3.8222
3.4709
3.1158
2.7574
2.3959
2.0318
1.6654
1.2972
0.92762
0.55698
0.18573
-0.18521
-0.5543
-0.92325
-0.78294
-0.47006
-0.15707
0.1575
0.47233
0.78665
1.1001
1.4123
1.723
2.0318
2.3383
2.6423
2.9434
3.2413
3.5356
3.8262
4.1125
4.3945
4.6717
4.9439
5.2109
5.4723
5.7279
5.9775
6.2209
6.4577
6.6879
6.9111
7.1272
7.336
7.5373
7.731
7.9169
8.0949
8.2647
8.4263
8.5796
8.7244
8.8607
8.9883
9.1071
9.2171
9.3182
9.4103
9.4933
9.5673
9.6321
9.6878
9.7342
9.7713
9.7992
9.8178
9.8271
9.8271
9.8178
9.7992
9.7713
9.7342
9.6878
9.6321
9.5673
9.4933
9.4103
9.3182
9.2171
9.1071
8.9883
8.8607
8.7244
8.5796
8.4263
8.2647
8.0949
7.9169
7.731
7.5373
7.336
7.1272
6.9111
6.6879
6.4577
6.2209
5.9775
5.7279
5.4723
5.2109
4.9439
4.6717
4.3945
4.1125
3.8262
3.5356
3.2413
2.9434
2.6423
2.3383
2.0318
1.723
1.4123
1.1001
0.78665
0.47233
0.1575
-0.15707
-0.47006
-0.78294
-0.64177
-0.38531
-0.12874
0.1291
0.38717
0.6448
0.90173
1.1577
1.4123
1.6654
1.9167
2.1659
2.4127
2.6568
2.8981
3.1363
3.371
3.6021
3.8294
4.0525
4.2713
4.4856
4.6951
4.8997
5.0992
5.2933
5.482
5.6649
5.8421
6.0132
6.1783
6.337
6.4894
6.6353
6.7745
6.907
7.0326
7.1513
7.263
7.3676
7.465
7.5552
7.638
7.7135
7.7816
7.8422
7.8953
7.9409
7.979
8.0095
8.0323
8.0476
8.0552
8.0552
8.0476
8.0323
8.0095
7.979
7.9409
7.8953
7.8422
7.7816
7.7135
7.638
7.5552
7.465
7.3676
7.263
7.1513
7.0326
6.907
6.7745
6.6353
6.4894
6.337
6.1783
6.0132
5.8421
5.6649
5.482
5.2933
5.0992
4.8997
4.6951
4.4856
4.2713
4.0525
3.8294
3.6021
3.371
3.1363
2.8981
2.6568
2.4127
2.1659
1.9167
1.6654
1.4123
1.1577
0.90173
0.6448
0.38717
0.1291
-0.12874
-0.38531
-0.64177
-0.49989
-0.30012
-0.10028
0.10056
0.30157
0.50225
0.70238
0.90173
1.1001
1.2972
1.493
1.687
1.8793
2.0695
2.2574
2.4429
2.6258
2.8058
2.9828
3.1566
3.327
3.4939
3.6572
3.8165
3.9719
4.1231
4.27
4.4126
4.5505
4.6839
4.8124
4.9361
5.0548
5.1684
5.2768
5.38
5.4779
5.5703
5.6573
5.7388
5.8147
5.8849
5.9494
6.0082
6.0613
6.1085
6.1499
6.1854
6.215
6.2388
6.2566
6.2684
6.2744
6.2744
6.2684
6.2566
6.2388
6.215
6.1854
6.1499
6.1085
6.0613
6.0082
5.9494
5.8849
5.8147
5.7388
5.6573
5.5703
5.4779
5.38
5.2768
5.1684
5.0548
4.9361
4.8124
4.6839
4.5505
4.4126
4.27
4.1231
3.9719
3.8165
3.6572
3.4939
3.327
3.1566
2.9828
2.8058
2.6258
2.4429
2.2574
2.0695
1.8793
1.687
1.493
1.2972
1.1001
0.90173
0.70238
0.50225
0.30157
0.10056
-0.10028
-0.30012
-0.49989
-0.35746
-0.21461
-0.071709
0.071909
0.21565
0.35915
0.50225
0.6448
0.78665
0.92762
1.0676
1.2064
1.3438
1.4798
1.6142
1.7469
1.8776
2.0063
2.1329
2.2572
2.3791
2.4984
2.6151
2.7291
2.8402
2.9483
3.0534
3.1553
3.254
3.3493
3.4412
3.5297
3.6145
3.6958
3.7733
3.8471
3.9171
3.9832
4.0454
4.1037
4.1579
4.2081
4.2543
4.2963
4.3343
4.368
4.3976
4.423
4.4442
4.4612
4.4739
4.4824
4.4867
4.4867
4.4824
4.4739
4.4612
4.4442
4.423
4.3976
4.368
4.3343
4.2963
4.2543
4.2081
4.1579
4.1037
4.0454
3.9832
3.9171
3.8471
3.7733
3.6958
3.6145
3.5297
3.4412
3.3493
3.254
3.1553
3.0534
2.9483
2.8402
2.7291
2.6151
2.4984
2.3791
2.2572
2.1329
2.0063
1.8776
1.7469
1.6142
1.4798
1.3438
1.2064
1.0676
0.92762
0.78665
0.6448
0.50225
0.35915
0.21565
0.071909
-0.071709
-0.21461
-0.35746
-0.21463
-0.12886
-0.043057
0.043177
0.12948
0.21565
0.30157
0.38717
0.47233
0.55698
0.64102
0.72435
0.80689
0.88855
0.96925
1.0489
1.1274
1.2047
1.2807
1.3553
1.4285
1.5002
1.5702
1.6387
1.7054
1.7703
1.8334
1.8946
1.9538
2.0111
2.0663
2.1194
2.1703
2.2191
2.2657
2.31
2.352
2.3917
2.429
2.464
2.4966
2.5267
2.5545
2.5797
2.6025
2.6227
2.6405
2.6558
2.6685
2.6787
2.6863
2.6914
2.694
2.694
2.6914
2.6863
2.6787
2.6685
2.6558
2.6405
2.6227
2.6025
2.5797
2.5545
2.5267
2.4966
2.464
2.429
2.3917
2.352
2.31
2.2657
2.2191
2.1703
2.1194
2.0663
2.0111
1.9538
1.8946
1.8334
1.7703
1.7054
1.6387
1.5702
1.5002
1.4285
1.3553
1.2807
1.2047
1.1274
1.0489
0.96925
0.88855
0.80689
0.72435
0.64102
0.55698
0.47233
0.38717
0.30157
0.21565
0.12948
0.043177
-0.043057
-0.12886
-0.21463
-0.071571
-0.04297
-0.014358
0.014398
0.043177
0.071909
0.10056
0.1291
0.1575
0.18573
0.21375
0.24154
0.26906
0.29629
0.3232
0.34976
0.37594
0.40171
0.42705
0.45194
0.47634
0.50024
0.52361
0.54642
0.56867
0.59032
0.61135
0.63176
0.65151
0.6706
0.68901
0.70671
0.72371
0.73997
0.7555
0.77027
0.78428
0.79752
0.80998
0.82164
0.8325
0.84256
0.8518
0.86022
0.86781
0.87457
0.8805
0.88558
0.88982
0.89322
0.89577
0.89747
0.89832
0.89832
0.89747
0.89577
0.89322
0.88982
0.88558
0.8805
0.87457
0.86781
0.86022
0.8518
0.84256
0.8325
0.82164
0.80998
0.79752
0.78428
0.77027
0.7555
0.73997
0.72371
0.70671
0.68901
0.6706
0.65151
0.63176
0.61135
0.59032
0.56867
0.54642
0.52361
0.50024
0.47634
0.45194
0.42705
0.40171
0.37594
0.34976
0.3232
0.29629
0.26906
0.24154
0.21375
0.18573
0.1575
0.1291
0.10056
0.071909
0.043177
0.014398
-0.014358
-0.04297
-0.071571
0.071371
0.04285
0.014318
-0.014358
-0.043057
-0.071709
-0.10028
-0.12874
-0.15707
-0.18521
-0.21316
-0.24087
-0.26832
-0.29547
-0.3223
-0.34879
-0.37489
-0.40059
-0.42587
-0.45068
-0.47502
-0.49885
-0.52215
-0.5449
-0.56709
-0.58868
-0.60965
-0.63
-0.6497
-0.66874
-0.68709
-0.70475
-0.72169
-0.73791
-0.7534
-0.76813
-0.7821
-0.7953
-0.80773
-0.81936
-0.83019
-0.84021
-0.84943
-0.85782
-0.8654
-0.87214
-0.87805
-0.88312
-0.88735
-0.89074
-0.89328
-0.89498
-0.89583
-0.89583
-0.89498
-0.89328
-0.89074
-0.88735
-0.88312
-0.87805
-0.87214
-0.8654
-0.85782
-0.84943
-0.84021
-0.83019
-0.81936
-0.80773
-0.7953
-0.7821
-0.76813
-0.7534
-0.73791
-0.72169
-0.70475
-0.68709
-0.66874
-0.6497
-0.63
-0.60965
-0.58868
-0.56709
-0.5449
-0.52215
-0.49885
-0.47502
-0.45068
-0.42587
-0.40059
-0.37489
-0.34879
-0.3223
-0.29547
-0.26832
-0.24087
-0.21316
-0.18521
-0.15707
-0.12874
-0.10028
-0.071709
-0.043057
-0.014358
0.014318
0.04285
0.071371
0.21424
0.12852
0.04285
-0.04297
-0.12886
-0.21461
-0.30012
-0.38531
-0.47006
-0.5543
-0.63793
-0.72087
-0.80301
-0.88428
-0.96459
-1.0438
-1.122
-1.1989
-1.2745
-1.3488
-1.4216
-1.4929
-1.5627
-1.6308
-1.6972
-1.7618
-1.8246
-1.8855
-1.9444
-2.0014
-2.0563
-2.1092
-2.1599
-2.2084
-2.2548
-2.2989
-2.3407
-2.3802
-2.4173
-2.4522
-2.4846
-2.5146
-2.5422
-2.5673
-2.5899
-2.6101
-2.6278
-2.643
-2.6557
-2.6658
-2.6734
-2.6785
-2.681
-2.681
-2.6785
-2.6734
-2.6658
-2.6557
-2.643
-2.6278
-2.6101
-2.5899
-2.5673
-2.5422
-2.5146
-2.4846
-2.4522
-2.4173
-2.3802
-2.3407
-2.2989
-2.2548
-2.2084
-2.1599
-2.1092
-2.0563
-2.0014
-1.9444
-1.8855
-1.8246
-1.7618
-1.6972
-1.6308
-1.5627
-1.4929
-1.4216
-1.3488
-1.2745
-1.1989
-1.122
-1.0438
-0.96459
-0.88428
-0.80301
-0.72087
-0.63793
-0.5543
-0.47006
-0.38531
-0.30012
-0.21461
-0.12886
-0.04297
0.04285
0.12852
0.21424
0.35717
0.21424
0.071371
-0.071571
-0.21463
-0.35746
-0.49989
-0.64177
-0.78294
-0.92325
-1.0625
-1.2007
-1.3375
-1.4729
-1.6066
-1.7386
-1.8688
-1.9969
-2.1229
-2.2466
-2.3679
-2.4867
-2.6028
-2.7162
-2.8268
-2.9344
-3.039
-3.1404
-3.2386
-3.3335
-3.425
-3.513
-3.5975
-3.6784
-3.7555
-3.829
-3.8986
-3.9644
-4.0264
-4.0843
-4.1383
-4.1883
-4.2342
-4.2761
-4.3138
-4.3474
-4.3769
-4.4022
-4.4233
-4.4402
-4.4528
-4.4613
-4.4655
-4.4655
-4.4613
-4.4528
-4.4402
-4.4233
-4.4022
-4.3769
-4.3474
-4.3138
-4.2761
-4.2342
-4.1883
-4.1383
-4.0843
-4.0264
-3.9644
-3.8986
-3.829
-3.7555
-3.6784
-3.5975
-3.513
-3.425
-3.3335
-3.2386
-3.1404
-3.039
-2.9344
-2.8268
-2.7162
-2.6028
-2.4867
-2.3679
-2.2466
-2.1229
-1.9969
-1.8688
-1.7386
-1.6066
-1.4729
-1.3375
-1.2007
-1.0625
-0.92325
-0.78294
-0.64177
-0.49989
-0.35746
-0.21463
-0.071571
0.071371
0.21424
0.35717
