0.37385
0.22424
0.074704
-0.074913
-0.22465
-0.37414
-0.52321
-0.67169
-0.81942
-0.96623
-1.112
-1.2565
-1.3995
-1.5411
-1.6809
-1.8189
-1.9549
-2.0888
-2.2203
-2.3495
-2.4761
-2.6001
-2.7213
-2.8396
-2.9548
-3.067
-3.176
-3.2816
-3.3839
-3.4826
-3.5778
-3.6693
-3.7572
-3.8412
-3.9214
-3.9977
-4.07
-4.1383
-4.2026
-4.2627
-4.3187
-4.3706
-4.4182
-4.4616
-4.5007
-4.5355
-4.566
-4.5922
-4.614
-4.6315
-4.6446
-4.6534
-4.6578
-4.6578
-4.6534
-4.6446
-4.6315
-4.614
-4.5922
-4.566
-4.5355
-4.5007
-4.4616
-4.4182
-4.3706
-4.3187
-4.2627
-4.2026
-4.1383
-4.07
-3.9977
-3.9214
-3.8412
-3.7572
-3.6693
-3.5778
-3.4826
-3.3839
-3.2816
-3.176
-3.067
-2.9548
-2.8396
-2.7213
-2.6001
-2.4761
-2.3495
-2.2203
-2.0888
-1.9549
-1.8189
-1.6809
-1.5411
-1.3995
-1.2565
-1.112
-0.96623
-0.81942
-0.67169
-0.52321
-0.37414
-0.22465
-0.074913
0.074704
0.22424
0.37385
0.22424
0.13452
0.044851
-0.044977
-0.13488
-0.22463
-0.31413
-0.40328
-0.49197
-0.58011
-0.66761
-0.75436
-0.84027
-0.92525
-1.0092
-1.0921
-1.1737
-1.2541
-1.3331
-1.4106
-1.4866
-1.5611
-1.6338
-1.7048
-1.7741
-1.8414
-1.9068
-1.9702
-2.0316
-2.0909
-2.1481
-2.203
-2.2558
-2.3062
-2.3544
-2.4002
-2.4436
-2.4846
-2.5232
-2.5593
-2.5929
-2.624
-2.6526
-2.6787
-2.7022
-2.7231
-2.7414
-2.7571
-2.7702
-2.7807
-2.7886
-2.7939
-2.7965
-2.7965
-2.7939
-2.7886
-2.7807
-2.7702
-2.7571
-2.7414
-2.7231
-2.7022
-2.6787
-2.6526
-2.624
-2.5929
-2.5593
-2.5232
-2.4846
-2.4436
-2.4002
-2.3544
-2.3062
-2.2558
-2.203
-2.1481
-2.0909
-2.0316
-1.9702
-1.9068
-1.8414
-1.7741
-1.7048
-1.6338
-1.5611
-1.4866
-1.4106
-1.3331
-1.2541
-1.1737
-1.0921
-1.0092
-0.92525
-0.84027
-0.75436
-0.66761
-0.58011
-0.49197
-0.40328
-0.31413
-0.22463
-0.13488
-0.044977
0.044851
0.13452
0.22424
0.074704
0.044851
0.014987
-0.015028
-0.045069
-0.075058
-0.10496
-0.13475
-0.16439
-0.19384
-0.22307
-0.25206
-0.28077
-0.30916
-0.33722
-0.3649
-0.39218
-0.41903
-0.44543
-0.47134
-0.49674
-0.52161
-0.54592
-0.56965
-0.59278
-0.61528
-0.63714
-0.65833
-0.67885
-0.69866
-0.71775
-0.73612
-0.75374
-0.7706
-0.78669
-0.80199
-0.8165
-0.8302
-0.84309
-0.85516
-0.8664
-0.87679
-0.88635
-0.89505
-0.90289
-0.90988
-0.916
-0.92125
-0.92564
-0.92914
-0.93178
-0.93353
-0.93441
-0.93441
-0.93353
-0.93178
-0.92914
-0.92564
-0.92125
-0.916
-0.90988
-0.90289
-0.89505
-0.88635
-0.87679
-0.8664
-0.85516
-0.84309
-0.8302
-0.8165
-0.80199
-0.78669
-0.7706
-0.75374
-0.73612
-0.71775
-0.69866
-0.67885
-0.65833
-0.63714
-0.61528
-0.59278
-0.56965
-0.54592
-0.52161
-0.49674
-0.47134
-0.44543
-0.41903
-0.39218
-0.3649
-0.33722
-0.30916
-0.28077
-0.25206
-0.22307
-0.19384
-0.16439
-0.13475
-0.10496
-0.075058
-0.045069
-0.015028
0.014987
0.044851
0.074704
-0.074913
-0.044977
-0.015028
0.01507
0.045194
0.075267
0.10526
0.13513
0.16484
0.19438
0.2237
0.25276
0.28155
0.31003
0.33816
0.36592
0.39327
0.4202
0.44667
0.47265
0.49813
0.52307
0.54745
0.57124
0.59443
0.617
0.63892
0.66017
0.68074
0.70061
0.71976
0.73817
0.75584
0.77275
0.78888
0.80423
0.81878
0.83252
0.84544
0.85755
0.86881
0.87924
0.88882
0.89754
0.90541
0.91242
0.91856
0.92382
0.92822
0.93174
0.93438
0.93614
0.93702
0.93702
0.93614
0.93438
0.93174
0.92822
0.92382
0.91856
0.91242
0.90541
0.89754
0.88882
0.87924
0.86881
0.85755
0.84544
0.83252
0.81878
0.80423
0.78888
0.77275
0.75584
0.73817
0.71976
0.70061
0.68074
0.66017
0.63892
0.617
0.59443
0.57124
0.54745
0.52307
0.49813
0.47265
0.44667
0.4202
0.39327
0.36592
0.33816
0.31003
0.28155
0.25276
0.2237
0.19438
0.16484
0.13513
0.10526
0.075267
0.045194
0.01507
-0.015028
-0.044977
-0.074913
-0.22465
-0.13488
-0.045069
0.045194
0.13553
0.22572
0.31565
0.40523
0.49435
0.58292
0.67084
0.75801
0.84434
0.92973
1.0141
1.0973
1.1794
1.2601
1.3395
1.4174
1.4938
1.5686
1.6417
1.7131
1.7826
1.8503
1.916
1.9798
2.0414
2.101
2.1585
2.2137
2.2667
2.3174
2.3658
2.4118
2.4554
2.4966
2.5354
2.5717
2.6055
2.6367
2.6655
2.6916
2.7152
2.7362
2.7546
2.7704
2.7836
2.7942
2.8021
2.8074
2.81
2.81
2.8074
2.8021
2.7942
2.7836
2.7704
2.7546
2.7362
2.7152
2.6916
2.6655
2.6367
2.6055
2.5717
2.5354
2.4966
2.4554
2.4118
2.3658
2.3174
2.2667
2.2137
2.1585
2.101
2.0414
1.9798
1.916
1.8503
1.7826
1.7131
1.6417
1.5686
1.4938
1.4174
1.3395
1.2601
1.1794
1.0973
1.0141
0.92973
0.84434
0.75801
0.67084
0.58292
0.49435
0.40523
0.31565
0.22572
0.13553
0.045194
-0.045069
-0.13488
-0.22465
-0.37414
-0.22463
-0.075058
0.075267
0.22572
0.37591
0.52569
0.67487
0.8233
0.9708
1.1172
1.2624
1.4062
1.5484
1.6889
1.8275
1.9642
2.0986
2.2308
2.3606
2.4878
2.6124
2.7341
2.853
2.9688
3.0815
3.191
3.2971
3.3999
3.4991
3.5947
3.6867
3.775
3.8594
3.94
4.0166
4.0893
4.1579
4.2225
4.2829
4.3392
4.3912
4.4391
4.4827
4.522
4.557
4.5876
4.6139
4.6359
4.6534
4.6666
4.6754
4.6798
4.6798
4.6754
4.6666
4.6534
4.6359
4.6139
4.5876
4.557
4.522
4.4827
4.4391
4.3912
4.3392
4.2829
4.2225
4.1579
4.0893
4.0166
3.94
3.8594
3.775
3.6867
3.5947
3.4991
3.3999
3.2971
3.191
3.0815
2.9688
2.853
2.7341
2.6124
2.4878
2.3606
2.2308
2.0986
1.9642
1.8275
1.6889
1.5484
1.4062
1.2624
1.1172
0.9708
0.8233
0.67487
0.52569
0.37591
0.22572
0.075267
-0.075058
-0.22463
-0.37414
-0.52321
-0.31413
-0.10496
0.10526
0.31565
0.52569
0.73513
0.94376
1.1513
1.3576
1.5624
1.7654
1.9664
2.1653
2.3618
2.5557
2.7467
2.9348
3.1197
3.3011
3.4791
3.6532
3.8235
3.9897
4.1517
4.3093
4.4624
4.6108
4.7545
4.8932
5.027
5.1556
5.279
5.3971
5.5098
5.6169
5.7186
5.8145
5.9048
5.9893
6.068
6.1408
6.2077
6.2687
6.3236
6.3726
6.4154
6.4522
6.4829
6.5075
6.5259
6.5382
6.5444
6.5444
6.5382
6.5259
6.5075
6.4829
6.4522
6.4154
6.3726
6.3236
6.2687
6.2077
6.1408
6.068
5.9893
5.9048
5.8145
5.7186
5.6169
5.5098
5.3971
5.279
5.1556
5.027
4.8932
4.7545
4.6108
4.4624
4.3093
4.1517
3.9897
3.8235
3.6532
3.4791
3.3011
3.1197
2.9348
2.7467
2.5557
2.3618
2.1653
1.9664
1.7654
1.5624
1.3576
1.1513
0.94376
0.73513
0.52569
0.31565
0.10526
-0.10496
-0.31413
-0.52321
-0.67169
-0.40328
-0.13475
0.13513
0.40523
0.67487
0.94376
1.2116
1.4781
1.7429
2.0057
2.2664
2.5245
2.7798
3.032
3.2809
3.5262
3.7676
4.005
4.238
4.4664
4.69
4.9086
5.1219
5.3299
5.5322
5.7287
5.9193
6.1037
6.2819
6.4536
6.6187
6.7771
6.9287
7.0734
7.211
7.3414
7.4646
7.5805
7.689
7.7901
7.8835
7.9694
8.0477
8.1182
8.181
8.2361
8.2833
8.3227
8.3542
8.3779
8.3937
8.4016
8.4016
8.3937
8.3779
8.3542
8.3227
8.2833
8.2361
8.181
8.1182
8.0477
7.9694
7.8835
7.7901
7.689
7.5805
7.4646
7.3414
7.211
7.0734
6.9287
6.7771
6.6187
6.4536
6.2819
6.1037
5.9193
5.7287
5.5322
5.3299
5.1219
4.9086
4.69
4.4664
4.238
4.005
3.7676
3.5262
3.2809
3.032
2.7798
2.5245
2.2664
2.0057
1.7429
1.4781
1.2116
0.94376
0.67487
0.40523
0.13513
-0.13475
-0.40328
-0.67169
-0.81942
-0.49197
-0.16439
0.16484
0.49435
0.8233
1.1513
1.4781
1.8031
2.1262
2.4469
2.7648
3.0797
3.3912
3.6989
4.0025
4.3017
4.5963
4.8858
5.17
5.4487
5.7215
5.9881
6.2484
6.5021
6.7489
6.9887
7.2211
7.4461
7.6635
7.8729
8.0744
8.2676
8.4526
8.629
8.7969
8.956
9.1064
9.2478
9.3801
9.5033
9.6174
9.7222
9.8176
9.9037
9.9803
10.047
10.105
10.153
10.192
10.221
10.24
10.249
10.249
10.24
10.221
10.192
10.153
10.105
10.047
9.9803
9.9037
9.8176
9.7222
9.6174
9.5033
9.3801
9.2478
9.1064
8.956
8.7969
8.629
8.4526
8.2676
8.0744
7.8729
7.6635
7.4461
7.2211
6.9887
6.7489
6.5021
6.2484
5.9881
5.7215
5.4487
5.17
4.8858
4.5963
4.3017
4.0025
3.6989
3.3912
3.0797
2.7648
2.4469
2.1262
1.8031
1.4781
1.1513
0.8233
0.49435
0.16484
-0.16439
-0.49197
-0.81942
-0.96623
-0.58011
-0.19384
0.19438
0.58292
0.9708
1.3576
1.7429
2.1262
2.5071
2.8853
3.2602
3.6315
3.9987
4.3616
4.7196
5.0725
5.4198
5.7612
6.0963
6.4249
6.7465
7.061
7.3679
7.667
7.9581
8.2408
8.5149
8.7802
9.0365
9.2835
9.521
9.7489
9.967
10.175
10.373
10.561
10.738
10.905
11.061
11.206
11.34
11.464
11.577
11.678
11.768
11.848
11.916
11.972
12.018
12.052
12.074
12.086
12.086
12.074
12.052
12.018
11.972
11.916
11.848
11.768
11.678
11.577
11.464
11.34
11.206
11.061
10.905
10.738
10.561
10.373
10.175
9.967
9.7489
9.521
9.2835
9.0365
8.7802
8.5149
8.2408
7.9581
7.667
7.3679
7.061
6.7465
6.4249
6.0963
5.7612
5.4198
5.0725
4.7196
4.3616
3.9987
3.6315
3.2602
2.8853
2.5071
2.1262
1.7429
1.3576
0.9708
0.58292
0.19438
-0.19384
-0.58011
-0.96623
-1.112
-0.66761
-0.22307
0.2237
0.67084
1.1172
1.5624
2.0057
2.4469
2.8853
3.3204
3.7519
4.1792
4.6018
5.0194
5.4314
5.8375
6.2372
6.6301
7.0158
7.3939
7.7641
8.126
8.4792
8.8234
9.1584
9.4837
9.7992
10.104
10.399
10.684
10.957
11.219
11.47
11.71
11.937
12.153
12.357
12.549
12.729
12.896
13.051
13.193
13.323
13.439
13.543
13.635
13.713
13.778
13.83
13.869
13.895
13.909
13.909
13.895
13.869
13.83
13.778
13.713
13.635
13.543
13.439
13.323
13.193
13.051
12.896
12.729
12.549
12.357
12.153
11.937
11.71
11.47
11.219
10.957
10.684
10.399
10.104
9.7992
9.4837
9.1584
8.8234
8.4792
8.126
7.7641
7.3939
7.0158
6.6301
6.2372
5.8375
5.4314
5.0194
4.6018
4.1792
3.7519
3.3204
2.8853
2.4469
2.0057
1.5624
1.1172
0.67084
0.2237
-0.22307
-0.66761
-1.112
-1.2565
-0.75436
-0.25206
0.25276
0.75801
1.2624
1.7654
2.2664
2.7648
3.2602
3.7519
4.2394
4.7222
5.1998
5.6716
6.1372
6.5961
7.0477
7.4916
7.9275
8.3547
8.773
9.1819
9.581
9.97
10.348
10.716
11.073
11.418
11.751
12.072
12.381
12.677
12.961
13.231
13.489
13.733
13.963
14.18
14.383
14.572
14.747
14.907
15.054
15.186
15.303
15.406
15.495
15.568
15.627
15.672
15.701
15.716
15.716
15.701
15.672
15.627
15.568
15.495
15.406
15.303
15.186
15.054
14.907
14.747
14.572
14.383
14.18
13.963
13.733
13.489
13.231
12.961
12.677
12.381
12.072
11.751
11.418
11.073
10.716
10.348
9.97
9.581
9.1819
8.773
8.3547
7.9275
7.4916
7.0477
6.5961
6.1372
5.6716
5.1998
4.7222
4.2394
3.7519
3.2602
2.7648
2.2664
1.7654
1.2624
0.75801
0.25276
-0.25206
-0.75436
-1.2565
-1.3995
-0.84027
-0.28077
0.28155
0.84434
1.4062
1.9664
2.5245
3.0797
3.6315
4.1792
4.7222
5.26
5.792
6.3176
6.8362
7.3473
7.8503
8.3448
8.8303
9.3062
9.7721
10.228
10.672
11.105
11.527
11.936
12.334
12.718
13.089
13.447
13.791
14.121
14.437
14.738
15.025
15.297
15.553
15.795
16.021
16.231
16.426
16.605
16.768
16.915
17.046
17.161
17.259
17.341
17.407
17.456
17.489
17.506
17.506
17.489
17.456
17.407
17.341
17.259
17.161
17.046
16.915
16.768
16.605
16.426
16.231
16.021
15.795
15.553
15.297
15.025
14.738
14.437
14.121
13.791
13.447
13.089
12.718
12.334
11.936
11.527
11.105
10.672
10.228
9.7721
9.3062
8.8303
8.3448
7.8503
7.3473
6.8362
6.3176
5.792
5.26
4.7222
4.1792
3.6315
3.0797
2.5245
1.9664
1.4062
0.84434
0.28155
-0.28077
-0.84027
-1.3995
-1.5411
-0.92525
-0.30916
0.31003
0.92973
1.5484
2.1653
2.7798
3.3912
3.9987
4.6018
5.1998
5.792
6.3778
6.9565
7.5275
8.0903
8.6443
9.1888
9.7233
10.247
10.76
11.262
11.751
12.229
12.693
13.144
13.581
14.004
14.413
14.807
15.186
15.549
15.897
16.229
16.544
16.844
17.126
17.392
17.641
17.873
18.088
18.285
18.464
18.626
18.77
18.896
19.005
19.095
19.167
19.222
19.258
19.276
19.276
19.258
19.222
19.167
19.095
19.005
18.896
18.77
18.626
18.464
18.285
18.088
17.873
17.641
17.392
17.126
16.844
16.544
16.229
15.897
15.549
15.186
14.807
14.413
14.004
13.581
13.144
12.693
12.229
11.751
11.262
10.76
10.247
9.7233
9.1888
8.6443
8.0903
7.5275
6.9565
6.3778
5.792
5.1998
4.6018
3.9987
3.3912
2.7798
2.1653
1.5484
0.92973
0.31003
-0.30916
-0.92525
-1.5411
-1.6809
-1.0092
-0.33722
0.33816
1.0141
1.6889
2.3618
3.032
3.6989
4.3616
5.0194
5.6716
6.3176
6.9565
7.5877
8.2106
8.8244
9.4286
10.023
10.606
11.177
11.737
12.284
12.818
13.338
13.844
14.336
14.813
15.275
15.721
16.15
16.563
16.96
17.339
17.701
18.046
18.372
18.68
18.971
19.242
19.495
19.729
19.944
20.14
20.316
20.473
20.611
20.729
20.828
20.907
20.966
21.006
21.025
21.025
21.006
20.966
20.907
20.828
20.729
20.611
20.473
20.316
20.14
19.944
19.729
19.495
19.242
18.971
18.68
18.372
18.046
17.701
17.339
16.96
16.563
16.15
15.721
15.275
14.813
14.336
13.844
13.338
12.818
12.284
11.737
11.177
10.606
10.023
9.4286
8.8244
8.2106
7.5877
6.9565
6.3176
5.6716
5.0194
4.3616
3.6989
3.032
2.3618
1.6889
1.0141
0.33816
-0.33722
-1.0092
-1.6809
-1.8189
-1.0921
-0.3649
0.36592
1.0973
1.8275
2.5557
3.2809
4.0025
4.7196
5.4314
6.1372
6.8362
7.5275
8.2106
8.8846
9.5488
10.203
10.845
11.476
12.095
12.7
13.292
13.87
14.433
14.981
15.513
16.029
16.529
17.011
17.476
17.923
18.352
18.763
19.154
19.527
19.88
20.214
20.528
20.822
21.095
21.348
21.581
21.793
21.984
22.154
22.303
22.431
22.538
22.623
22.687
22.73
22.751
22.751
22.73
22.687
22.623
22.538
22.431
22.303
22.154
21.984
21.793
21.581
21.348
21.095
20.822
20.528
20.214
19.88
19.527
19.154
18.763
18.352
17.923
17.476
17.011
16.529
16.029
15.513
14.981
14.433
13.87
13.292
12.7
12.095
11.476
10.845
10.203
9.5488
8.8846
8.2106
7.5275
6.8362
6.1372
5.4314
4.7196
4.0025
3.2809
2.5557
1.8275
1.0973
0.36592
-0.3649
-1.0921
-1.8189
-1.9549
-1.1737
-0.39218
0.39327
1.1794
1.9642
2.7467
3.5262
4.3017
5.0725
5.8375
6.5961
7.3473
8.0903
8.8244
9.5488
10.263
10.965
11.656
12.334
12.999
13.65
14.286
14.907
15.512
16.101
16.673
17.228
17.764
18.283
18.783
19.263
19.724
20.165
20.586
20.987
21.367
21.725
22.063
22.378
22.672
22.944
23.194
23.422
23.627
23.81
23.97
24.108
24.223
24.314
24.383
24.429
24.452
24.452
24.429
24.383
24.314
24.223
24.108
23.97
23.81
23.627
23.422
23.194
22.944
22.672
22.378
22.063
21.725
21.367
20.987
20.586
20.165
19.724
19.263
18.783
18.283
17.764
17.228
16.673
16.101
15.512
14.907
14.286
13.65
12.999
12.334
11.656
10.965
10.263
9.5488
8.8244
8.0903
7.3473
6.5961
5.8375
5.0725
4.3017
3.5262
2.7467
1.9642
1.1794
0.39327
-0.39218
-1.1737
-1.9549
-2.0888
-1.2541
-0.41903
0.4202
1.2601
2.0986
2.9348
3.7676
4.5963
5.4198
6.2372
7.0477
7.8503
8.6443
9.4286
10.203
10.965
11.716
12.454
13.179
13.889
14.584
15.264
15.928
16.574
17.203
17.815
18.407
18.981
19.535
20.069
20.582
21.075
21.546
21.996
22.424
22.83
23.213
23.573
23.911
24.225
24.515
24.782
25.026
25.245
25.44
25.612
25.759
25.881
25.979
26.053
26.102
26.126
26.126
26.102
26.053
25.979
25.881
25.759
25.612
25.44
25.245
25.026
24.782
24.515
24.225
23.911
23.573
23.213
22.83
22.424
21.996
21.546
21.075
20.582
20.069
19.535
18.981
18.407
17.815
17.203
16.574
15.928
15.264
14.584
13.889
13.179
12.454
11.716
10.965
10.203
9.4286
8.6443
7.8503
7.0477
6.2372
5.4198
4.5963
3.7676
2.9348
2.0986
1.2601
0.4202
-0.41903
-1.2541
-2.0888
-2.2203
-1.3331
-0.44543
0.44667
1.3395
2.2308
3.1197
4.005
4.8858
5.7612
6.6301
7.4916
8.3448
9.1888
10.023
10.845
11.656
12.454
13.239
14.009
14.764
15.503
16.226
16.931
17.618
18.287
18.937
19.567
20.176
20.765
21.333
21.879
22.402
22.903
23.382
23.836
24.268
24.675
25.058
25.417
25.751
26.06
26.344
26.602
26.835
27.043
27.225
27.381
27.511
27.616
27.694
27.746
27.772
27.772
27.746
27.694
27.616
27.511
27.381
27.225
27.043
26.835
26.602
26.344
26.06
25.751
25.417
25.058
24.675
24.268
23.836
23.382
22.903
22.402
21.879
21.333
20.765
20.176
19.567
18.937
18.287
17.618
16.931
16.226
15.503
14.764
14.009
13.239
12.454
11.656
10.845
10.023
9.1888
8.3448
7.4916
6.6301
5.7612
4.8858
4.005
3.1197
2.2308
1.3395
0.44667
-0.44543
-1.3331
-2.2203
-2.3495
-1.4106
-0.47134
0.47265
1.4174
2.3606
3.3011
4.238
5.17
6.0963
7.0158
7.9275
8.8303
9.7233
10.606
11.476
12.334
13.179
14.009
14.824
15.623
16.405
17.17
17.916
18.643
19.351
20.038
20.705
21.35
21.973
22.574
23.151
23.705
24.236
24.742
25.223
25.679
26.11
26.516
26.895
27.249
27.576
27.876
28.15
28.397
28.616
28.809
28.974
29.112
29.222
29.305
29.36
29.388
29.388
29.36
29.305
29.222
29.112
28.974
28.809
28.616
28.397
28.15
27.876
27.576
27.249
26.895
26.516
26.11
25.679
25.223
24.742
24.236
23.705
23.151
22.574
21.973
21.35
20.705
20.038
19.351
18.643
17.916
17.17
16.405
15.623
14.824
14.009
13.179
12.334
11.476
10.606
9.7233
8.8303
7.9275
7.0158
6.0963
5.17
4.238
3.3011
2.3606
1.4174
0.47265
-0.47134
-1.4106
-2.3495
-2.4761
-1.4866
-0.49674
0.49813
1.4938
2.4878
3.4791
4.4664
5.4487
6.4249
7.3939
8.3547
9.3062
10.247
11.177
12.095
12.999
13.889
14.764
15.623
16.465
17.289
18.095
18.881
19.648
20.394
21.118
21.821
22.501
23.157
23.79
24.399
24.983
25.542
26.075
26.582
27.063
27.518
27.945
28.345
28.717
29.062
29.379
29.667
29.927
30.159
30.361
30.536
30.681
30.797
30.884
30.943
30.972
30.972
30.943
30.884
30.797
30.681
30.536
30.361
30.159
29.927
29.667
29.379
29.062
28.717
28.345
27.945
27.518
27.063
26.582
26.075
25.542
24.983
24.399
23.79
23.157
22.501
21.821
21.118
20.394
19.648
18.881
18.095
17.289
16.465
15.623
14.764
13.889
12.999
12.095
11.177
10.247
9.3062
8.3547
7.3939
6.4249
5.4487
4.4664
3.4791
2.4878
1.4938
0.49813
-0.49674
-1.4866
-2.4761
-2.6001
-1.5611
-0.52161
0.52307
1.5686
2.6124
3.6532
4.69
5.7215
6.7465
7.7641
8.773
9.7721
10.76
11.737
12.7
13.65
14.584
15.503
16.405
17.289
18.155
19.001
19.827
20.632
21.415
22.176
22.913
23.627
24.317
24.981
25.621
26.234
26.821
27.381
27.913
28.418
28.895
29.344
29.764
30.155
30.517
30.849
31.152
31.425
31.668
31.881
32.064
32.217
32.339
32.431
32.492
32.522
32.522
32.492
32.431
32.339
32.217
32.064
31.881
31.668
31.425
31.152
30.849
30.517
30.155
29.764
29.344
28.895
28.418
27.913
27.381
26.821
26.234
25.621
24.981
24.317
23.627
22.913
22.176
21.415
20.632
19.827
19.001
18.155
17.289
16.405
15.503
14.584
13.65
12.7
11.737
10.76
9.7721
8.773
7.7641
6.7465
5.7215
4.69
3.6532
2.6124
1.5686
0.52307
-0.52161
-1.5611
-2.6001
-2.7213
-1.6338
-0.54592
0.54745
1.6417
2.7341
3.8235
4.9086
5.9881
7.061
8.126
9.1819
10.228
11.262
12.284
13.292
14.286
15.264
16.226
17.17
18.095
19.001
19.886
20.751
21.593
22.413
23.209
23.981
24.728
25.45
26.146
26.815
27.457
28.071
28.657
29.214
29.743
30.242
30.712
31.151
31.56
31.939
32.287
32.604
32.89
33.144
33.367
33.559
33.718
33.846
33.942
34.006
34.038
34.038
34.006
33.942
33.846
33.718
33.559
33.367
33.144
32.89
32.604
32.287
31.939
31.56
31.151
30.712
30.242
29.743
29.214
28.657
28.071
27.457
26.815
26.146
25.45
24.728
23.981
23.209
22.413
21.593
20.751
19.886
19.001
18.095
17.17
16.226
15.264
14.286
13.292
12.284
11.262
10.228
9.1819
8.126
7.061
5.9881
4.9086
3.8235
2.7341
1.6417
0.54745
-0.54592
-1.6338
-2.7213
-2.8396
-1.7048
-0.56965
0.57124
1.7131
2.853
3.9897
5.1219
6.2484
7.3679
8.4792
9.581
10.672
11.751
12.818
13.87
14.907
15.928
16.931
17.916
18.881
19.827
20.751
21.653
22.532
23.387
24.218
25.024
25.803
26.556
27.282
27.98
28.65
29.291
29.902
30.484
31.036
31.557
32.047
32.505
32.932
33.328
33.691
34.021
34.32
34.585
34.818
35.018
35.184
35.317
35.418
35.484
35.518
35.518
35.484
35.418
35.317
35.184
35.018
34.818
34.585
34.32
34.021
33.691
33.328
32.932
32.505
32.047
31.557
31.036
30.484
29.902
29.291
28.65
27.98
27.282
26.556
25.803
25.024
24.218
23.387
22.532
21.653
20.751
19.827
18.881
17.916
16.931
15.928
14.907
13.87
12.818
11.751
10.672
9.581
8.4792
7.3679
6.2484
5.1219
3.9897
2.853
1.7131
0.57124
-0.56965
-1.7048
-2.8396
-2.9548
-1.7741
-0.59278
0.59443
1.7826
2.9688
4.1517
5.3299
6.5021
7.667
8.8234
9.97
11.105
12.229
13.338
14.433
15.512
16.574
17.618
18.643
19.648
20.632
21.593
22.532
23.447
24.337
25.201
26.04
26.851
27.635
28.39
29.116
29.813
30.48
31.116
31.722
32.296
32.838
33.348
33.825
34.269
34.681
35.058
35.403
35.713
35.989
36.231
36.439
36.612
36.751
36.855
36.925
36.96
36.96
36.925
36.855
36.751
36.612
36.439
36.231
35.989
35.713
35.403
35.058
34.681
34.269
33.825
33.348
32.838
32.296
31.722
31.116
30.48
29.813
29.116
28.39
27.635
26.851
26.04
25.201
24.337
23.447
22.532
21.593
20.632
19.648
18.643
17.618
16.574
15.512
14.433
13.338
12.229
11.105
9.97
8.8234
7.667
6.5021
5.3299
4.1517
2.9688
1.7826
0.59443
-0.59278
-1.7741
-2.9548
-3.067
-1.8414
-0.61528
0.617
1.8503
3.0815
4.3093
5.5322
6.7489
7.9581
9.1584
10.348
11.527
12.693
13.844
14.981
16.101
17.203
18.287
19.351
20.394
21.415
22.413
23.387
24.337
25.261
26.158
27.028
27.87
28.684
29.468
30.222
30.945
31.637
32.298
32.926
33.522
34.084
34.614
35.109
35.57
35.997
36.389
36.747
37.069
37.355
37.607
37.822
38.002
38.146
38.254
38.327
38.363
38.363
38.327
38.254
38.146
38.002
37.822
37.607
37.355
37.069
36.747
36.389
35.997
35.57
35.109
34.614
34.084
33.522
32.926
32.298
31.637
30.945
30.222
29.468
28.684
27.87
27.028
26.158
25.261
24.337
23.387
22.413
21.415
20.394
19.351
18.287
17.203
16.101
14.981
13.844
12.693
11.527
10.348
9.1584
7.9581
6.7489
5.5322
4.3093
3.0815
1.8503
0.617
-0.61528
-1.8414
-3.067
-3.176
-1.9068
-0.63714
0.63892
1.916
3.191
4.4624
5.7287
6.9887
8.2408
9.4837
10.716
11.936
13.144
14.336
15.513
16.673
17.815
18.937
20.038
21.118
22.176
23.209
24.218
25.201
26.158
27.087
27.988
28.86
29.703
30.514
31.295
32.044
32.761
33.445
34.096
34.713
35.295
35.843
36.356
36.834
37.276
37.682
38.052
38.386
38.683
38.943
39.166
39.352
39.502
39.613
39.688
39.725
39.725
39.688
39.613
39.502
39.352
39.166
38.943
38.683
38.386
38.052
37.682
37.276
36.834
36.356
35.843
35.295
34.713
34.096
33.445
32.761
32.044
31.295
30.514
29.703
28.86
27.988
27.087
26.158
25.201
24.218
23.209
22.176
21.118
20.038
18.937
17.815
16.673
15.513
14.336
13.144
11.936
10.716
9.4837
8.2408
6.9887
5.7287
4.4624
3.191
1.916
0.63892
-0.63714
-1.9068
-3.176
-3.2816
-1.9702
-0.65833
0.66017
1.9798
3.2971
4.6108
5.9193
7.2211
8.5149
9.7992
11.073
12.334
13.581
14.813
16.029
17.228
18.407
19.567
20.705
21.821
22.913
23.981
25.024
26.04
27.028
27.988
28.919
29.82
30.691
31.529
32.336
33.11
33.851
34.558
35.23
35.867
36.469
37.035
37.566
38.059
38.516
38.935
39.318
39.662
39.969
40.238
40.469
40.661
40.816
40.931
41.008
41.047
41.047
41.008
40.931
40.816
40.661
40.469
40.238
39.969
39.662
39.318
38.935
38.516
38.059
37.566
37.035
36.469
35.867
35.23
34.558
33.851
33.11
32.336
31.529
30.691
29.82
28.919
27.988
27.028
26.04
25.024
23.981
22.913
21.821
20.705
19.567
18.407
17.228
16.029
14.813
13.581
12.334
11.073
9.7992
8.5149
7.2211
5.9193
4.6108
3.2971
1.9798
0.66017
-0.65833
-1.9702
-3.2816
-3.3839
-2.0316
-0.67885
0.68074
2.0414
3.3999
4.7545
6.1037
7.4461
8.7802
10.104
11.418
12.718
14.004
15.275
16.529
17.764
18.981
20.176
21.35
22.501
23.627
24.728
25.803
26.851
27.87
28.86
29.82
30.749
31.647
32.512
33.344
34.142
34.906
35.634
36.328
36.985
37.606
38.189
38.736
39.245
39.716
40.149
40.543
40.898
41.215
41.492
41.73
41.928
42.087
42.207
42.286
42.326
42.326
42.286
42.207
42.087
41.928
41.73
41.492
41.215
40.898
40.543
40.149
39.716
39.245
38.736
38.189
37.606
36.985
36.328
35.634
34.906
34.142
33.344
32.512
31.647
30.749
29.82
28.86
27.87
26.851
25.803
24.728
23.627
22.501
21.35
20.176
18.981
17.764
16.529
15.275
14.004
12.718
11.418
10.104
8.7802
7.4461
6.1037
4.7545
3.3999
2.0414
0.68074
-0.67885
-2.0316
-3.3839
-3.4826
-2.0909
-0.69866
0.70061
2.101
3.4991
4.8932
6.2819
7.6635
9.0365
10.399
11.751
13.089
14.413
15.721
17.011
18.283
19.535
20.765
21.973
23.157
24.317
25.45
26.556
27.635
28.684
29.703
30.691
31.647
32.57
33.461
34.317
35.138
35.924
36.674
37.388
38.064
38.703
39.304
39.867
40.39
40.875
41.32
41.726
42.092
42.417
42.703
42.948
43.152
43.316
43.438
43.52
43.561
43.561
43.52
43.438
43.316
43.152
42.948
42.703
42.417
42.092
41.726
41.32
40.875
40.39
39.867
39.304
38.703
38.064
37.388
36.674
35.924
35.138
34.317
33.461
32.57
31.647
30.691
29.703
28.684
27.635
26.556
25.45
24.317
23.157
21.973
20.765
19.535
18.283
17.011
15.721
14.413
13.089
11.751
10.399
9.0365
7.6635
6.2819
4.8932
3.4991
2.101
0.70061
-0.69866
-2.0909
-3.4826
-3.5778
-2.1481
-0.71775
0.71976
2.1585
3.5947
5.027
6.4536
7.8729
9.2835
10.684
12.072
13.447
14.807
16.15
17.476
18.783
20.069
21.333
22.574
23.79
24.981
26.146
27.282
28.39
29.468
30.514
31.529
32.512
33.461
34.375
35.255
36.099
36.906
37.677
38.41
39.105
39.761
40.378
40.956
41.494
41.992
42.45
42.867
43.242
43.577
43.87
44.122
44.332
44.5
44.626
44.71
44.752
44.752
44.71
44.626
44.5
44.332
44.122
43.87
43.577
43.242
42.867
42.45
41.992
41.494
40.956
40.378
39.761
39.105
38.41
37.677
36.906
36.099
35.255
34.375
33.461
32.512
31.529
30.514
29.468
28.39
27.282
26.146
24.981
23.79
22.574
21.333
20.069
18.783
17.476
16.15
14.807
13.447
12.072
10.684
9.2835
7.8729
6.4536
5.027
3.5947
2.1585
0.71976
-0.71775
-2.1481
-3.5778
-3.6693
-2.203
-0.73612
0.73817
2.2137
3.6867
5.1556
6.6187
8.0744
9.521
10.957
12.381
13.791
15.186
16.563
17.923
19.263
20.582
21.879
23.151
24.399
25.621
26.815
27.98
29.116
30.222
31.295
32.336
33.344
34.317
35.255
36.157
37.022
37.851
38.641
39.393
40.105
40.778
41.411
42.004
42.556
43.067
43.536
43.963
44.349
44.692
44.993
45.251
45.466
45.638
45.768
45.854
45.897
45.897
45.854
45.768
45.638
45.466
45.251
44.993
44.692
44.349
43.963
43.536
43.067
42.556
42.004
41.411
40.778
40.105
39.393
38.641
37.851
37.022
36.157
35.255
34.317
33.344
32.336
31.295
30.222
29.116
27.98
26.815
25.621
24.399
23.151
21.879
20.582
19.263
17.923
16.563
15.186
13.791
12.381
10.957
9.521
8.0744
6.6187
5.1556
3.6867
2.2137
0.73817
-0.73612
-2.203
-3.6693
-3.7572
-2.2558
-0.75374
0.75584
2.2667
3.775
5.279
6.7771
8.2676
9.7489
11.219
12.677
14.121
15.549
16.96
18.352
19.724
21.075
22.402
23.705
24.983
26.234
27.457
28.65
29.813
30.945
32.044
33.11
34.142
35.138
36.099
37.022
37.909
38.757
39.566
40.335
41.065
41.754
42.403
43.01
43.575
44.098
44.578
45.016
45.41
45.762
46.07
46.334
46.554
46.731
46.863
46.951
46.996
46.996
46.951
46.863
46.731
46.554
46.334
46.07
45.762
45.41
45.016
44.578
44.098
43.575
43.01
42.403
41.754
41.065
40.335
39.566
38.757
37.909
37.022
36.099
35.138
34.142
33.11
32.044
30.945
29.813
28.65
27.457
26.234
24.983
23.705
22.402
21.075
19.724
18.352
16.96
15.549
14.121
12.677
11.219
9.7489
8.2676
6.7771
5.279
3.775
2.2667
0.75584
-0.75374
-2.2558
-3.7572
-3.8412
-2.3062
-0.7706
0.77275
2.3174
3.8594
5.3971
6.9287
8.4526
9.967
11.47
12.961
14.437
15.897
17.339
18.763
20.165
21.546
22.903
24.236
25.542
26.821
28.071
29.291
30.48
31.637
32.761
33.851
34.906
35.924
36.906
37.851
38.757
39.623
40.451
41.238
41.984
42.688
43.351
43.972
44.549
45.084
45.575
46.023
46.426
46.785
47.1
47.37
47.595
47.776
47.911
48.002
48.047
48.047
48.002
47.911
47.776
47.595
47.37
47.1
46.785
46.426
46.023
45.575
45.084
44.549
43.972
43.351
42.688
41.984
41.238
40.451
39.623
38.757
37.851
36.906
35.924
34.906
33.851
32.761
31.637
30.48
29.291
28.071
26.821
25.542
24.236
22.903
21.546
20.165
18.763
17.339
15.897
14.437
12.961
11.47
9.967
8.4526
6.9287
5.3971
3.8594
2.3174
0.77275
-0.7706
-2.3062
-3.8412
-3.9214
-2.3544
-0.78669
0.78888
2.3658
3.94
5.5098
7.0734
8.629
10.175
11.71
13.231
14.738
16.229
17.701
19.154
20.586
21.996
23.382
24.742
26.075
27.381
28.657
29.902
31.116
32.298
33.445
34.558
35.634
36.674
37.677
38.641
39.566
40.451
41.295
42.099
42.86
43.58
44.256
44.89
45.479
46.025
46.527
46.983
47.395
47.762
48.083
48.359
48.589
48.773
48.912
49.004
49.05
49.05
49.004
48.912
48.773
48.589
48.359
48.083
47.762
47.395
46.983
46.527
46.025
45.479
44.89
44.256
43.58
42.86
42.099
41.295
40.451
39.566
38.641
37.677
36.674
35.634
34.558
33.445
32.298
31.116
29.902
28.657
27.381
26.075
24.742
23.382
21.996
20.586
19.154
17.701
16.229
14.738
13.231
11.71
10.175
8.629
7.0734
5.5098
3.94
2.3658
0.78888
-0.78669
-2.3544
-3.9214
-3.9977
-2.4002
-0.80199
0.80423
2.4118
4.0166
5.6169
7.211
8.7969
10.373
11.937
13.489
15.025
16.544
18.046
19.527
20.987
22.424
23.836
25.223
26.582
27.913
29.214
30.484
31.722
32.926
34.096
35.23
36.328
37.388
38.41
39.393
40.335
41.238
42.099
42.918
43.694
44.427
45.117
45.763
46.364
46.921
47.432
47.898
48.317
48.691
49.019
49.3
49.534
49.722
49.863
49.957
50.004
50.004
49.957
49.863
49.722
49.534
49.3
49.019
48.691
48.317
47.898
47.432
46.921
46.364
45.763
45.117
44.427
43.694
42.918
42.099
41.238
40.335
39.393
38.41
37.388
36.328
35.23
34.096
32.926
31.722
30.484
29.214
27.913
26.582
25.223
23.836
22.424
20.987
19.527
18.046
16.544
15.025
13.489
11.937
10.373
8.7969
7.211
5.6169
4.0166
2.4118
0.80423
-0.80199
-2.4002
-3.9977
-4.07
-2.4436
-0.8165
0.81878
2.4554
4.0893
5.7186
7.3414
8.956
10.561
12.153
13.733
15.297
16.844
18.372
19.88
21.367
22.83
24.268
25.679
27.063
28.418
29.743
31.036
32.296
33.522
34.713
35.867
36.985
38.064
39.105
40.105
41.065
41.984
42.86
43.694
44.485
45.231
45.933
46.591
47.203
47.77
48.29
48.764
49.192
49.572
49.906
50.192
50.431
50.622
50.765
50.861
50.909
50.909
50.861
50.765
50.622
50.431
50.192
49.906
49.572
49.192
48.764
48.29
47.77
47.203
46.591
45.933
45.231
44.485
43.694
42.86
41.984
41.065
40.105
39.105
38.064
36.985
35.867
34.713
33.522
32.296
31.036
29.743
28.418
27.063
25.679
24.268
22.83
21.367
19.88
18.372
16.844
15.297
13.733
12.153
10.561
8.956
7.3414
5.7186
4.0893
2.4554
0.81878
-0.8165
-2.4436
-4.07
-4.1383
-2.4846
-0.8302
0.83252
2.4966
4.1579
5.8145
7.4646
9.1064
10.738
12.357
13.963
15.553
17.126
18.68
20.214
21.725
23.213
24.675
26.11
27.518
28.895
30.242
31.557
32.838
34.084
35.295
36.469
37.606
38.703
39.761
40.778
41.754
42.688
43.58
44.427
45.231
45.99
46.704
47.373
47.995
48.571
49.1
49.583
50.017
50.404
50.743
51.034
51.277
51.471
51.617
51.715
51.763
51.763
51.715
51.617
51.471
51.277
51.034
50.743
50.404
50.017
49.583
49.1
48.571
47.995
47.373
46.704
45.99
45.231
44.427
43.58
42.688
41.754
40.778
39.761
38.703
37.606
36.469
35.295
34.084
32.838
31.557
30.242
28.895
27.518
26.11
24.675
23.213
21.725
20.214
18.68
17.126
15.553
13.963
12.357
10.738
9.1064
7.4646
5.8145
4.1579
2.4966
0.83252
-0.8302
-2.4846
-4.1383
-4.2026
-2.5232
-0.84309
0.84544
2.5354
4.2225
5.9048
7.5805
9.2478
10.905
12.549
14.18
15.795
17.392
18.971
20.528
22.063
23.573
25.058
26.516
27.945
29.344
30.712
32.047
33.348
34.614
35.843
37.035
38.189
39.304
40.378
41.411
42.403
43.351
44.256
45.117
45.933
46.704
47.43
48.108
48.74
49.325
49.863
50.352
50.794
51.187
51.531
51.827
52.073
52.271
52.419
52.517
52.567
52.567
52.517
52.419
52.271
52.073
51.827
51.531
51.187
50.794
50.352
49.863
49.325
48.74
48.108
47.43
46.704
45.933
45.117
44.256
43.351
42.403
41.411
40.378
39.304
38.189
37.035
35.843
34.614
33.348
32.047
30.712
29.344
27.945
26.516
25.058
23.573
22.063
20.528
18.971
17.392
15.795
14.18
12.549
10.905
9.2478
7.5805
5.9048
4.2225
2.5354
0.84544
-0.84309
-2.5232
-4.2026
-4.2627
-2.5593
-0.85516
0.85755
2.5717
4.2829
5.9893
7.689
9.3801
11.061
12.729
14.383
16.021
17.641
19.242
20.822
22.378
23.911
25.417
26.895
28.345
29.764
31.151
32.505
33.825
35.109
36.356
37.566
38.736
39.867
40.956
42.004
43.01
43.972
44.89
45.763
46.591
47.373
48.108
48.797
49.438
50.031
50.576
51.073
51.521
51.919
52.269
52.568
52.818
53.019
53.169
53.269
53.319
53.319
53.269
53.169
53.019
52.818
52.568
52.269
51.919
51.521
51.073
50.576
50.031
49.438
48.797
48.108
47.373
46.591
45.763
44.89
43.972
43.01
42.004
40.956
39.867
38.736
37.566
36.356
35.109
33.825
32.505
31.151
29.764
28.345
26.895
25.417
23.911
22.378
20.822
19.242
17.641
16.021
14.383
12.729
11.061
9.3801
7.689
5.9893
4.2829
2.5717
0.85755
-0.85516
-2.5593
-4.2627
-4.3187
-2.5929
-0.8664
0.86881
2.6055
4.3392
6.068
7.7901
9.5033
11.206
12.896
14.572
16.231
17.873
19.495
21.095
22.672
24.225
25.751
27.249
28.717
30.155
31.56
32.932
34.269
35.57
36.834
38.059
39.245
40.39
41.494
42.556
43.575
44.549
45.479
46.364
47.203
47.995
48.74
49.438
50.088
50.689
51.241
51.744
52.198
52.602
52.955
53.259
53.512
53.715
53.868
53.969
54.02
54.02
53.969
53.868
53.715
53.512
53.259
52.955
52.602
52.198
51.744
51.241
50.689
50.088
49.438
48.74
47.995
47.203
46.364
45.479
44.549
43.575
42.556
41.494
40.39
39.245
38.059
36.834
35.57
34.269
32.932
31.56
30.155
28.717
27.249
25.751
24.225
22.672
21.095
19.495
17.873
16.231
14.572
12.896
11.206
9.5033
7.7901
6.068
4.3392
2.6055
0.86881
-0.8664
-2.5929
-4.3187
-4.3706
-2.624
-0.87679
0.87924
2.6367
4.3912
6.1408
7.8835
9.6174
11.34
13.051
14.747
16.426
18.088
19.729
21.348
22.944
24.515
26.06
27.576
29.062
30.517
31.939
33.328
34.681
35.997
37.276
38.516
39.716
40.875
41.992
43.067
44.098
45.084
46.025
46.921
47.77
48.571
49.325
50.031
50.689
51.297
51.856
52.365
52.824
53.233
53.591
53.898
54.155
54.36
54.514
54.617
54.668
54.668
54.617
54.514
54.36
54.155
53.898
53.591
53.233
52.824
52.365
51.856
51.297
50.689
50.031
49.325
48.571
47.77
46.921
46.025
45.084
44.098
43.067
41.992
40.875
39.716
38.516
37.276
35.997
34.681
33.328
31.939
30.517
29.062
27.576
26.06
24.515
22.944
21.348
19.729
18.088
16.426
14.747
13.051
11.34
9.6174
7.8835
6.1408
4.3912
2.6367
0.87924
-0.87679
-2.624
-4.3706
-4.4182
-2.6526
-0.88635
0.88882
2.6655
4.4391
6.2077
7.9694
9.7222
11.464
13.193
14.907
16.605
18.285
19.944
21.581
23.194
24.782
26.344
27.876
29.379
30.849
32.287
33.691
35.058
36.389
37.682
38.935
40.149
41.32
42.45
43.536
44.578
45.575
46.527
47.432
48.29
49.1
49.863
50.576
51.241
51.856
52.421
52.936
53.4
53.813
54.175
54.486
54.745
54.952
55.108
55.212
55.264
55.264
55.212
55.108
54.952
54.745
54.486
54.175
53.813
53.4
52.936
52.421
51.856
51.241
50.576
49.863
49.1
48.29
47.432
46.527
45.575
44.578
43.536
42.45
41.32
40.149
38.935
37.682
36.389
35.058
33.691
32.287
30.849
29.379
27.876
26.344
24.782
23.194
21.581
19.944
18.285
16.605
14.907
13.193
11.464
9.7222
7.9694
6.2077
4.4391
2.6655
0.88882
-0.88635
-2.6526
-4.4182
-4.4616
-2.6787
-0.89505
0.89754
2.6916
4.4827
6.2687
8.0477
9.8176
11.577
13.323
15.054
16.768
18.464
20.14
21.793
23.422
25.026
26.602
28.15
29.667
31.152
32.604
34.021
35.403
36.747
38.052
39.318
40.543
41.726
42.867
43.963
45.016
46.023
46.983
47.898
48.764
49.583
50.352
51.073
51.744
52.365
52.936
53.455
53.924
54.341
54.707
55.02
55.282
55.492
55.649
55.754
55.806
55.806
55.754
55.649
55.492
55.282
55.02
54.707
54.341
53.924
53.455
52.936
52.365
51.744
51.073
50.352
49.583
48.764
47.898
46.983
46.023
45.016
43.963
42.867
41.726
40.543
39.318
38.052
36.747
35.403
34.021
32.604
31.152
29.667
28.15
26.602
25.026
23.422
21.793
20.14
18.464
16.768
15.054
13.323
11.577
9.8176
8.0477
6.2687
4.4827
2.6916
0.89754
-0.89505
-2.6787
-4.4616
-4.5007
-2.7022
-0.90289
0.90541
2.7152
4.522
6.3236
8.1182
9.9037
11.678
13.439
15.186
16.915
18.626
20.316
21.984
23.627
25.245
26.835
28.397
29.927
31.425
32.89
34.32
35.713
37.069
38.386
39.662
40.898
42.092
43.242
44.349
45.41
46.426
47.395
48.317
49.192
50.017
50.794
51.521
52.198
52.824
53.4
53.924
54.397
54.818
55.186
55.503
55.767
55.978
56.137
56.243
56.296
56.296
56.243
56.137
55.978
55.767
55.503
55.186
54.818
54.397
53.924
53.4
52.824
52.198
51.521
50.794
50.017
49.192
48.317
47.395
46.426
45.41
44.349
43.242
42.092
40.898
39.662
38.386
37.069
35.713
34.32
32.89
31.425
29.927
28.397
26.835
25.245
23.627
21.984
20.316
18.626
16.915
15.186
13.439
11.678
9.9037
8.1182
6.3236
4.522
2.7152
0.90541
-0.90289
-2.7022
-4.5007
-4.5355
-2.7231
-0.90988
0.91242
2.7362
4.557
6.3726
8.181
9.9803
11.768
13.543
15.303
17.046
18.77
20.473
22.154
23.81
25.44
27.043
28.616
30.159
31.668
33.144
34.585
35.989
37.355
38.683
39.969
41.215
42.417
43.577
44.692
45.762
46.785
47.762
48.691
49.572
50.404
51.187
51.919
52.602
53.233
53.813
54.341
54.818
55.242
55.613
55.932
56.198
56.411
56.571
56.678
56.731
56.731
56.678
56.571
56.411
56.198
55.932
55.613
55.242
54.818
54.341
53.813
53.233
52.602
51.919
51.187
50.404
49.572
48.691
47.762
46.785
45.762
44.692
43.577
42.417
41.215
39.969
38.683
37.355
35.989
34.585
33.144
31.668
30.159
28.616
27.043
25.44
23.81
22.154
20.473
18.77
17.046
15.303
13.543
11.768
9.9803
8.181
6.3726
4.557
2.7362
0.91242
-0.90988
-2.7231
-4.5355
-4.566
-2.7414
-0.916
0.91856
2.7546
4.5876
6.4154
8.2361
10.047
11.848
13.635
15.406
17.161
18.896
20.611
22.303
23.97
25.612
27.225
28.809
30.361
31.881
33.367
34.818
36.231
37.607
38.943
40.238
41.492
42.703
43.87
44.993
46.07
47.1
48.083
49.019
49.906
50.743
51.531
52.269
52.955
53.591
54.175
54.707
55.186
55.613
55.987
56.308
56.576
56.791
56.952
57.059
57.113
57.113
57.059
56.952
56.791
56.576
56.308
55.987
55.613
55.186
54.707
54.175
53.591
52.955
52.269
51.531
50.743
49.906
49.019
48.083
47.1
46.07
44.993
43.87
42.703
41.492
40.238
38.943
37.607
36.231
34.818
33.367
31.881
30.361
28.809
27.225
25.612
23.97
22.303
20.611
18.896
17.161
15.406
13.635
11.848
10.047
8.2361
6.4154
4.5876
2.7546
0.91856
-0.916
-2.7414
-4.566
-4.5922
-2.7571
-0.92125
0.92382
2.7704
4.6139
6.4522
8.2833
10.105
11.916
13.713
15.495
17.259
19.005
20.729
22.431
24.108
25.759
27.381
28.974
30.536
32.064
33.559
35.018
36.439
37.822
39.166
40.469
41.73
42.948
44.122
45.251
46.334
47.37
48.359
49.3
50.192
51.034
51.827
52.568
53.259
53.898
54.486
55.02
55.503
55.932
56.308
56.631
56.901
57.116
57.278
57.386
57.44
57.44
57.386
57.278
57.116
56.901
56.631
56.308
55.932
55.503
55.02
54.486
53.898
53.259
52.568
51.827
51.034
50.192
49.3
48.359
47.37
46.334
45.251
44.122
42.948
41.73
40.469
39.166
37.822
36.439
35.018
33.559
32.064
30.536
28.974
27.381
25.759
24.108
22.431
20.729
19.005
17.259
15.495
13.713
11.916
10.105
8.2833
6.4522
4.6139
2.7704
0.92382
-0.92125
-2.7571
-4.5922
-4.614
-2.7702
-0.92564
0.92822
2.7836
4.6359
6.4829
8.3227
10.153
11.972
13.778
15.568
17.341
19.095
20.828
22.538
24.223
25.881
27.511
29.112
30.681
32.217
33.718
35.184
36.612
38.002
39.352
40.661
41.928
43.152
44.332
45.466
46.554
47.595
48.589
49.534
50.431
51.277
52.073
52.818
53.512
54.155
54.745
55.282
55.767
56.198
56.576
56.901
57.171
57.388
57.551
57.659
57.714
57.714
57.659
57.551
57.388
57.171
56.901
56.576
56.198
55.767
55.282
54.745
54.155
53.512
52.818
52.073
51.277
50.431
49.534
48.589
47.595
46.554
45.466
44.332
43.152
41.928
40.661
39.352
38.002
36.612
35.184
33.718
32.217
30.681
29.112
27.511
25.881
24.223
22.538
20.828
19.095
17.341
15.568
13.778
11.972
10.153
8.3227
6.4829
4.6359
2.7836
0.92822
-0.92564
-2.7702
-4.614
-4.6315
-2.7807
-0.92914
0.93174
2.7942
4.6534
6.5075
8.3542
10.192
12.018
13.83
15.627
17.407
19.167
20.907
22.623
24.314
25.979
27.616
29.222
30.797
32.339
33.846
35.317
36.751
38.146
39.502
40.816
42.087
43.316
44.5
45.638
46.731
47.776
48.773
49.722
50.622
51.471
52.271
53.019
53.715
54.36
54.952
55.492
55.978
56.411
56.791
57.116
57.388
57.606
57.769
57.878
57.932
57.932
57.878
57.769
57.606
57.388
57.116
56.791
56.411
55.978
55.492
54.952
54.36
53.715
53.019
52.271
51.471
50.622
49.722
48.773
47.776
46.731
45.638
44.5
43.316
42.087
40.816
39.502
38.146
36.751
35.317
33.846
32.339
30.797
29.222
27.616
25.979
24.314
22.623
20.907
19.167
17.407
15.627
13.83
12.018
10.192
8.3542
6.5075
4.6534
2.7942
0.93174
-0.92914
-2.7807
-4.6315
-4.6446
-2.7886
-0.93178
0.93438
2.8021
4.6666
6.5259
8.3779
10.221
12.052
13.869
15.672
17.456
19.222
20.966
22.687
24.383
26.053
27.694
29.305
30.884
32.431
33.942
35.418
36.855
38.254
39.613
40.931
42.207
43.438
44.626
45.768
46.863
47.911
48.912
49.863
50.765
51.617
52.419
53.169
53.868
54.514
55.108
55.649
56.137
56.571
56.952
57.278
57.551
57.769
57.933
58.042
58.096
58.096
58.042
57.933
57.769
57.551
57.278
56.952
56.571
56.137
55.649
55.108
54.514
53.868
53.169
52.419
51.617
50.765
49.863
48.912
47.911
46.863
45.768
44.626
43.438
42.207
40.931
39.613
38.254
36.855
35.418
33.942
32.431
30.884
29.305
27.694
26.053
24.383
22.687
20.966
19.222
17.456
15.672
13.869
12.052
10.221
8.3779
6.5259
4.6666
2.8021
0.93438
-0.93178
-2.7886
-4.6446
-4.6534
-2.7939
-0.93353
0.93614
2.8074
4.6754
6.5382
8.3937
10.24
12.074
13.895
15.701
17.489
19.258
21.006
22.73
24.429
26.102
27.746
29.36
30.943
32.492
34.006
35.484
36.925
38.327
39.688
41.008
42.286
43.52
44.71
45.854
46.951
48.002
49.004
49.957
50.861
51.715
52.517
53.269
53.969
54.617
55.212
55.754
56.243
56.678
57.059
57.386
57.659
57.878
58.042
58.151
58.206
58.206
58.151
58.042
57.878
57.659
57.386
57.059
56.678
56.243
55.754
55.212
54.617
53.969
53.269
52.517
51.715
50.861
49.957
49.004
48.002
46.951
45.854
44.71
43.52
42.286
41.008
39.688
38.327
36.925
35.484
34.006
32.492
30.943
29.36
27.746
26.102
24.429
22.73
21.006
19.258
17.489
15.701
13.895
12.074
10.24
8.3937
6.5382
4.6754
2.8074
0.93614
-0.93353
-2.7939
-4.6534
-4.6578
-2.7965
-0.93441
0.93702
2.81
4.6798
6.5444
8.4016
10.249
12.086
13.909
15.716
17.506
19.276
21.025
22.751
24.452
26.126
27.772
29.388
30.972
32.522
34.038
35.518
36.96
38.363
39.725
41.047
42.326
43.561
44.752
45.897
46.996
48.047
49.05
50.004
50.909
51.763
52.567
53.319
54.02
54.668
55.264
55.806
56.296
56.731
57.113
57.44
57.714
57.932
58.096
58.206
58.261
58.261
58.206
58.096
57.932
57.714
57.44
57.113
56.731
56.296
55.806
55.264
54.668
54.02
53.319
52.567
51.763
50.909
50.004
49.05
48.047
46.996
45.897
44.752
43.561
42.326
41.047
39.725
38.363
36.96
35.518
34.038
32.522
30.972
29.388
27.772
26.126
24.452
22.751
21.025
19.276
17.506
15.716
13.909
12.086
10.249
8.4016
6.5444
4.6798
2.81
0.93702
-0.93441
-2.7965
-4.6578
-4.6578
-2.7965
-0.93441
0.93702
2.81
4.6798
6.5444
8.4016
10.249
12.086
13.909
15.716
17.506
19.276
21.025
22.751
24.452
26.126
27.772
29.388
30.972
32.522
34.038
35.518
36.96
38.363
39.725
41.047
42.326
43.561
44.752
45.897
46.996
48.047
49.05
50.004
50.909
51.763
52.567
53.319
54.02
54.668
55.264
55.806
56.296
56.731
57.113
57.44
57.714
57.932
58.096
58.206
58.261
58.261
58.206
58.096
57.932
57.714
57.44
57.113
56.731
56.296
55.806
55.264
54.668
54.02
53.319
52.567
51.763
50.909
50.004
49.05
48.047
46.996
45.897
44.752
43.561
42.326
41.047
39.725
38.363
36.96
35.518
34.038
32.522
30.972
29.388
27.772
26.126
24.452
22.751
21.025
19.276
17.506
15.716
13.909
12.086
10.249
8.4016
6.5444
4.6798
2.81
0.93702
-0.93441
-2.7965
-4.6578
-4.6534
-2.7939
-0.93353
0.93614
2.8074
4.6754
6.5382
8.3937
10.24
12.074
13.895
15.701
17.489
19.258
21.006
22.73
24.429
26.102
27.746
29.36
30.943
32.492
34.006
35.484
36.925
38.327
39.688
41.008
42.286
43.52
44.71
45.854
46.951
48.002
49.004
49.957
50.861
51.715
52.517
53.269
53.969
54.617
55.212
55.754
56.243
56.678
57.059
57.386
57.659
57.878
58.042
58.151
58.206
58.206
58.151
58.042
57.878
57.659
57.386
57.059
56.678
56.243
55.754
55.212
54.617
53.969
53.269
52.517
51.715
50.861
49.957
49.004
48.002
46.951
45.854
44.71
43.52
42.286
41.008
39.688
38.327
36.925
35.484
34.006
32.492
30.943
29.36
27.746
26.102
24.429
22.73
21.006
19.258
17.489
15.701
13.895
12.074
10.24
8.3937
6.5382
4.6754
2.8074
0.93614
-0.93353
-2.7939
-4.6534
-4.6446
-2.7886
-0.93178
0.93438
2.8021
4.6666
6.5259
8.3779
10.221
12.052
13.869
15.672
17.456
19.222
20.966
22.687
24.383
26.053
27.694
29.305
30.884
32.431
33.942
35.418
36.855
38.254
39.613
40.931
42.207
43.438
44.626
45.768
46.863
47.911
48.912
49.863
50.765
51.617
52.419
53.169
53.868
54.514
55.108
55.649
56.137
56.571
56.952
57.278
57.551
57.769
57.933
58.042
58.096
58.096
58.042
57.933
57.769
57.551
57.278
56.952
56.571
56.137
55.649
55.108
54.514
53.868
53.169
52.419
51.617
50.765
49.863
48.912
47.911
46.863
45.768
44.626
43.438
42.207
40.931
39.613
38.254
36.855
35.418
33.942
32.431
30.884
29.305
27.694
26.053
24.383
22.687
20.966
19.222
17.456
15.672
13.869
12.052
10.221
8.3779
6.5259
4.6666
2.8021
0.93438
-0.93178
-2.7886
-4.6446
-4.6315
-2.7807
-0.92914
0.93174
2.7942
4.6534
6.5075
8.3542
10.192
12.018
13.83
15.627
17.407
19.167
20.907
22.623
24.314
25.979
27.616
29.222
30.797
32.339
33.846
35.317
36.751
38.146
39.502
40.816
42.087
43.316
44.5
45.638
46.731
47.776
48.773
49.722
50.622
51.471
52.271
53.019
53.715
54.36
54.952
55.492
55.978
56.411
56.791
57.116
57.388
57.606
57.769
57.878
57.932
57.932
57.878
57.769
57.606
57.388
57.116
56.791
56.411
55.978
55.492
54.952
54.36
53.715
53.019
52.271
51.471
50.622
49.722
48.773
47.776
46.731
45.638
44.5
43.316
42.087
40.816
39.502
38.146
36.751
35.317
33.846
32.339
30.797
29.222
27.616
25.979
24.314
22.623
20.907
19.167
17.407
15.627
13.83
12.018
10.192
8.3542
6.5075
4.6534
2.7942
0.93174
-0.92914
-2.7807
-4.6315
-4.614
-2.7702
-0.92564
0.92822
2.7836
4.6359
6.4829
8.3227
10.153
11.972
13.778
15.568
17.341
19.095
20.828
22.538
24.223
25.881
27.511
29.112
30.681
32.217
33.718
35.184
36.612
38.002
39.352
40.661
41.928
43.152
44.332
45.466
46.554
47.595
48.589
49.534
50.431
51.277
52.073
52.818
53.512
54.155
54.745
55.282
55.767
56.198
56.576
56.901
57.171
57.388
57.551
57.659
57.714
57.714
57.659
57.551
57.388
57.171
56.901
56.576
56.198
55.767
55.282
54.745
54.155
53.512
52.818
52.073
51.277
50.431
49.534
48.589
47.595
46.554
45.466
44.332
43.152
41.928
40.661
39.352
38.002
36.612
35.184
33.718
32.217
30.681
29.112
27.511
25.881
24.223
22.538
20.828
19.095
17.341
15.568
13.778
11.972
10.153
8.3227
6.4829
4.6359
2.7836
0.92822
-0.92564
-2.7702
-4.614
-4.5922
-2.7571
-0.92125
0.92382
2.7704
4.6139
6.4522
8.2833
10.105
11.916
13.713
15.495
17.259
19.005
20.729
22.431
24.108
25.759
27.381
28.974
30.536
32.064
33.559
35.018
36.439
37.822
39.166
40.469
41.73
42.948
44.122
45.251
46.334
47.37
48.359
49.3
50.192
51.034
51.827
52.568
53.259
53.898
54.486
55.02
55.503
55.932
56.308
56.631
56.901
57.116
57.278
57.386
57.44
57.44
57.386
57.278
57.116
56.901
56.631
56.308
55.932
55.503
55.02
54.486
53.898
53.259
52.568
51.827
51.034
50.192
49.3
48.359
47.37
46.334
45.251
44.122
42.948
41.73
40.469
39.166
37.822
36.439
35.018
33.559
32.064
30.536
28.974
27.381
25.759
24.108
22.431
20.729
19.005
17.259
15.495
13.713
11.916
10.105
8.2833
6.4522
4.6139
2.7704
0.92382
-0.92125
-2.7571
-4.5922
-4.566
-2.7414
-0.916
0.91856
2.7546
4.5876
6.4154
8.2361
10.047
11.848
13.635
15.406
17.161
18.896
20.611
22.303
23.97
25.612
27.225
28.809
30.361
31.881
33.367
34.818
36.231
37.607
38.943
40.238
41.492
42.703
43.87
44.993
46.07
47.1
48.083
49.019
49.906
50.743
51.531
52.269
52.955
53.591
54.175
54.707
55.186
55.613
55.987
56.308
56.576
56.791
56.952
57.059
57.113
57.113
57.059
56.952
56.791
56.576
56.308
55.987
55.613
55.186
54.707
54.175
53.591
52.955
52.269
51.531
50.743
49.906
49.019
48.083
47.1
46.07
44.993
43.87
42.703
41.492
40.238
38.943
37.607
36.231
34.818
33.367
31.881
30.361
28.809
27.225
25.612
23.97
22.303
20.611
18.896
17.161
15.406
13.635
11.848
10.047
8.2361
6.4154
4.5876
2.7546
0.91856
-0.916
-2.7414
-4.566
-4.5355
-2.7231
-0.90988
0.91242
2.7362
4.557
6.3726
8.181
9.9803
11.768
13.543
15.303
17.046
18.77
20.473
22.154
23.81
25.44
27.043
28.616
30.159
31.668
33.144
34.585
35.989
37.355
38.683
39.969
41.215
42.417
43.577
44.692
45.762
46.785
47.762
48.691
49.572
50.404
51.187
51.919
52.602
53.233
53.813
54.341
54.818
55.242
55.613
55.932
56.198
56.411
56.571
56.678
56.731
56.731
56.678
56.571
56.411
56.198
55.932
55.613
55.242
54.818
54.341
53.813
53.233
52.602
51.919
51.187
50.404
49.572
48.691
47.762
46.785
45.762
44.692
43.577
42.417
41.215
39.969
38.683
37.355
35.989
34.585
33.144
31.668
30.159
28.616
27.043
25.44
23.81
22.154
20.473
18.77
17.046
15.303
13.543
11.768
9.9803
8.181
6.3726
4.557
2.7362
0.91242
-0.90988
-2.7231
-4.5355
-4.5007
-2.7022
-0.90289
0.90541
2.7152
4.522
6.3236
8.1182
9.9037
11.678
13.439
15.186
16.915
18.626
20.316
21.984
23.627
25.245
26.835
28.397
29.927
31.425
32.89
34.32
35.713
37.069
38.386
39.662
40.898
42.092
43.242
44.349
45.41
46.426
47.395
48.317
49.192
50.017
50.794
51.521
52.198
52.824
53.4
53.924
54.397
54.818
55.186
55.503
55.767
55.978
56.137
56.243
56.296
56.296
56.243
56.137
55.978
55.767
55.503
55.186
54.818
54.397
53.924
53.4
52.824
52.198
51.521
50.794
50.017
49.192
48.317
47.395
46.426
45.41
44.349
43.242
42.092
40.898
39.662
38.386
37.069
35.713
34.32
32.89
31.425
29.927
28.397
26.835
25.245
23.627
21.984
20.316
18.626
16.915
15.186
13.439
11.678
9.9037
8.1182
6.3236
4.522
2.7152
0.90541
-0.90289
-2.7022
-4.5007
-4.4616
-2.6787
-0.89505
0.89754
2.6916
4.4827
6.2687
8.0477
9.8176
11.577
13.323
15.054
16.768
18.464
20.14
21.793
23.422
25.026
26.602
28.15
29.667
31.152
32.604
34.021
35.403
36.747
38.052
39.318
40.543
41.726
42.867
43.963
45.016
46.023
46.983
47.898
48.764
49.583
50.352
51.073
51.744
52.365
52.936
53.455
53.924
54.341
54.707
55.02
55.282
55.492
55.649
55.754
55.806
55.806
55.754
55.649
55.492
55.282
55.02
54.707
54.341
53.924
53.455
52.936
52.365
51.744
51.073
50.352
49.583
48.764
47.898
46.983
46.023
45.016
43.963
42.867
41.726
40.543
39.318
38.052
36.747
35.403
34.021
32.604
31.152
29.667
28.15
26.602
25.026
23.422
21.793
20.14
18.464
16.768
15.054
13.323
11.577
9.8176
8.0477
6.2687
4.4827
2.6916
0.89754
-0.89505
-2.6787
-4.4616
-4.4182
-2.6526
-0.88635
0.88882
2.6655
4.4391
6.2077
7.9694
9.7222
11.464
13.193
14.907
16.605
18.285
19.944
21.581
23.194
24.782
26.344
27.876
29.379
30.849
32.287
33.691
35.058
36.389
37.682
38.935
40.149
41.32
42.45
43.536
44.578
45.575
46.527
47.432
48.29
49.1
49.863
50.576
51.241
51.856
52.421
52.936
53.4
53.813
54.175
54.486
54.745
54.952
55.108
55.212
55.264
55.264
55.212
55.108
54.952
54.745
54.486
54.175
53.813
53.4
52.936
52.421
51.856
51.241
50.576
49.863
49.1
48.29
47.432
46.527
45.575
44.578
43.536
42.45
41.32
40.149
38.935
37.682
36.389
35.058
33.691
32.287
30.849
29.379
27.876
26.344
24.782
23.194
21.581
19.944
18.285
16.605
14.907
13.193
11.464
9.7222
7.9694
6.2077
4.4391
2.6655
0.88882
-0.88635
-2.6526
-4.4182
-4.3706
-2.624
-0.87679
0.87924
2.6367
4.3912
6.1408
7.8835
9.6174
11.34
13.051
14.747
16.426
18.088
19.729
21.348
22.944
24.515
26.06
27.576
29.062
30.517
31.939
33.328
34.681
35.997
37.276
38.516
39.716
40.875
41.992
43.067
44.098
45.084
46.025
46.921
47.77
48.571
49.325
50.031
50.689
51.297
51.856
52.365
52.824
53.233
53.591
53.898
54.155
54.36
54.514
54.617
54.668
54.668
54.617
54.514
54.36
54.155
53.898
53.591
53.233
52.824
52.365
51.856
51.297
50.689
50.031
49.325
48.571
47.77
46.921
46.025
45.084
44.098
43.067
41.992
40.875
39.716
38.516
37.276
35.997
34.681
33.328
31.939
30.517
29.062
27.576
26.06
24.515
22.944
21.348
19.729
18.088
16.426
14.747
13.051
11.34
9.6174
7.8835
6.1408
4.3912
2.6367
0.87924
-0.87679
-2.624
-4.3706
-4.3187
-2.5929
-0.8664
0.86881
2.6055
4.3392
6.068
7.7901
9.5033
11.206
12.896
14.572
16.231
17.873
19.495
21.095
22.672
24.225
25.751
27.249
28.717
30.155
31.56
32.932
34.269
35.57
36.834
38.059
39.245
40.39
41.494
42.556
43.575
44.549
45.479
46.364
47.203
47.995
48.74
49.438
50.088
50.689
51.241
51.744
52.198
52.602
52.955
53.259
53.512
53.715
53.868
53.969
54.02
54.02
53.969
53.868
53.715
53.512
53.259
52.955
52.602
52.198
51.744
51.241
50.689
50.088
49.438
48.74
47.995
47.203
46.364
45.479
44.549
43.575
42.556
41.494
40.39
39.245
38.059
36.834
35.57
34.269
32.932
31.56
30.155
28.717
27.249
25.751
24.225
22.672
21.095
19.495
17.873
16.231
14.572
12.896
11.206
9.5033
7.7901
6.068
4.3392
2.6055
0.86881
-0.8664
-2.5929
-4.3187
-4.2627
-2.5593
-0.85516
0.85755
2.5717
4.2829
5.9893
7.689
9.3801
11.061
12.729
14.383
16.021
17.641
19.242
20.822
22.378
23.911
25.417
26.895
28.345
29.764
31.151
32.505
33.825
35.109
36.356
37.566
38.736
39.867
40.956
42.004
43.01
43.972
44.89
45.763
46.591
47.373
48.108
48.797
49.438
50.031
50.576
51.073
51.521
51.919
52.269
52.568
52.818
53.019
53.169
53.269
53.319
53.319
53.269
53.169
53.019
52.818
52.568
52.269
51.919
51.521
51.073
50.576
50.031
49.438
48.797
48.108
47.373
46.591
45.763
44.89
43.972
43.01
42.004
40.956
39.867
38.736
37.566
36.356
35.109
33.825
32.505
31.151
29.764
28.345
26.895
25.417
23.911
22.378
20.822
19.242
17.641
16.021
14.383
12.729
11.061
9.3801
7.689
5.9893
4.2829
2.5717
0.85755
-0.85516
-2.5593
-4.2627
-4.2026
-2.5232
-0.84309
0.84544
2.5354
4.2225
5.9048
7.5805
9.2478
10.905
12.549
14.18
15.795
17.392
18.971
20.528
22.063
23.573
25.058
26.516
27.945
29.344
30.712
32.047
33.348
34.614
35.843
37.035
38.189
39.304
40.378
41.411
42.403
43.351
44.256
45.117
45.933
46.704
47.43
48.108
48.74
49.325
49.863
50.352
50.794
51.187
51.531
51.827
52.073
52.271
52.419
52.517
52.567
52.567
52.517
52.419
52.271
52.073
51.827
51.531
51.187
50.794
50.352
49.863
49.325
48.74
48.108
47.43
46.704
45.933
45.117
44.256
43.351
42.403
41.411
40.378
39.304
38.189
37.035
35.843
34.614
33.348
32.047
30.712
29.344
27.945
26.516
25.058
23.573
22.063
20.528
18.971
17.392
15.795
14.18
12.549
10.905
9.2478
7.5805
5.9048
4.2225
2.5354
0.84544
-0.84309
-2.5232
-4.2026
-4.1383
-2.4846
-0.8302
0.83252
2.4966
4.1579
5.8145
7.4646
9.1064
10.738
12.357
13.963
15.553
17.126
18.68
20.214
21.725
23.213
24.675
26.11
27.518
28.895
30.242
31.557
32.838
34.084
35.295
36.469
37.606
38.703
39.761
40.778
41.754
42.688
43.58
44.427
45.231
45.99
46.704
47.373
47.995
48.571
49.1
49.583
50.017
50.404
50.743
51.034
51.277
51.471
51.617
51.715
51.763
51.763
51.715
51.617
51.471
51.277
51.034
50.743
50.404
50.017
49.583
49.1
48.571
47.995
47.373
46.704
45.99
45.231
44.427
43.58
42.688
41.754
40.778
39.761
38.703
37.606
36.469
35.295
34.084
32.838
31.557
30.242
28.895
27.518
26.11
24.675
23.213
21.725
20.214
18.68
17.126
15.553
13.963
12.357
10.738
9.1064
7.4646
5.8145
4.1579
2.4966
0.83252
-0.8302
-2.4846
-4.1383
-4.07
-2.4436
-0.8165
0.81878
2.4554
4.0893
5.7186
7.3414
8.956
10.561
12.153
13.733
15.297
16.844
18.372
19.88
21.367
22.83
24.268
25.679
27.063
28.418
29.743
31.036
32.296
33.522
34.713
35.867
36.985
38.064
39.105
40.105
41.065
41.984
42.86
43.694
44.485
45.231
45.933
46.591
47.203
47.77
48.29
48.764
49.192
49.572
49.906
50.192
50.431
50.622
50.765
50.861
50.909
50.909
50.861
50.765
50.622
50.431
50.192
49.906
49.572
49.192
48.764
48.29
47.77
47.203
46.591
45.933
45.231
44.485
43.694
42.86
41.984
41.065
40.105
39.105
38.064
36.985
35.867
34.713
33.522
32.296
31.036
29.743
28.418
27.063
25.679
24.268
22.83
21.367
19.88
18.372
16.844
15.297
13.733
12.153
10.561
8.956
7.3414
5.7186
4.0893
2.4554
0.81878
-0.8165
-2.4436
-4.07
-3.9977
-2.4002
-0.80199
0.80423
2.4118
4.0166
5.6169
7.211
8.7969
10.373
11.937
13.489
15.025
16.544
18.046
19.527
20.987
22.424
23.836
25.223
26.582
27.913
29.214
30.484
31.722
32.926
34.096
35.23
36.328
37.388
38.41
39.393
40.335
41.238
42.099
42.918
43.694
44.427
45.117
45.763
46.364
46.921
47.432
47.898
48.317
48.691
49.019
49.3
49.534
49.722
49.863
49.957
50.004
50.004
49.957
49.863
49.722
49.534
49.3
49.019
48.691
48.317
47.898
47.432
46.921
46.364
45.763
45.117
44.427
43.694
42.918
42.099
41.238
40.335
39.393
38.41
37.388
36.328
35.23
34.096
32.926
31.722
30.484
29.214
27.913
26.582
25.223
23.836
22.424
20.987
19.527
18.046
16.544
15.025
13.489
11.937
10.373
8.7969
7.211
5.6169
4.0166
2.4118
0.80423
-0.80199
-2.4002
-3.9977
-3.9214
-2.3544
-0.78669
0.78888
2.3658
3.94
5.5098
7.0734
8.629
10.175
11.71
13.231
14.738
16.229
17.701
19.154
20.586
21.996
23.382
24.742
26.075
27.381
28.657
29.902
31.116
32.298
33.445
34.558
35.634
36.674
37.677
38.641
39.566
40.451
41.295
42.099
42.86
43.58
44.256
44.89
45.479
46.025
46.527
46.983
47.395
47.762
48.083
48.359
48.589
48.773
48.912
49.004
49.05
49.05
49.004
48.912
48.773
48.589
48.359
48.083
47.762
47.395
46.983
46.527
46.025
45.479
44.89
44.256
43.58
42.86
42.099
41.295
40.451
39.566
38.641
37.677
36.674
35.634
34.558
33.445
32.298
31.116
29.902
28.657
27.381
26.075
24.742
23.382
21.996
20.586
19.154
17.701
16.229
14.738
13.231
11.71
10.175
8.629
7.0734
5.5098
3.94
2.3658
0.78888
-0.78669
-2.3544
-3.9214
-3.8412
-2.3062
-0.7706
0.77275
2.3174
3.8594
5.3971
6.9287
8.4526
9.967
11.47
12.961
14.437
15.897
17.339
18.763
20.165
21.546
22.903
24.236
25.542
26.821
28.071
29.291
30.48
31.637
32.761
33.851
34.906
35.924
36.906
37.851
38.757
39.623
40.451
41.238
41.984
42.688
43.351
43.972
44.549
45.084
45.575
46.023
46.426
46.785
47.1
47.37
47.595
47.776
47.911
48.002
48.047
48.047
48.002
47.911
47.776
47.595
47.37
47.1
46.785
46.426
46.023
45.575
45.084
44.549
43.972
43.351
42.688
41.984
41.238
40.451
39.623
38.757
37.851
36.906
35.924
34.906
33.851
32.761
31.637
30.48
29.291
28.071
26.821
25.542
24.236
22.903
21.546
20.165
18.763
17.339
15.897
14.437
12.961
11.47
9.967
8.4526
6.9287
5.3971
3.8594
2.3174
0.77275
-0.7706
-2.3062
-3.8412
-3.7572
-2.2558
-0.75374
0.75584
2.2667
3.775
5.279
6.7771
8.2676
9.7489
11.219
12.677
14.121
15.549
16.96
18.352
19.724
21.075
22.402
23.705
24.983
26.234
27.457
28.65
29.813
30.945
32.044
33.11
34.142
35.138
36.099
37.022
37.909
38.757
39.566
40.335
41.065
41.754
42.403
43.01
43.575
44.098
44.578
45.016
45.41
45.762
46.07
46.334
46.554
46.731
46.863
46.951
46.996
46.996
46.951
46.863
46.731
46.554
46.334
46.07
45.762
45.41
45.016
44.578
44.098
43.575
43.01
42.403
41.754
41.065
40.335
39.566
38.757
37.909
37.022
36.099
35.138
34.142
33.11
32.044
30.945
29.813
28.65
27.457
26.234
24.983
23.705
22.402
21.075
19.724
18.352
16.96
15.549
14.121
12.677
11.219
9.7489
8.2676
6.7771
5.279
3.775
2.2667
0.75584
-0.75374
-2.2558
-3.7572
-3.6693
-2.203
-0.73612
0.73817
2.2137
3.6867
5.1556
6.6187
8.0744
9.521
10.957
12.381
13.791
15.186
16.563
17.923
19.263
20.582
21.879
23.151
24.399
25.621
26.815
27.98
29.116
30.222
31.295
32.336
33.344
34.317
35.255
36.157
37.022
37.851
38.641
39.393
40.105
40.778
41.411
42.004
42.556
43.067
43.536
43.963
44.349
44.692
44.993
45.251
45.466
45.638
45.768
45.854
45.897
45.897
45.854
45.768
45.638
45.466
45.251
44.993
44.692
44.349
43.963
43.536
43.067
42.556
42.004
41.411
40.778
40.105
39.393
38.641
37.851
37.022
36.157
35.255
34.317
33.344
32.336
31.295
30.222
29.116
27.98
26.815
25.621
24.399
23.151
21.879
20.582
19.263
17.923
16.563
15.186
13.791
12.381
10.957
9.521
8.0744
6.6187
5.1556
3.6867
2.2137
0.73817
-0.73612
-2.203
-3.6693
-3.5778
-2.1481
-0.71775
0.71976
2.1585
3.5947
5.027
6.4536
7.8729
9.2835
10.684
12.072
13.447
14.807
16.15
17.476
18.783
20.069
21.333
22.574
23.79
24.981
26.146
27.282
28.39
29.468
30.514
31.529
32.512
33.461
34.375
35.255
36.099
36.906
37.677
38.41
39.105
39.761
40.378
40.956
41.494
41.992
42.45
42.867
43.242
43.577
43.87
44.122
44.332
44.5
44.626
44.71
44.752
44.752
44.71
44.626
44.5
44.332
44.122
43.87
43.577
43.242
42.867
42.45
41.992
41.494
40.956
40.378
39.761
39.105
38.41
37.677
36.906
36.099
35.255
34.375
33.461
32.512
31.529
30.514
29.468
28.39
27.282
26.146
24.981
23.79
22.574
21.333
20.069
18.783
17.476
16.15
14.807
13.447
12.072
10.684
9.2835
7.8729
6.4536
5.027
3.5947
2.1585
0.71976
-0.71775
-2.1481
-3.5778
-3.4826
-2.0909
-0.69866
0.70061
2.101
3.4991
4.8932
6.2819
7.6635
9.0365
10.399
11.751
13.089
14.413
15.721
17.011
18.283
19.535
20.765
21.973
23.157
24.317
25.45
26.556
27.635
28.684
29.703
30.691
31.647
32.57
33.461
34.317
35.138
35.924
36.674
37.388
38.064
38.703
39.304
39.867
40.39
40.875
41.32
41.726
42.092
42.417
42.703
42.948
43.152
43.316
43.438
43.52
43.561
43.561
43.52
43.438
43.316
43.152
42.948
42.703
42.417
42.092
41.726
41.32
40.875
40.39
39.867
39.304
38.703
38.064
37.388
36.674
35.924
35.138
34.317
33.461
32.57
31.647
30.691
29.703
28.684
27.635
26.556
25.45
24.317
23.157
21.973
20.765
19.535
18.283
17.011
15.721
14.413
13.089
11.751
10.399
9.0365
7.6635
6.2819
4.8932
3.4991
2.101
0.70061
-0.69866
-2.0909
-3.4826
-3.3839
-2.0316
-0.67885
0.68074
2.0414
3.3999
4.7545
6.1037
7.4461
8.7802
10.104
11.418
12.718
14.004
15.275
16.529
17.764
18.981
20.176
21.35
22.501
23.627
24.728
25.803
26.851
27.87
28.86
29.82
30.749
31.647
32.512
33.344
34.142
34.906
35.634
36.328
36.985
37.606
38.189
38.736
39.245
39.716
40.149
40.543
40.898
41.215
41.492
41.73
41.928
42.087
42.207
42.286
42.326
42.326
42.286
42.207
42.087
41.928
41.73
41.492
41.215
40.898
40.543
40.149
39.716
39.245
38.736
38.189
37.606
36.985
36.328
35.634
34.906
34.142
33.344
32.512
31.647
30.749
29.82
28.86
27.87
26.851
25.803
24.728
23.627
22.501
21.35
20.176
18.981
17.764
16.529
15.275
14.004
12.718
11.418
10.104
8.7802
7.4461
6.1037
4.7545
3.3999
2.0414
0.68074
-0.67885
-2.0316
-3.3839
-3.2816
-1.9702
-0.65833
0.66017
1.9798
3.2971
4.6108
5.9193
7.2211
8.5149
9.7992
11.073
12.334
13.581
14.813
16.029
17.228
18.407
19.567
20.705
21.821
22.913
23.981
25.024
26.04
27.028
27.988
28.919
29.82
30.691
31.529
32.336
33.11
33.851
34.558
35.23
35.867
36.469
37.035
37.566
38.059
38.516
38.935
39.318
39.662
39.969
40.238
40.469
40.661
40.816
40.931
41.008
41.047
41.047
41.008
40.931
40.816
40.661
40.469
40.238
39.969
39.662
39.318
38.935
38.516
38.059
37.566
37.035
36.469
35.867
35.23
34.558
33.851
33.11
32.336
31.529
30.691
29.82
28.919
27.988
27.028
26.04
25.024
23.981
22.913
21.821
20.705
19.567
18.407
17.228
16.029
14.813
13.581
12.334
11.073
9.7992
8.5149
7.2211
5.9193
4.6108
3.2971
1.9798
0.66017
-0.65833
-1.9702
-3.2816
-3.176
-1.9068
-0.63714
0.63892
1.916
3.191
4.4624
5.7287
6.9887
8.2408
9.4837
10.716
11.936
13.144
14.336
15.513
16.673
17.815
18.937
20.038
21.118
22.176
23.209
24.218
25.201
26.158
27.087
27.988
28.86
29.703
30.514
31.295
32.044
32.761
33.445
34.096
34.713
35.295
35.843
36.356
36.834
37.276
37.682
38.052
38.386
38.683
38.943
39.166
39.352
39.502
39.613
39.688
39.725
39.725
39.688
39.613
39.502
39.352
39.166
38.943
38.683
38.386
38.052
37.682
37.276
36.834
36.356
35.843
35.295
34.713
34.096
33.445
32.761
32.044
31.295
30.514
29.703
28.86
27.988
27.087
26.158
25.201
24.218
23.209
22.176
21.118
20.038
18.937
17.815
16.673
15.513
14.336
13.144
11.936
10.716
9.4837
8.2408
6.9887
5.7287
4.4624
3.191
1.916
0.63892
-0.63714
-1.9068
-3.176
-3.067
-1.8414
-0.61528
0.617
1.8503
3.0815
4.3093
5.5322
6.7489
7.9581
9.1584
10.348
11.527
12.693
13.844
14.981
16.101
17.203
18.287
19.351
20.394
21.415
22.413
23.387
24.337
25.261
26.158
27.028
27.87
28.684
29.468
30.222
30.945
31.637
32.298
32.926
33.522
34.084
34.614
35.109
35.57
35.997
36.389
36.747
37.069
37.355
37.607
37.822
38.002
38.146
38.254
38.327
38.363
38.363
38.327
38.254
38.146
38.002
37.822
37.607
37.355
37.069
36.747
36.389
35.997
35.57
35.109
34.614
34.084
33.522
32.926
32.298
31.637
30.945
30.222
29.468
28.684
27.87
27.028
26.158
25.261
24.337
23.387
22.413
21.415
20.394
19.351
18.287
17.203
16.101
14.981
13.844
12.693
11.527
10.348
9.1584
7.9581
6.7489
5.5322
4.3093
3.0815
1.8503
0.617
-0.61528
-1.8414
-3.067
-2.9548
-1.7741
-0.59278
0.59443
1.7826
2.9688
4.1517
5.3299
6.5021
7.667
8.8234
9.97
11.105
12.229
13.338
14.433
15.512
16.574
17.618
18.643
19.648
20.632
21.593
22.532
23.447
24.337
25.201
26.04
26.851
27.635
28.39
29.116
29.813
30.48
31.116
31.722
32.296
32.838
33.348
33.825
34.269
34.681
35.058
35.403
35.713
35.989
36.231
36.439
36.612
36.751
36.855
36.925
36.96
36.96
36.925
36.855
36.751
36.612
36.439
36.231
35.989
35.713
35.403
35.058
34.681
34.269
33.825
33.348
32.838
32.296
31.722
31.116
30.48
29.813
29.116
28.39
27.635
26.851
26.04
25.201
24.337
23.447
22.532
21.593
20.632
19.648
18.643
17.618
16.574
15.512
14.433
13.338
12.229
11.105
9.97
8.8234
7.667
6.5021
5.3299
4.1517
2.9688
1.7826
0.59443
-0.59278
-1.7741
-2.9548
-2.8396
-1.7048
-0.56965
0.57124
1.7131
2.853
3.9897
5.1219
6.2484
7.3679
8.4792
9.581
10.672
11.751
12.818
13.87
14.907
15.928
16.931
17.916
18.881
19.827
20.751
21.653
22.532
23.387
24.218
25.024
25.803
26.556
27.282
27.98
28.65
29.291
29.902
30.484
31.036
31.557
32.047
32.505
32.932
33.328
33.691
34.021
34.32
34.585
34.818
35.018
35.184
35.317
35.418
35.484
35.518
35.518
35.484
35.418
35.317
35.184
35.018
34.818
34.585
34.32
34.021
33.691
33.328
32.932
32.505
32.047
31.557
31.036
30.484
29.902
29.291
28.65
27.98
27.282
26.556
25.803
25.024
24.218
23.387
22.532
21.653
20.751
19.827
18.881
17.916
16.931
15.928
14.907
13.87
12.818
11.751
10.672
9.581
8.4792
7.3679
6.2484
5.1219
3.9897
2.853
1.7131
0.57124
-0.56965
-1.7048
-2.8396
-2.7213
-1.6338
-0.54592
0.54745
1.6417
2.7341
3.8235
4.9086
5.9881
7.061
8.126
9.1819
10.228
11.262
12.284
13.292
14.286
15.264
16.226
17.17
18.095
19.001
19.886
20.751
21.593
22.413
23.209
23.981
24.728
25.45
26.146
26.815
27.457
28.071
28.657
29.214
29.743
30.242
30.712
31.151
31.56
31.939
32.287
32.604
32.89
33.144
33.367
33.559
33.718
33.846
33.942
34.006
34.038
34.038
34.006
33.942
33.846
33.718
33.559
33.367
33.144
32.89
32.604
32.287
31.939
31.56
31.151
30.712
30.242
29.743
29.214
28.657
28.071
27.457
26.815
26.146
25.45
24.728
23.981
23.209
22.413
21.593
20.751
19.886
19.001
18.095
17.17
16.226
15.264
14.286
13.292
12.284
11.262
10.228
9.1819
8.126
7.061
5.9881
4.9086
3.8235
2.7341
1.6417
0.54745
-0.54592
-1.6338
-2.7213
-2.6001
-1.5611
-0.52161
0.52307
1.5686
2.6124
3.6532
4.69
5.7215
6.7465
7.7641
8.773
9.7721
10.76
11.737
12.7
13.65
14.584
15.503
16.405
17.289
18.155
19.001
19.827
20.632
21.415
22.176
22.913
23.627
24.317
24.981
25.621
26.234
26.821
27.381
27.913
28.418
28.895
29.344
29.764
30.155
30.517
30.849
31.152
31.425
31.668
31.881
32.064
32.217
32.339
32.431
32.492
32.522
32.522
32.492
32.431
32.339
32.217
32.064
31.881
31.668
31.425
31.152
30.849
30.517
30.155
29.764
29.344
28.895
28.418
27.913
27.381
26.821
26.234
25.621
24.981
24.317
23.627
22.913
22.176
21.415
20.632
19.827
19.001
18.155
17.289
16.405
15.503
14.584
13.65
12.7
11.737
10.76
9.7721
8.773
7.7641
6.7465
5.7215
4.69
3.6532
2.6124
1.5686
0.52307
-0.52161
-1.5611
-2.6001
-2.4761
-1.4866
-0.49674
0.49813
1.4938
2.4878
3.4791
4.4664
5.4487
6.4249
7.3939
8.3547
9.3062
10.247
11.177
12.095
12.999
13.889
14.764
15.623
16.465
17.289
18.095
18.881
19.648
20.394
21.118
21.821
22.501
23.157
23.79
24.399
24.983
25.542
26.075
26.582
27.063
27.518
27.945
28.345
28.717
29.062
29.379
29.667
29.927
30.159
30.361
30.536
30.681
30.797
30.884
30.943
30.972
30.972
30.943
30.884
30.797
30.681
30.536
30.361
30.159
29.927
29.667
29.379
29.062
28.717
28.345
27.945
27.518
27.063
26.582
26.075
25.542
24.983
24.399
23.79
23.157
22.501
21.821
21.118
20.394
19.648
18.881
18.095
17.289
16.465
15.623
14.764
13.889
12.999
12.095
11.177
10.247
9.3062
8.3547
7.3939
6.4249
5.4487
4.4664
3.4791
2.4878
1.4938
0.49813
-0.49674
-1.4866
-2.4761
-2.3495
-1.4106
-0.47134
0.47265
1.4174
2.3606
3.3011
4.238
5.17
6.0963
7.0158
7.9275
8.8303
9.7233
10.606
11.476
12.334
13.179
14.009
14.824
15.623
16.405
17.17
17.916
18.643
19.351
20.038
20.705
21.35
21.973
22.574
23.151
23.705
24.236
24.742
25.223
25.679
26.11
26.516
26.895
27.249
27.576
27.876
28.15
28.397
28.616
28.809
28.974
29.112
29.222
29.305
29.36
29.388
29.388
29.36
29.305
29.222
29.112
28.974
28.809
28.616
28.397
28.15
27.876
27.576
27.249
26.895
26.516
26.11
25.679
25.223
24.742
24.236
23.705
23.151
22.574
21.973
21.35
20.705
20.038
19.351
18.643
17.916
17.17
16.405
15.623
14.824
14.009
13.179
12.334
11.476
10.606
9.7233
8.8303
7.9275
7.0158
6.0963
5.17
4.238
3.3011
2.3606
1.4174
0.47265
-0.47134
-1.4106
-2.3495
-2.2203
-1.3331
-0.44543
0.44667
1.3395
2.2308
3.1197
4.005
4.8858
5.7612
6.6301
7.4916
8.3448
9.1888
10.023
10.845
11.656
12.454
13.239
14.009
14.764
15.503
16.226
16.931
17.618
18.287
18.937
19.567
20.176
20.765
21.333
21.879
22.402
22.903
23.382
23.836
24.268
24.675
25.058
25.417
25.751
26.06
26.344
26.602
26.835
27.043
27.225
27.381
27.511
27.616
27.694
27.746
27.772
27.772
27.746
27.694
27.616
27.511
27.381
27.225
27.043
26.835
26.602
26.344
26.06
25.751
25.417
25.058
24.675
24.268
23.836
23.382
22.903
22.402
21.879
21.333
20.765
20.176
19.567
18.937
18.287
17.618
16.931
16.226
15.503
14.764
14.009
13.239
12.454
11.656
10.845
10.023
9.1888
8.3448
7.4916
6.6301
5.7612
4.8858
4.005
3.1197
2.2308
1.3395
0.44667
-0.44543
-1.3331
-2.2203
-2.0888
-1.2541
-0.41903
0.4202
1.2601
2.0986
2.9348
3.7676
4.5963
5.4198
6.2372
7.0477
7.8503
8.6443
9.4286
10.203
10.965
11.716
12.454
13.179
13.889
14.584
15.264
15.928
16.574
17.203
17.815
18.407
18.981
19.535
20.069
20.582
21.075
21.546
21.996
22.424
22.83
23.213
23.573
23.911
24.225
24.515
24.782
25.026
25.245
25.44
25.612
25.759
25.881
25.979
26.053
26.102
26.126
26.126
26.102
26.053
25.979
25.881
25.759
25.612
25.44
25.245
25.026
24.782
24.515
24.225
23.911
23.573
23.213
22.83
22.424
21.996
21.546
21.075
20.582
20.069
19.535
18.981
18.407
17.815
17.203
16.574
15.928
15.264
14.584
13.889
13.179
12.454
11.716
10.965
10.203
9.4286
8.6443
7.8503
7.0477
6.2372
5.4198
4.5963
3.7676
2.9348
2.0986
1.2601
0.4202
-0.41903
-1.2541
-2.0888
-1.9549
-1.1737
-0.39218
0.39327
1.1794
1.9642
2.7467
3.5262
4.3017
5.0725
5.8375
6.5961
7.3473
8.0903
8.8244
9.5488
10.263
10.965
11.656
12.334
12.999
13.65
14.286
14.907
15.512
16.101
16.673
17.228
17.764
18.283
18.783
19.263
19.724
20.165
20.586
20.987
21.367
21.725
22.063
22.378
22.672
22.944
23.194
23.422
23.627
23.81
23.97
24.108
24.223
24.314
24.383
24.429
24.452
24.452
24.429
24.383
24.314
24.223
24.108
23.97
23.81
23.627
23.422
23.194
22.944
22.672
22.378
22.063
21.725
21.367
20.987
20.586
20.165
19.724
19.263
18.783
18.283
17.764
17.228
16.673
16.101
15.512
14.907
14.286
13.65
12.999
12.334
11.656
10.965
10.263
9.5488
8.8244
8.0903
7.3473
6.5961
5.8375
5.0725
4.3017
3.5262
2.7467
1.9642
1.1794
0.39327
-0.39218
-1.1737
-1.9549
-1.8189
-1.0921
-0.3649
0.36592
1.0973
1.8275
2.5557
3.2809
4.0025
4.7196
5.4314
6.1372
6.8362
7.5275
8.2106
8.8846
9.5488
10.203
10.845
11.476
12.095
12.7
13.292
13.87
14.433
14.981
15.513
16.029
16.529
17.011
17.476
17.923
18.352
18.763
19.154
19.527
19.88
20.214
20.528
20.822
21.095
21.348
21.581
21.793
21.984
22.154
22.303
22.431
22.538
22.623
22.687
22.73
22.751
22.751
22.73
22.687
22.623
22.538
22.431
22.303
22.154
21.984
21.793
21.581
21.348
21.095
20.822
20.528
20.214
19.88
19.527
19.154
18.763
18.352
17.923
17.476
17.011
16.529
16.029
15.513
14.981
14.433
13.87
13.292
12.7
12.095
11.476
10.845
10.203
9.5488
8.8846
8.2106
7.5275
6.8362
6.1372
5.4314
4.7196
4.0025
3.2809
2.5557
1.8275
1.0973
0.36592
-0.3649
-1.0921
-1.8189
-1.6809
-1.0092
-0.33722
0.33816
1.0141
1.6889
2.3618
3.032
3.6989
4.3616
5.0194
5.6716
6.3176
6.9565
7.5877
8.2106
8.8244
9.4286
10.023
10.606
11.177
11.737
12.284
12.818
13.338
13.844
14.336
14.813
15.275
15.721
16.15
16.563
16.96
17.339
17.701
18.046
18.372
18.68
18.971
19.242
19.495
19.729
19.944
20.14
20.316
20.473
20.611
20.729
20.828
20.907
20.966
21.006
21.025
21.025
21.006
20.966
20.907
20.828
20.729
20.611
20.473
20.316
20.14
19.944
19.729
19.495
19.242
18.971
18.68
18.372
18.046
17.701
17.339
16.96
16.563
16.15
15.721
15.275
14.813
14.336
13.844
13.338
12.818
12.284
11.737
11.177
10.606
10.023
9.4286
8.8244
8.2106
7.5877
6.9565
6.3176
5.6716
5.0194
4.3616
3.6989
3.032
2.3618
1.6889
1.0141
0.33816
-0.33722
-1.0092
-1.6809
-1.5411
-0.92525
-0.30916
0.31003
0.92973
1.5484
2.1653
2.7798
3.3912
3.9987
4.6018
5.1998
5.792
6.3778
6.9565
7.5275
8.0903
8.6443
9.1888
9.7233
10.247
10.76
11.262
11.751
12.229
12.693
13.144
13.581
14.004
14.413
14.807
15.186
15.549
15.897
16.229
16.544
16.844
17.126
17.392
17.641
17.873
18.088
18.285
18.464
18.626
18.77
18.896
19.005
19.095
19.167
19.222
19.258
19.276
19.276
19.258
19.222
19.167
19.095
19.005
18.896
18.77
18.626
18.464
18.285
18.088
17.873
17.641
17.392
17.126
16.844
16.544
16.229
15.897
15.549
15.186
14.807
14.413
14.004
13.581
13.144
12.693
12.229
11.751
11.262
10.76
10.247
9.7233
9.1888
8.6443
8.0903
7.5275
6.9565
6.3778
5.792
5.1998
4.6018
3.9987
3.3912
2.7798
2.1653
1.5484
0.92973
0.31003
-0.30916
-0.92525
-1.5411
-1.3995
-0.84027
-0.28077
0.28155
0.84434
1.4062
1.9664
2.5245
3.0797
3.6315
4.1792
4.7222
5.26
5.792
6.3176
6.8362
7.3473
7.8503
8.3448
8.8303
9.3062
9.7721
10.228
10.672
11.105
11.527
11.936
12.334
12.718
13.089
13.447
13.791
14.121
14.437
14.738
15.025
15.297
15.553
15.795
16.021
16.231
16.426
16.605
16.768
16.915
17.046
17.161
17.259
17.341
17.407
17.456
17.489
17.506
17.506
17.489
17.456
17.407
17.341
17.259
17.161
17.046
16.915
16.768
16.605
16.426
16.231
16.021
15.795
15.553
15.297
15.025
14.738
14.437
14.121
13.791
13.447
13.089
12.718
12.334
11.936
11.527
11.105
10.672
10.228
9.7721
9.3062
8.8303
8.3448
7.8503
7.3473
6.8362
6.3176
5.792
5.26
4.7222
4.1792
3.6315
3.0797
2.5245
1.9664
1.4062
0.84434
0.28155
-0.28077
-0.84027
-1.3995
-1.2565
-0.75436
-0.25206
0.25276
0.75801
1.2624
1.7654
2.2664
2.7648
3.2602
3.7519
4.2394
4.7222
5.1998
5.6716
6.1372
6.5961
7.0477
7.4916
7.9275
8.3547
8.773
9.1819
9.581
9.97
10.348
10.716
11.073
11.418
11.751
12.072
12.381
12.677
12.961
13.231
13.489
13.733
13.963
14.18
14.383
14.572
14.747
14.907
15.054
15.186
15.303
15.406
15.495
15.568
15.627
15.672
15.701
15.716
15.716
15.701
15.672
15.627
15.568
15.495
15.406
15.303
15.186
15.054
14.907
14.747
14.572
14.383
14.18
13.963
13.733
13.489
13.231
12.961
12.677
12.381
12.072
11.751
11.418
11.073
10.716
10.348
9.97
9.581
9.1819
8.773
8.3547
7.9275
7.4916
7.0477
6.5961
6.1372
5.6716
5.1998
4.7222
4.2394
3.7519
3.2602
2.7648
2.2664
1.7654
1.2624
0.75801
0.25276
-0.25206
-0.75436
-1.2565
-1.112
-0.66761
-0.22307
0.2237
0.67084
1.1172
1.5624
2.0057
2.4469
2.8853
3.3204
3.7519
4.1792
4.6018
5.0194
5.4314
5.8375
6.2372
6.6301
7.0158
7.3939
7.7641
8.126
8.4792
8.8234
9.1584
9.4837
9.7992
10.104
10.399
10.684
10.957
11.219
11.47
11.71
11.937
12.153
12.357
12.549
12.729
12.896
13.051
13.193
13.323
13.439
13.543
13.635
13.713
13.778
13.83
13.869
13.895
13.909
13.909
13.895
13.869
13.83
13.778
13.713
13.635
13.543
13.439
13.323
13.193
13.051
12.896
12.729
12.549
12.357
12.153
11.937
11.71
11.47
11.219
10.957
10.684
10.399
10.104
9.7992
9.4837
9.1584
8.8234
8.4792
8.126
7.7641
7.3939
7.0158
6.6301
6.2372
5.8375
5.4314
5.0194
4.6018
4.1792
3.7519
3.3204
2.8853
2.4469
2.0057
1.5624
1.1172
0.67084
0.2237
-0.22307
-0.66761
-1.112
-0.96623
-0.58011
-0.19384
0.19438
0.58292
0.9708
1.3576
1.7429
2.1262
2.5071
2.8853
3.2602
3.6315
3.9987
4.3616
4.7196
5.0725
5.4198
5.7612
6.0963
6.4249
6.7465
7.061
7.3679
7.667
7.9581
8.2408
8.5149
8.7802
9.0365
9.2835
9.521
9.7489
9.967
10.175
10.373
10.561
10.738
10.905
11.061
11.206
11.34
11.464
11.577
11.678
11.768
11.848
11.916
11.972
12.018
12.052
12.074
12.086
12.086
12.074
12.052
12.018
11.972
11.916
11.848
11.768
11.678
11.577
11.464
11.34
11.206
11.061
10.905
10.738
10.561
10.373
10.175
9.967
9.7489
9.521
9.2835
9.0365
8.7802
8.5149
8.2408
7.9581
7.667
7.3679
7.061
6.7465
6.4249
6.0963
5.7612
5.4198
5.0725
4.7196
4.3616
3.9987
3.6315
3.2602
2.8853
2.5071
2.1262
1.7429
1.3576
0.9708
0.58292
0.19438
-0.19384
-0.58011
-0.96623
-0.81942
-0.49197
-0.16439
0.16484
0.49435
0.8233
1.1513
1.4781
1.8031
2.1262
2.4469
2.7648
3.0797
3.3912
3.6989
4.0025
4.3017
4.5963
4.8858
5.17
5.4487
5.7215
5.9881
6.2484
6.5021
6.7489
6.9887
7.2211
7.4461
7.6635
7.8729
8.0744
8.2676
8.4526
8.629
8.7969
8.956
9.1064
9.2478
9.3801
9.5033
9.6174
9.7222
9.8176
9.9037
9.9803
10.047
10.105
10.153
10.192
10.221
10.24
10.249
10.249
10.24
10.221
10.192
10.153
10.105
10.047
9.9803
9.9037
9.8176
9.7222
9.6174
9.5033
9.3801
9.2478
9.1064
8.956
8.7969
8.629
8.4526
8.2676
8.0744
7.8729
7.6635
7.4461
7.2211
6.9887
6.7489
6.5021
6.2484
5.9881
5.7215
5.4487
5.17
4.8858
4.5963
4.3017
4.0025
3.6989
3.3912
3.0797
2.7648
2.4469
2.1262
1.8031
1.4781
1.1513
0.8233
0.49435
0.16484
-0.16439
-0.49197
-0.81942
-0.67169
-0.40328
-0.13475
0.13513
0.40523
0.67487
0.94376
1.2116
1.4781
1.7429
2.0057
2.2664
2.5245
2.7798
3.032
3.2809
3.5262
3.7676
4.005
4.238
4.4664
4.69
4.9086
5.1219
5.3299
5.5322
5.7287
5.9193
6.1037
6.2819
6.4536
6.6187
6.7771
6.9287
7.0734
7.211
7.3414
7.4646
7.5805
7.689
7.7901
7.8835
7.9694
8.0477
8.1182
8.181
8.2361
8.2833
8.3227
8.3542
8.3779
8.3937
8.4016
8.4016
8.3937
8.3779
8.3542
8.3227
8.2833
8.2361
8.181
8.1182
8.0477
7.9694
7.8835
7.7901
7.689
7.5805
7.4646
7.3414
7.211
7.0734
6.9287
6.7771
6.6187
6.4536
6.2819
6.1037
5.9193
5.7287
5.5322
5.3299
5.1219
4.9086
4.69
4.4664
4.238
4.005
3.7676
3.5262
3.2809
3.032
2.7798
2.5245
2.2664
2.0057
1.7429
1.4781
1.2116
0.94376
0.67487
0.40523
0.13513
-0.13475
-0.40328
-0.67169
-0.52321
-0.31413
-0.10496
0.10526
0.31565
0.52569
0.73513
0.94376
1.1513
1.3576
1.5624
1.7654
1.9664
2.1653
2.3618
2.5557
2.7467
2.9348
3.1197
3.3011
3.4791
3.6532
3.8235
3.9897
4.1517
4.3093
4.4624
4.6108
4.7545
4.8932
5.027
5.1556
5.279
5.3971
5.5098
5.6169
5.7186
5.8145
5.9048
5.9893
6.068
6.1408
6.2077
6.2687
6.3236
6.3726
6.4154
6.4522
6.4829
6.5075
6.5259
6.5382
6.5444
6.5444
6.5382
6.5259
6.5075
6.4829
6.4522
6.4154
6.3726
6.3236
6.2687
6.2077
6.1408
6.068
5.9893
5.9048
5.8145
5.7186
5.6169
5.5098
5.3971
5.279
5.1556
5.027
4.8932
4.7545
4.6108
4.4624
4.3093
4.1517
3.9897
3.8235
3.6532
3.4791
3.3011
3.1197
2.9348
2.7467
2.5557
2.3618
2.1653
1.9664
1.7654
1.5624
1.3576
1.1513
0.94376
0.73513
0.52569
0.31565
0.10526
-0.10496
-0.31413
-0.52321
-0.37414
-0.22463
-0.075058
0.075267
0.22572
0.37591
0.52569
0.67487
0.8233
0.9708
1.1172
1.2624
1.4062
1.5484
1.6889
1.8275
1.9642
2.0986
2.2308
2.3606
2.4878
2.6124
2.7341
2.853
2.9688
3.0815
3.191
3.2971
3.3999
3.4991
3.5947
3.6867
3.775
3.8594
3.94
4.0166
4.0893
4.1579
4.2225
4.2829
4.3392
4.3912
4.4391
4.4827
4.522
4.557
4.5876
4.6139
4.6359
4.6534
4.6666
4.6754
4.6798
4.6798
4.6754
4.6666
4.6534
4.6359
4.6139
4.5876
4.557
4.522
4.4827
4.4391
4.3912
4.3392
4.2829
4.2225
4.1579
4.0893
4.0166
3.94
3.8594
3.775
3.6867
3.5947
3.4991
3.3999
3.2971
3.191
3.0815
2.9688
2.853
2.7341
2.6124
2.4878
2.3606
2.2308
2.0986
1.9642
1.8275
1.6889
1.5484
1.4062
1.2624
1.1172
0.9708
0.8233
0.67487
0.52569
0.37591
0.22572
0.075267
-0.075058
-0.22463
-0.37414
-0.22465
-0.13488
-0.045069
0.045194
0.13553
0.22572
0.31565
0.40523
0.49435
0.58292
0.67084
0.75801
0.84434
0.92973
1.0141
1.0973
1.1794
1.2601
1.3395
1.4174
1.4938
1.5686
1.6417
1.7131
1.7826
1.8503
1.916
1.9798
2.0414
2.101
2.1585
2.2137
2.2667
2.3174
2.3658
2.4118
2.4554
2.4966
2.5354
2.5717
2.6055
2.6367
2.6655
2.6916
2.7152
2.7362
2.7546
2.7704
2.7836
2.7942
2.8021
2.8074
2.81
2.81
2.8074
2.8021
2.7942
2.7836
2.7704
2.7546
2.7362
2.7152
2.6916
2.6655
2.6367
2.6055
2.5717
2.5354
2.4966
2.4554
2.4118
2.3658
2.3174
2.2667
2.2137
2.1585
2.101
2.0414
1.9798
1.916
1.8503
1.7826
1.7131
1.6417
1.5686
1.4938
1.4174
1.3395
1.2601
1.1794
1.0973
1.0141
0.92973
0.84434
0.75801
0.67084
0.58292
0.49435
0.40523
0.31565
0.22572
0.13553
0.045194
-0.045069
-0.13488
-0.22465
-0.074913
-0.044977
-0.015028
0.01507
0.045194
0.075267
0.10526
0.13513
0.16484
0.19438
0.2237
0.25276
0.28155
0.31003
0.33816
0.36592
0.39327
0.4202
0.44667
0.47265
0.49813
0.52307
0.54745
0.57124
0.59443
0.617
0.63892
0.66017
0.68074
0.70061
0.71976
0.73817
0.75584
0.77275
0.78888
0.80423
0.81878
0.83252
0.84544
0.85755
0.86881
0.87924
0.88882
0.89754
0.90541
0.91242
0.91856
0.92382
0.92822
0.93174
0.93438
0.93614
0.93702
0.93702
0.93614
0.93438
0.93174
0.92822
0.92382
0.91856
0.91242
0.90541
0.89754
0.88882
0.87924
0.86881
0.85755
0.84544
0.83252
0.81878
0.80423
0.78888
0.77275
0.75584
0.73817
0.71976
0.70061
0.68074
0.66017
0.63892
0.617
0.59443
0.57124
0.54745
0.52307
0.49813
0.47265
0.44667
0.4202
0.39327
0.36592
0.33816
0.31003
0.28155
0.25276
0.2237
0.19438
0.16484
0.13513
0.10526
0.075267
0.045194
0.01507
-0.015028
-0.044977
-0.074913
0.074704
0.044851
0.014987
-0.015028
-0.045069
-0.075058
-0.10496
-0.13475
-0.16439
-0.19384
-0.22307
-0.25206
-0.28077
-0.30916
-0.33722
-0.3649
-0.39218
-0.41903
-0.44543
-0.47134
-0.49674
-0.52161
-0.54592
-0.56965
-0.59278
-0.61528
-0.63714
-0.65833
-0.67885
-0.69866
-0.71775
-0.73612
-0.75374
-0.7706
-0.78669
-0.80199
-0.8165
-0.8302
-0.84309
-0.85516
-0.8664
-0.87679
-0.88635
-0.89505
-0.90289
-0.90988
-0.916
-0.92125
-0.92564
-0.92914
-0.93178
-0.93353
-0.93441
-0.93441
-0.93353
-0.93178
-0.92914
-0.92564
-0.92125
-0.916
-0.90988
-0.90289
-0.89505
-0.88635
-0.87679
-0.8664
-0.85516
-0.84309
-0.8302
-0.8165
-0.80199
-0.78669
-0.7706
-0.75374
-0.73612
-0.71775
-0.69866
-0.67885
-0.65833
-0.63714
-0.61528
-0.59278
-0.56965
-0.54592
-0.52161
-0.49674
-0.47134
-0.44543
-0.41903
-0.39218
-0.3649
-0.33722
-0.30916
-0.28077
-0.25206
-0.22307
-0.19384
-0.16439
-0.13475
-0.10496
-0.075058
-0.045069
-0.015028
0.014987
0.044851
0.074704
0.22424
0.13452
0.044851
-0.044977
-0.13488
-0.22463
-0.31413
-0.40328
-0.49197
-0.58011
-0.66761
-0.75436
-0.84027
-0.92525
-1.0092
-1.0921
-1.1737
-1.2541
-1.3331
-1.4106
-1.4866
-1.5611
-1.6338
-1.7048
-1.7741
-1.8414
-1.9068
-1.9702
-2.0316
-2.0909
-2.1481
-2.203
-2.2558
-2.3062
-2.3544
-2.4002
-2.4436
-2.4846
-2.5232
-2.5593
-2.5929
-2.624
-2.6526
-2.6787
-2.7022
-2.7231
-2.7414
-2.7571
-2.7702
-2.7807
-2.7886
-2.7939
-2.7965
-2.7965
-2.7939
-2.7886
-2.7807
-2.7702
-2.7571
-2.7414
-2.7231
-2.7022
-2.6787
-2.6526
-2.624
-2.5929
-2.5593
-2.5232
-2.4846
-2.4436
-2.4002
-2.3544
-2.3062
-2.2558
-2.203
-2.1481
-2.0909
-2.0316
-1.9702
-1.9068
-1.8414
-1.7741
-1.7048
-1.6338
-1.5611
-1.4866
-1.4106
-1.3331
-1.2541
-1.1737
-1.0921
-1.0092
-0.92525
-0.84027
-0.75436
-0.66761
-0.58011
-0.49197
-0.40328
-0.31413
-0.22463
-0.13488
-0.044977
0.044851
0.13452
0.22424
0.37385
0.22424
0.074704
-0.074913
-0.22465
-0.37414
-0.52321
-0.67169
-0.81942
-0.96623
-1.112
-1.2565
-1.3995
-1.5411
-1.6809
-1.8189
-1.9549
-2.0888
-2.2203
-2.3495
-2.4761
-2.6001
-2.7213
-2.8396
-2.9548
-3.067
-3.176
-3.2816
-3.3839
-3.4826
-3.5778
-3.6693
-3.7572
-3.8412
-3.9214
-3.9977
-4.07
-4.1383
-4.2026
-4.2627
-4.3187
-4.3706
-4.4182
-4.4616
-4.5007
-4.5355
-4.566
-4.5922
-4.614
-4.6315
-4.6446
-4.6534
-4.6578
-4.6578
-4.6534
-4.6446
-4.6315
-4.614
-4.5922
-4.566
-4.5355
-4.5007
-4.4616
-4.4182
-4.3706
-4.3187
-4.2627
-4.2026
-4.1383
-4.07
-3.9977
-3.9214
-3.8412
-3.7572
-3.6693
-3.5778
-3.4826
-3.3839
-3.2816
-3.176
-3.067
-2.9548
-2.8396
-2.7213
-2.6001
-2.4761
-2.3495
-2.2203
-2.0888
-1.9549
-1.8189
-1.6809
-1.5411
-1.3995
-1.2565
-1.112
-0.96623
-0.81942
-0.67169
-0.52321
-0.37414
-0.22465
-0.074913
0.074704
0.22424
0.37385
