0.53299
0.31975
0.10653
-0.10683
-0.32034
-0.53341
-0.74573
-0.95701
-1.167
-1.3753
-1.5817
-1.786
-1.9878
-2.1869
-2.3831
-2.5761
-2.7657
-2.9517
-3.1339
-3.312
-3.4859
-3.6555
-3.8205
-3.9808
-4.1364
-4.287
-4.4327
-4.5732
-4.7085
-4.8385
-4.9632
-5.0825
-5.1964
-5.3049
-5.4079
-5.5053
-5.5973
-5.6838
-5.7648
-5.8403
-5.9102
-5.9748
-6.0338
-6.0874
-6.1356
-6.1784
-6.2158
-6.2478
-6.2745
-6.2958
-6.3117
-6.3224
-6.3277
-6.3277
-6.3224
-6.3117
-6.2958
-6.2745
-6.2478
-6.2158
-6.1784
-6.1356
-6.0874
-6.0338
-5.9748
-5.9102
-5.8403
-5.7648
-5.6838
-5.5973
-5.5053
-5.4079
-5.3049
-5.1964
-5.0825
-4.9632
-4.8385
-4.7085
-4.5732
-4.4327
-4.287
-4.1364
-3.9808
-3.8205
-3.6555
-3.4859
-3.312
-3.1339
-2.9517
-2.7657
-2.5761
-2.3831
-2.1869
-1.9878
-1.786
-1.5817
-1.3753
-1.167
-0.95701
-0.74573
-0.53341
-0.32034
-0.10683
0.10653
0.31975
0.53299
0.31975
0.19186
0.063973
-0.064152
-0.19237
-0.32031
-0.44781
-0.57468
-0.70075
-0.82585
-0.94982
-1.0725
-1.1937
-1.3132
-1.4311
-1.547
-1.6608
-1.7725
-1.8819
-1.9888
-2.0933
-2.1951
-2.2942
-2.3905
-2.4839
-2.5744
-2.6618
-2.7462
-2.8274
-2.9055
-2.9804
-3.0521
-3.1205
-3.1856
-3.2474
-3.306
-3.3612
-3.4131
-3.4617
-3.5071
-3.5491
-3.5878
-3.6233
-3.6555
-3.6844
-3.7101
-3.7326
-3.7518
-3.7678
-3.7806
-3.7902
-3.7966
-3.7998
-3.7998
-3.7966
-3.7902
-3.7806
-3.7678
-3.7518
-3.7326
-3.7101
-3.6844
-3.6555
-3.6233
-3.5878
-3.5491
-3.5071
-3.4617
-3.4131
-3.3612
-3.306
-3.2474
-3.1856
-3.1205
-3.0521
-2.9804
-2.9055
-2.8274
-2.7462
-2.6618
-2.5744
-2.4839
-2.3905
-2.2942
-2.1951
-2.0933
-1.9888
-1.8819
-1.7725
-1.6608
-1.547
-1.4311
-1.3132
-1.1937
-1.0725
-0.94982
-0.82585
-0.70075
-0.57468
-0.44781
-0.32031
-0.19237
-0.064152
0.063973
0.19186
0.31975
0.10653
0.063973
0.021378
-0.021438
-0.064283
-0.10704
-0.14964
-0.19204
-0.23417
-0.27597
-0.3174
-0.35839
-0.39889
-0.43885
-0.47821
-0.51695
-0.55499
-0.59231
-0.62886
-0.66461
-0.69951
-0.73353
-0.76665
-0.79883
-0.83004
-0.86027
-0.88949
-0.91769
-0.94484
-0.97093
-0.99596
-1.0199
-1.0428
-1.0645
-1.0852
-1.1047
-1.1232
-1.1406
-1.1568
-1.172
-1.186
-1.1989
-1.2108
-1.2216
-1.2312
-1.2398
-1.2473
-1.2537
-1.2591
-1.2634
-1.2666
-1.2687
-1.2698
-1.2698
-1.2687
-1.2666
-1.2634
-1.2591
-1.2537
-1.2473
-1.2398
-1.2312
-1.2216
-1.2108
-1.1989
-1.186
-1.172
-1.1568
-1.1406
-1.1232
-1.1047
-1.0852
-1.0645
-1.0428
-1.0199
-0.99596
-0.97093
-0.94484
-0.91769
-0.88949
-0.86027
-0.83004
-0.79883
-0.76665
-0.73353
-0.69951
-0.66461
-0.62886
-0.59231
-0.55499
-0.51695
-0.47821
-0.43885
-0.39889
-0.35839
-0.3174
-0.27597
-0.23417
-0.19204
-0.14964
-0.10704
-0.064283
-0.021438
0.021378
0.063973
0.10653
-0.10683
-0.064152
-0.021438
0.021497
0.064462
0.10734
0.15006
0.19257
0.23482
0.27674
0.31828
0.35939
0.4
0.44007
0.47955
0.51839
0.55654
0.59396
0.63062
0.66646
0.70146
0.73558
0.76878
0.80105
0.83235
0.86267
0.89197
0.92024
0.94747
0.97364
0.99873
1.0227
1.0457
1.0675
1.0882
1.1078
1.1263
1.1437
1.16
1.1752
1.1893
1.2023
1.2142
1.225
1.2347
1.2433
1.2508
1.2572
1.2626
1.2669
1.2701
1.2722
1.2733
1.2733
1.2722
1.2701
1.2669
1.2626
1.2572
1.2508
1.2433
1.2347
1.225
1.2142
1.2023
1.1893
1.1752
1.16
1.1437
1.1263
1.1078
1.0882
1.0675
1.0457
1.0227
0.99873
0.97364
0.94747
0.92024
0.89197
0.86267
0.83235
0.80105
0.76878
0.73558
0.70146
0.66646
0.63062
0.59396
0.55654
0.51839
0.47955
0.44007
0.4
0.35939
0.31828
0.27674
0.23482
0.19257
0.15006
0.10734
0.064462
0.021497
-0.021438
-0.064152
-0.10683
-0.32034
-0.19237
-0.064283
0.064462
0.19329
0.32186
0.44997
0.57745
0.70414
0.82984
0.9544
1.0777
1.1994
1.3196
1.438
1.5544
1.6688
1.7811
1.891
1.9984
2.1034
2.2057
2.3053
2.402
2.4959
2.5868
2.6747
2.7594
2.8411
2.9195
2.9948
3.0668
3.1355
3.201
3.2631
3.3219
3.3774
3.4296
3.4785
3.524
3.5662
3.6052
3.6408
3.6732
3.7022
3.728
3.7506
3.7699
3.786
3.7989
3.8085
3.8149
3.8181
3.8181
3.8149
3.8085
3.7989
3.786
3.7699
3.7506
3.728
3.7022
3.6732
3.6408
3.6052
3.5662
3.524
3.4785
3.4296
3.3774
3.3219
3.2631
3.201
3.1355
3.0668
2.9948
2.9195
2.8411
2.7594
2.6747
2.5868
2.4959
2.402
2.3053
2.2057
2.1034
1.9984
1.891
1.7811
1.6688
1.5544
1.438
1.3196
1.1994
1.0777
0.9544
0.82984
0.70414
0.57745
0.44997
0.32186
0.19329
0.064462
-0.064283
-0.19237
-0.32034
-0.53341
-0.32031
-0.10704
0.10734
0.32186
0.53593
0.74925
0.96152
1.1725
1.3818
1.5892
1.7944
1.9972
2.1973
2.3944
2.5883
2.7788
2.9657
3.1487
3.3276
3.5024
3.6727
3.8385
3.9997
4.1559
4.3073
4.4536
4.5948
4.7307
4.8614
4.9867
5.1065
5.221
5.33
5.4334
5.5314
5.6238
5.7107
5.792
5.8679
5.9382
6.003
6.0623
6.1162
6.1646
6.2076
6.2452
6.2773
6.3041
6.3255
6.3416
6.3523
6.3576
6.3576
6.3523
6.3416
6.3255
6.3041
6.2773
6.2452
6.2076
6.1646
6.1162
6.0623
6.003
5.9382
5.8679
5.792
5.7107
5.6238
5.5314
5.4334
5.33
5.221
5.1065
4.9867
4.8614
4.7307
4.5948
4.4536
4.3073
4.1559
3.9997
3.8385
3.6727
3.5024
3.3276
3.1487
2.9657
2.7788
2.5883
2.3944
2.1973
1.9972
1.7944
1.5892
1.3818
1.1725
0.96152
0.74925
0.53593
0.32186
0.10734
-0.10704
-0.32031
-0.53341
-0.74573
-0.44781
-0.14964
0.15006
0.44997
0.74925
1.0475
1.3443
1.6392
1.9318
2.2217
2.5087
2.7922
3.0719
3.3474
3.6185
3.8849
4.1461
4.402
4.6522
4.8965
5.1346
5.3664
5.5917
5.8102
6.0218
6.2263
6.4237
6.6137
6.7964
6.9716
7.1392
7.2992
7.4515
7.5961
7.7331
7.8623
7.9838
8.0975
8.2035
8.3018
8.3925
8.4754
8.5507
8.6184
8.6785
8.731
8.776
8.8134
8.8434
8.8658
8.8807
8.8882
8.8882
8.8807
8.8658
8.8434
8.8134
8.776
8.731
8.6785
8.6184
8.5507
8.4754
8.3925
8.3018
8.2035
8.0975
7.9838
7.8623
7.7331
7.5961
7.4515
7.2992
7.1392
6.9716
6.7964
6.6137
6.4237
6.2263
6.0218
5.8102
5.5917
5.3664
5.1346
4.8965
4.6522
4.402
4.1461
3.8849
3.6185
3.3474
3.0719
2.7922
2.5087
2.2217
1.9318
1.6392
1.3443
1.0475
0.74925
0.44997
0.15006
-0.14964
-0.44781
-0.74573
-0.95701
-0.57468
-0.19204
0.19257
0.57745
0.96152
1.3443
1.7251
2.1036
2.4791
2.8512
3.2194
3.5832
3.9422
4.2958
4.6437
4.9855
5.3208
5.6491
5.9702
6.2837
6.5894
6.8868
7.1759
7.4563
7.7279
7.9904
8.2436
8.4875
8.7219
8.9467
9.1618
9.3671
9.5626
9.7483
9.924
10.09
10.246
10.392
10.528
10.654
10.77
10.877
10.973
11.06
11.137
11.205
11.262
11.31
11.349
11.378
11.397
11.406
11.406
11.397
11.378
11.349
11.31
11.262
11.205
11.137
11.06
10.973
10.877
10.77
10.654
10.528
10.392
10.246
10.09
9.924
9.7483
9.5626
9.3671
9.1618
8.9467
8.7219
8.4875
8.2436
7.9904
7.7279
7.4563
7.1759
6.8868
6.5894
6.2837
5.9702
5.6491
5.3208
4.9855
4.6437
4.2958
3.9422
3.5832
3.2194
2.8512
2.4791
2.1036
1.7251
1.3443
0.96152
0.57745
0.19257
-0.19204
-0.57468
-0.95701
-1.167
-0.70075
-0.23417
0.23482
0.70414
1.1725
1.6392
2.1036
2.565
3.023
3.4767
3.9257
4.3693
4.807
5.2382
5.6625
6.0792
6.488
6.8884
7.2799
7.6622
8.0349
8.3977
8.7502
9.0921
9.4232
9.7433
10.052
10.35
10.635
10.909
11.172
11.422
11.66
11.887
12.101
12.303
12.493
12.671
12.837
12.991
13.133
13.263
13.381
13.487
13.581
13.663
13.733
13.792
13.839
13.874
13.897
13.909
13.909
13.897
13.874
13.839
13.792
13.733
13.663
13.581
13.487
13.381
13.263
13.133
12.991
12.837
12.671
12.493
12.303
12.101
11.887
11.66
11.422
11.172
10.909
10.635
10.35
10.052
9.7433
9.4232
9.0921
8.7502
8.3977
8.0349
7.6622
7.2799
6.8884
6.488
6.0792
5.6625
5.2382
4.807
4.3693
3.9257
3.4767
3.023
2.565
2.1036
1.6392
1.1725
0.70414
0.23482
-0.23417
-0.70075
-1.167
-1.3753
-0.82585
-0.27597
0.27674
0.82984
1.3818
1.9318
2.4791
3.023
3.5626
4.0974
4.6265
5.1493
5.6652
6.1734
6.6734
7.1645
7.6463
8.1182
8.5796
9.0301
9.4694
9.8969
10.312
10.715
11.105
11.483
11.847
12.197
12.534
12.857
13.166
13.461
13.742
14.009
14.261
14.5
14.724
14.934
15.129
15.31
15.478
15.631
15.769
15.894
16.005
16.102
16.185
16.254
16.309
16.35
16.378
16.392
16.392
16.378
16.35
16.309
16.254
16.185
16.102
16.005
15.894
15.769
15.631
15.478
15.31
15.129
14.934
14.724
14.5
14.261
14.009
13.742
13.461
13.166
12.857
12.534
12.197
11.847
11.483
11.105
10.715
10.312
9.8969
9.4694
9.0301
8.5796
8.1182
7.6463
7.1645
6.6734
6.1734
5.6652
5.1493
4.6265
4.0974
3.5626
3.023
2.4791
1.9318
1.3818
0.82984
0.27674
-0.27597
-0.82585
-1.3753
-1.5817
-0.94982
-0.3174
0.31828
0.9544
1.5892
2.2217
2.8512
3.4767
4.0974
4.7124
5.321
5.9223
6.5155
7.1
7.6751
8.24
8.794
9.3367
9.8674
10.386
10.891
11.382
11.86
12.324
12.772
13.206
13.625
14.028
14.415
14.787
15.142
15.482
15.805
16.112
16.402
16.676
16.934
17.175
17.4
17.609
17.801
17.977
18.136
18.28
18.407
18.519
18.614
18.694
18.757
18.805
18.836
18.852
18.852
18.836
18.805
18.757
18.694
18.614
18.519
18.407
18.28
18.136
17.977
17.801
17.609
17.4
17.175
16.934
16.676
16.402
16.112
15.805
15.482
15.142
14.787
14.415
14.028
13.625
13.206
12.772
12.324
11.86
11.382
10.891
10.386
9.8674
9.3367
8.794
8.24
7.6751
7.1
6.5155
5.9223
5.321
4.7124
4.0974
3.4767
2.8512
2.2217
1.5892
0.9544
0.31828
-0.3174
-0.94982
-1.5817
-1.786
-1.0725
-0.35839
0.35939
1.0777
1.7944
2.5087
3.2194
3.9257
4.6265
5.321
6.0081
6.6871
7.3569
8.0169
8.6662
9.3041
9.9297
10.542
11.142
11.727
12.297
12.852
13.392
13.915
14.422
14.912
15.384
15.84
16.277
16.697
17.098
17.481
17.846
18.192
18.52
18.83
19.121
19.393
19.647
19.883
20.1
20.298
20.479
20.641
20.785
20.91
21.018
21.108
21.179
21.233
21.269
21.287
21.287
21.269
21.233
21.179
21.108
21.018
20.91
20.785
20.641
20.479
20.298
20.1
19.883
19.647
19.393
19.121
18.83
18.52
18.192
17.846
17.481
17.098
16.697
16.277
15.84
15.384
14.912
14.422
13.915
13.392
12.852
12.297
11.727
11.142
10.542
9.9297
9.3041
8.6662
8.0169
7.3569
6.6871
6.0081
5.321
4.6265
3.9257
3.2194
2.5087
1.7944
1.0777
0.35939
-0.35839
-1.0725
-1.786
-1.9878
-1.1937
-0.39889
0.4
1.1994
1.9972
2.7922
3.5832
4.3693
5.1493
5.9223
6.6871
7.4427
8.1883
8.9229
9.6456
10.355
11.052
11.734
12.401
13.052
13.687
14.305
14.905
15.488
16.052
16.597
17.123
17.63
18.116
18.583
19.03
19.457
19.863
20.248
20.613
20.958
21.281
21.585
21.867
22.129
22.371
22.592
22.793
22.973
23.133
23.273
23.393
23.493
23.573
23.633
23.673
23.692
23.692
23.673
23.633
23.573
23.493
23.393
23.273
23.133
22.973
22.793
22.592
22.371
22.129
21.867
21.585
21.281
20.958
20.613
20.248
19.863
19.457
19.03
18.583
18.116
17.63
17.123
16.597
16.052
15.488
14.905
14.305
13.687
13.052
12.401
11.734
11.052
10.355
9.6456
8.9229
8.1883
7.4427
6.6871
5.9223
5.1493
4.3693
3.5832
2.7922
1.9972
1.1994
0.4
-0.39889
-1.1937
-1.9878
-2.1869
-1.3132
-0.43885
0.44007
1.3196
2.1973
3.0719
3.9422
4.807
5.6652
6.5155
7.3569
8.1883
9.0086
9.8168
10.612
11.393
12.159
12.909
13.643
14.359
15.058
15.738
16.398
17.039
17.66
18.259
18.838
19.396
19.931
20.445
20.937
21.406
21.853
22.277
22.678
23.057
23.413
23.747
24.058
24.346
24.612
24.855
25.076
25.275
25.451
25.605
25.737
25.847
25.934
26
26.044
26.066
26.066
26.044
26
25.934
25.847
25.737
25.605
25.451
25.275
25.076
24.855
24.612
24.346
24.058
23.747
23.413
23.057
22.678
22.277
21.853
21.406
20.937
20.445
19.931
19.396
18.838
18.259
17.66
17.039
16.398
15.738
15.058
14.359
13.643
12.909
12.159
11.393
10.612
9.8168
9.0086
8.1883
7.3569
6.5155
5.6652
4.807
3.9422
3.0719
2.1973
1.3196
0.44007
-0.43885
-1.3132
-2.1869
-2.3831
-1.4311
-0.47821
0.47955
1.438
2.3944
3.3474
4.2958
5.2382
6.1734
7.1
8.0169
8.9229
9.8168
10.697
11.564
12.415
13.25
14.067
14.867
15.648
16.409
17.15
17.869
18.568
19.244
19.898
20.528
21.136
21.719
22.279
22.815
23.326
23.813
24.275
24.713
25.126
25.514
25.877
26.216
26.53
26.82
27.085
27.326
27.542
27.734
27.902
28.046
28.165
28.261
28.333
28.38
28.404
28.404
28.38
28.333
28.261
28.165
28.046
27.902
27.734
27.542
27.326
27.085
26.82
26.53
26.216
25.877
25.514
25.126
24.713
24.275
23.813
23.326
22.815
22.279
21.719
21.136
20.528
19.898
19.244
18.568
17.869
17.15
16.409
15.648
14.867
14.067
13.25
12.415
11.564
10.697
9.8168
8.9229
8.0169
7.1
6.1734
5.2382
4.2958
3.3474
2.3944
1.438
0.47955
-0.47821
-1.4311
-2.3831
-2.5761
-1.547
-0.51695
0.51839
1.5544
2.5883
3.6185
4.6437
5.6625
6.6734
7.6751
8.6662
9.6456
10.612
11.564
12.5
13.42
14.323
15.207
16.071
16.915
17.738
18.539
19.317
20.072
20.802
21.509
22.191
22.847
23.478
24.084
24.663
25.215
25.742
26.241
26.714
27.161
27.58
27.973
28.339
28.679
28.992
29.279
29.539
29.773
29.98
30.162
30.317
30.447
30.55
30.627
30.679
30.705
30.705
30.679
30.627
30.55
30.447
30.317
30.162
29.98
29.773
29.539
29.279
28.992
28.679
28.339
27.973
27.58
27.161
26.714
26.241
25.742
25.215
24.663
24.084
23.478
22.847
22.191
21.509
20.802
20.072
19.317
18.539
17.738
16.915
16.071
15.207
14.323
13.42
12.5
11.564
10.612
9.6456
8.6662
7.6751
6.6734
5.6625
4.6437
3.6185
2.5883
1.5544
0.51839
-0.51695
-1.547
-2.5761
-2.7657
-1.6608
-0.55499
0.55654
1.6688
2.7788
3.8849
4.9855
6.0792
7.1645
8.24
9.3041
10.355
11.393
12.415
13.42
14.408
15.377
16.326
17.254
18.16
19.043
19.903
20.738
21.549
22.334
23.092
23.824
24.529
25.206
25.856
26.478
27.071
27.636
28.173
28.68
29.16
29.61
30.032
30.425
30.79
31.126
31.434
31.713
31.964
32.187
32.382
32.549
32.687
32.798
32.882
32.937
32.965
32.965
32.937
32.882
32.798
32.687
32.549
32.382
32.187
31.964
31.713
31.434
31.126
30.79
30.425
30.032
29.61
29.16
28.68
28.173
27.636
27.071
26.478
25.856
25.206
24.529
23.824
23.092
22.334
21.549
20.738
19.903
19.043
18.16
17.254
16.326
15.377
14.408
13.42
12.415
11.393
10.355
9.3041
8.24
7.1645
6.0792
4.9855
3.8849
2.7788
1.6688
0.55654
-0.55499
-1.6608
-2.7657
-2.9517
-1.7725
-0.59231
0.59396
1.7811
2.9657
4.1461
5.3208
6.488
7.6463
8.794
9.9297
11.052
12.159
13.25
14.323
15.377
16.411
17.424
18.414
19.381
20.324
21.241
22.133
22.998
23.835
24.645
25.426
26.178
26.901
27.595
28.258
28.892
29.495
30.067
30.609
31.121
31.601
32.052
32.471
32.86
33.219
33.547
33.846
34.114
34.351
34.559
34.737
34.885
35.004
35.093
35.152
35.182
35.182
35.152
35.093
35.004
34.885
34.737
34.559
34.351
34.114
33.846
33.547
33.219
32.86
32.471
32.052
31.601
31.121
30.609
30.067
29.495
28.892
28.258
27.595
26.901
26.178
25.426
24.645
23.835
22.998
22.133
21.241
20.324
19.381
18.414
17.424
16.411
15.377
14.323
13.25
12.159
11.052
9.9297
8.794
7.6463
6.488
5.3208
4.1461
2.9657
1.7811
0.59396
-0.59231
-1.7725
-2.9517
-3.1339
-1.8819
-0.62886
0.63062
1.891
3.1487
4.402
5.6491
6.8884
8.1182
9.3367
10.542
11.734
12.909
14.067
15.207
16.326
17.424
18.499
19.55
20.577
21.578
22.552
23.499
24.417
25.306
26.166
26.995
27.794
28.562
29.298
30.002
30.674
31.315
31.923
32.498
33.041
33.552
34.03
34.475
34.888
35.269
35.618
35.934
36.219
36.471
36.692
36.881
37.038
37.164
37.258
37.321
37.353
37.353
37.321
37.258
37.164
37.038
36.881
36.692
36.471
36.219
35.934
35.618
35.269
34.888
34.475
34.03
33.552
33.041
32.498
31.923
31.315
30.674
30.002
29.298
28.562
27.794
26.995
26.166
25.306
24.417
23.499
22.552
21.578
20.577
19.55
18.499
17.424
16.326
15.207
14.067
12.909
11.734
10.542
9.3367
8.1182
6.8884
5.6491
4.402
3.1487
1.891
0.63062
-0.62886
-1.8819
-3.1339
-3.312
-1.9888
-0.66461
0.66646
1.9984
3.3276
4.6522
5.9702
7.2799
8.5796
9.8674
11.142
12.401
13.643
14.867
16.071
17.254
18.414
19.55
20.662
21.747
22.804
23.834
24.834
25.805
26.745
27.653
28.53
29.374
30.185
30.963
31.707
32.418
33.095
33.737
34.345
34.919
35.459
35.964
36.435
36.871
37.274
37.642
37.977
38.277
38.544
38.778
38.977
39.144
39.277
39.376
39.443
39.476
39.476
39.443
39.376
39.277
39.144
38.977
38.778
38.544
38.277
37.977
37.642
37.274
36.871
36.435
35.964
35.459
34.919
34.345
33.737
33.095
32.418
31.707
30.963
30.185
29.374
28.53
27.653
26.745
25.805
24.834
23.834
22.804
21.747
20.662
19.55
18.414
17.254
16.071
14.867
13.643
12.401
11.142
9.8674
8.5796
7.2799
5.9702
4.6522
3.3276
1.9984
0.66646
-0.66461
-1.9888
-3.312
-3.4859
-2.0933
-0.69951
0.70146
2.1034
3.5024
4.8965
6.2837
7.6622
9.0301
10.386
11.727
13.052
14.359
15.648
16.915
18.16
19.381
20.577
21.747
22.889
24.002
25.086
26.139
27.16
28.149
29.105
30.028
30.916
31.77
32.589
33.373
34.12
34.833
35.509
36.149
36.753
37.321
37.852
38.348
38.808
39.231
39.619
39.971
40.288
40.569
40.814
41.024
41.199
41.339
41.444
41.514
41.549
41.549
41.514
41.444
41.339
41.199
41.024
40.814
40.569
40.288
39.971
39.619
39.231
38.808
38.348
37.852
37.321
36.753
36.149
35.509
34.833
34.12
33.373
32.589
31.77
30.916
30.028
29.105
28.149
27.16
26.139
25.086
24.002
22.889
21.747
20.577
19.381
18.16
16.915
15.648
14.359
13.052
11.727
10.386
9.0301
7.6622
6.2837
4.8965
3.5024
2.1034
0.70146
-0.69951
-2.0933
-3.4859
-3.6555
-2.1951
-0.73353
0.73558
2.2057
3.6727
5.1346
6.5894
8.0349
9.4694
10.891
12.297
13.687
15.058
16.409
17.738
19.043
20.324
21.578
22.804
24.002
25.169
26.306
27.41
28.481
29.518
30.521
31.488
32.42
33.315
34.174
34.996
35.78
36.527
37.236
37.907
38.541
39.136
39.694
40.213
40.695
41.14
41.546
41.915
42.247
42.542
42.799
43.02
43.203
43.35
43.46
43.533
43.57
43.57
43.533
43.46
43.35
43.203
43.02
42.799
42.542
42.247
41.915
41.546
41.14
40.695
40.213
39.694
39.136
38.541
37.907
37.236
36.527
35.78
34.996
34.174
33.315
32.42
31.488
30.521
29.518
28.481
27.41
26.306
25.169
24.002
22.804
21.578
20.324
19.043
17.738
16.409
15.058
13.687
12.297
10.891
9.4694
8.0349
6.5894
5.1346
3.6727
2.2057
0.73558
-0.73353
-2.1951
-3.6555
-3.8205
-2.2942
-0.76665
0.76878
2.3053
3.8385
5.3664
6.8868
8.3977
9.8969
11.382
12.852
14.305
15.738
17.15
18.539
19.903
21.241
22.552
23.834
25.086
26.306
27.493
28.647
29.767
30.851
31.899
32.91
33.884
34.82
35.717
36.576
37.395
38.176
38.917
39.619
40.281
40.903
41.486
42.029
42.533
42.997
43.422
43.808
44.155
44.463
44.732
44.962
45.154
45.307
45.422
45.499
45.537
45.537
45.499
45.422
45.307
45.154
44.962
44.732
44.463
44.155
43.808
43.422
42.997
42.533
42.029
41.486
40.903
40.281
39.619
38.917
38.176
37.395
36.576
35.717
34.82
33.884
32.91
31.899
30.851
29.767
28.647
27.493
26.306
25.086
23.834
22.552
21.241
19.903
18.539
17.15
15.738
14.305
12.852
11.382
9.8969
8.3977
6.8868
5.3664
3.8385
2.3053
0.76878
-0.76665
-2.2942
-3.8205
-3.9808
-2.3905
-0.79883
0.80105
2.402
3.9997
5.5917
7.1759
8.7502
10.312
11.86
13.392
14.905
16.398
17.869
19.317
20.738
22.133
23.499
24.834
26.139
27.41
28.647
29.85
31.016
32.146
33.238
34.291
35.306
36.281
37.216
38.111
38.965
39.778
40.551
41.282
41.971
42.62
43.227
43.793
44.318
44.802
45.245
45.647
46.008
46.329
46.609
46.849
47.049
47.209
47.329
47.409
47.448
47.448
47.409
47.329
47.209
47.049
46.849
46.609
46.329
46.008
45.647
45.245
44.802
44.318
43.793
43.227
42.62
41.971
41.282
40.551
39.778
38.965
38.111
37.216
36.281
35.306
34.291
33.238
32.146
31.016
29.85
28.647
27.41
26.139
24.834
23.499
22.133
20.738
19.317
17.869
16.398
14.905
13.392
11.86
10.312
8.7502
7.1759
5.5917
3.9997
2.402
0.80105
-0.79883
-2.3905
-3.9808
-4.1364
-2.4839
-0.83004
0.83235
2.4959
4.1559
5.8102
7.4563
9.0921
10.715
12.324
13.915
15.488
17.039
18.568
20.072
21.549
22.998
24.417
25.805
27.16
28.481
29.767
31.016
32.228
33.402
34.537
35.631
36.686
37.699
38.671
39.6
40.488
41.333
42.135
42.895
43.612
44.285
44.916
45.504
46.05
46.553
47.013
47.43
47.806
48.139
48.431
48.68
48.888
49.054
49.178
49.261
49.303
49.303
49.261
49.178
49.054
48.888
48.68
48.431
48.139
47.806
47.43
47.013
46.553
46.05
45.504
44.916
44.285
43.612
42.895
42.135
41.333
40.488
39.6
38.671
37.699
36.686
35.631
34.537
33.402
32.228
31.016
29.767
28.481
27.16
25.805
24.417
22.998
21.549
20.072
18.568
17.039
15.488
13.915
12.324
10.715
9.0921
7.4563
5.8102
4.1559
2.4959
0.83235
-0.83004
-2.4839
-4.1364
-4.287
-2.5744
-0.86027
0.86267
2.5868
4.3073
6.0218
7.7279
9.4232
11.105
12.772
14.422
16.052
17.66
19.244
20.802
22.334
23.835
25.306
26.745
28.149
29.518
30.851
32.146
33.402
34.619
35.795
36.929
38.022
39.072
40.079
41.043
41.962
42.838
43.67
44.457
45.2
45.898
46.552
47.162
47.727
48.248
48.725
49.158
49.547
49.893
50.195
50.453
50.668
50.84
50.969
51.055
51.098
51.098
51.055
50.969
50.84
50.668
50.453
50.195
49.893
49.547
49.158
48.725
48.248
47.727
47.162
46.552
45.898
45.2
44.457
43.67
42.838
41.962
41.043
40.079
39.072
38.022
36.929
35.795
34.619
33.402
32.146
30.851
29.518
28.149
26.745
25.306
23.835
22.334
20.802
19.244
17.66
16.052
14.422
12.772
11.105
9.4232
7.7279
6.0218
4.3073
2.5868
0.86267
-0.86027
-2.5744
-4.287
-4.4327
-2.6618
-0.88949
0.89197
2.6747
4.4536
6.2263
7.9904
9.7433
11.483
13.206
14.912
16.597
18.259
19.898
21.509
23.092
24.645
26.166
27.653
29.105
30.521
31.899
33.238
34.537
35.795
37.01
38.184
39.313
40.399
41.44
42.437
43.388
44.293
45.153
45.967
46.735
47.457
48.134
48.764
49.348
49.887
50.38
50.828
51.23
51.587
51.9
52.167
52.39
52.567
52.701
52.79
52.834
52.834
52.79
52.701
52.567
52.39
52.167
51.9
51.587
51.23
50.828
50.38
49.887
49.348
48.764
48.134
47.457
46.735
45.967
45.153
44.293
43.388
42.437
41.44
40.399
39.313
38.184
37.01
35.795
34.537
33.238
31.899
30.521
29.105
27.653
26.166
24.645
23.092
21.509
19.898
18.259
16.597
14.912
13.206
11.483
9.7433
7.9904
6.2263
4.4536
2.6747
0.89197
-0.88949
-2.6618
-4.4327
-4.5732
-2.7462
-0.91769
0.92024
2.7594
4.5948
6.4237
8.2436
10.052
11.847
13.625
15.384
17.123
18.838
20.528
22.191
23.824
25.426
26.995
28.53
30.028
31.488
32.91
34.291
35.631
36.929
38.184
39.394
40.559
41.68
42.754
43.782
44.763
45.697
46.585
47.424
48.217
48.962
49.659
50.31
50.913
51.468
51.977
52.439
52.854
53.223
53.545
53.821
54.05
54.234
54.371
54.463
54.509
54.509
54.463
54.371
54.234
54.05
53.821
53.545
53.223
52.854
52.439
51.977
51.468
50.913
50.31
49.659
48.962
48.217
47.424
46.585
45.697
44.763
43.782
42.754
41.68
40.559
39.394
38.184
36.929
35.631
34.291
32.91
31.488
30.028
28.53
26.995
25.426
23.824
22.191
20.528
18.838
17.123
15.384
13.625
11.847
10.052
8.2436
6.4237
4.5948
2.7594
0.92024
-0.91769
-2.7462
-4.5732
-4.7085
-2.8274
-0.94484
0.94747
2.8411
4.7307
6.6137
8.4875
10.35
12.197
14.028
15.84
17.63
19.396
21.136
22.847
24.529
26.178
27.794
29.374
30.916
32.42
33.884
35.306
36.686
38.022
39.313
40.559
41.76
42.913
44.019
45.077
46.088
47.05
47.963
48.828
49.643
50.41
51.129
51.798
52.419
52.991
53.515
53.991
54.418
54.798
55.129
55.413
55.65
55.839
55.98
56.075
56.122
56.122
56.075
55.98
55.839
55.65
55.413
55.129
54.798
54.418
53.991
53.515
52.991
52.419
51.798
51.129
50.41
49.643
48.828
47.963
47.05
46.088
45.077
44.019
42.913
41.76
40.559
39.313
38.022
36.686
35.306
33.884
32.42
30.916
29.374
27.794
26.178
24.529
22.847
21.136
19.396
17.63
15.84
14.028
12.197
10.35
8.4875
6.6137
4.7307
2.8411
0.94747
-0.94484
-2.8274
-4.7085
-4.8385
-2.9055
-0.97093
0.97364
2.9195
4.8614
6.7964
8.7219
10.635
12.534
14.415
16.277
18.116
19.931
21.719
23.478
25.206
26.901
28.562
30.185
31.77
33.315
34.82
36.281
37.699
39.072
40.399
41.68
42.913
44.098
45.235
46.322
47.36
48.349
49.288
50.176
51.014
51.803
52.541
53.229
53.867
54.455
54.993
55.482
55.921
56.311
56.652
56.944
57.187
57.381
57.526
57.623
57.672
57.672
57.623
57.526
57.381
57.187
56.944
56.652
56.311
55.921
55.482
54.993
54.455
53.867
53.229
52.541
51.803
51.014
50.176
49.288
48.349
47.36
46.322
45.235
44.098
42.913
41.68
40.399
39.072
37.699
36.281
34.82
33.315
31.77
30.185
28.562
26.901
25.206
23.478
21.719
19.931
18.116
16.277
14.415
12.534
10.635
8.7219
6.7964
4.8614
2.9195
0.97364
-0.97093
-2.9055
-4.8385
-4.9632
-2.9804
-0.99596
0.99873
2.9948
4.9867
6.9716
8.9467
10.909
12.857
14.787
16.697
18.583
20.445
22.279
24.084
25.856
27.595
29.298
30.963
32.589
34.174
35.717
37.216
38.671
40.079
41.44
42.754
44.019
45.235
46.401
47.516
48.581
49.595
50.558
51.469
52.329
53.138
53.895
54.601
55.255
55.858
56.411
56.912
57.362
57.762
58.112
58.411
58.661
58.86
59.009
59.109
59.158
59.158
59.109
59.009
58.86
58.661
58.411
58.112
57.762
57.362
56.912
56.411
55.858
55.255
54.601
53.895
53.138
52.329
51.469
50.558
49.595
48.581
47.516
46.401
45.235
44.019
42.754
41.44
40.079
38.671
37.216
35.717
34.174
32.589
30.963
29.298
27.595
25.856
24.084
22.279
20.445
18.583
16.697
14.787
12.857
10.909
8.9467
6.9716
4.9867
2.9948
0.99873
-0.99596
-2.9804
-4.9632
-5.0825
-3.0521
-1.0199
1.0227
3.0668
5.1065
7.1392
9.1618
11.172
13.166
15.142
17.098
19.03
20.937
22.815
24.663
26.478
28.258
30.002
31.707
33.373
34.996
36.576
38.111
39.6
41.043
42.437
43.782
45.077
46.322
47.516
48.659
49.749
50.788
51.774
52.707
53.588
54.416
55.191
55.914
56.584
57.201
57.767
58.28
58.742
59.151
59.509
59.816
60.071
60.275
60.428
60.53
60.581
60.581
60.53
60.428
60.275
60.071
59.816
59.509
59.151
58.742
58.28
57.767
57.201
56.584
55.914
55.191
54.416
53.588
52.707
51.774
50.788
49.749
48.659
47.516
46.322
45.077
43.782
42.437
41.043
39.6
38.111
36.576
34.996
33.373
31.707
30.002
28.258
26.478
24.663
22.815
20.937
19.03
17.098
15.142
13.166
11.172
9.1618
7.1392
5.1065
3.0668
1.0227
-1.0199
-3.0521
-5.0825
-5.1964
-3.1205
-1.0428
1.0457
3.1355
5.221
7.2992
9.3671
11.422
13.461
15.482
17.481
19.457
21.406
23.326
25.215
27.071
28.892
30.674
32.418
34.12
35.78
37.395
38.965
40.488
41.962
43.388
44.763
46.088
47.36
48.581
49.749
50.864
51.926
52.934
53.888
54.789
55.635
56.428
57.167
57.852
58.484
59.062
59.587
60.058
60.477
60.843
61.157
61.417
61.626
61.782
61.887
61.939
61.939
61.887
61.782
61.626
61.417
61.157
60.843
60.477
60.058
59.587
59.062
58.484
57.852
57.167
56.428
55.635
54.789
53.888
52.934
51.926
50.864
49.749
48.581
47.36
46.088
44.763
43.388
41.962
40.488
38.965
37.395
35.78
34.12
32.418
30.674
28.892
27.071
25.215
23.326
21.406
19.457
17.481
15.482
13.461
11.422
9.3671
7.2992
5.221
3.1355
1.0457
-1.0428
-3.1205
-5.1964
-5.3049
-3.1856
-1.0645
1.0675
3.201
5.33
7.4515
9.5626
11.66
13.742
15.805
17.846
19.863
21.853
23.813
25.742
27.636
29.495
31.315
33.095
34.833
36.527
38.176
39.778
41.333
42.838
44.293
45.697
47.05
48.349
49.595
50.788
51.926
53.01
54.039
55.013
55.932
56.796
57.606
58.36
59.059
59.704
60.294
60.83
61.312
61.739
62.113
62.433
62.699
62.912
63.072
63.178
63.231
63.231
63.178
63.072
62.912
62.699
62.433
62.113
61.739
61.312
60.83
60.294
59.704
59.059
58.36
57.606
56.796
55.932
55.013
54.039
53.01
51.926
50.788
49.595
48.349
47.05
45.697
44.293
42.838
41.333
39.778
38.176
36.527
34.833
33.095
31.315
29.495
27.636
25.742
23.813
21.853
19.863
17.846
15.805
13.742
11.66
9.5626
7.4515
5.33
3.201
1.0675
-1.0645
-3.1856
-5.3049
-5.4079
-3.2474
-1.0852
1.0882
3.2631
5.4334
7.5961
9.7483
11.887
14.009
16.112
18.192
20.248
22.277
24.275
26.241
28.173
30.067
31.923
33.737
35.509
37.236
38.917
40.551
42.135
43.67
45.153
46.585
47.963
49.288
50.558
51.774
52.934
54.039
55.088
56.081
57.018
57.899
58.724
59.493
60.206
60.863
61.465
62.011
62.502
62.938
63.319
63.645
63.917
64.134
64.296
64.405
64.459
64.459
64.405
64.296
64.134
63.917
63.645
63.319
62.938
62.502
62.011
61.465
60.863
60.206
59.493
58.724
57.899
57.018
56.081
55.088
54.039
52.934
51.774
50.558
49.288
47.963
46.585
45.153
43.67
42.135
40.551
38.917
37.236
35.509
33.737
31.923
30.067
28.173
26.241
24.275
22.277
20.248
18.192
16.112
14.009
11.887
9.7483
7.5961
5.4334
3.2631
1.0882
-1.0852
-3.2474
-5.4079
-5.5053
-3.306
-1.1047
1.1078
3.3219
5.5314
7.7331
9.924
12.101
14.261
16.402
18.52
20.613
22.678
24.713
26.714
28.68
30.609
32.498
34.345
36.149
37.907
39.619
41.282
42.895
44.457
45.967
47.424
48.828
50.176
51.469
52.707
53.888
55.013
56.081
57.092
58.046
58.943
59.783
60.565
61.291
61.961
62.573
63.129
63.629
64.073
64.46
64.793
65.069
65.29
65.456
65.566
65.621
65.621
65.566
65.456
65.29
65.069
64.793
64.46
64.073
63.629
63.129
62.573
61.961
61.291
60.565
59.783
58.943
58.046
57.092
56.081
55.013
53.888
52.707
51.469
50.176
48.828
47.424
45.967
44.457
42.895
41.282
39.619
37.907
36.149
34.345
32.498
30.609
28.68
26.714
24.713
22.678
20.613
18.52
16.402
14.261
12.101
9.924
7.7331
5.5314
3.3219
1.1078
-1.1047
-3.306
-5.5053
-5.5973
-3.3612
-1.1232
1.1263
3.3774
5.6238
7.8623
10.09
12.303
14.5
16.676
18.83
20.958
23.057
25.126
27.161
29.16
31.121
33.041
34.919
36.753
38.541
40.281
41.971
43.612
45.2
46.735
48.217
49.643
51.014
52.329
53.588
54.789
55.932
57.018
58.046
59.016
59.928
60.782
61.578
62.316
62.996
63.619
64.184
64.692
65.143
65.538
65.875
66.156
66.381
66.549
66.662
66.718
66.718
66.662
66.549
66.381
66.156
65.875
65.538
65.143
64.692
64.184
63.619
62.996
62.316
61.578
60.782
59.928
59.016
58.046
57.018
55.932
54.789
53.588
52.329
51.014
49.643
48.217
46.735
45.2
43.612
41.971
40.281
38.541
36.753
34.919
33.041
31.121
29.16
27.161
25.126
23.057
20.958
18.83
16.676
14.5
12.303
10.09
7.8623
5.6238
3.3774
1.1263
-1.1232
-3.3612
-5.5973
-5.6838
-3.4131
-1.1406
1.1437
3.4296
5.7107
7.9838
10.246
12.493
14.724
16.934
19.121
21.281
23.413
25.514
27.58
29.61
31.601
33.552
35.459
37.321
39.136
40.903
42.62
44.285
45.898
47.457
48.962
50.41
51.803
53.138
54.416
55.635
56.796
57.899
58.943
59.928
60.854
61.721
62.529
63.278
63.969
64.602
65.176
65.692
66.15
66.55
66.893
67.179
67.407
67.578
67.692
67.749
67.749
67.692
67.578
67.407
67.179
66.893
66.55
66.15
65.692
65.176
64.602
63.969
63.278
62.529
61.721
60.854
59.928
58.943
57.899
56.796
55.635
54.416
53.138
51.803
50.41
48.962
47.457
45.898
44.285
42.62
40.903
39.136
37.321
35.459
33.552
31.601
29.61
27.58
25.514
23.413
21.281
19.121
16.934
14.724
12.493
10.246
7.9838
5.7107
3.4296
1.1437
-1.1406
-3.4131
-5.6838
-5.7648
-3.4617
-1.1568
1.16
3.4785
5.792
8.0975
10.392
12.671
14.934
17.175
19.393
21.585
23.747
25.877
27.973
30.032
32.052
34.03
35.964
37.852
39.694
41.486
43.227
44.916
46.552
48.134
49.659
51.129
52.541
53.895
55.191
56.428
57.606
58.724
59.783
60.782
61.721
62.6
63.42
64.18
64.881
65.522
66.104
66.628
67.092
67.499
67.846
68.136
68.367
68.541
68.656
68.714
68.714
68.656
68.541
68.367
68.136
67.846
67.499
67.092
66.628
66.104
65.522
64.881
64.18
63.42
62.6
61.721
60.782
59.783
58.724
57.606
56.428
55.191
53.895
52.541
51.129
49.659
48.134
46.552
44.916
43.227
41.486
39.694
37.852
35.964
34.03
32.052
30.032
27.973
25.877
23.747
21.585
19.393
17.175
14.934
12.671
10.392
8.0975
5.792
3.4785
1.16
-1.1568
-3.4617
-5.7648
-5.8403
-3.5071
-1.172
1.1752
3.524
5.8679
8.2035
10.528
12.837
15.129
17.4
19.647
21.867
24.058
26.216
28.339
30.425
32.471
34.475
36.435
38.348
40.213
42.029
43.793
45.504
47.162
48.764
50.31
51.798
53.229
54.601
55.914
57.167
58.36
59.493
60.565
61.578
62.529
63.42
64.25
65.021
65.73
66.38
66.97
67.5
67.971
68.382
68.735
69.028
69.262
69.438
69.555
69.614
69.614
69.555
69.438
69.262
69.028
68.735
68.382
67.971
67.5
66.97
66.38
65.73
65.021
64.25
63.42
62.529
61.578
60.565
59.493
58.36
57.167
55.914
54.601
53.229
51.798
50.31
48.764
47.162
45.504
43.793
42.029
40.213
38.348
36.435
34.475
32.471
30.425
28.339
26.216
24.058
21.867
19.647
17.4
15.129
12.837
10.528
8.2035
5.8679
3.524
1.1752
-1.172
-3.5071
-5.8403
-5.9102
-3.5491
-1.186
1.1893
3.5662
5.9382
8.3018
10.654
12.991
15.31
17.609
19.883
22.129
24.346
26.53
28.679
30.79
32.86
34.888
36.871
38.808
40.695
42.533
44.318
46.05
47.727
49.348
50.913
52.419
53.867
55.255
56.584
57.852
59.059
60.206
61.291
62.316
63.278
64.18
65.021
65.8
66.518
67.176
67.773
68.309
68.786
69.202
69.559
69.855
70.093
70.27
70.389
70.448
70.448
70.389
70.27
70.093
69.855
69.559
69.202
68.786
68.309
67.773
67.176
66.518
65.8
65.021
64.18
63.278
62.316
61.291
60.206
59.059
57.852
56.584
55.255
53.867
52.419
50.913
49.348
47.727
46.05
44.318
42.533
40.695
38.808
36.871
34.888
32.86
30.79
28.679
26.53
24.346
22.129
19.883
17.609
15.31
12.991
10.654
8.3018
5.9382
3.5662
1.1893
-1.186
-3.5491
-5.9102
-5.9748
-3.5878
-1.1989
1.2023
3.6052
6.003
8.3925
10.77
13.133
15.478
17.801
20.1
22.371
24.612
26.82
28.992
31.126
33.219
35.269
37.274
39.231
41.14
42.997
44.802
46.553
48.248
49.887
51.468
52.991
54.455
55.858
57.201
58.484
59.704
60.863
61.961
62.996
63.969
64.881
65.73
66.518
67.244
67.909
68.513
69.055
69.537
69.958
70.318
70.618
70.858
71.038
71.157
71.217
71.217
71.157
71.038
70.858
70.618
70.318
69.958
69.537
69.055
68.513
67.909
67.244
66.518
65.73
64.881
63.969
62.996
61.961
60.863
59.704
58.484
57.201
55.858
54.455
52.991
51.468
49.887
48.248
46.553
44.802
42.997
41.14
39.231
37.274
35.269
33.219
31.126
28.992
26.82
24.612
22.371
20.1
17.801
15.478
13.133
10.77
8.3925
6.003
3.6052
1.2023
-1.1989
-3.5878
-5.9748
-6.0338
-3.6233
-1.2108
1.2142
3.6408
6.0623
8.4754
10.877
13.263
15.631
17.977
20.298
22.592
24.855
27.085
29.279
31.434
33.547
35.618
37.642
39.619
41.546
43.422
45.245
47.013
48.725
50.38
51.977
53.515
54.993
56.411
57.767
59.062
60.294
61.465
62.573
63.619
64.602
65.522
66.38
67.176
67.909
68.581
69.19
69.738
70.224
70.649
71.013
71.316
71.558
71.74
71.861
71.921
71.921
71.861
71.74
71.558
71.316
71.013
70.649
70.224
69.738
69.19
68.581
67.909
67.176
66.38
65.522
64.602
63.619
62.573
61.465
60.294
59.062
57.767
56.411
54.993
53.515
51.977
50.38
48.725
47.013
45.245
43.422
41.546
39.619
37.642
35.618
33.547
31.434
29.279
27.085
24.855
22.592
20.298
17.977
15.631
13.263
10.877
8.4754
6.0623
3.6408
1.2142
-1.2108
-3.6233
-6.0338
-6.0874
-3.6555
-1.2216
1.225
3.6732
6.1162
8.5507
10.973
13.381
15.769
18.136
20.479
22.793
25.076
27.326
29.539
31.713
33.846
35.934
37.977
39.971
41.915
43.808
45.647
47.43
49.158
50.828
52.439
53.991
55.482
56.912
58.28
59.587
60.83
62.011
63.129
64.184
65.176
66.104
66.97
67.773
68.513
69.19
69.805
70.358
70.848
71.277
71.644
71.95
72.194
72.377
72.5
72.561
72.561
72.5
72.377
72.194
71.95
71.644
71.277
70.848
70.358
69.805
69.19
68.513
67.773
66.97
66.104
65.176
64.184
63.129
62.011
60.83
59.587
58.28
56.912
55.482
53.991
52.439
50.828
49.158
47.43
45.647
43.808
41.915
39.971
37.977
35.934
33.846
31.713
29.539
27.326
25.076
22.793
20.479
18.136
15.769
13.381
10.973
8.5507
6.1162
3.6732
1.225
-1.2216
-3.6555
-6.0874
-6.1356
-3.6844
-1.2312
1.2347
3.7022
6.1646
8.6184
11.06
13.487
15.894
18.28
20.641
22.973
25.275
27.542
29.773
31.964
34.114
36.219
38.277
40.288
42.247
44.155
46.008
47.806
49.547
51.23
52.854
54.418
55.921
57.362
58.742
60.058
61.312
62.502
63.629
64.692
65.692
66.628
67.5
68.309
69.055
69.738
70.358
70.915
71.409
71.841
72.211
72.52
72.766
72.951
73.074
73.135
73.135
73.074
72.951
72.766
72.52
72.211
71.841
71.409
70.915
70.358
69.738
69.055
68.309
67.5
66.628
65.692
64.692
63.629
62.502
61.312
60.058
58.742
57.362
55.921
54.418
52.854
51.23
49.547
47.806
46.008
44.155
42.247
40.288
38.277
36.219
34.114
31.964
29.773
27.542
25.275
22.973
20.641
18.28
15.894
13.487
11.06
8.6184
6.1646
3.7022
1.2347
-1.2312
-3.6844
-6.1356
-6.1784
-3.7101
-1.2398
1.2433
3.728
6.2076
8.6785
11.137
13.581
16.005
18.407
20.785
23.133
25.451
27.734
29.98
32.187
34.351
36.471
38.544
40.569
42.542
44.463
46.329
48.139
49.893
51.587
53.223
54.798
56.311
57.762
59.151
60.477
61.739
62.938
64.073
65.143
66.15
67.092
67.971
68.786
69.537
70.224
70.848
71.409
71.907
72.342
72.715
73.025
73.273
73.459
73.583
73.645
73.645
73.583
73.459
73.273
73.025
72.715
72.342
71.907
71.409
70.848
70.224
69.537
68.786
67.971
67.092
66.15
65.143
64.073
62.938
61.739
60.477
59.151
57.762
56.311
54.798
53.223
51.587
49.893
48.139
46.329
44.463
42.542
40.569
38.544
36.471
34.351
32.187
29.98
27.734
25.451
23.133
20.785
18.407
16.005
13.581
11.137
8.6785
6.2076
3.728
1.2433
-1.2398
-3.7101
-6.1784
-6.2158
-3.7326
-1.2473
1.2508
3.7506
6.2452
8.731
11.205
13.663
16.102
18.519
20.91
23.273
25.605
27.902
30.162
32.382
34.559
36.692
38.778
40.814
42.799
44.732
46.609
48.431
50.195
51.9
53.545
55.129
56.652
58.112
59.509
60.843
62.113
63.319
64.46
65.538
66.55
67.499
68.382
69.202
69.958
70.649
71.277
71.841
72.342
72.78
73.155
73.467
73.717
73.904
74.029
74.091
74.091
74.029
73.904
73.717
73.467
73.155
72.78
72.342
71.841
71.277
70.649
69.958
69.202
68.382
67.499
66.55
65.538
64.46
63.319
62.113
60.843
59.509
58.112
56.652
55.129
53.545
51.9
50.195
48.431
46.609
44.732
42.799
40.814
38.778
36.692
34.559
32.382
30.162
27.902
25.605
23.273
20.91
18.519
16.102
13.663
11.205
8.731
6.2452
3.7506
1.2508
-1.2473
-3.7326
-6.2158
-6.2478
-3.7518
-1.2537
1.2572
3.7699
6.2773
8.776
11.262
13.733
16.185
18.614
21.018
23.393
25.737
28.046
30.317
32.549
34.737
36.881
38.977
41.024
43.02
44.962
46.849
48.68
50.453
52.167
53.821
55.413
56.944
58.411
59.816
61.157
62.433
63.645
64.793
65.875
66.893
67.846
68.735
69.559
70.318
71.013
71.644
72.211
72.715
73.155
73.532
73.846
74.097
74.285
74.41
74.473
74.473
74.41
74.285
74.097
73.846
73.532
73.155
72.715
72.211
71.644
71.013
70.318
69.559
68.735
67.846
66.893
65.875
64.793
63.645
62.433
61.157
59.816
58.411
56.944
55.413
53.821
52.167
50.453
48.68
46.849
44.962
43.02
41.024
38.977
36.881
34.737
32.549
30.317
28.046
25.737
23.393
21.018
18.614
16.185
13.733
11.262
8.776
6.2773
3.7699
1.2572
-1.2537
-3.7518
-6.2478
-6.2745
-3.7678
-1.2591
1.2626
3.786
6.3041
8.8134
11.31
13.792
16.254
18.694
21.108
23.493
25.847
28.165
30.447
32.687
34.885
37.038
39.144
41.199
43.203
45.154
47.049
48.888
50.668
52.39
54.05
55.65
57.187
58.661
60.071
61.417
62.699
63.917
65.069
66.156
67.179
68.136
69.028
69.855
70.618
71.316
71.95
72.52
73.025
73.467
73.846
74.161
74.413
74.602
74.727
74.79
74.79
74.727
74.602
74.413
74.161
73.846
73.467
73.025
72.52
71.95
71.316
70.618
69.855
69.028
68.136
67.179
66.156
65.069
63.917
62.699
61.417
60.071
58.661
57.187
55.65
54.05
52.39
50.668
48.888
47.049
45.154
43.203
41.199
39.144
37.038
34.885
32.687
30.447
28.165
25.847
23.493
21.108
18.694
16.254
13.792
11.31
8.8134
6.3041
3.786
1.2626
-1.2591
-3.7678
-6.2745
-6.2958
-3.7806
-1.2634
1.2669
3.7989
6.3255
8.8434
11.349
13.839
16.309
18.757
21.179
23.573
25.934
28.261
30.55
32.798
35.004
37.164
39.277
41.339
43.35
45.307
47.209
49.054
50.84
52.567
54.234
55.839
57.381
58.86
60.275
61.626
62.912
64.134
65.29
66.381
67.407
68.367
69.262
70.093
70.858
71.558
72.194
72.766
73.273
73.717
74.097
74.413
74.666
74.855
74.981
75.044
75.044
74.981
74.855
74.666
74.413
74.097
73.717
73.273
72.766
72.194
71.558
70.858
70.093
69.262
68.367
67.407
66.381
65.29
64.134
62.912
61.626
60.275
58.86
57.381
55.839
54.234
52.567
50.84
49.054
47.209
45.307
43.35
41.339
39.277
37.164
35.004
32.798
30.55
28.261
25.934
23.573
21.179
18.757
16.309
13.839
11.349
8.8434
6.3255
3.7989
1.2669
-1.2634
-3.7806
-6.2958
-6.3117
-3.7902
-1.2666
1.2701
3.8085
6.3416
8.8658
11.378
13.874
16.35
18.805
21.233
23.633
26
28.333
30.627
32.882
35.093
37.258
39.376
41.444
43.46
45.422
47.329
49.178
50.969
52.701
54.371
55.98
57.526
59.009
60.428
61.782
63.072
64.296
65.456
66.549
67.578
68.541
69.438
70.27
71.038
71.74
72.377
72.951
73.459
73.904
74.285
74.602
74.855
75.045
75.171
75.235
75.235
75.171
75.045
74.855
74.602
74.285
73.904
73.459
72.951
72.377
71.74
71.038
70.27
69.438
68.541
67.578
66.549
65.456
64.296
63.072
61.782
60.428
59.009
57.526
55.98
54.371
52.701
50.969
49.178
47.329
45.422
43.46
41.444
39.376
37.258
35.093
32.882
30.627
28.333
26
23.633
21.233
18.805
16.35
13.874
11.378
8.8658
6.3416
3.8085
1.2701
-1.2666
-3.7902
-6.3117
-6.3224
-3.7966
-1.2687
1.2722
3.8149
6.3523
8.8807
11.397
13.897
16.378
18.836
21.269
23.673
26.044
28.38
30.679
32.937
35.152
37.321
39.443
41.514
43.533
45.499
47.409
49.261
51.055
52.79
54.463
56.075
57.623
59.109
60.53
61.887
63.178
64.405
65.566
66.662
67.692
68.656
69.555
70.389
71.157
71.861
72.5
73.074
73.583
74.029
74.41
74.727
74.981
75.171
75.298
75.362
75.362
75.298
75.171
74.981
74.727
74.41
74.029
73.583
73.074
72.5
71.861
71.157
70.389
69.555
68.656
67.692
66.662
65.566
64.405
63.178
61.887
60.53
59.109
57.623
56.075
54.463
52.79
51.055
49.261
47.409
45.499
43.533
41.514
39.443
37.321
35.152
32.937
30.679
28.38
26.044
23.673
21.269
18.836
16.378
13.897
11.397
8.8807
6.3523
3.8149
1.2722
-1.2687
-3.7966
-6.3224
-6.3277
-3.7998
-1.2698
1.2733
3.8181
6.3576
8.8882
11.406
13.909
16.392
18.852
21.287
23.692
26.066
28.404
30.705
32.965
35.182
37.353
39.476
41.549
43.57
45.537
47.448
49.303
51.098
52.834
54.509
56.122
57.672
59.158
60.581
61.939
63.231
64.459
65.621
66.718
67.749
68.714
69.614
70.448
71.217
71.921
72.561
73.135
73.645
74.091
74.473
74.79
75.044
75.235
75.362
75.425
75.425
75.362
75.235
75.044
74.79
74.473
74.091
73.645
73.135
72.561
71.921
71.217
70.448
69.614
68.714
67.749
66.718
65.621
64.459
63.231
61.939
60.581
59.158
57.672
56.122
54.509
52.834
51.098
49.303
47.448
45.537
43.57
41.549
39.476
37.353
35.182
32.965
30.705
28.404
26.066
23.692
21.287
18.852
16.392
13.909
11.406
8.8882
6.3576
3.8181
1.2733
-1.2698
-3.7998
-6.3277
-6.3277
-3.7998
-1.2698
1.2733
3.8181
6.3576
8.8882
11.406
13.909
16.392
18.852
21.287
23.692
26.066
28.404
30.705
32.965
35.182
37.353
39.476
41.549
43.57
45.537
47.448
49.303
51.098
52.834
54.509
56.122
57.672
59.158
60.581
61.939
63.231
64.459
65.621
66.718
67.749
68.714
69.614
70.448
71.217
71.921
72.561
73.135
73.645
74.091
74.473
74.79
75.044
75.235
75.362
75.425
75.425
75.362
75.235
75.044
74.79
74.473
74.091
73.645
73.135
72.561
71.921
71.217
70.448
69.614
68.714
67.749
66.718
65.621
64.459
63.231
61.939
60.581
59.158
57.672
56.122
54.509
52.834
51.098
49.303
47.448
45.537
43.57
41.549
39.476
37.353
35.182
32.965
30.705
28.404
26.066
23.692
21.287
18.852
16.392
13.909
11.406
8.8882
6.3576
3.8181
1.2733
-1.2698
-3.7998
-6.3277
-6.3224
-3.7966
-1.2687
1.2722
3.8149
6.3523
8.8807
11.397
13.897
16.378
18.836
21.269
23.673
26.044
28.38
30.679
32.937
35.152
37.321
39.443
41.514
43.533
45.499
47.409
49.261
51.055
52.79
54.463
56.075
57.623
59.109
60.53
61.887
63.178
64.405
65.566
66.662
67.692
68.656
69.555
70.389
71.157
71.861
72.5
73.074
73.583
74.029
74.41
74.727
74.981
75.171
75.298
75.362
75.362
75.298
75.171
74.981
74.727
74.41
74.029
73.583
73.074
72.5
71.861
71.157
70.389
69.555
68.656
67.692
66.662
65.566
64.405
63.178
61.887
60.53
59.109
57.623
56.075
54.463
52.79
51.055
49.261
47.409
45.499
43.533
41.514
39.443
37.321
35.152
32.937
30.679
28.38
26.044
23.673
21.269
18.836
16.378
13.897
11.397
8.8807
6.3523
3.8149
1.2722
-1.2687
-3.7966
-6.3224
-6.3117
-3.7902
-1.2666
1.2701
3.8085
6.3416
8.8658
11.378
13.874
16.35
18.805
21.233
23.633
26
28.333
30.627
32.882
35.093
37.258
39.376
41.444
43.46
45.422
47.329
49.178
50.969
52.701
54.371
55.98
57.526
59.009
60.428
61.782
63.072
64.296
65.456
66.549
67.578
68.541
69.438
70.27
71.038
71.74
72.377
72.951
73.459
73.904
74.285
74.602
74.855
75.045
75.171
75.235
75.235
75.171
75.045
74.855
74.602
74.285
73.904
73.459
72.951
72.377
71.74
71.038
70.27
69.438
68.541
67.578
66.549
65.456
64.296
63.072
61.782
60.428
59.009
57.526
55.98
54.371
52.701
50.969
49.178
47.329
45.422
43.46
41.444
39.376
37.258
35.093
32.882
30.627
28.333
26
23.633
21.233
18.805
16.35
13.874
11.378
8.8658
6.3416
3.8085
1.2701
-1.2666
-3.7902
-6.3117
-6.2958
-3.7806
-1.2634
1.2669
3.7989
6.3255
8.8434
11.349
13.839
16.309
18.757
21.179
23.573
25.934
28.261
30.55
32.798
35.004
37.164
39.277
41.339
43.35
45.307
47.209
49.054
50.84
52.567
54.234
55.839
57.381
58.86
60.275
61.626
62.912
64.134
65.29
66.381
67.407
68.367
69.262
70.093
70.858
71.558
72.194
72.766
73.273
73.717
74.097
74.413
74.666
74.855
74.981
75.044
75.044
74.981
74.855
74.666
74.413
74.097
73.717
73.273
72.766
72.194
71.558
70.858
70.093
69.262
68.367
67.407
66.381
65.29
64.134
62.912
61.626
60.275
58.86
57.381
55.839
54.234
52.567
50.84
49.054
47.209
45.307
43.35
41.339
39.277
37.164
35.004
32.798
30.55
28.261
25.934
23.573
21.179
18.757
16.309
13.839
11.349
8.8434
6.3255
3.7989
1.2669
-1.2634
-3.7806
-6.2958
-6.2745
-3.7678
-1.2591
1.2626
3.786
6.3041
8.8134
11.31
13.792
16.254
18.694
21.108
23.493
25.847
28.165
30.447
32.687
34.885
37.038
39.144
41.199
43.203
45.154
47.049
48.888
50.668
52.39
54.05
55.65
57.187
58.661
60.071
61.417
62.699
63.917
65.069
66.156
67.179
68.136
69.028
69.855
70.618
71.316
71.95
72.52
73.025
73.467
73.846
74.161
74.413
74.602
74.727
74.79
74.79
74.727
74.602
74.413
74.161
73.846
73.467
73.025
72.52
71.95
71.316
70.618
69.855
69.028
68.136
67.179
66.156
65.069
63.917
62.699
61.417
60.071
58.661
57.187
55.65
54.05
52.39
50.668
48.888
47.049
45.154
43.203
41.199
39.144
37.038
34.885
32.687
30.447
28.165
25.847
23.493
21.108
18.694
16.254
13.792
11.31
8.8134
6.3041
3.786
1.2626
-1.2591
-3.7678
-6.2745
-6.2478
-3.7518
-1.2537
1.2572
3.7699
6.2773
8.776
11.262
13.733
16.185
18.614
21.018
23.393
25.737
28.046
30.317
32.549
34.737
36.881
38.977
41.024
43.02
44.962
46.849
48.68
50.453
52.167
53.821
55.413
56.944
58.411
59.816
61.157
62.433
63.645
64.793
65.875
66.893
67.846
68.735
69.559
70.318
71.013
71.644
72.211
72.715
73.155
73.532
73.846
74.097
74.285
74.41
74.473
74.473
74.41
74.285
74.097
73.846
73.532
73.155
72.715
72.211
71.644
71.013
70.318
69.559
68.735
67.846
66.893
65.875
64.793
63.645
62.433
61.157
59.816
58.411
56.944
55.413
53.821
52.167
50.453
48.68
46.849
44.962
43.02
41.024
38.977
36.881
34.737
32.549
30.317
28.046
25.737
23.393
21.018
18.614
16.185
13.733
11.262
8.776
6.2773
3.7699
1.2572
-1.2537
-3.7518
-6.2478
-6.2158
-3.7326
-1.2473
1.2508
3.7506
6.2452
8.731
11.205
13.663
16.102
18.519
20.91
23.273
25.605
27.902
30.162
32.382
34.559
36.692
38.778
40.814
42.799
44.732
46.609
48.431
50.195
51.9
53.545
55.129
56.652
58.112
59.509
60.843
62.113
63.319
64.46
65.538
66.55
67.499
68.382
69.202
69.958
70.649
71.277
71.841
72.342
72.78
73.155
73.467
73.717
73.904
74.029
74.091
74.091
74.029
73.904
73.717
73.467
73.155
72.78
72.342
71.841
71.277
70.649
69.958
69.202
68.382
67.499
66.55
65.538
64.46
63.319
62.113
60.843
59.509
58.112
56.652
55.129
53.545
51.9
50.195
48.431
46.609
44.732
42.799
40.814
38.778
36.692
34.559
32.382
30.162
27.902
25.605
23.273
20.91
18.519
16.102
13.663
11.205
8.731
6.2452
3.7506
1.2508
-1.2473
-3.7326
-6.2158
-6.1784
-3.7101
-1.2398
1.2433
3.728
6.2076
8.6785
11.137
13.581
16.005
18.407
20.785
23.133
25.451
27.734
29.98
32.187
34.351
36.471
38.544
40.569
42.542
44.463
46.329
48.139
49.893
51.587
53.223
54.798
56.311
57.762
59.151
60.477
61.739
62.938
64.073
65.143
66.15
67.092
67.971
68.786
69.537
70.224
70.848
71.409
71.907
72.342
72.715
73.025
73.273
73.459
73.583
73.645
73.645
73.583
73.459
73.273
73.025
72.715
72.342
71.907
71.409
70.848
70.224
69.537
68.786
67.971
67.092
66.15
65.143
64.073
62.938
61.739
60.477
59.151
57.762
56.311
54.798
53.223
51.587
49.893
48.139
46.329
44.463
42.542
40.569
38.544
36.471
34.351
32.187
29.98
27.734
25.451
23.133
20.785
18.407
16.005
13.581
11.137
8.6785
6.2076
3.728
1.2433
-1.2398
-3.7101
-6.1784
-6.1356
-3.6844
-1.2312
1.2347
3.7022
6.1646
8.6184
11.06
13.487
15.894
18.28
20.641
22.973
25.275
27.542
29.773
31.964
34.114
36.219
38.277
40.288
42.247
44.155
46.008
47.806
49.547
51.23
52.854
54.418
55.921
57.362
58.742
60.058
61.312
62.502
63.629
64.692
65.692
66.628
67.5
68.309
69.055
69.738
70.358
70.915
71.409
71.841
72.211
72.52
72.766
72.951
73.074
73.135
73.135
73.074
72.951
72.766
72.52
72.211
71.841
71.409
70.915
70.358
69.738
69.055
68.309
67.5
66.628
65.692
64.692
63.629
62.502
61.312
60.058
58.742
57.362
55.921
54.418
52.854
51.23
49.547
47.806
46.008
44.155
42.247
40.288
38.277
36.219
34.114
31.964
29.773
27.542
25.275
22.973
20.641
18.28
15.894
13.487
11.06
8.6184
6.1646
3.7022
1.2347
-1.2312
-3.6844
-6.1356
-6.0874
-3.6555
-1.2216
1.225
3.6732
6.1162
8.5507
10.973
13.381
15.769
18.136
20.479
22.793
25.076
27.326
29.539
31.713
33.846
35.934
37.977
39.971
41.915
43.808
45.647
47.43
49.158
50.828
52.439
53.991
55.482
56.912
58.28
59.587
60.83
62.011
63.129
64.184
65.176
66.104
66.97
67.773
68.513
69.19
69.805
70.358
70.848
71.277
71.644
71.95
72.194
72.377
72.5
72.561
72.561
72.5
72.377
72.194
71.95
71.644
71.277
70.848
70.358
69.805
69.19
68.513
67.773
66.97
66.104
65.176
64.184
63.129
62.011
60.83
59.587
58.28
56.912
55.482
53.991
52.439
50.828
49.158
47.43
45.647
43.808
41.915
39.971
37.977
35.934
33.846
31.713
29.539
27.326
25.076
22.793
20.479
18.136
15.769
13.381
10.973
8.5507
6.1162
3.6732
1.225
-1.2216
-3.6555
-6.0874
-6.0338
-3.6233
-1.2108
1.2142
3.6408
6.0623
8.4754
10.877
13.263
15.631
17.977
20.298
22.592
24.855
27.085
29.279
31.434
33.547
35.618
37.642
39.619
41.546
43.422
45.245
47.013
48.725
50.38
51.977
53.515
54.993
56.411
57.767
59.062
60.294
61.465
62.573
63.619
64.602
65.522
66.38
67.176
67.909
68.581
69.19
69.738
70.224
70.649
71.013
71.316
71.558
71.74
71.861
71.921
71.921
71.861
71.74
71.558
71.316
71.013
70.649
70.224
69.738
69.19
68.581
67.909
67.176
66.38
65.522
64.602
63.619
62.573
61.465
60.294
59.062
57.767
56.411
54.993
53.515
51.977
50.38
48.725
47.013
45.245
43.422
41.546
39.619
37.642
35.618
33.547
31.434
29.279
27.085
24.855
22.592
20.298
17.977
15.631
13.263
10.877
8.4754
6.0623
3.6408
1.2142
-1.2108
-3.6233
-6.0338
-5.9748
-3.5878
-1.1989
1.2023
3.6052
6.003
8.3925
10.77
13.133
15.478
17.801
20.1
22.371
24.612
26.82
28.992
31.126
33.219
35.269
37.274
39.231
41.14
42.997
44.802
46.553
48.248
49.887
51.468
52.991
54.455
55.858
57.201
58.484
59.704
60.863
61.961
62.996
63.969
64.881
65.73
66.518
67.244
67.909
68.513
69.055
69.537
69.958
70.318
70.618
70.858
71.038
71.157
71.217
71.217
71.157
71.038
70.858
70.618
70.318
69.958
69.537
69.055
68.513
67.909
67.244
66.518
65.73
64.881
63.969
62.996
61.961
60.863
59.704
58.484
57.201
55.858
54.455
52.991
51.468
49.887
48.248
46.553
44.802
42.997
41.14
39.231
37.274
35.269
33.219
31.126
28.992
26.82
24.612
22.371
20.1
17.801
15.478
13.133
10.77
8.3925
6.003
3.6052
1.2023
-1.1989
-3.5878
-5.9748
-5.9102
-3.5491
-1.186
1.1893
3.5662
5.9382
8.3018
10.654
12.991
15.31
17.609
19.883
22.129
24.346
26.53
28.679
30.79
32.86
34.888
36.871
38.808
40.695
42.533
44.318
46.05
47.727
49.348
50.913
52.419
53.867
55.255
56.584
57.852
59.059
60.206
61.291
62.316
63.278
64.18
65.021
65.8
66.518
67.176
67.773
68.309
68.786
69.202
69.559
69.855
70.093
70.27
70.389
70.448
70.448
70.389
70.27
70.093
69.855
69.559
69.202
68.786
68.309
67.773
67.176
66.518
65.8
65.021
64.18
63.278
62.316
61.291
60.206
59.059
57.852
56.584
55.255
53.867
52.419
50.913
49.348
47.727
46.05
44.318
42.533
40.695
38.808
36.871
34.888
32.86
30.79
28.679
26.53
24.346
22.129
19.883
17.609
15.31
12.991
10.654
8.3018
5.9382
3.5662
1.1893
-1.186
-3.5491
-5.9102
-5.8403
-3.5071
-1.172
1.1752
3.524
5.8679
8.2035
10.528
12.837
15.129
17.4
19.647
21.867
24.058
26.216
28.339
30.425
32.471
34.475
36.435
38.348
40.213
42.029
43.793
45.504
47.162
48.764
50.31
51.798
53.229
54.601
55.914
57.167
58.36
59.493
60.565
61.578
62.529
63.42
64.25
65.021
65.73
66.38
66.97
67.5
67.971
68.382
68.735
69.028
69.262
69.438
69.555
69.614
69.614
69.555
69.438
69.262
69.028
68.735
68.382
67.971
67.5
66.97
66.38
65.73
65.021
64.25
63.42
62.529
61.578
60.565
59.493
58.36
57.167
55.914
54.601
53.229
51.798
50.31
48.764
47.162
45.504
43.793
42.029
40.213
38.348
36.435
34.475
32.471
30.425
28.339
26.216
24.058
21.867
19.647
17.4
15.129
12.837
10.528
8.2035
5.8679
3.524
1.1752
-1.172
-3.5071
-5.8403
-5.7648
-3.4617
-1.1568
1.16
3.4785
5.792
8.0975
10.392
12.671
14.934
17.175
19.393
21.585
23.747
25.877
27.973
30.032
32.052
34.03
35.964
37.852
39.694
41.486
43.227
44.916
46.552
48.134
49.659
51.129
52.541
53.895
55.191
56.428
57.606
58.724
59.783
60.782
61.721
62.6
63.42
64.18
64.881
65.522
66.104
66.628
67.092
67.499
67.846
68.136
68.367
68.541
68.656
68.714
68.714
68.656
68.541
68.367
68.136
67.846
67.499
67.092
66.628
66.104
65.522
64.881
64.18
63.42
62.6
61.721
60.782
59.783
58.724
57.606
56.428
55.191
53.895
52.541
51.129
49.659
48.134
46.552
44.916
43.227
41.486
39.694
37.852
35.964
34.03
32.052
30.032
27.973
25.877
23.747
21.585
19.393
17.175
14.934
12.671
10.392
8.0975
5.792
3.4785
1.16
-1.1568
-3.4617
-5.7648
-5.6838
-3.4131
-1.1406
1.1437
3.4296
5.7107
7.9838
10.246
12.493
14.724
16.934
19.121
21.281
23.413
25.514
27.58
29.61
31.601
33.552
35.459
37.321
39.136
40.903
42.62
44.285
45.898
47.457
48.962
50.41
51.803
53.138
54.416
55.635
56.796
57.899
58.943
59.928
60.854
61.721
62.529
63.278
63.969
64.602
65.176
65.692
66.15
66.55
66.893
67.179
67.407
67.578
67.692
67.749
67.749
67.692
67.578
67.407
67.179
66.893
66.55
66.15
65.692
65.176
64.602
63.969
63.278
62.529
61.721
60.854
59.928
58.943
57.899
56.796
55.635
54.416
53.138
51.803
50.41
48.962
47.457
45.898
44.285
42.62
40.903
39.136
37.321
35.459
33.552
31.601
29.61
27.58
25.514
23.413
21.281
19.121
16.934
14.724
12.493
10.246
7.9838
5.7107
3.4296
1.1437
-1.1406
-3.4131
-5.6838
-5.5973
-3.3612
-1.1232
1.1263
3.3774
5.6238
7.8623
10.09
12.303
14.5
16.676
18.83
20.958
23.057
25.126
27.161
29.16
31.121
33.041
34.919
36.753
38.541
40.281
41.971
43.612
45.2
46.735
48.217
49.643
51.014
52.329
53.588
54.789
55.932
57.018
58.046
59.016
59.928
60.782
61.578
62.316
62.996
63.619
64.184
64.692
65.143
65.538
65.875
66.156
66.381
66.549
66.662
66.718
66.718
66.662
66.549
66.381
66.156
65.875
65.538
65.143
64.692
64.184
63.619
62.996
62.316
61.578
60.782
59.928
59.016
58.046
57.018
55.932
54.789
53.588
52.329
51.014
49.643
48.217
46.735
45.2
43.612
41.971
40.281
38.541
36.753
34.919
33.041
31.121
29.16
27.161
25.126
23.057
20.958
18.83
16.676
14.5
12.303
10.09
7.8623
5.6238
3.3774
1.1263
-1.1232
-3.3612
-5.5973
-5.5053
-3.306
-1.1047
1.1078
3.3219
5.5314
7.7331
9.924
12.101
14.261
16.402
18.52
20.613
22.678
24.713
26.714
28.68
30.609
32.498
34.345
36.149
37.907
39.619
41.282
42.895
44.457
45.967
47.424
48.828
50.176
51.469
52.707
53.888
55.013
56.081
57.092
58.046
58.943
59.783
60.565
61.291
61.961
62.573
63.129
63.629
64.073
64.46
64.793
65.069
65.29
65.456
65.566
65.621
65.621
65.566
65.456
65.29
65.069
64.793
64.46
64.073
63.629
63.129
62.573
61.961
61.291
60.565
59.783
58.943
58.046
57.092
56.081
55.013
53.888
52.707
51.469
50.176
48.828
47.424
45.967
44.457
42.895
41.282
39.619
37.907
36.149
34.345
32.498
30.609
28.68
26.714
24.713
22.678
20.613
18.52
16.402
14.261
12.101
9.924
7.7331
5.5314
3.3219
1.1078
-1.1047
-3.306
-5.5053
-5.4079
-3.2474
-1.0852
1.0882
3.2631
5.4334
7.5961
9.7483
11.887
14.009
16.112
18.192
20.248
22.277
24.275
26.241
28.173
30.067
31.923
33.737
35.509
37.236
38.917
40.551
42.135
43.67
45.153
46.585
47.963
49.288
50.558
51.774
52.934
54.039
55.088
56.081
57.018
57.899
58.724
59.493
60.206
60.863
61.465
62.011
62.502
62.938
63.319
63.645
63.917
64.134
64.296
64.405
64.459
64.459
64.405
64.296
64.134
63.917
63.645
63.319
62.938
62.502
62.011
61.465
60.863
60.206
59.493
58.724
57.899
57.018
56.081
55.088
54.039
52.934
51.774
50.558
49.288
47.963
46.585
45.153
43.67
42.135
40.551
38.917
37.236
35.509
33.737
31.923
30.067
28.173
26.241
24.275
22.277
20.248
18.192
16.112
14.009
11.887
9.7483
7.5961
5.4334
3.2631
1.0882
-1.0852
-3.2474
-5.4079
-5.3049
-3.1856
-1.0645
1.0675
3.201
5.33
7.4515
9.5626
11.66
13.742
15.805
17.846
19.863
21.853
23.813
25.742
27.636
29.495
31.315
33.095
34.833
36.527
38.176
39.778
41.333
42.838
44.293
45.697
47.05
48.349
49.595
50.788
51.926
53.01
54.039
55.013
55.932
56.796
57.606
58.36
59.059
59.704
60.294
60.83
61.312
61.739
62.113
62.433
62.699
62.912
63.072
63.178
63.231
63.231
63.178
63.072
62.912
62.699
62.433
62.113
61.739
61.312
60.83
60.294
59.704
59.059
58.36
57.606
56.796
55.932
55.013
54.039
53.01
51.926
50.788
49.595
48.349
47.05
45.697
44.293
42.838
41.333
39.778
38.176
36.527
34.833
33.095
31.315
29.495
27.636
25.742
23.813
21.853
19.863
17.846
15.805
13.742
11.66
9.5626
7.4515
5.33
3.201
1.0675
-1.0645
-3.1856
-5.3049
-5.1964
-3.1205
-1.0428
1.0457
3.1355
5.221
7.2992
9.3671
11.422
13.461
15.482
17.481
19.457
21.406
23.326
25.215
27.071
28.892
30.674
32.418
34.12
35.78
37.395
38.965
40.488
41.962
43.388
44.763
46.088
47.36
48.581
49.749
50.864
51.926
52.934
53.888
54.789
55.635
56.428
57.167
57.852
58.484
59.062
59.587
60.058
60.477
60.843
61.157
61.417
61.626
61.782
61.887
61.939
61.939
61.887
61.782
61.626
61.417
61.157
60.843
60.477
60.058
59.587
59.062
58.484
57.852
57.167
56.428
55.635
54.789
53.888
52.934
51.926
50.864
49.749
48.581
47.36
46.088
44.763
43.388
41.962
40.488
38.965
37.395
35.78
34.12
32.418
30.674
28.892
27.071
25.215
23.326
21.406
19.457
17.481
15.482
13.461
11.422
9.3671
7.2992
5.221
3.1355
1.0457
-1.0428
-3.1205
-5.1964
-5.0825
-3.0521
-1.0199
1.0227
3.0668
5.1065
7.1392
9.1618
11.172
13.166
15.142
17.098
19.03
20.937
22.815
24.663
26.478
28.258
30.002
31.707
33.373
34.996
36.576
38.111
39.6
41.043
42.437
43.782
45.077
46.322
47.516
48.659
49.749
50.788
51.774
52.707
53.588
54.416
55.191
55.914
56.584
57.201
57.767
58.28
58.742
59.151
59.509
59.816
60.071
60.275
60.428
60.53
60.581
60.581
60.53
60.428
60.275
60.071
59.816
59.509
59.151
58.742
58.28
57.767
57.201
56.584
55.914
55.191
54.416
53.588
52.707
51.774
50.788
49.749
48.659
47.516
46.322
45.077
43.782
42.437
41.043
39.6
38.111
36.576
34.996
33.373
31.707
30.002
28.258
26.478
24.663
22.815
20.937
19.03
17.098
15.142
13.166
11.172
9.1618
7.1392
5.1065
3.0668
1.0227
-1.0199
-3.0521
-5.0825
-4.9632
-2.9804
-0.99596
0.99873
2.9948
4.9867
6.9716
8.9467
10.909
12.857
14.787
16.697
18.583
20.445
22.279
24.084
25.856
27.595
29.298
30.963
32.589
34.174
35.717
37.216
38.671
40.079
41.44
42.754
44.019
45.235
46.401
47.516
48.581
49.595
50.558
51.469
52.329
53.138
53.895
54.601
55.255
55.858
56.411
56.912
57.362
57.762
58.112
58.411
58.661
58.86
59.009
59.109
59.158
59.158
59.109
59.009
58.86
58.661
58.411
58.112
57.762
57.362
56.912
56.411
55.858
55.255
54.601
53.895
53.138
52.329
51.469
50.558
49.595
48.581
47.516
46.401
45.235
44.019
42.754
41.44
40.079
38.671
37.216
35.717
34.174
32.589
30.963
29.298
27.595
25.856
24.084
22.279
20.445
18.583
16.697
14.787
12.857
10.909
8.9467
6.9716
4.9867
2.9948
0.99873
-0.99596
-2.9804
-4.9632
-4.8385
-2.9055
-0.97093
0.97364
2.9195
4.8614
6.7964
8.7219
10.635
12.534
14.415
16.277
18.116
19.931
21.719
23.478
25.206
26.901
28.562
30.185
31.77
33.315
34.82
36.281
37.699
39.072
40.399
41.68
42.913
44.098
45.235
46.322
47.36
48.349
49.288
50.176
51.014
51.803
52.541
53.229
53.867
54.455
54.993
55.482
55.921
56.311
56.652
56.944
57.187
57.381
57.526
57.623
57.672
57.672
57.623
57.526
57.381
57.187
56.944
56.652
56.311
55.921
55.482
54.993
54.455
53.867
53.229
52.541
51.803
51.014
50.176
49.288
48.349
47.36
46.322
45.235
44.098
42.913
41.68
40.399
39.072
37.699
36.281
34.82
33.315
31.77
30.185
28.562
26.901
25.206
23.478
21.719
19.931
18.116
16.277
14.415
12.534
10.635
8.7219
6.7964
4.8614
2.9195
0.97364
-0.97093
-2.9055
-4.8385
-4.7085
-2.8274
-0.94484
0.94747
2.8411
4.7307
6.6137
8.4875
10.35
12.197
14.028
15.84
17.63
19.396
21.136
22.847
24.529
26.178
27.794
29.374
30.916
32.42
33.884
35.306
36.686
38.022
39.313
40.559
41.76
42.913
44.019
45.077
46.088
47.05
47.963
48.828
49.643
50.41
51.129
51.798
52.419
52.991
53.515
53.991
54.418
54.798
55.129
55.413
55.65
55.839
55.98
56.075
56.122
56.122
56.075
55.98
55.839
55.65
55.413
55.129
54.798
54.418
53.991
53.515
52.991
52.419
51.798
51.129
50.41
49.643
48.828
47.963
47.05
46.088
45.077
44.019
42.913
41.76
40.559
39.313
38.022
36.686
35.306
33.884
32.42
30.916
29.374
27.794
26.178
24.529
22.847
21.136
19.396
17.63
15.84
14.028
12.197
10.35
8.4875
6.6137
4.7307
2.8411
0.94747
-0.94484
-2.8274
-4.7085
-4.5732
-2.7462
-0.91769
0.92024
2.7594
4.5948
6.4237
8.2436
10.052
11.847
13.625
15.384
17.123
18.838
20.528
22.191
23.824
25.426
26.995
28.53
30.028
31.488
32.91
34.291
35.631
36.929
38.184
39.394
40.559
41.68
42.754
43.782
44.763
45.697
46.585
47.424
48.217
48.962
49.659
50.31
50.913
51.468
51.977
52.439
52.854
53.223
53.545
53.821
54.05
54.234
54.371
54.463
54.509
54.509
54.463
54.371
54.234
54.05
53.821
53.545
53.223
52.854
52.439
51.977
51.468
50.913
50.31
49.659
48.962
48.217
47.424
46.585
45.697
44.763
43.782
42.754
41.68
40.559
39.394
38.184
36.929
35.631
34.291
32.91
31.488
30.028
28.53
26.995
25.426
23.824
22.191
20.528
18.838
17.123
15.384
13.625
11.847
10.052
8.2436
6.4237
4.5948
2.7594
0.92024
-0.91769
-2.7462
-4.5732
-4.4327
-2.6618
-0.88949
0.89197
2.6747
4.4536
6.2263
7.9904
9.7433
11.483
13.206
14.912
16.597
18.259
19.898
21.509
23.092
24.645
26.166
27.653
29.105
30.521
31.899
33.238
34.537
35.795
37.01
38.184
39.313
40.399
41.44
42.437
43.388
44.293
45.153
45.967
46.735
47.457
48.134
48.764
49.348
49.887
50.38
50.828
51.23
51.587
51.9
52.167
52.39
52.567
52.701
52.79
52.834
52.834
52.79
52.701
52.567
52.39
52.167
51.9
51.587
51.23
50.828
50.38
49.887
49.348
48.764
48.134
47.457
46.735
45.967
45.153
44.293
43.388
42.437
41.44
40.399
39.313
38.184
37.01
35.795
34.537
33.238
31.899
30.521
29.105
27.653
26.166
24.645
23.092
21.509
19.898
18.259
16.597
14.912
13.206
11.483
9.7433
7.9904
6.2263
4.4536
2.6747
0.89197
-0.88949
-2.6618
-4.4327
-4.287
-2.5744
-0.86027
0.86267
2.5868
4.3073
6.0218
7.7279
9.4232
11.105
12.772
14.422
16.052
17.66
19.244
20.802
22.334
23.835
25.306
26.745
28.149
29.518
30.851
32.146
33.402
34.619
35.795
36.929
38.022
39.072
40.079
41.043
41.962
42.838
43.67
44.457
45.2
45.898
46.552
47.162
47.727
48.248
48.725
49.158
49.547
49.893
50.195
50.453
50.668
50.84
50.969
51.055
51.098
51.098
51.055
50.969
50.84
50.668
50.453
50.195
49.893
49.547
49.158
48.725
48.248
47.727
47.162
46.552
45.898
45.2
44.457
43.67
42.838
41.962
41.043
40.079
39.072
38.022
36.929
35.795
34.619
33.402
32.146
30.851
29.518
28.149
26.745
25.306
23.835
22.334
20.802
19.244
17.66
16.052
14.422
12.772
11.105
9.4232
7.7279
6.0218
4.3073
2.5868
0.86267
-0.86027
-2.5744
-4.287
-4.1364
-2.4839
-0.83004
0.83235
2.4959
4.1559
5.8102
7.4563
9.0921
10.715
12.324
13.915
15.488
17.039
18.568
20.072
21.549
22.998
24.417
25.805
27.16
28.481
29.767
31.016
32.228
33.402
34.537
35.631
36.686
37.699
38.671
39.6
40.488
41.333
42.135
42.895
43.612
44.285
44.916
45.504
46.05
46.553
47.013
47.43
47.806
48.139
48.431
48.68
48.888
49.054
49.178
49.261
49.303
49.303
49.261
49.178
49.054
48.888
48.68
48.431
48.139
47.806
47.43
47.013
46.553
46.05
45.504
44.916
44.285
43.612
42.895
42.135
41.333
40.488
39.6
38.671
37.699
36.686
35.631
34.537
33.402
32.228
31.016
29.767
28.481
27.16
25.805
24.417
22.998
21.549
20.072
18.568
17.039
15.488
13.915
12.324
10.715
9.0921
7.4563
5.8102
4.1559
2.4959
0.83235
-0.83004
-2.4839
-4.1364
-3.9808
-2.3905
-0.79883
0.80105
2.402
3.9997
5.5917
7.1759
8.7502
10.312
11.86
13.392
14.905
16.398
17.869
19.317
20.738
22.133
23.499
24.834
26.139
27.41
28.647
29.85
31.016
32.146
33.238
34.291
35.306
36.281
37.216
38.111
38.965
39.778
40.551
41.282
41.971
42.62
43.227
43.793
44.318
44.802
45.245
45.647
46.008
46.329
46.609
46.849
47.049
47.209
47.329
47.409
47.448
47.448
47.409
47.329
47.209
47.049
46.849
46.609
46.329
46.008
45.647
45.245
44.802
44.318
43.793
43.227
42.62
41.971
41.282
40.551
39.778
38.965
38.111
37.216
36.281
35.306
34.291
33.238
32.146
31.016
29.85
28.647
27.41
26.139
24.834
23.499
22.133
20.738
19.317
17.869
16.398
14.905
13.392
11.86
10.312
8.7502
7.1759
5.5917
3.9997
2.402
0.80105
-0.79883
-2.3905
-3.9808
-3.8205
-2.2942
-0.76665
0.76878
2.3053
3.8385
5.3664
6.8868
8.3977
9.8969
11.382
12.852
14.305
15.738
17.15
18.539
19.903
21.241
22.552
23.834
25.086
26.306
27.493
28.647
29.767
30.851
31.899
32.91
33.884
34.82
35.717
36.576
37.395
38.176
38.917
39.619
40.281
40.903
41.486
42.029
42.533
42.997
43.422
43.808
44.155
44.463
44.732
44.962
45.154
45.307
45.422
45.499
45.537
45.537
45.499
45.422
45.307
45.154
44.962
44.732
44.463
44.155
43.808
43.422
42.997
42.533
42.029
41.486
40.903
40.281
39.619
38.917
38.176
37.395
36.576
35.717
34.82
33.884
32.91
31.899
30.851
29.767
28.647
27.493
26.306
25.086
23.834
22.552
21.241
19.903
18.539
17.15
15.738
14.305
12.852
11.382
9.8969
8.3977
6.8868
5.3664
3.8385
2.3053
0.76878
-0.76665
-2.2942
-3.8205
-3.6555
-2.1951
-0.73353
0.73558
2.2057
3.6727
5.1346
6.5894
8.0349
9.4694
10.891
12.297
13.687
15.058
16.409
17.738
19.043
20.324
21.578
22.804
24.002
25.169
26.306
27.41
28.481
29.518
30.521
31.488
32.42
33.315
34.174
34.996
35.78
36.527
37.236
37.907
38.541
39.136
39.694
40.213
40.695
41.14
41.546
41.915
42.247
42.542
42.799
43.02
43.203
43.35
43.46
43.533
43.57
43.57
43.533
43.46
43.35
43.203
43.02
42.799
42.542
42.247
41.915
41.546
41.14
40.695
40.213
39.694
39.136
38.541
37.907
37.236
36.527
35.78
34.996
34.174
33.315
32.42
31.488
30.521
29.518
28.481
27.41
26.306
25.169
24.002
22.804
21.578
20.324
19.043
17.738
16.409
15.058
13.687
12.297
10.891
9.4694
8.0349
6.5894
5.1346
3.6727
2.2057
0.73558
-0.73353
-2.1951
-3.6555
-3.4859
-2.0933
-0.69951
0.70146
2.1034
3.5024
4.8965
6.2837
7.6622
9.0301
10.386
11.727
13.052
14.359
15.648
16.915
18.16
19.381
20.577
21.747
22.889
24.002
25.086
26.139
27.16
28.149
29.105
30.028
30.916
31.77
32.589
33.373
34.12
34.833
35.509
36.149
36.753
37.321
37.852
38.348
38.808
39.231
39.619
39.971
40.288
40.569
40.814
41.024
41.199
41.339
41.444
41.514
41.549
41.549
41.514
41.444
41.339
41.199
41.024
40.814
40.569
40.288
39.971
39.619
39.231
38.808
38.348
37.852
37.321
36.753
36.149
35.509
34.833
34.12
33.373
32.589
31.77
30.916
30.028
29.105
28.149
27.16
26.139
25.086
24.002
22.889
21.747
20.577
19.381
18.16
16.915
15.648
14.359
13.052
11.727
10.386
9.0301
7.6622
6.2837
4.8965
3.5024
2.1034
0.70146
-0.69951
-2.0933
-3.4859
-3.312
-1.9888
-0.66461
0.66646
1.9984
3.3276
4.6522
5.9702
7.2799
8.5796
9.8674
11.142
12.401
13.643
14.867
16.071
17.254
18.414
19.55
20.662
21.747
22.804
23.834
24.834
25.805
26.745
27.653
28.53
29.374
30.185
30.963
31.707
32.418
33.095
33.737
34.345
34.919
35.459
35.964
36.435
36.871
37.274
37.642
37.977
38.277
38.544
38.778
38.977
39.144
39.277
39.376
39.443
39.476
39.476
39.443
39.376
39.277
39.144
38.977
38.778
38.544
38.277
37.977
37.642
37.274
36.871
36.435
35.964
35.459
34.919
34.345
33.737
33.095
32.418
31.707
30.963
30.185
29.374
28.53
27.653
26.745
25.805
24.834
23.834
22.804
21.747
20.662
19.55
18.414
17.254
16.071
14.867
13.643
12.401
11.142
9.8674
8.5796
7.2799
5.9702
4.6522
3.3276
1.9984
0.66646
-0.66461
-1.9888
-3.312
-3.1339
-1.8819
-0.62886
0.63062
1.891
3.1487
4.402
5.6491
6.8884
8.1182
9.3367
10.542
11.734
12.909
14.067
15.207
16.326
17.424
18.499
19.55
20.577
21.578
22.552
23.499
24.417
25.306
26.166
26.995
27.794
28.562
29.298
30.002
30.674
31.315
31.923
32.498
33.041
33.552
34.03
34.475
34.888
35.269
35.618
35.934
36.219
36.471
36.692
36.881
37.038
37.164
37.258
37.321
37.353
37.353
37.321
37.258
37.164
37.038
36.881
36.692
36.471
36.219
35.934
35.618
35.269
34.888
34.475
34.03
33.552
33.041
32.498
31.923
31.315
30.674
30.002
29.298
28.562
27.794
26.995
26.166
25.306
24.417
23.499
22.552
21.578
20.577
19.55
18.499
17.424
16.326
15.207
14.067
12.909
11.734
10.542
9.3367
8.1182
6.8884
5.6491
4.402
3.1487
1.891
0.63062
-0.62886
-1.8819
-3.1339
-2.9517
-1.7725
-0.59231
0.59396
1.7811
2.9657
4.1461
5.3208
6.488
7.6463
8.794
9.9297
11.052
12.159
13.25
14.323
15.377
16.411
17.424
18.414
19.381
20.324
21.241
22.133
22.998
23.835
24.645
25.426
26.178
26.901
27.595
28.258
28.892
29.495
30.067
30.609
31.121
31.601
32.052
32.471
32.86
33.219
33.547
33.846
34.114
34.351
34.559
34.737
34.885
35.004
35.093
35.152
35.182
35.182
35.152
35.093
35.004
34.885
34.737
34.559
34.351
34.114
33.846
33.547
33.219
32.86
32.471
32.052
31.601
31.121
30.609
30.067
29.495
28.892
28.258
27.595
26.901
26.178
25.426
24.645
23.835
22.998
22.133
21.241
20.324
19.381
18.414
17.424
16.411
15.377
14.323
13.25
12.159
11.052
9.9297
8.794
7.6463
6.488
5.3208
4.1461
2.9657
1.7811
0.59396
-0.59231
-1.7725
-2.9517
-2.7657
-1.6608
-0.55499
0.55654
1.6688
2.7788
3.8849
4.9855
6.0792
7.1645
8.24
9.3041
10.355
11.393
12.415
13.42
14.408
15.377
16.326
17.254
18.16
19.043
19.903
20.738
21.549
22.334
23.092
23.824
24.529
25.206
25.856
26.478
27.071
27.636
28.173
28.68
29.16
29.61
30.032
30.425
30.79
31.126
31.434
31.713
31.964
32.187
32.382
32.549
32.687
32.798
32.882
32.937
32.965
32.965
32.937
32.882
32.798
32.687
32.549
32.382
32.187
31.964
31.713
31.434
31.126
30.79
30.425
30.032
29.61
29.16
28.68
28.173
27.636
27.071
26.478
25.856
25.206
24.529
23.824
23.092
22.334
21.549
20.738
19.903
19.043
18.16
17.254
16.326
15.377
14.408
13.42
12.415
11.393
10.355
9.3041
8.24
7.1645
6.0792
4.9855
3.8849
2.7788
1.6688
0.55654
-0.55499
-1.6608
-2.7657
-2.5761
-1.547
-0.51695
0.51839
1.5544
2.5883
3.6185
4.6437
5.6625
6.6734
7.6751
8.6662
9.6456
10.612
11.564
12.5
13.42
14.323
15.207
16.071
16.915
17.738
18.539
19.317
20.072
20.802
21.509
22.191
22.847
23.478
24.084
24.663
25.215
25.742
26.241
26.714
27.161
27.58
27.973
28.339
28.679
28.992
29.279
29.539
29.773
29.98
30.162
30.317
30.447
30.55
30.627
30.679
30.705
30.705
30.679
30.627
30.55
30.447
30.317
30.162
29.98
29.773
29.539
29.279
28.992
28.679
28.339
27.973
27.58
27.161
26.714
26.241
25.742
25.215
24.663
24.084
23.478
22.847
22.191
21.509
20.802
20.072
19.317
18.539
17.738
16.915
16.071
15.207
14.323
13.42
12.5
11.564
10.612
9.6456
8.6662
7.6751
6.6734
5.6625
4.6437
3.6185
2.5883
1.5544
0.51839
-0.51695
-1.547
-2.5761
-2.3831
-1.4311
-0.47821
0.47955
1.438
2.3944
3.3474
4.2958
5.2382
6.1734
7.1
8.0169
8.9229
9.8168
10.697
11.564
12.415
13.25
14.067
14.867
15.648
16.409
17.15
17.869
18.568
19.244
19.898
20.528
21.136
21.719
22.279
22.815
23.326
23.813
24.275
24.713
25.126
25.514
25.877
26.216
26.53
26.82
27.085
27.326
27.542
27.734
27.902
28.046
28.165
28.261
28.333
28.38
28.404
28.404
28.38
28.333
28.261
28.165
28.046
27.902
27.734
27.542
27.326
27.085
26.82
26.53
26.216
25.877
25.514
25.126
24.713
24.275
23.813
23.326
22.815
22.279
21.719
21.136
20.528
19.898
19.244
18.568
17.869
17.15
16.409
15.648
14.867
14.067
13.25
12.415
11.564
10.697
9.8168
8.9229
8.0169
7.1
6.1734
5.2382
4.2958
3.3474
2.3944
1.438
0.47955
-0.47821
-1.4311
-2.3831
-2.1869
-1.3132
-0.43885
0.44007
1.3196
2.1973
3.0719
3.9422
4.807
5.6652
6.5155
7.3569
8.1883
9.0086
9.8168
10.612
11.393
12.159
12.909
13.643
14.359
15.058
15.738
16.398
17.039
17.66
18.259
18.838
19.396
19.931
20.445
20.937
21.406
21.853
22.277
22.678
23.057
23.413
23.747
24.058
24.346
24.612
24.855
25.076
25.275
25.451
25.605
25.737
25.847
25.934
26
26.044
26.066
26.066
26.044
26
25.934
25.847
25.737
25.605
25.451
25.275
25.076
24.855
24.612
24.346
24.058
23.747
23.413
23.057
22.678
22.277
21.853
21.406
20.937
20.445
19.931
19.396
18.838
18.259
17.66
17.039
16.398
15.738
15.058
14.359
13.643
12.909
12.159
11.393
10.612
9.8168
9.0086
8.1883
7.3569
6.5155
5.6652
4.807
3.9422
3.0719
2.1973
1.3196
0.44007
-0.43885
-1.3132
-2.1869
-1.9878
-1.1937
-0.39889
0.4
1.1994
1.9972
2.7922
3.5832
4.3693
5.1493
5.9223
6.6871
7.4427
8.1883
8.9229
9.6456
10.355
11.052
11.734
12.401
13.052
13.687
14.305
14.905
15.488
16.052
16.597
17.123
17.63
18.116
18.583
19.03
19.457
19.863
20.248
20.613
20.958
21.281
21.585
21.867
22.129
22.371
22.592
22.793
22.973
23.133
23.273
23.393
23.493
23.573
23.633
23.673
23.692
23.692
23.673
23.633
23.573
23.493
23.393
23.273
23.133
22.973
22.793
22.592
22.371
22.129
21.867
21.585
21.281
20.958
20.613
20.248
19.863
19.457
19.03
18.583
18.116
17.63
17.123
16.597
16.052
15.488
14.905
14.305
13.687
13.052
12.401
11.734
11.052
10.355
9.6456
8.9229
8.1883
7.4427
6.6871
5.9223
5.1493
4.3693
3.5832
2.7922
1.9972
1.1994
0.4
-0.39889
-1.1937
-1.9878
-1.786
-1.0725
-0.35839
0.35939
1.0777
1.7944
2.5087
3.2194
3.9257
4.6265
5.321
6.0081
6.6871
7.3569
8.0169
8.6662
9.3041
9.9297
10.542
11.142
11.727
12.297
12.852
13.392
13.915
14.422
14.912
15.384
15.84
16.277
16.697
17.098
17.481
17.846
18.192
18.52
18.83
19.121
19.393
19.647
19.883
20.1
20.298
20.479
20.641
20.785
20.91
21.018
21.108
21.179
21.233
21.269
21.287
21.287
21.269
21.233
21.179
21.108
21.018
20.91
20.785
20.641
20.479
20.298
20.1
19.883
19.647
19.393
19.121
18.83
18.52
18.192
17.846
17.481
17.098
16.697
16.277
15.84
15.384
14.912
14.422
13.915
13.392
12.852
12.297
11.727
11.142
10.542
9.9297
9.3041
8.6662
8.0169
7.3569
6.6871
6.0081
5.321
4.6265
3.9257
3.2194
2.5087
1.7944
1.0777
0.35939
-0.35839
-1.0725
-1.786
-1.5817
-0.94982
-0.3174
0.31828
0.9544
1.5892
2.2217
2.8512
3.4767
4.0974
4.7124
5.321
5.9223
6.5155
7.1
7.6751
8.24
8.794
9.3367
9.8674
10.386
10.891
11.382
11.86
12.324
12.772
13.206
13.625
14.028
14.415
14.787
15.142
15.482
15.805
16.112
16.402
16.676
16.934
17.175
17.4
17.609
17.801
17.977
18.136
18.28
18.407
18.519
18.614
18.694
18.757
18.805
18.836
18.852
18.852
18.836
18.805
18.757
18.694
18.614
18.519
18.407
18.28
18.136
17.977
17.801
17.609
17.4
17.175
16.934
16.676
16.402
16.112
15.805
15.482
15.142
14.787
14.415
14.028
13.625
13.206
12.772
12.324
11.86
11.382
10.891
10.386
9.8674
9.3367
8.794
8.24
7.6751
7.1
6.5155
5.9223
5.321
4.7124
4.0974
3.4767
2.8512
2.2217
1.5892
0.9544
0.31828
-0.3174
-0.94982
-1.5817
-1.3753
-0.82585
-0.27597
0.27674
0.82984
1.3818
1.9318
2.4791
3.023
3.5626
4.0974
4.6265
5.1493
5.6652
6.1734
6.6734
7.1645
7.6463
8.1182
8.5796
9.0301
9.4694
9.8969
10.312
10.715
11.105
11.483
11.847
12.197
12.534
12.857
13.166
13.461
13.742
14.009
14.261
14.5
14.724
14.934
15.129
15.31
15.478
15.631
15.769
15.894
16.005
16.102
16.185
16.254
16.309
16.35
16.378
16.392
16.392
16.378
16.35
16.309
16.254
16.185
16.102
16.005
15.894
15.769
15.631
15.478
15.31
15.129
14.934
14.724
14.5
14.261
14.009
13.742
13.461
13.166
12.857
12.534
12.197
11.847
11.483
11.105
10.715
10.312
9.8969
9.4694
9.0301
8.5796
8.1182
7.6463
7.1645
6.6734
6.1734
5.6652
5.1493
4.6265
4.0974
3.5626
3.023
2.4791
1.9318
1.3818
0.82984
0.27674
-0.27597
-0.82585
-1.3753
-1.167
-0.70075
-0.23417
0.23482
0.70414
1.1725
1.6392
2.1036
2.565
3.023
3.4767
3.9257
4.3693
4.807
5.2382
5.6625
6.0792
6.488
6.8884
7.2799
7.6622
8.0349
8.3977
8.7502
9.0921
9.4232
9.7433
10.052
10.35
10.635
10.909
11.172
11.422
11.66
11.887
12.101
12.303
12.493
12.671
12.837
12.991
13.133
13.263
13.381
13.487
13.581
13.663
13.733
13.792
13.839
13.874
13.897
13.909
13.909
13.897
13.874
13.839
13.792
13.733
13.663
13.581
13.487
13.381
13.263
13.133
12.991
12.837
12.671
12.493
12.303
12.101
11.887
11.66
11.422
11.172
10.909
10.635
10.35
10.052
9.7433
9.4232
9.0921
8.7502
8.3977
8.0349
7.6622
7.2799
6.8884
6.488
6.0792
5.6625
5.2382
4.807
4.3693
3.9257
3.4767
3.023
2.565
2.1036
1.6392
1.1725
0.70414
0.23482
-0.23417
-0.70075
-1.167
-0.95701
-0.57468
-0.19204
0.19257
0.57745
0.96152
1.3443
1.7251
2.1036
2.4791
2.8512
3.2194
3.5832
3.9422
4.2958
4.6437
4.9855
5.3208
5.6491
5.9702
6.2837
6.5894
6.8868
7.1759
7.4563
7.7279
7.9904
8.2436
8.4875
8.7219
8.9467
9.1618
9.3671
9.5626
9.7483
9.924
10.09
10.246
10.392
10.528
10.654
10.77
10.877
10.973
11.06
11.137
11.205
11.262
11.31
11.349
11.378
11.397
11.406
11.406
11.397
11.378
11.349
11.31
11.262
11.205
11.137
11.06
10.973
10.877
10.77
10.654
10.528
10.392
10.246
10.09
9.924
9.7483
9.5626
9.3671
9.1618
8.9467
8.7219
8.4875
8.2436
7.9904
7.7279
7.4563
7.1759
6.8868
6.5894
6.2837
5.9702
5.6491
5.3208
4.9855
4.6437
4.2958
3.9422
3.5832
3.2194
2.8512
2.4791
2.1036
1.7251
1.3443
0.96152
0.57745
0.19257
-0.19204
-0.57468
-0.95701
-0.74573
-0.44781
-0.14964
0.15006
0.44997
0.74925
1.0475
1.3443
1.6392
1.9318
2.2217
2.5087
2.7922
3.0719
3.3474
3.6185
3.8849
4.1461
4.402
4.6522
4.8965
5.1346
5.3664
5.5917
5.8102
6.0218
6.2263
6.4237
6.6137
6.7964
6.9716
7.1392
7.2992
7.4515
7.5961
7.7331
7.8623
7.9838
8.0975
8.2035
8.3018
8.3925
8.4754
8.5507
8.6184
8.6785
8.731
8.776
8.8134
8.8434
8.8658
8.8807
8.8882
8.8882
8.8807
8.8658
8.8434
8.8134
8.776
8.731
8.6785
8.6184
8.5507
8.4754
8.3925
8.3018
8.2035
8.0975
7.9838
7.8623
7.7331
7.5961
7.4515
7.2992
7.1392
6.9716
6.7964
6.6137
6.4237
6.2263
6.0218
5.8102
5.5917
5.3664
5.1346
4.8965
4.6522
4.402
4.1461
3.8849
3.6185
3.3474
3.0719
2.7922
2.5087
2.2217
1.9318
1.6392
1.3443
1.0475
0.74925
0.44997
0.15006
-0.14964
-0.44781
-0.74573
-0.53341
-0.32031
-0.10704
0.10734
0.32186
0.53593
0.74925
0.96152
1.1725
1.3818
1.5892
1.7944
1.9972
2.1973
2.3944
2.5883
2.7788
2.9657
3.1487
3.3276
3.5024
3.6727
3.8385
3.9997
4.1559
4.3073
4.4536
4.5948
4.7307
4.8614
4.9867
5.1065
5.221
5.33
5.4334
5.5314
5.6238
5.7107
5.792
5.8679
5.9382
6.003
6.0623
6.1162
6.1646
6.2076
6.2452
6.2773
6.3041
6.3255
6.3416
6.3523
6.3576
6.3576
6.3523
6.3416
6.3255
6.3041
6.2773
6.2452
6.2076
6.1646
6.1162
6.0623
6.003
5.9382
5.8679
5.792
5.7107
5.6238
5.5314
5.4334
5.33
5.221
5.1065
4.9867
4.8614
4.7307
4.5948
4.4536
4.3073
4.1559
3.9997
3.8385
3.6727
3.5024
3.3276
3.1487
2.9657
2.7788
2.5883
2.3944
2.1973
1.9972
1.7944
1.5892
1.3818
1.1725
0.96152
0.74925
0.53593
0.32186
0.10734
-0.10704
-0.32031
-0.53341
-0.32034
-0.19237
-0.064283
0.064462
0.19329
0.32186
0.44997
0.57745
0.70414
0.82984
0.9544
1.0777
1.1994
1.3196
1.438
1.5544
1.6688
1.7811
1.891
1.9984
2.1034
2.2057
2.3053
2.402
2.4959
2.5868
2.6747
2.7594
2.8411
2.9195
2.9948
3.0668
3.1355
3.201
3.2631
3.3219
3.3774
3.4296
3.4785
3.524
3.5662
3.6052
3.6408
3.6732
3.7022
3.728
3.7506
3.7699
3.786
3.7989
3.8085
3.8149
3.8181
3.8181
3.8149
3.8085
3.7989
3.786
3.7699
3.7506
3.728
3.7022
3.6732
3.6408
3.6052
3.5662
3.524
3.4785
3.4296
3.3774
3.3219
3.2631
3.201
3.1355
3.0668
2.9948
2.9195
2.8411
2.7594
2.6747
2.5868
2.4959
2.402
2.3053
2.2057
2.1034
1.9984
1.891
1.7811
1.6688
1.5544
1.438
1.3196
1.1994
1.0777
0.9544
0.82984
0.70414
0.57745
0.44997
0.32186
0.19329
0.064462
-0.064283
-0.19237
-0.32034
-0.10683
-0.064152
-0.021438
0.021497
0.064462
0.10734
0.15006
0.19257
0.23482
0.27674
0.31828
0.35939
0.4
0.44007
0.47955
0.51839
0.55654
0.59396
0.63062
0.66646
0.70146
0.73558
0.76878
0.80105
0.83235
0.86267
0.89197
0.92024
0.94747
0.97364
0.99873
1.0227
1.0457
1.0675
1.0882
1.1078
1.1263
1.1437
1.16
1.1752
1.1893
1.2023
1.2142
1.225
1.2347
1.2433
1.2508
1.2572
1.2626
1.2669
1.2701
1.2722
1.2733
1.2733
1.2722
1.2701
1.2669
1.2626
1.2572
1.2508
1.2433
1.2347
1.225
1.2142
1.2023
1.1893
1.1752
1.16
1.1437
1.1263
1.1078
1.0882
1.0675
1.0457
1.0227
0.99873
0.97364
0.94747
0.92024
0.89197
0.86267
0.83235
0.80105
0.76878
0.73558
0.70146
0.66646
0.63062
0.59396
0.55654
0.51839
0.47955
0.44007
0.4
0.35939
0.31828
0.27674
0.23482
0.19257
0.15006
0.10734
0.064462
0.021497
-0.021438
-0.064152
-0.10683
0.10653
0.063973
0.021378
-0.021438
-0.064283
-0.10704
-0.14964
-0.19204
-0.23417
-0.27597
-0.3174
-0.35839
-0.39889
-0.43885
-0.47821
-0.51695
-0.55499
-0.59231
-0.62886
-0.66461
-0.69951
-0.73353
-0.76665
-0.79883
-0.83004
-0.86027
-0.88949
-0.91769
-0.94484
-0.97093
-0.99596
-1.0199
-1.0428
-1.0645
-1.0852
-1.1047
-1.1232
-1.1406
-1.1568
-1.172
-1.186
-1.1989
-1.2108
-1.2216
-1.2312
-1.2398
-1.2473
-1.2537
-1.2591
-1.2634
-1.2666
-1.2687
-1.2698
-1.2698
-1.2687
-1.2666
-1.2634
-1.2591
-1.2537
-1.2473
-1.2398
-1.2312
-1.2216
-1.2108
-1.1989
-1.186
-1.172
-1.1568
-1.1406
-1.1232
-1.1047
-1.0852
-1.0645
-1.0428
-1.0199
-0.99596
-0.97093
-0.94484
-0.91769
-0.88949
-0.86027
-0.83004
-0.79883
-0.76665
-0.73353
-0.69951
-0.66461
-0.62886
-0.59231
-0.55499
-0.51695
-0.47821
-0.43885
-0.39889
-0.35839
-0.3174
-0.27597
-0.23417
-0.19204
-0.14964
-0.10704
-0.064283
-0.021438
0.021378
0.063973
0.10653
0.31975
0.19186
0.063973
-0.064152
-0.19237
-0.32031
-0.44781
-0.57468
-0.70075
-0.82585
-0.94982
-1.0725
-1.1937
-1.3132
-1.4311
-1.547
-1.6608
-1.7725
-1.8819
-1.9888
-2.0933
-2.1951
-2.2942
-2.3905
-2.4839
-2.5744
-2.6618
-2.7462
-2.8274
-2.9055
-2.9804
-3.0521
-3.1205
-3.1856
-3.2474
-3.306
-3.3612
-3.4131
-3.4617
-3.5071
-3.5491
-3.5878
-3.6233
-3.6555
-3.6844
-3.7101
-3.7326
-3.7518
-3.7678
-3.7806
-3.7902
-3.7966
-3.7998
-3.7998
-3.7966
-3.7902
-3.7806
-3.7678
-3.7518
-3.7326
-3.7101
-3.6844
-3.6555
-3.6233
-3.5878
-3.5491
-3.5071
-3.4617
-3.4131
-3.3612
-3.306
-3.2474
-3.1856
-3.1205
-3.0521
-2.9804
-2.9055
-2.8274
-2.7462
-2.6618
-2.5744
-2.4839
-2.3905
-2.2942
-2.1951
-2.0933
-1.9888
-1.8819
-1.7725
-1.6608
-1.547
-1.4311
-1.3132
-1.1937
-1.0725
-0.94982
-0.82585
-0.70075
-0.57468
-0.44781
-0.32031
-0.19237
-0.064152
0.063973
0.19186
0.31975
0.53299
0.31975
0.10653
-0.10683
-0.32034
-0.53341
-0.74573
-0.95701
-1.167
-1.3753
-1.5817
-1.786
-1.9878
-2.1869
-2.3831
-2.5761
-2.7657
-2.9517
-3.1339
-3.312
-3.4859
-3.6555
-3.8205
-3.9808
-4.1364
-4.287
-4.4327
-4.5732
-4.7085
-4.8385
-4.9632
-5.0825
-5.1964
-5.3049
-5.4079
-5.5053
-5.5973
-5.6838
-5.7648
-5.8403
-5.9102
-5.9748
-6.0338
-6.0874
-6.1356
-6.1784
-6.2158
-6.2478
-6.2745
-6.2958
-6.3117
-6.3224
-6.3277
-6.3277
-6.3224
-6.3117
-6.2958
-6.2745
-6.2478
-6.2158
-6.1784
-6.1356
-6.0874
-6.0338
-5.9748
-5.9102
-5.8403
-5.7648
-5.6838
-5.5973
-5.5053
-5.4079
-5.3049
-5.1964
-5.0825
-4.9632
-4.8385
-4.7085
-4.5732
-4.4327
-4.287
-4.1364
-3.9808
-3.8205
-3.6555
-3.4859
-3.312
-3.1339
-2.9517
-2.7657
-2.5761
-2.3831
-2.1869
-1.9878
-1.786
-1.5817
-1.3753
-1.167
-0.95701
-0.74573
-0.53341
-0.32034
-0.10683
0.10653
0.31975
0.53299
