0.47756
0.28648
0.095445
-0.095712
-0.28701
-0.47794
-0.66826
-0.85771
-1.0461
-1.2331
-1.4185
-1.6022
-1.7838
-1.9632
-2.1401
-2.3144
-2.4858
-2.6542
-2.8194
-2.9811
-3.1393
-3.2938
-3.4445
-3.5911
-3.7337
-3.872
-4.006
-4.1355
-4.2605
-4.3808
-4.4965
-4.6074
-4.7135
-4.8148
-4.9111
-5.0025
-5.0889
-5.1703
-5.2466
-5.3179
-5.3841
-5.4453
-5.5014
-5.5523
-5.5982
-5.639
-5.6747
-5.7053
-5.7307
-5.7511
-5.7664
-5.7766
-5.7817
-5.7817
-5.7766
-5.7664
-5.7511
-5.7307
-5.7053
-5.6747
-5.639
-5.5982
-5.5523
-5.5014
-5.4453
-5.3841
-5.3179
-5.2466
-5.1703
-5.0889
-5.0025
-4.9111
-4.8148
-4.7135
-4.6074
-4.4965
-4.3808
-4.2605
-4.1355
-4.006
-3.872
-3.7337
-3.5911
-3.4445
-3.2938
-3.1393
-2.9811
-2.8194
-2.6542
-2.4858
-2.3144
-2.1401
-1.9632
-1.7838
-1.6022
-1.4185
-1.2331
-1.0461
-0.85771
-0.66826
-0.47794
-0.28701
-0.095712
0.095445
0.28648
0.47756
0.28648
0.17188
0.05731
-0.057471
-0.17234
-0.28698
-0.40126
-0.51502
-0.62812
-0.74041
-0.85176
-0.96204
-1.0711
-1.1788
-1.285
-1.3897
-1.4926
-1.5937
-1.6929
-1.79
-1.885
-1.9778
-2.0683
-2.1563
-2.2419
-2.325
-2.4054
-2.4832
-2.5582
-2.6305
-2.6999
-2.7665
-2.8303
-2.8911
-2.9489
-3.0038
-3.0556
-3.1045
-3.1504
-3.1932
-3.2329
-3.2697
-3.3033
-3.3339
-3.3615
-3.386
-3.4074
-3.4257
-3.441
-3.4533
-3.4625
-3.4686
-3.4716
-3.4716
-3.4686
-3.4625
-3.4533
-3.441
-3.4257
-3.4074
-3.386
-3.3615
-3.3339
-3.3033
-3.2697
-3.2329
-3.1932
-3.1504
-3.1045
-3.0556
-3.0038
-2.9489
-2.8911
-2.8303
-2.7665
-2.6999
-2.6305
-2.5582
-2.4832
-2.4054
-2.325
-2.2419
-2.1563
-2.0683
-1.9778
-1.885
-1.79
-1.6929
-1.5937
-1.4926
-1.3897
-1.285
-1.1788
-1.0711
-0.96204
-0.85176
-0.74041
-0.62812
-0.51502
-0.40126
-0.28698
-0.17234
-0.057471
0.05731
0.17188
0.28648
0.095445
0.05731
0.019151
-0.019204
-0.057588
-0.095897
-0.13408
-0.1721
-0.20989
-0.24741
-0.28462
-0.32147
-0.35791
-0.3939
-0.42941
-0.46437
-0.49877
-0.53255
-0.56569
-0.59815
-0.6299
-0.6609
-0.69112
-0.72055
-0.74915
-0.7769
-0.80378
-0.82976
-0.85484
-0.87899
-0.9022
-0.92446
-0.94575
-0.96606
-0.98539
-1.0037
-1.0211
-1.0374
-1.0527
-1.067
-1.0803
-1.0926
-1.1038
-1.1141
-1.1233
-1.1314
-1.1386
-1.1447
-1.1499
-1.1539
-1.157
-1.1591
-1.1601
-1.1601
-1.1591
-1.157
-1.1539
-1.1499
-1.1447
-1.1386
-1.1314
-1.1233
-1.1141
-1.1038
-1.0926
-1.0803
-1.067
-1.0527
-1.0374
-1.0211
-1.0037
-0.98539
-0.96606
-0.94575
-0.92446
-0.9022
-0.87899
-0.85484
-0.82976
-0.80378
-0.7769
-0.74915
-0.72055
-0.69112
-0.6609
-0.6299
-0.59815
-0.56569
-0.53255
-0.49877
-0.46437
-0.42941
-0.3939
-0.35791
-0.32147
-0.28462
-0.24741
-0.20989
-0.1721
-0.13408
-0.095897
-0.057588
-0.019204
0.019151
0.05731
0.095445
-0.095712
-0.057471
-0.019204
0.019258
0.057748
0.096164
0.13446
0.17258
0.21047
0.2481
0.28542
0.32237
0.35891
0.395
0.4306
0.46567
0.50016
0.53404
0.56727
0.59982
0.63165
0.66274
0.69305
0.72256
0.75124
0.77906
0.80602
0.83208
0.85722
0.88144
0.90472
0.92704
0.94839
0.96876
0.98814
1.0065
1.0239
1.0403
1.0556
1.07
1.0833
1.0956
1.1069
1.1172
1.1264
1.1346
1.1418
1.1479
1.1531
1.1572
1.1602
1.1623
1.1633
1.1633
1.1623
1.1602
1.1572
1.1531
1.1479
1.1418
1.1346
1.1264
1.1172
1.1069
1.0956
1.0833
1.07
1.0556
1.0403
1.0239
1.0065
0.98814
0.96876
0.94839
0.92704
0.90472
0.88144
0.85722
0.83208
0.80602
0.77906
0.75124
0.72256
0.69305
0.66274
0.63165
0.59982
0.56727
0.53404
0.50016
0.46567
0.4306
0.395
0.35891
0.32237
0.28542
0.2481
0.21047
0.17258
0.13446
0.096164
0.057748
0.019258
-0.019204
-0.057471
-0.095712
-0.28701
-0.17234
-0.057588
0.057748
0.17317
0.28837
0.4032
0.5175
0.63115
0.74399
0.85588
0.96668
1.0763
1.1845
1.2913
1.3964
1.4998
1.6014
1.7011
1.7987
1.8941
1.9874
2.0783
2.1667
2.2527
2.3362
2.417
2.4952
2.5706
2.6432
2.713
2.7799
2.8439
2.905
2.9631
3.0183
3.0704
3.1195
3.1656
3.2086
3.2486
3.2855
3.3193
3.35
3.3777
3.4023
3.4239
3.4423
3.4577
3.47
3.4792
3.4853
3.4884
3.4884
3.4853
3.4792
3.47
3.4577
3.4423
3.4239
3.4023
3.3777
3.35
3.3193
3.2855
3.2486
3.2086
3.1656
3.1195
3.0704
3.0183
2.9631
2.905
2.8439
2.7799
2.713
2.6432
2.5706
2.4952
2.417
2.3362
2.2527
2.1667
2.0783
1.9874
1.8941
1.7987
1.7011
1.6014
1.4998
1.3964
1.2913
1.1845
1.0763
0.96668
0.85588
0.74399
0.63115
0.5175
0.4032
0.28837
0.17317
0.057748
-0.057588
-0.17234
-0.28701
-0.47794
-0.28698
-0.095897
0.096164
0.28837
0.4802
0.67142
0.86177
1.051
1.2389
1.4252
1.6098
1.7922
1.9725
2.1502
2.3253
2.4976
2.6667
2.8327
2.9952
3.1542
3.3094
3.4608
3.6081
3.7513
3.8903
4.0249
4.155
4.2806
4.4015
4.5178
4.6292
4.7358
4.8375
4.9343
5.0261
5.1129
5.1947
5.2714
5.3431
5.4096
5.471
5.5274
5.5786
5.6247
5.6657
5.7015
5.7322
5.7578
5.7783
5.7937
5.8039
5.809
5.809
5.8039
5.7937
5.7783
5.7578
5.7322
5.7015
5.6657
5.6247
5.5786
5.5274
5.471
5.4096
5.3431
5.2714
5.1947
5.1129
5.0261
4.9343
4.8375
4.7358
4.6292
4.5178
4.4015
4.2806
4.155
4.0249
3.8903
3.7513
3.6081
3.4608
3.3094
3.1542
2.9952
2.8327
2.6667
2.4976
2.3253
2.1502
1.9725
1.7922
1.6098
1.4252
1.2389
1.051
0.86177
0.67142
0.4802
0.28837
0.096164
-0.095897
-0.28698
-0.47794
-0.66826
-0.40126
-0.13408
0.13446
0.4032
0.67142
0.93877
1.2049
1.4695
1.7322
1.9928
2.2507
2.5059
2.7579
3.0064
3.2513
3.4921
3.7286
3.9607
4.1879
4.4102
4.6272
4.8388
5.0449
5.2451
5.4394
5.6276
5.8095
5.9851
6.1542
6.3167
6.4725
6.6216
6.7638
6.8991
7.0275
7.1489
7.2632
7.3705
7.4706
7.5637
7.6496
7.7284
7.8
7.8644
7.9217
7.9718
8.0148
8.0506
8.0792
8.1007
8.115
8.1222
8.1222
8.115
8.1007
8.0792
8.0506
8.0148
7.9718
7.9217
7.8644
7.8
7.7284
7.6496
7.5637
7.4706
7.3705
7.2632
7.1489
7.0275
6.8991
6.7638
6.6216
6.4725
6.3167
6.1542
5.9851
5.8095
5.6276
5.4394
5.2451
5.0449
4.8388
4.6272
4.4102
4.1879
3.9607
3.7286
3.4921
3.2513
3.0064
2.7579
2.5059
2.2507
1.9928
1.7322
1.4695
1.2049
0.93877
0.67142
0.4032
0.13446
-0.13408
-0.40126
-0.66826
-0.85771
-0.51502
-0.1721
0.17258
0.5175
0.86177
1.2049
1.5465
1.8861
2.2233
2.5577
2.8889
3.2163
3.5398
3.8588
4.173
4.4821
4.7857
5.0835
5.3752
5.6605
5.9391
6.2107
6.4751
6.7321
6.9815
7.223
7.4566
7.6819
7.899
8.1075
8.3076
8.4989
8.6814
8.8551
9.0199
9.1757
9.3224
9.4601
9.5886
9.708
9.8183
9.9194
10.011
10.094
10.168
10.232
10.287
10.333
10.37
10.397
10.416
10.425
10.425
10.416
10.397
10.37
10.333
10.287
10.232
10.168
10.094
10.011
9.9194
9.8183
9.708
9.5886
9.4601
9.3224
9.1757
9.0199
8.8551
8.6814
8.4989
8.3076
8.1075
7.899
7.6819
7.4566
7.223
6.9815
6.7321
6.4751
6.2107
5.9391
5.6605
5.3752
5.0835
4.7857
4.4821
4.173
3.8588
3.5398
3.2163
2.8889
2.5577
2.2233
1.8861
1.5465
1.2049
0.86177
0.5175
0.17258
-0.1721
-0.51502
-0.85771
-1.0461
-0.62812
-0.20989
0.21047
0.63115
1.051
1.4695
1.8861
2.3003
2.7116
3.1194
3.5233
3.9227
4.3171
4.7062
5.0894
5.4664
5.8367
6.1999
6.5556
6.9035
7.2433
7.5746
7.8971
8.2105
8.5147
8.8092
9.0941
9.3689
9.6336
9.888
10.132
10.365
10.588
10.8
11.001
11.191
11.37
11.538
11.694
11.84
11.974
12.098
12.21
12.311
12.4
12.479
12.546
12.602
12.647
12.681
12.703
12.714
12.714
12.703
12.681
12.647
12.602
12.546
12.479
12.4
12.311
12.21
12.098
11.974
11.84
11.694
11.538
11.37
11.191
11.001
10.8
10.588
10.365
10.132
9.888
9.6336
9.3689
9.0941
8.8092
8.5147
8.2105
7.8971
7.5746
7.2433
6.9035
6.5556
6.1999
5.8367
5.4664
5.0894
4.7062
4.3171
3.9227
3.5233
3.1194
2.7116
2.3003
1.8861
1.4695
1.051
0.63115
0.21047
-0.20989
-0.62812
-1.0461
-1.2331
-0.74041
-0.24741
0.2481
0.74399
1.2389
1.7322
2.2233
2.7116
3.1964
3.6771
4.1531
4.6239
5.0889
5.5476
5.9993
6.4437
6.8802
7.3083
7.7276
8.1378
8.5383
8.9288
9.3089
9.6784
10.037
10.384
10.72
11.044
11.356
11.656
11.943
12.218
12.481
12.731
12.967
13.191
13.402
13.6
13.785
13.957
14.115
14.261
14.393
14.512
14.617
14.71
14.789
14.855
14.908
14.948
14.974
14.987
14.987
14.974
14.948
14.908
14.855
14.789
14.71
14.617
14.512
14.393
14.261
14.115
13.957
13.785
13.6
13.402
13.191
12.967
12.731
12.481
12.218
11.943
11.656
11.356
11.044
10.72
10.384
10.037
9.6784
9.3089
8.9288
8.5383
8.1378
7.7276
7.3083
6.8802
6.4437
5.9993
5.5476
5.0889
4.6239
4.1531
3.6771
3.1964
2.7116
2.2233
1.7322
1.2389
0.74399
0.2481
-0.24741
-0.74041
-1.2331
-1.4185
-0.85176
-0.28462
0.28542
0.85588
1.4252
1.9928
2.5577
3.1194
3.6771
4.2301
4.7777
5.3194
5.8543
6.3819
6.9016
7.4128
7.9149
8.4074
8.8898
9.3616
9.8224
10.272
10.709
11.134
11.546
11.946
12.332
12.705
13.064
13.409
13.74
14.056
14.358
14.645
14.918
15.175
15.418
15.646
15.858
16.056
16.238
16.405
16.557
16.694
16.816
16.922
17.013
17.089
17.15
17.196
17.226
17.241
17.241
17.226
17.196
17.15
17.089
17.013
16.922
16.816
16.694
16.557
16.405
16.238
16.056
15.858
15.646
15.418
15.175
14.918
14.645
14.358
14.056
13.74
13.409
13.064
12.705
12.332
11.946
11.546
11.134
10.709
10.272
9.8224
9.3616
8.8898
8.4074
7.9149
7.4128
6.9016
6.3819
5.8543
5.3194
4.7777
4.2301
3.6771
3.1194
2.5577
1.9928
1.4252
0.85588
0.28542
-0.28462
-0.85176
-1.4185
-1.6022
-0.96204
-0.32147
0.32237
0.96668
1.6098
2.2507
2.8889
3.5233
4.1531
4.7777
5.3963
6.008
6.6122
7.2081
7.7951
8.3725
8.9396
9.4959
10.041
10.574
11.094
11.601
12.095
12.575
13.041
13.492
13.929
14.35
14.755
15.145
15.518
15.876
16.217
16.541
16.849
17.14
17.414
17.671
17.911
18.134
18.34
18.529
18.701
18.855
18.993
19.113
19.216
19.302
19.37
19.422
19.456
19.473
19.473
19.456
19.422
19.37
19.302
19.216
19.113
18.993
18.855
18.701
18.529
18.34
18.134
17.911
17.671
17.414
17.14
16.849
16.541
16.217
15.876
15.518
15.145
14.755
14.35
13.929
13.492
13.041
12.575
12.095
11.601
11.094
10.574
10.041
9.4959
8.9396
8.3725
7.7951
7.2081
6.6122
6.008
5.3963
4.7777
4.1531
3.5233
2.8889
2.2507
1.6098
0.96668
0.32237
-0.32147
-0.96204
-1.6022
-1.7838
-1.0711
-0.35791
0.35891
1.0763
1.7922
2.5059
3.2163
3.9227
4.6239
5.3194
6.008
6.6891
7.3618
8.0252
8.6788
9.3216
9.953
10.572
11.179
11.772
12.352
12.917
13.466
14.001
14.52
15.022
15.508
15.976
16.428
16.861
17.277
17.675
18.055
18.416
18.759
19.083
19.388
19.674
19.942
20.19
20.419
20.63
20.821
20.993
21.146
21.28
21.394
21.49
21.566
21.624
21.662
21.681
21.681
21.662
21.624
21.566
21.49
21.394
21.28
21.146
20.993
20.821
20.63
20.419
20.19
19.942
19.674
19.388
19.083
18.759
18.416
18.055
17.675
17.277
16.861
16.428
15.976
15.508
15.022
14.52
14.001
13.466
12.917
12.352
11.772
11.179
10.572
9.953
9.3216
8.6788
8.0252
7.3618
6.6891
6.008
5.3194
4.6239
3.9227
3.2163
2.5059
1.7922
1.0763
0.35891
-0.35791
-1.0711
-1.7838
-1.9632
-1.1788
-0.3939
0.395
1.1845
1.9725
2.7579
3.5398
4.3171
5.0889
5.8543
6.6122
7.3618
8.1021
8.8323
9.5515
10.259
10.954
11.636
12.303
12.956
13.594
14.215
14.821
15.409
15.98
16.533
17.067
17.583
18.08
18.557
19.015
19.453
19.871
20.268
20.645
21.002
21.338
21.653
21.947
22.22
22.473
22.704
22.915
23.104
23.272
23.42
23.546
23.651
23.735
23.798
23.84
23.861
23.861
23.84
23.798
23.735
23.651
23.546
23.42
23.272
23.104
22.915
22.704
22.473
22.22
21.947
21.653
21.338
21.002
20.645
20.268
19.871
19.453
19.015
18.557
18.08
17.583
17.067
16.533
15.98
15.409
14.821
14.215
13.594
12.956
12.303
11.636
10.954
10.259
9.5515
8.8323
8.1021
7.3618
6.6122
5.8543
5.0889
4.3171
3.5398
2.7579
1.9725
1.1845
0.395
-0.3939
-1.1788
-1.9632
-2.1401
-1.285
-0.42941
0.4306
1.2913
2.1502
3.0064
3.8588
4.7062
5.5476
6.3819
7.2081
8.0252
8.8323
9.6283
10.412
11.184
11.941
12.684
13.412
14.124
14.819
15.497
16.156
16.798
17.42
18.023
18.605
19.168
19.709
20.23
20.729
21.206
21.661
22.095
22.506
22.895
23.261
23.604
23.925
24.223
24.498
24.75
24.98
25.186
25.37
25.53
25.668
25.782
25.874
25.943
25.989
26.012
26.012
25.989
25.943
25.874
25.782
25.668
25.53
25.37
25.186
24.98
24.75
24.498
24.223
23.925
23.604
23.261
22.895
22.506
22.095
21.661
21.206
20.729
20.23
19.709
19.168
18.605
18.023
17.42
16.798
16.156
15.497
14.819
14.124
13.412
12.684
11.941
11.184
10.412
9.6283
8.8323
8.0252
7.2081
6.3819
5.5476
4.7062
3.8588
3.0064
2.1502
1.2913
0.4306
-0.42941
-1.285
-2.1401
-2.3144
-1.3897
-0.46437
0.46567
1.3964
2.3253
3.2513
4.173
5.0894
5.9993
6.9016
7.7951
8.6788
9.5515
10.412
11.26
12.094
12.914
13.717
14.504
15.274
16.026
16.759
17.472
18.166
18.838
19.49
20.12
20.728
21.314
21.877
22.417
22.933
23.425
23.894
24.339
24.759
25.155
25.527
25.873
26.196
26.493
26.766
27.014
27.237
27.436
27.609
27.758
27.882
27.981
28.056
28.105
28.13
28.13
28.105
28.056
27.981
27.882
27.758
27.609
27.436
27.237
27.014
26.766
26.493
26.196
25.873
25.527
25.155
24.759
24.339
23.894
23.425
22.933
22.417
21.877
21.314
20.728
20.12
19.49
18.838
18.166
17.472
16.759
16.026
15.274
14.504
13.717
12.914
12.094
11.26
10.412
9.5515
8.6788
7.7951
6.9016
5.9993
5.0894
4.173
3.2513
2.3253
1.3964
0.46567
-0.46437
-1.3897
-2.3144
-2.4858
-1.4926
-0.49877
0.50016
1.4998
2.4976
3.4921
4.4821
5.4664
6.4437
7.4128
8.3725
9.3216
10.259
11.184
12.094
12.99
13.87
14.733
15.578
16.405
17.213
18
18.766
19.511
20.234
20.934
21.611
22.264
22.893
23.497
24.077
24.631
25.161
25.664
26.141
26.593
27.018
27.417
27.79
28.136
28.456
28.749
29.015
29.255
29.468
29.654
29.814
29.947
30.054
30.134
30.187
30.214
30.214
30.187
30.134
30.054
29.947
29.814
29.654
29.468
29.255
29.015
28.749
28.456
28.136
27.79
27.417
27.018
26.593
26.141
25.664
25.161
24.631
24.077
23.497
22.893
22.264
21.611
20.934
20.234
19.511
18.766
18
17.213
16.405
15.578
14.733
13.87
12.99
12.094
11.184
10.259
9.3216
8.3725
7.4128
6.4437
5.4664
4.4821
3.4921
2.4976
1.4998
0.50016
-0.49877
-1.4926
-2.4858
-2.6542
-1.5937
-0.53255
0.53404
1.6014
2.6667
3.7286
4.7857
5.8367
6.8802
7.9149
8.9396
9.953
10.954
11.941
12.914
13.87
14.81
15.731
16.634
17.516
18.379
19.219
20.037
20.833
21.604
22.352
23.075
23.772
24.444
25.089
25.708
26.3
26.865
27.402
27.912
28.394
28.848
29.274
29.672
30.042
30.383
30.696
30.98
31.236
31.464
31.663
31.834
31.976
32.09
32.175
32.232
32.26
32.26
32.232
32.175
32.09
31.976
31.834
31.663
31.464
31.236
30.98
30.696
30.383
30.042
29.672
29.274
28.848
28.394
27.912
27.402
26.865
26.3
25.708
25.089
24.444
23.772
23.075
22.352
21.604
20.833
20.037
19.219
18.379
17.516
16.634
15.731
14.81
13.87
12.914
11.941
10.954
9.953
8.9396
7.9149
6.8802
5.8367
4.7857
3.7286
2.6667
1.6014
0.53404
-0.53255
-1.5937
-2.6542
-2.8194
-1.6929
-0.56569
0.56727
1.7011
2.8327
3.9607
5.0835
6.1999
7.3083
8.4074
9.4959
10.572
11.636
12.684
13.717
14.733
15.731
16.71
17.669
18.606
19.522
20.415
21.284
22.129
22.949
23.743
24.51
25.251
25.965
26.65
27.308
27.937
28.537
29.108
29.649
30.161
30.644
31.096
31.519
31.911
32.274
32.606
32.908
33.18
33.422
33.633
33.815
33.966
34.086
34.177
34.237
34.268
34.268
34.237
34.177
34.086
33.966
33.815
33.633
33.422
33.18
32.908
32.606
32.274
31.911
31.519
31.096
30.644
30.161
29.649
29.108
28.537
27.937
27.308
26.65
25.965
25.251
24.51
23.743
22.949
22.129
21.284
20.415
19.522
18.606
17.669
16.71
15.731
14.733
13.717
12.684
11.636
10.572
9.4959
8.4074
7.3083
6.1999
5.0835
3.9607
2.8327
1.7011
0.56727
-0.56569
-1.6929
-2.8194
-2.9811
-1.79
-0.59815
0.59982
1.7987
2.9952
4.1879
5.3752
6.5556
7.7276
8.8898
10.041
11.179
12.303
13.412
14.504
15.578
16.634
17.669
18.683
19.674
20.642
21.586
22.506
23.399
24.266
25.105
25.917
26.7
27.454
28.179
28.875
29.54
30.174
30.778
31.35
31.892
32.402
32.88
33.327
33.742
34.126
34.477
34.796
35.084
35.34
35.563
35.755
35.915
36.042
36.138
36.202
36.234
36.234
36.202
36.138
36.042
35.915
35.755
35.563
35.34
35.084
34.796
34.477
34.126
33.742
33.327
32.88
32.402
31.892
31.35
30.778
30.174
29.54
28.875
28.179
27.454
26.7
25.917
25.105
24.266
23.399
22.506
21.586
20.642
19.674
18.683
17.669
16.634
15.578
14.504
13.412
12.303
11.179
10.041
8.8898
7.7276
6.5556
5.3752
4.1879
2.9952
1.7987
0.59982
-0.59815
-1.79
-2.9811
-3.1393
-1.885
-0.6299
0.63165
1.8941
3.1542
4.4102
5.6605
6.9035
8.1378
9.3616
10.574
11.772
12.956
14.124
15.274
16.405
17.516
18.606
19.674
20.718
21.738
22.732
23.7
24.641
25.553
26.437
27.292
28.117
28.911
29.675
30.407
31.107
31.775
32.411
33.014
33.584
34.122
34.625
35.096
35.533
35.937
36.307
36.643
36.946
37.215
37.451
37.652
37.821
37.955
38.056
38.123
38.157
38.157
38.123
38.056
37.955
37.821
37.652
37.451
37.215
36.946
36.643
36.307
35.937
35.533
35.096
34.625
34.122
33.584
33.014
32.411
31.775
31.107
30.407
29.675
28.911
28.117
27.292
26.437
25.553
24.641
23.7
22.732
21.738
20.718
19.674
18.606
17.516
16.405
15.274
14.124
12.956
11.772
10.574
9.3616
8.1378
6.9035
5.6605
4.4102
3.1542
1.8941
0.63165
-0.6299
-1.885
-3.1393
-3.2938
-1.9778
-0.6609
0.66274
1.9874
3.3094
4.6272
5.9391
7.2433
8.5383
9.8224
11.094
12.352
13.594
14.819
16.026
17.213
18.379
19.522
20.642
21.738
22.808
23.851
24.866
25.853
26.811
27.739
28.635
29.501
30.334
31.135
31.903
32.638
33.339
34.006
34.639
35.237
35.801
36.33
36.823
37.282
37.705
38.094
38.447
38.764
39.047
39.294
39.506
39.682
39.823
39.929
40
40.035
40.035
40
39.929
39.823
39.682
39.506
39.294
39.047
38.764
38.447
38.094
37.705
37.282
36.823
36.33
35.801
35.237
34.639
34.006
33.339
32.638
31.903
31.135
30.334
29.501
28.635
27.739
26.811
25.853
24.866
23.851
22.808
21.738
20.642
19.522
18.379
17.213
16.026
14.819
13.594
12.352
11.094
9.8224
8.5383
7.2433
5.9391
4.6272
3.3094
1.9874
0.66274
-0.6609
-1.9778
-3.2938
-3.4445
-2.0683
-0.69112
0.69305
2.0783
3.4608
4.8388
6.2107
7.5746
8.9288
10.272
11.601
12.917
14.215
15.497
16.759
18
19.219
20.415
21.586
22.732
23.851
24.942
26.004
27.036
28.037
29.007
29.945
30.85
31.722
32.559
33.363
34.131
34.864
35.562
36.223
36.849
37.438
37.991
38.507
38.987
39.43
39.836
40.205
40.537
40.833
41.091
41.312
41.497
41.645
41.755
41.829
41.866
41.866
41.829
41.755
41.645
41.497
41.312
41.091
40.833
40.537
40.205
39.836
39.43
38.987
38.507
37.991
37.438
36.849
36.223
35.562
34.864
34.131
33.363
32.559
31.722
30.85
29.945
29.007
28.037
27.036
26.004
24.942
23.851
22.732
21.586
20.415
19.219
18
16.759
15.497
14.215
12.917
11.601
10.272
8.9288
7.5746
6.2107
4.8388
3.4608
2.0783
0.69305
-0.69112
-2.0683
-3.4445
-3.5911
-2.1563
-0.72055
0.72256
2.1667
3.6081
5.0449
6.4751
7.8971
9.3089
10.709
12.095
13.466
14.821
16.156
17.472
18.766
20.037
21.284
22.506
23.7
24.866
26.004
27.111
28.187
29.231
30.242
31.22
32.164
33.072
33.946
34.783
35.584
36.349
37.076
37.766
38.418
39.032
39.609
40.147
40.647
41.109
41.532
41.917
42.263
42.571
42.841
43.071
43.264
43.418
43.533
43.61
43.649
43.649
43.61
43.533
43.418
43.264
43.071
42.841
42.571
42.263
41.917
41.532
41.109
40.647
40.147
39.609
39.032
38.418
37.766
37.076
36.349
35.584
34.783
33.946
33.072
32.164
31.22
30.242
29.231
28.187
27.111
26.004
24.866
23.7
22.506
21.284
20.037
18.766
17.472
16.156
14.821
13.466
12.095
10.709
9.3089
7.8971
6.4751
5.0449
3.6081
2.1667
0.72256
-0.72055
-2.1563
-3.5911
-3.7337
-2.2419
-0.74915
0.75124
2.2527
3.7513
5.2451
6.7321
8.2105
9.6784
11.134
12.575
14.001
15.409
16.798
18.166
19.511
20.833
22.129
23.399
24.641
25.853
27.036
28.187
29.306
30.391
31.443
32.459
33.44
34.385
35.293
36.164
36.997
37.791
38.547
39.265
39.943
40.582
41.181
41.741
42.26
42.74
43.181
43.581
43.941
44.261
44.541
44.781
44.981
45.141
45.261
45.341
45.381
45.381
45.341
45.261
45.141
44.981
44.781
44.541
44.261
43.941
43.581
43.181
42.74
42.26
41.741
41.181
40.582
39.943
39.265
38.547
37.791
36.997
36.164
35.293
34.385
33.44
32.459
31.443
30.391
29.306
28.187
27.036
25.853
24.641
23.399
22.129
20.833
19.511
18.166
16.798
15.409
14.001
12.575
11.134
9.6784
8.2105
6.7321
5.2451
3.7513
2.2527
0.75124
-0.74915
-2.2419
-3.7337
-3.872
-2.325
-0.7769
0.77906
2.3362
3.8903
5.4394
6.9815
8.5147
10.037
11.546
13.041
14.52
15.98
17.42
18.838
20.234
21.604
22.949
24.266
25.553
26.811
28.037
29.231
30.391
31.517
32.607
33.662
34.679
35.659
36.6
37.503
38.367
39.191
39.975
40.719
41.422
42.085
42.706
43.287
43.826
44.324
44.78
45.195
45.569
45.901
46.191
46.44
46.647
46.813
46.938
47.021
47.062
47.062
47.021
46.938
46.813
46.647
46.44
46.191
45.901
45.569
45.195
44.78
44.324
43.826
43.287
42.706
42.085
41.422
40.719
39.975
39.191
38.367
37.503
36.6
35.659
34.679
33.662
32.607
31.517
30.391
29.231
28.037
26.811
25.553
24.266
22.949
21.604
20.234
18.838
17.42
15.98
14.52
13.041
11.546
10.037
8.5147
6.9815
5.4394
3.8903
2.3362
0.77906
-0.7769
-2.325
-3.872
-4.006
-2.4054
-0.80378
0.80602
2.417
4.0249
5.6276
7.223
8.8092
10.384
11.946
13.492
15.022
16.533
18.023
19.49
20.934
22.352
23.743
25.105
26.437
27.739
29.007
30.242
31.443
32.607
33.736
34.826
35.879
36.893
37.867
38.801
39.695
40.547
41.358
42.128
42.856
43.541
44.184
44.784
45.342
45.857
46.329
46.759
47.145
47.489
47.789
48.047
48.261
48.433
48.562
48.648
48.69
48.69
48.648
48.562
48.433
48.261
48.047
47.789
47.489
47.145
46.759
46.329
45.857
45.342
44.784
44.184
43.541
42.856
42.128
41.358
40.547
39.695
38.801
37.867
36.893
35.879
34.826
33.736
32.607
31.443
30.242
29.007
27.739
26.437
25.105
23.743
22.352
20.934
19.49
18.023
16.533
15.022
13.492
11.946
10.384
8.8092
7.223
5.6276
4.0249
2.417
0.80602
-0.80378
-2.4054
-4.006
-4.1355
-2.4832
-0.82976
0.83208
2.4952
4.155
5.8095
7.4566
9.0941
10.72
12.332
13.929
15.508
17.067
18.605
20.12
21.611
23.075
24.51
25.917
27.292
28.635
29.945
31.22
32.459
33.662
34.826
35.952
37.039
38.085
39.091
40.055
40.978
41.858
42.696
43.49
44.241
44.949
45.613
46.232
46.808
47.34
47.827
48.271
48.67
49.024
49.334
49.6
49.822
49.999
50.132
50.22
50.265
50.265
50.22
50.132
49.999
49.822
49.6
49.334
49.024
48.67
48.271
47.827
47.34
46.808
46.232
45.613
44.949
44.241
43.49
42.696
41.858
40.978
40.055
39.091
38.085
37.039
35.952
34.826
33.662
32.459
31.22
29.945
28.635
27.292
25.917
24.51
23.075
21.611
20.12
18.605
17.067
15.508
13.929
12.332
10.72
9.0941
7.4566
5.8095
4.155
2.4952
0.83208
-0.82976
-2.4832
-4.1355
-4.2605
-2.5582
-0.85484
0.85722
2.5706
4.2806
5.9851
7.6819
9.3689
11.044
12.705
14.35
15.976
17.583
19.168
20.728
22.264
23.772
25.251
26.7
28.117
29.501
30.85
32.164
33.44
34.679
35.879
37.039
38.158
39.236
40.273
41.266
42.216
43.123
43.986
44.805
45.578
46.307
46.991
47.63
48.223
48.771
49.273
49.73
50.14
50.506
50.825
51.099
51.328
51.51
51.647
51.738
51.784
51.784
51.738
51.647
51.51
51.328
51.099
50.825
50.506
50.14
49.73
49.273
48.771
48.223
47.63
46.991
46.307
45.578
44.805
43.986
43.123
42.216
41.266
40.273
39.236
38.158
37.039
35.879
34.679
33.44
32.164
30.85
29.501
28.117
26.7
25.251
23.772
22.264
20.728
19.168
17.583
15.976
14.35
12.705
11.044
9.3689
7.6819
5.9851
4.2806
2.5706
0.85722
-0.85484
-2.5582
-4.2605
-4.3808
-2.6305
-0.87899
0.88144
2.6432
4.4015
6.1542
7.899
9.6336
11.356
13.064
14.755
16.428
18.08
19.709
21.314
22.893
24.444
25.965
27.454
28.911
30.334
31.722
33.072
34.385
35.659
36.893
38.085
39.236
40.345
41.41
42.432
43.409
44.342
45.229
46.07
46.866
47.616
48.319
48.976
49.586
50.149
50.665
51.135
51.557
51.933
52.261
52.543
52.778
52.965
53.106
53.2
53.247
53.247
53.2
53.106
52.965
52.778
52.543
52.261
51.933
51.557
51.135
50.665
50.149
49.586
48.976
48.319
47.616
46.866
46.07
45.229
44.342
43.409
42.432
41.41
40.345
39.236
38.085
36.893
35.659
34.385
33.072
31.722
30.334
28.911
27.454
25.965
24.444
22.893
21.314
19.709
18.08
16.428
14.755
13.064
11.356
9.6336
7.899
6.1542
4.4015
2.6432
0.88144
-0.87899
-2.6305
-4.3808
-4.4965
-2.6999
-0.9022
0.90472
2.713
4.5178
6.3167
8.1075
9.888
11.656
13.409
15.145
16.861
18.557
20.23
21.877
23.497
25.089
26.65
28.179
29.675
31.135
32.559
33.946
35.293
36.6
37.867
39.091
40.273
41.41
42.504
43.552
44.556
45.513
46.423
47.287
48.104
48.873
49.595
50.269
50.895
51.473
52.003
52.485
52.919
53.304
53.641
53.931
54.171
54.364
54.509
54.605
54.653
54.653
54.605
54.509
54.364
54.171
53.931
53.641
53.304
52.919
52.485
52.003
51.473
50.895
50.269
49.595
48.873
48.104
47.287
46.423
45.513
44.556
43.552
42.504
41.41
40.273
39.091
37.867
36.6
35.293
33.946
32.559
31.135
29.675
28.179
26.65
25.089
23.497
21.877
20.23
18.557
16.861
15.145
13.409
11.656
9.888
8.1075
6.3167
4.5178
2.713
0.90472
-0.9022
-2.6999
-4.4965
-4.6074
-2.7665
-0.92446
0.92704
2.7799
4.6292
6.4725
8.3076
10.132
11.943
13.74
15.518
17.277
19.015
20.729
22.417
24.077
25.708
27.308
28.875
30.407
31.903
33.363
34.783
36.164
37.503
38.801
40.055
41.266
42.432
43.552
44.627
45.655
46.635
47.568
48.454
49.29
50.079
50.818
51.509
52.15
52.743
53.286
53.78
54.224
54.619
54.965
55.261
55.508
55.705
55.853
55.952
56.001
56.001
55.952
55.853
55.705
55.508
55.261
54.965
54.619
54.224
53.78
53.286
52.743
52.15
51.509
50.818
50.079
49.29
48.454
47.568
46.635
45.655
44.627
43.552
42.432
41.266
40.055
38.801
37.503
36.164
34.783
33.363
31.903
30.407
28.875
27.308
25.708
24.077
22.417
20.729
19.015
17.277
15.518
13.74
11.943
10.132
8.3076
6.4725
4.6292
2.7799
0.92704
-0.92446
-2.7665
-4.6074
-4.7135
-2.8303
-0.94575
0.94839
2.8439
4.7358
6.6216
8.4989
10.365
12.218
14.056
15.876
17.675
19.453
21.206
22.933
24.631
26.3
27.937
29.54
31.107
32.638
34.131
35.584
36.997
38.367
39.695
40.978
42.216
43.409
44.556
45.655
46.706
47.709
48.664
49.569
50.426
51.232
51.989
52.695
53.352
53.958
54.513
55.018
55.473
55.877
56.231
56.534
56.786
56.988
57.14
57.241
57.291
57.291
57.241
57.14
56.988
56.786
56.534
56.231
55.877
55.473
55.018
54.513
53.958
53.352
52.695
51.989
51.232
50.426
49.569
48.664
47.709
46.706
45.655
44.556
43.409
42.216
40.978
39.695
38.367
36.997
35.584
34.131
32.638
31.107
29.54
27.937
26.3
24.631
22.933
21.206
19.453
17.675
15.876
14.056
12.218
10.365
8.4989
6.6216
4.7358
2.8439
0.94839
-0.94575
-2.8303
-4.7135
-4.8148
-2.8911
-0.96606
0.96876
2.905
4.8375
6.7638
8.6814
10.588
12.481
14.358
16.217
18.055
19.871
21.661
23.425
25.161
26.865
28.537
30.174
31.775
33.339
34.864
36.349
37.791
39.191
40.547
41.858
43.123
44.342
45.513
46.635
47.709
48.734
49.709
50.634
51.509
52.333
53.105
53.827
54.498
55.117
55.684
56.2
56.665
57.077
57.439
57.748
58.006
58.212
58.367
58.47
58.522
58.522
58.47
58.367
58.212
58.006
57.748
57.439
57.077
56.665
56.2
55.684
55.117
54.498
53.827
53.105
52.333
51.509
50.634
49.709
48.734
47.709
46.635
45.513
44.342
43.123
41.858
40.547
39.191
37.791
36.349
34.864
33.339
31.775
30.174
28.537
26.865
25.161
23.425
21.661
19.871
18.055
16.217
14.358
12.481
10.588
8.6814
6.7638
4.8375
2.905
0.96876
-0.96606
-2.8911
-4.8148
-4.9111
-2.9489
-0.98539
0.98814
2.9631
4.9343
6.8991
8.8551
10.8
12.731
14.645
16.541
18.416
20.268
22.095
23.894
25.664
27.402
29.108
30.778
32.411
34.006
35.562
37.076
38.547
39.975
41.358
42.696
43.986
45.229
46.423
47.568
48.664
49.709
50.704
51.647
52.539
53.38
54.168
54.904
55.588
56.219
56.798
57.325
57.798
58.219
58.588
58.904
59.167
59.377
59.535
59.64
59.693
59.693
59.64
59.535
59.377
59.167
58.904
58.588
58.219
57.798
57.325
56.798
56.219
55.588
54.904
54.168
53.38
52.539
51.647
50.704
49.709
48.664
47.568
46.423
45.229
43.986
42.696
41.358
39.975
38.547
37.076
35.562
34.006
32.411
30.778
29.108
27.402
25.664
23.894
22.095
20.268
18.416
16.541
14.645
12.731
10.8
8.8551
6.8991
4.9343
2.9631
0.98814
-0.98539
-2.9489
-4.9111
-5.0025
-3.0038
-1.0037
1.0065
3.0183
5.0261
7.0275
9.0199
11.001
12.967
14.918
16.849
18.759
20.645
22.506
24.339
26.141
27.912
29.649
31.35
33.014
34.639
36.223
37.766
39.265
40.719
42.128
43.49
44.805
46.07
47.287
48.454
49.569
50.634
51.647
52.608
53.517
54.373
55.176
55.926
56.622
57.266
57.855
58.391
58.874
59.303
59.678
60
60.268
60.482
60.643
60.75
60.804
60.804
60.75
60.643
60.482
60.268
60
59.678
59.303
58.874
58.391
57.855
57.266
56.622
55.926
55.176
54.373
53.517
52.608
51.647
50.634
49.569
48.454
47.287
46.07
44.805
43.49
42.128
40.719
39.265
37.766
36.223
34.639
33.014
31.35
29.649
27.912
26.141
24.339
22.506
20.645
18.759
16.849
14.918
12.967
11.001
9.0199
7.0275
5.0261
3.0183
1.0065
-1.0037
-3.0038
-5.0025
-5.0889
-3.0556
-1.0211
1.0239
3.0704
5.1129
7.1489
9.1757
11.191
13.191
15.175
17.14
19.083
21.002
22.895
24.759
26.593
28.394
30.161
31.892
33.584
35.237
36.849
38.418
39.943
41.422
42.856
44.241
45.578
46.866
48.104
49.29
50.426
51.509
52.539
53.517
54.441
55.312
56.129
56.892
57.6
58.255
58.854
59.4
59.891
60.327
60.709
61.036
61.309
61.527
61.69
61.799
61.854
61.854
61.799
61.69
61.527
61.309
61.036
60.709
60.327
59.891
59.4
58.854
58.255
57.6
56.892
56.129
55.312
54.441
53.517
52.539
51.509
50.426
49.29
48.104
46.866
45.578
44.241
42.856
41.422
39.943
38.418
36.849
35.237
33.584
31.892
30.161
28.394
26.593
24.759
22.895
21.002
19.083
17.14
15.175
13.191
11.191
9.1757
7.1489
5.1129
3.0704
1.0239
-1.0211
-3.0556
-5.0889
-5.1703
-3.1045
-1.0374
1.0403
3.1195
5.1947
7.2632
9.3224
11.37
13.402
15.418
17.414
19.388
21.338
23.261
25.155
27.018
28.848
30.644
32.402
34.122
35.801
37.438
39.032
40.582
42.085
43.541
44.949
46.307
47.616
48.873
50.079
51.232
52.333
53.38
54.373
55.312
56.197
57.027
57.802
58.522
59.186
59.796
60.35
60.849
61.292
61.68
62.012
62.289
62.511
62.677
62.788
62.843
62.843
62.788
62.677
62.511
62.289
62.012
61.68
61.292
60.849
60.35
59.796
59.186
58.522
57.802
57.027
56.197
55.312
54.373
53.38
52.333
51.232
50.079
48.873
47.616
46.307
44.949
43.541
42.085
40.582
39.032
37.438
35.801
34.122
32.402
30.644
28.848
27.018
25.155
23.261
21.338
19.388
17.414
15.418
13.402
11.37
9.3224
7.2632
5.1947
3.1195
1.0403
-1.0374
-3.1045
-5.1703
-5.2466
-3.1504
-1.0527
1.0556
3.1656
5.2714
7.3705
9.4601
11.538
13.6
15.646
17.671
19.674
21.653
23.604
25.527
27.417
29.274
31.096
32.88
34.625
36.33
37.991
39.609
41.181
42.706
44.184
45.613
46.991
48.319
49.595
50.818
51.989
53.105
54.168
55.176
56.129
57.027
57.869
58.655
59.386
60.06
60.679
61.241
61.747
62.197
62.591
62.928
63.209
63.434
63.603
63.715
63.771
63.771
63.715
63.603
63.434
63.209
62.928
62.591
62.197
61.747
61.241
60.679
60.06
59.386
58.655
57.869
57.027
56.129
55.176
54.168
53.105
51.989
50.818
49.595
48.319
46.991
45.613
44.184
42.706
41.181
39.609
37.991
36.33
34.625
32.88
31.096
29.274
27.417
25.527
23.604
21.653
19.674
17.671
15.646
13.6
11.538
9.4601
7.3705
5.2714
3.1656
1.0556
-1.0527
-3.1504
-5.2466
-5.3179
-3.1932
-1.067
1.07
3.2086
5.3431
7.4706
9.5886
11.694
13.785
15.858
17.911
19.942
21.947
23.925
25.873
27.79
29.672
31.519
33.327
35.096
36.823
38.507
40.147
41.741
43.287
44.784
46.232
47.63
48.976
50.269
51.509
52.695
53.827
54.904
55.926
56.892
57.802
58.655
59.452
60.193
60.877
61.504
62.073
62.586
63.042
63.441
63.783
64.068
64.296
64.467
64.581
64.638
64.638
64.581
64.467
64.296
64.068
63.783
63.441
63.042
62.586
62.073
61.504
60.877
60.193
59.452
58.655
57.802
56.892
55.926
54.904
53.827
52.695
51.509
50.269
48.976
47.63
46.232
44.784
43.287
41.741
40.147
38.507
36.823
35.096
33.327
31.519
29.672
27.79
25.873
23.925
21.947
19.942
17.911
15.858
13.785
11.694
9.5886
7.4706
5.3431
3.2086
1.07
-1.067
-3.1932
-5.3179
-5.3841
-3.2329
-1.0803
1.0833
3.2486
5.4096
7.5637
9.708
11.84
13.957
16.056
18.134
20.19
22.22
24.223
26.196
28.136
30.042
31.911
33.742
35.533
37.282
38.987
40.647
42.26
43.826
45.342
46.808
48.223
49.586
50.895
52.15
53.352
54.498
55.588
56.622
57.6
58.522
59.386
60.193
60.943
61.635
62.27
62.847
63.366
63.828
64.231
64.578
64.866
65.097
65.27
65.385
65.443
65.443
65.385
65.27
65.097
64.866
64.578
64.231
63.828
63.366
62.847
62.27
61.635
60.943
60.193
59.386
58.522
57.6
56.622
55.588
54.498
53.352
52.15
50.895
49.586
48.223
46.808
45.342
43.826
42.26
40.647
38.987
37.282
35.533
33.742
31.911
30.042
28.136
26.196
24.223
22.22
20.19
18.134
16.056
13.957
11.84
9.708
7.5637
5.4096
3.2486
1.0833
-1.0803
-3.2329
-5.3841
-5.4453
-3.2697
-1.0926
1.0956
3.2855
5.471
7.6496
9.8183
11.974
14.115
16.238
18.34
20.419
22.473
24.498
26.493
28.456
30.383
32.274
34.126
35.937
37.705
39.43
41.109
42.74
44.324
45.857
47.34
48.771
50.149
51.473
52.743
53.958
55.117
56.219
57.266
58.255
59.186
60.06
60.877
61.635
62.335
62.977
63.56
64.086
64.553
64.961
65.311
65.603
65.836
66.011
66.128
66.186
66.186
66.128
66.011
65.836
65.603
65.311
64.961
64.553
64.086
63.56
62.977
62.335
61.635
60.877
60.06
59.186
58.255
57.266
56.219
55.117
53.958
52.743
51.473
50.149
48.771
47.34
45.857
44.324
42.74
41.109
39.43
37.705
35.937
34.126
32.274
30.383
28.456
26.493
24.498
22.473
20.419
18.34
16.238
14.115
11.974
9.8183
7.6496
5.471
3.2855
1.0956
-1.0926
-3.2697
-5.4453
-5.5014
-3.3033
-1.1038
1.1069
3.3193
5.5274
7.7284
9.9194
12.098
14.261
16.405
18.529
20.63
22.704
24.75
26.766
28.749
30.696
32.606
34.477
36.307
38.094
39.836
41.532
43.181
44.78
46.329
47.827
49.273
50.665
52.003
53.286
54.513
55.684
56.798
57.855
58.854
59.796
60.679
61.504
62.27
62.977
63.625
64.215
64.746
65.217
65.63
65.984
66.278
66.514
66.691
66.809
66.868
66.868
66.809
66.691
66.514
66.278
65.984
65.63
65.217
64.746
64.215
63.625
62.977
62.27
61.504
60.679
59.796
58.854
57.855
56.798
55.684
54.513
53.286
52.003
50.665
49.273
47.827
46.329
44.78
43.181
41.532
39.836
38.094
36.307
34.477
32.606
30.696
28.749
26.766
24.75
22.704
20.63
18.529
16.405
14.261
12.098
9.9194
7.7284
5.5274
3.3193
1.1069
-1.1038
-3.3033
-5.5014
-5.5523
-3.3339
-1.1141
1.1172
3.35
5.5786
7.8
10.011
12.21
14.393
16.557
18.701
20.821
22.915
24.98
27.014
29.015
30.98
32.908
34.796
36.643
38.447
40.205
41.917
43.581
45.195
46.759
48.271
49.73
51.135
52.485
53.78
55.018
56.2
57.325
58.391
59.4
60.35
61.241
62.073
62.847
63.56
64.215
64.81
65.346
65.822
66.238
66.595
66.893
67.131
67.309
67.428
67.488
67.488
67.428
67.309
67.131
66.893
66.595
66.238
65.822
65.346
64.81
64.215
63.56
62.847
62.073
61.241
60.35
59.4
58.391
57.325
56.2
55.018
53.78
52.485
51.135
49.73
48.271
46.759
45.195
43.581
41.917
40.205
38.447
36.643
34.796
32.908
30.98
29.015
27.014
24.98
22.915
20.821
18.701
16.557
14.393
12.21
10.011
7.8
5.5786
3.35
1.1172
-1.1141
-3.3339
-5.5523
-5.5982
-3.3615
-1.1233
1.1264
3.3777
5.6247
7.8644
10.094
12.311
14.512
16.694
18.855
20.993
23.104
25.186
27.237
29.255
31.236
33.18
35.084
36.946
38.764
40.537
42.263
43.941
45.569
47.145
48.67
50.14
51.557
52.919
54.224
55.473
56.665
57.798
58.874
59.891
60.849
61.747
62.586
63.366
64.086
64.746
65.346
65.886
66.366
66.786
67.146
67.445
67.685
67.865
67.985
68.045
68.045
67.985
67.865
67.685
67.445
67.146
66.786
66.366
65.886
65.346
64.746
64.086
63.366
62.586
61.747
60.849
59.891
58.874
57.798
56.665
55.473
54.224
52.919
51.557
50.14
48.67
47.145
45.569
43.941
42.263
40.537
38.764
36.946
35.084
33.18
31.236
29.255
27.237
25.186
23.104
20.993
18.855
16.694
14.512
12.311
10.094
7.8644
5.6247
3.3777
1.1264
-1.1233
-3.3615
-5.5982
-5.639
-3.386
-1.1314
1.1346
3.4023
5.6657
7.9217
10.168
12.4
14.617
16.816
18.993
21.146
23.272
25.37
27.436
29.468
31.464
33.422
35.34
37.215
39.047
40.833
42.571
44.261
45.901
47.489
49.024
50.506
51.933
53.304
54.619
55.877
57.077
58.219
59.303
60.327
61.292
62.197
63.042
63.828
64.553
65.217
65.822
66.366
66.849
67.272
67.635
67.937
68.178
68.36
68.481
68.541
68.541
68.481
68.36
68.178
67.937
67.635
67.272
66.849
66.366
65.822
65.217
64.553
63.828
63.042
62.197
61.292
60.327
59.303
58.219
57.077
55.877
54.619
53.304
51.933
50.506
49.024
47.489
45.901
44.261
42.571
40.833
39.047
37.215
35.34
33.422
31.464
29.468
27.436
25.37
23.272
21.146
18.993
16.816
14.617
12.4
10.168
7.9217
5.6657
3.4023
1.1346
-1.1314
-3.386
-5.639
-5.6747
-3.4074
-1.1386
1.1418
3.4239
5.7015
7.9718
10.232
12.479
14.71
16.922
19.113
21.28
23.42
25.53
27.609
29.654
31.663
33.633
35.563
37.451
39.294
41.091
42.841
44.541
46.191
47.789
49.334
50.825
52.261
53.641
54.965
56.231
57.439
58.588
59.678
60.709
61.68
62.591
63.441
64.231
64.961
65.63
66.238
66.786
67.272
67.698
68.063
68.367
68.61
68.792
68.914
68.975
68.975
68.914
68.792
68.61
68.367
68.063
67.698
67.272
66.786
66.238
65.63
64.961
64.231
63.441
62.591
61.68
60.709
59.678
58.588
57.439
56.231
54.965
53.641
52.261
50.825
49.334
47.789
46.191
44.541
42.841
41.091
39.294
37.451
35.563
33.633
31.663
29.654
27.609
25.53
23.42
21.28
19.113
16.922
14.71
12.479
10.232
7.9718
5.7015
3.4239
1.1418
-1.1386
-3.4074
-5.6747
-5.7053
-3.4257
-1.1447
1.1479
3.4423
5.7322
8.0148
10.287
12.546
14.789
17.013
19.216
21.394
23.546
25.668
27.758
29.814
31.834
33.815
35.755
37.652
39.506
41.312
43.071
44.781
46.44
48.047
49.6
51.099
52.543
53.931
55.261
56.534
57.748
58.904
60
61.036
62.012
62.928
63.783
64.578
65.311
65.984
66.595
67.146
67.635
68.063
68.43
68.735
68.98
69.163
69.285
69.346
69.346
69.285
69.163
68.98
68.735
68.43
68.063
67.635
67.146
66.595
65.984
65.311
64.578
63.783
62.928
62.012
61.036
60
58.904
57.748
56.534
55.261
53.931
52.543
51.099
49.6
48.047
46.44
44.781
43.071
41.312
39.506
37.652
35.755
33.815
31.834
29.814
27.758
25.668
23.546
21.394
19.216
17.013
14.789
12.546
10.287
8.0148
5.7322
3.4423
1.1479
-1.1447
-3.4257
-5.7053
-5.7307
-3.441
-1.1499
1.1531
3.4577
5.7578
8.0506
10.333
12.602
14.855
17.089
19.302
21.49
23.651
25.782
27.882
29.947
31.976
33.966
35.915
37.821
39.682
41.497
43.264
44.981
46.647
48.261
49.822
51.328
52.778
54.171
55.508
56.786
58.006
59.167
60.268
61.309
62.289
63.209
64.068
64.866
65.603
66.278
66.893
67.445
67.937
68.367
68.735
69.042
69.288
69.472
69.595
69.656
69.656
69.595
69.472
69.288
69.042
68.735
68.367
67.937
67.445
66.893
66.278
65.603
64.866
64.068
63.209
62.289
61.309
60.268
59.167
58.006
56.786
55.508
54.171
52.778
51.328
49.822
48.261
46.647
44.981
43.264
41.497
39.682
37.821
35.915
33.966
31.976
29.947
27.882
25.782
23.651
21.49
19.302
17.089
14.855
12.602
10.333
8.0506
5.7578
3.4577
1.1531
-1.1499
-3.441
-5.7307
-5.7511
-3.4533
-1.1539
1.1572
3.47
5.7783
8.0792
10.37
12.647
14.908
17.15
19.37
21.566
23.735
25.874
27.981
30.054
32.09
34.086
36.042
37.955
39.823
41.645
43.418
45.141
46.813
48.433
49.999
51.51
52.965
54.364
55.705
56.988
58.212
59.377
60.482
61.527
62.511
63.434
64.296
65.097
65.836
66.514
67.131
67.685
68.178
68.61
68.98
69.288
69.534
69.719
69.842
69.904
69.904
69.842
69.719
69.534
69.288
68.98
68.61
68.178
67.685
67.131
66.514
65.836
65.097
64.296
63.434
62.511
61.527
60.482
59.377
58.212
56.988
55.705
54.364
52.965
51.51
49.999
48.433
46.813
45.141
43.418
41.645
39.823
37.955
36.042
34.086
32.09
30.054
27.981
25.874
23.735
21.566
19.37
17.15
14.908
12.647
10.37
8.0792
5.7783
3.47
1.1572
-1.1539
-3.4533
-5.7511
-5.7664
-3.4625
-1.157
1.1602
3.4792
5.7937
8.1007
10.397
12.681
14.948
17.196
19.422
21.624
23.798
25.943
28.056
30.134
32.175
34.177
36.138
38.056
39.929
41.755
43.533
45.261
46.938
48.562
50.132
51.647
53.106
54.509
55.853
57.14
58.367
59.535
60.643
61.69
62.677
63.603
64.467
65.27
66.011
66.691
67.309
67.865
68.36
68.792
69.163
69.472
69.719
69.905
70.028
70.09
70.09
70.028
69.905
69.719
69.472
69.163
68.792
68.36
67.865
67.309
66.691
66.011
65.27
64.467
63.603
62.677
61.69
60.643
59.535
58.367
57.14
55.853
54.509
53.106
51.647
50.132
48.562
46.938
45.261
43.533
41.755
39.929
38.056
36.138
34.177
32.175
30.134
28.056
25.943
23.798
21.624
19.422
17.196
14.948
12.681
10.397
8.1007
5.7937
3.4792
1.1602
-1.157
-3.4625
-5.7664
-5.7766
-3.4686
-1.1591
1.1623
3.4853
5.8039
8.115
10.416
12.703
14.974
17.226
19.456
21.662
23.84
25.989
28.105
30.187
32.232
34.237
36.202
38.123
40
41.829
43.61
45.341
47.021
48.648
50.22
51.738
53.2
54.605
55.952
57.241
58.47
59.64
60.75
61.799
62.788
63.715
64.581
65.385
66.128
66.809
67.428
67.985
68.481
68.914
69.285
69.595
69.842
70.028
70.152
70.214
70.214
70.152
70.028
69.842
69.595
69.285
68.914
68.481
67.985
67.428
66.809
66.128
65.385
64.581
63.715
62.788
61.799
60.75
59.64
58.47
57.241
55.952
54.605
53.2
51.738
50.22
48.648
47.021
45.341
43.61
41.829
40
38.123
36.202
34.237
32.232
30.187
28.105
25.989
23.84
21.662
19.456
17.226
14.974
12.703
10.416
8.115
5.8039
3.4853
1.1623
-1.1591
-3.4686
-5.7766
-5.7817
-3.4716
-1.1601
1.1633
3.4884
5.809
8.1222
10.425
12.714
14.987
17.241
19.473
21.681
23.861
26.012
28.13
30.214
32.26
34.268
36.234
38.157
40.035
41.866
43.649
45.381
47.062
48.69
50.265
51.784
53.247
54.653
56.001
57.291
58.522
59.693
60.804
61.854
62.843
63.771
64.638
65.443
66.186
66.868
67.488
68.045
68.541
68.975
69.346
69.656
69.904
70.09
70.214
70.276
70.276
70.214
70.09
69.904
69.656
69.346
68.975
68.541
68.045
67.488
66.868
66.186
65.443
64.638
63.771
62.843
61.854
60.804
59.693
58.522
57.291
56.001
54.653
53.247
51.784
50.265
48.69
47.062
45.381
43.649
41.866
40.035
38.157
36.234
34.268
32.26
30.214
28.13
26.012
23.861
21.681
19.473
17.241
14.987
12.714
10.425
8.1222
5.809
3.4884
1.1633
-1.1601
-3.4716
-5.7817
-5.7817
-3.4716
-1.1601
1.1633
3.4884
5.809
8.1222
10.425
12.714
14.987
17.241
19.473
21.681
23.861
26.012
28.13
30.214
32.26
34.268
36.234
38.157
40.035
41.866
43.649
45.381
47.062
48.69
50.265
51.784
53.247
54.653
56.001
57.291
58.522
59.693
60.804
61.854
62.843
63.771
64.638
65.443
66.186
66.868
67.488
68.045
68.541
68.975
69.346
69.656
69.904
70.09
70.214
70.276
70.276
70.214
70.09
69.904
69.656
69.346
68.975
68.541
68.045
67.488
66.868
66.186
65.443
64.638
63.771
62.843
61.854
60.804
59.693
58.522
57.291
56.001
54.653
53.247
51.784
50.265
48.69
47.062
45.381
43.649
41.866
40.035
38.157
36.234
34.268
32.26
30.214
28.13
26.012
23.861
21.681
19.473
17.241
14.987
12.714
10.425
8.1222
5.809
3.4884
1.1633
-1.1601
-3.4716
-5.7817
-5.7766
-3.4686
-1.1591
1.1623
3.4853
5.8039
8.115
10.416
12.703
14.974
17.226
19.456
21.662
23.84
25.989
28.105
30.187
32.232
34.237
36.202
38.123
40
41.829
43.61
45.341
47.021
48.648
50.22
51.738
53.2
54.605
55.952
57.241
58.47
59.64
60.75
61.799
62.788
63.715
64.581
65.385
66.128
66.809
67.428
67.985
68.481
68.914
69.285
69.595
69.842
70.028
70.152
70.214
70.214
70.152
70.028
69.842
69.595
69.285
68.914
68.481
67.985
67.428
66.809
66.128
65.385
64.581
63.715
62.788
61.799
60.75
59.64
58.47
57.241
55.952
54.605
53.2
51.738
50.22
48.648
47.021
45.341
43.61
41.829
40
38.123
36.202
34.237
32.232
30.187
28.105
25.989
23.84
21.662
19.456
17.226
14.974
12.703
10.416
8.115
5.8039
3.4853
1.1623
-1.1591
-3.4686
-5.7766
-5.7664
-3.4625
-1.157
1.1602
3.4792
5.7937
8.1007
10.397
12.681
14.948
17.196
19.422
21.624
23.798
25.943
28.056
30.134
32.175
34.177
36.138
38.056
39.929
41.755
43.533
45.261
46.938
48.562
50.132
51.647
53.106
54.509
55.853
57.14
58.367
59.535
60.643
61.69
62.677
63.603
64.467
65.27
66.011
66.691
67.309
67.865
68.36
68.792
69.163
69.472
69.719
69.905
70.028
70.09
70.09
70.028
69.905
69.719
69.472
69.163
68.792
68.36
67.865
67.309
66.691
66.011
65.27
64.467
63.603
62.677
61.69
60.643
59.535
58.367
57.14
55.853
54.509
53.106
51.647
50.132
48.562
46.938
45.261
43.533
41.755
39.929
38.056
36.138
34.177
32.175
30.134
28.056
25.943
23.798
21.624
19.422
17.196
14.948
12.681
10.397
8.1007
5.7937
3.4792
1.1602
-1.157
-3.4625
-5.7664
-5.7511
-3.4533
-1.1539
1.1572
3.47
5.7783
8.0792
10.37
12.647
14.908
17.15
19.37
21.566
23.735
25.874
27.981
30.054
32.09
34.086
36.042
37.955
39.823
41.645
43.418
45.141
46.813
48.433
49.999
51.51
52.965
54.364
55.705
56.988
58.212
59.377
60.482
61.527
62.511
63.434
64.296
65.097
65.836
66.514
67.131
67.685
68.178
68.61
68.98
69.288
69.534
69.719
69.842
69.904
69.904
69.842
69.719
69.534
69.288
68.98
68.61
68.178
67.685
67.131
66.514
65.836
65.097
64.296
63.434
62.511
61.527
60.482
59.377
58.212
56.988
55.705
54.364
52.965
51.51
49.999
48.433
46.813
45.141
43.418
41.645
39.823
37.955
36.042
34.086
32.09
30.054
27.981
25.874
23.735
21.566
19.37
17.15
14.908
12.647
10.37
8.0792
5.7783
3.47
1.1572
-1.1539
-3.4533
-5.7511
-5.7307
-3.441
-1.1499
1.1531
3.4577
5.7578
8.0506
10.333
12.602
14.855
17.089
19.302
21.49
23.651
25.782
27.882
29.947
31.976
33.966
35.915
37.821
39.682
41.497
43.264
44.981
46.647
48.261
49.822
51.328
52.778
54.171
55.508
56.786
58.006
59.167
60.268
61.309
62.289
63.209
64.068
64.866
65.603
66.278
66.893
67.445
67.937
68.367
68.735
69.042
69.288
69.472
69.595
69.656
69.656
69.595
69.472
69.288
69.042
68.735
68.367
67.937
67.445
66.893
66.278
65.603
64.866
64.068
63.209
62.289
61.309
60.268
59.167
58.006
56.786
55.508
54.171
52.778
51.328
49.822
48.261
46.647
44.981
43.264
41.497
39.682
37.821
35.915
33.966
31.976
29.947
27.882
25.782
23.651
21.49
19.302
17.089
14.855
12.602
10.333
8.0506
5.7578
3.4577
1.1531
-1.1499
-3.441
-5.7307
-5.7053
-3.4257
-1.1447
1.1479
3.4423
5.7322
8.0148
10.287
12.546
14.789
17.013
19.216
21.394
23.546
25.668
27.758
29.814
31.834
33.815
35.755
37.652
39.506
41.312
43.071
44.781
46.44
48.047
49.6
51.099
52.543
53.931
55.261
56.534
57.748
58.904
60
61.036
62.012
62.928
63.783
64.578
65.311
65.984
66.595
67.146
67.635
68.063
68.43
68.735
68.98
69.163
69.285
69.346
69.346
69.285
69.163
68.98
68.735
68.43
68.063
67.635
67.146
66.595
65.984
65.311
64.578
63.783
62.928
62.012
61.036
60
58.904
57.748
56.534
55.261
53.931
52.543
51.099
49.6
48.047
46.44
44.781
43.071
41.312
39.506
37.652
35.755
33.815
31.834
29.814
27.758
25.668
23.546
21.394
19.216
17.013
14.789
12.546
10.287
8.0148
5.7322
3.4423
1.1479
-1.1447
-3.4257
-5.7053
-5.6747
-3.4074
-1.1386
1.1418
3.4239
5.7015
7.9718
10.232
12.479
14.71
16.922
19.113
21.28
23.42
25.53
27.609
29.654
31.663
33.633
35.563
37.451
39.294
41.091
42.841
44.541
46.191
47.789
49.334
50.825
52.261
53.641
54.965
56.231
57.439
58.588
59.678
60.709
61.68
62.591
63.441
64.231
64.961
65.63
66.238
66.786
67.272
67.698
68.063
68.367
68.61
68.792
68.914
68.975
68.975
68.914
68.792
68.61
68.367
68.063
67.698
67.272
66.786
66.238
65.63
64.961
64.231
63.441
62.591
61.68
60.709
59.678
58.588
57.439
56.231
54.965
53.641
52.261
50.825
49.334
47.789
46.191
44.541
42.841
41.091
39.294
37.451
35.563
33.633
31.663
29.654
27.609
25.53
23.42
21.28
19.113
16.922
14.71
12.479
10.232
7.9718
5.7015
3.4239
1.1418
-1.1386
-3.4074
-5.6747
-5.639
-3.386
-1.1314
1.1346
3.4023
5.6657
7.9217
10.168
12.4
14.617
16.816
18.993
21.146
23.272
25.37
27.436
29.468
31.464
33.422
35.34
37.215
39.047
40.833
42.571
44.261
45.901
47.489
49.024
50.506
51.933
53.304
54.619
55.877
57.077
58.219
59.303
60.327
61.292
62.197
63.042
63.828
64.553
65.217
65.822
66.366
66.849
67.272
67.635
67.937
68.178
68.36
68.481
68.541
68.541
68.481
68.36
68.178
67.937
67.635
67.272
66.849
66.366
65.822
65.217
64.553
63.828
63.042
62.197
61.292
60.327
59.303
58.219
57.077
55.877
54.619
53.304
51.933
50.506
49.024
47.489
45.901
44.261
42.571
40.833
39.047
37.215
35.34
33.422
31.464
29.468
27.436
25.37
23.272
21.146
18.993
16.816
14.617
12.4
10.168
7.9217
5.6657
3.4023
1.1346
-1.1314
-3.386
-5.639
-5.5982
-3.3615
-1.1233
1.1264
3.3777
5.6247
7.8644
10.094
12.311
14.512
16.694
18.855
20.993
23.104
25.186
27.237
29.255
31.236
33.18
35.084
36.946
38.764
40.537
42.263
43.941
45.569
47.145
48.67
50.14
51.557
52.919
54.224
55.473
56.665
57.798
58.874
59.891
60.849
61.747
62.586
63.366
64.086
64.746
65.346
65.886
66.366
66.786
67.146
67.445
67.685
67.865
67.985
68.045
68.045
67.985
67.865
67.685
67.445
67.146
66.786
66.366
65.886
65.346
64.746
64.086
63.366
62.586
61.747
60.849
59.891
58.874
57.798
56.665
55.473
54.224
52.919
51.557
50.14
48.67
47.145
45.569
43.941
42.263
40.537
38.764
36.946
35.084
33.18
31.236
29.255
27.237
25.186
23.104
20.993
18.855
16.694
14.512
12.311
10.094
7.8644
5.6247
3.3777
1.1264
-1.1233
-3.3615
-5.5982
-5.5523
-3.3339
-1.1141
1.1172
3.35
5.5786
7.8
10.011
12.21
14.393
16.557
18.701
20.821
22.915
24.98
27.014
29.015
30.98
32.908
34.796
36.643
38.447
40.205
41.917
43.581
45.195
46.759
48.271
49.73
51.135
52.485
53.78
55.018
56.2
57.325
58.391
59.4
60.35
61.241
62.073
62.847
63.56
64.215
64.81
65.346
65.822
66.238
66.595
66.893
67.131
67.309
67.428
67.488
67.488
67.428
67.309
67.131
66.893
66.595
66.238
65.822
65.346
64.81
64.215
63.56
62.847
62.073
61.241
60.35
59.4
58.391
57.325
56.2
55.018
53.78
52.485
51.135
49.73
48.271
46.759
45.195
43.581
41.917
40.205
38.447
36.643
34.796
32.908
30.98
29.015
27.014
24.98
22.915
20.821
18.701
16.557
14.393
12.21
10.011
7.8
5.5786
3.35
1.1172
-1.1141
-3.3339
-5.5523
-5.5014
-3.3033
-1.1038
1.1069
3.3193
5.5274
7.7284
9.9194
12.098
14.261
16.405
18.529
20.63
22.704
24.75
26.766
28.749
30.696
32.606
34.477
36.307
38.094
39.836
41.532
43.181
44.78
46.329
47.827
49.273
50.665
52.003
53.286
54.513
55.684
56.798
57.855
58.854
59.796
60.679
61.504
62.27
62.977
63.625
64.215
64.746
65.217
65.63
65.984
66.278
66.514
66.691
66.809
66.868
66.868
66.809
66.691
66.514
66.278
65.984
65.63
65.217
64.746
64.215
63.625
62.977
62.27
61.504
60.679
59.796
58.854
57.855
56.798
55.684
54.513
53.286
52.003
50.665
49.273
47.827
46.329
44.78
43.181
41.532
39.836
38.094
36.307
34.477
32.606
30.696
28.749
26.766
24.75
22.704
20.63
18.529
16.405
14.261
12.098
9.9194
7.7284
5.5274
3.3193
1.1069
-1.1038
-3.3033
-5.5014
-5.4453
-3.2697
-1.0926
1.0956
3.2855
5.471
7.6496
9.8183
11.974
14.115
16.238
18.34
20.419
22.473
24.498
26.493
28.456
30.383
32.274
34.126
35.937
37.705
39.43
41.109
42.74
44.324
45.857
47.34
48.771
50.149
51.473
52.743
53.958
55.117
56.219
57.266
58.255
59.186
60.06
60.877
61.635
62.335
62.977
63.56
64.086
64.553
64.961
65.311
65.603
65.836
66.011
66.128
66.186
66.186
66.128
66.011
65.836
65.603
65.311
64.961
64.553
64.086
63.56
62.977
62.335
61.635
60.877
60.06
59.186
58.255
57.266
56.219
55.117
53.958
52.743
51.473
50.149
48.771
47.34
45.857
44.324
42.74
41.109
39.43
37.705
35.937
34.126
32.274
30.383
28.456
26.493
24.498
22.473
20.419
18.34
16.238
14.115
11.974
9.8183
7.6496
5.471
3.2855
1.0956
-1.0926
-3.2697
-5.4453
-5.3841
-3.2329
-1.0803
1.0833
3.2486
5.4096
7.5637
9.708
11.84
13.957
16.056
18.134
20.19
22.22
24.223
26.196
28.136
30.042
31.911
33.742
35.533
37.282
38.987
40.647
42.26
43.826
45.342
46.808
48.223
49.586
50.895
52.15
53.352
54.498
55.588
56.622
57.6
58.522
59.386
60.193
60.943
61.635
62.27
62.847
63.366
63.828
64.231
64.578
64.866
65.097
65.27
65.385
65.443
65.443
65.385
65.27
65.097
64.866
64.578
64.231
63.828
63.366
62.847
62.27
61.635
60.943
60.193
59.386
58.522
57.6
56.622
55.588
54.498
53.352
52.15
50.895
49.586
48.223
46.808
45.342
43.826
42.26
40.647
38.987
37.282
35.533
33.742
31.911
30.042
28.136
26.196
24.223
22.22
20.19
18.134
16.056
13.957
11.84
9.708
7.5637
5.4096
3.2486
1.0833
-1.0803
-3.2329
-5.3841
-5.3179
-3.1932
-1.067
1.07
3.2086
5.3431
7.4706
9.5886
11.694
13.785
15.858
17.911
19.942
21.947
23.925
25.873
27.79
29.672
31.519
33.327
35.096
36.823
38.507
40.147
41.741
43.287
44.784
46.232
47.63
48.976
50.269
51.509
52.695
53.827
54.904
55.926
56.892
57.802
58.655
59.452
60.193
60.877
61.504
62.073
62.586
63.042
63.441
63.783
64.068
64.296
64.467
64.581
64.638
64.638
64.581
64.467
64.296
64.068
63.783
63.441
63.042
62.586
62.073
61.504
60.877
60.193
59.452
58.655
57.802
56.892
55.926
54.904
53.827
52.695
51.509
50.269
48.976
47.63
46.232
44.784
43.287
41.741
40.147
38.507
36.823
35.096
33.327
31.519
29.672
27.79
25.873
23.925
21.947
19.942
17.911
15.858
13.785
11.694
9.5886
7.4706
5.3431
3.2086
1.07
-1.067
-3.1932
-5.3179
-5.2466
-3.1504
-1.0527
1.0556
3.1656
5.2714
7.3705
9.4601
11.538
13.6
15.646
17.671
19.674
21.653
23.604
25.527
27.417
29.274
31.096
32.88
34.625
36.33
37.991
39.609
41.181
42.706
44.184
45.613
46.991
48.319
49.595
50.818
51.989
53.105
54.168
55.176
56.129
57.027
57.869
58.655
59.386
60.06
60.679
61.241
61.747
62.197
62.591
62.928
63.209
63.434
63.603
63.715
63.771
63.771
63.715
63.603
63.434
63.209
62.928
62.591
62.197
61.747
61.241
60.679
60.06
59.386
58.655
57.869
57.027
56.129
55.176
54.168
53.105
51.989
50.818
49.595
48.319
46.991
45.613
44.184
42.706
41.181
39.609
37.991
36.33
34.625
32.88
31.096
29.274
27.417
25.527
23.604
21.653
19.674
17.671
15.646
13.6
11.538
9.4601
7.3705
5.2714
3.1656
1.0556
-1.0527
-3.1504
-5.2466
-5.1703
-3.1045
-1.0374
1.0403
3.1195
5.1947
7.2632
9.3224
11.37
13.402
15.418
17.414
19.388
21.338
23.261
25.155
27.018
28.848
30.644
32.402
34.122
35.801
37.438
39.032
40.582
42.085
43.541
44.949
46.307
47.616
48.873
50.079
51.232
52.333
53.38
54.373
55.312
56.197
57.027
57.802
58.522
59.186
59.796
60.35
60.849
61.292
61.68
62.012
62.289
62.511
62.677
62.788
62.843
62.843
62.788
62.677
62.511
62.289
62.012
61.68
61.292
60.849
60.35
59.796
59.186
58.522
57.802
57.027
56.197
55.312
54.373
53.38
52.333
51.232
50.079
48.873
47.616
46.307
44.949
43.541
42.085
40.582
39.032
37.438
35.801
34.122
32.402
30.644
28.848
27.018
25.155
23.261
21.338
19.388
17.414
15.418
13.402
11.37
9.3224
7.2632
5.1947
3.1195
1.0403
-1.0374
-3.1045
-5.1703
-5.0889
-3.0556
-1.0211
1.0239
3.0704
5.1129
7.1489
9.1757
11.191
13.191
15.175
17.14
19.083
21.002
22.895
24.759
26.593
28.394
30.161
31.892
33.584
35.237
36.849
38.418
39.943
41.422
42.856
44.241
45.578
46.866
48.104
49.29
50.426
51.509
52.539
53.517
54.441
55.312
56.129
56.892
57.6
58.255
58.854
59.4
59.891
60.327
60.709
61.036
61.309
61.527
61.69
61.799
61.854
61.854
61.799
61.69
61.527
61.309
61.036
60.709
60.327
59.891
59.4
58.854
58.255
57.6
56.892
56.129
55.312
54.441
53.517
52.539
51.509
50.426
49.29
48.104
46.866
45.578
44.241
42.856
41.422
39.943
38.418
36.849
35.237
33.584
31.892
30.161
28.394
26.593
24.759
22.895
21.002
19.083
17.14
15.175
13.191
11.191
9.1757
7.1489
5.1129
3.0704
1.0239
-1.0211
-3.0556
-5.0889
-5.0025
-3.0038
-1.0037
1.0065
3.0183
5.0261
7.0275
9.0199
11.001
12.967
14.918
16.849
18.759
20.645
22.506
24.339
26.141
27.912
29.649
31.35
33.014
34.639
36.223
37.766
39.265
40.719
42.128
43.49
44.805
46.07
47.287
48.454
49.569
50.634
51.647
52.608
53.517
54.373
55.176
55.926
56.622
57.266
57.855
58.391
58.874
59.303
59.678
60
60.268
60.482
60.643
60.75
60.804
60.804
60.75
60.643
60.482
60.268
60
59.678
59.303
58.874
58.391
57.855
57.266
56.622
55.926
55.176
54.373
53.517
52.608
51.647
50.634
49.569
48.454
47.287
46.07
44.805
43.49
42.128
40.719
39.265
37.766
36.223
34.639
33.014
31.35
29.649
27.912
26.141
24.339
22.506
20.645
18.759
16.849
14.918
12.967
11.001
9.0199
7.0275
5.0261
3.0183
1.0065
-1.0037
-3.0038
-5.0025
-4.9111
-2.9489
-0.98539
0.98814
2.9631
4.9343
6.8991
8.8551
10.8
12.731
14.645
16.541
18.416
20.268
22.095
23.894
25.664
27.402
29.108
30.778
32.411
34.006
35.562
37.076
38.547
39.975
41.358
42.696
43.986
45.229
46.423
47.568
48.664
49.709
50.704
51.647
52.539
53.38
54.168
54.904
55.588
56.219
56.798
57.325
57.798
58.219
58.588
58.904
59.167
59.377
59.535
59.64
59.693
59.693
59.64
59.535
59.377
59.167
58.904
58.588
58.219
57.798
57.325
56.798
56.219
55.588
54.904
54.168
53.38
52.539
51.647
50.704
49.709
48.664
47.568
46.423
45.229
43.986
42.696
41.358
39.975
38.547
37.076
35.562
34.006
32.411
30.778
29.108
27.402
25.664
23.894
22.095
20.268
18.416
16.541
14.645
12.731
10.8
8.8551
6.8991
4.9343
2.9631
0.98814
-0.98539
-2.9489
-4.9111
-4.8148
-2.8911
-0.96606
0.96876
2.905
4.8375
6.7638
8.6814
10.588
12.481
14.358
16.217
18.055
19.871
21.661
23.425
25.161
26.865
28.537
30.174
31.775
33.339
34.864
36.349
37.791
39.191
40.547
41.858
43.123
44.342
45.513
46.635
47.709
48.734
49.709
50.634
51.509
52.333
53.105
53.827
54.498
55.117
55.684
56.2
56.665
57.077
57.439
57.748
58.006
58.212
58.367
58.47
58.522
58.522
58.47
58.367
58.212
58.006
57.748
57.439
57.077
56.665
56.2
55.684
55.117
54.498
53.827
53.105
52.333
51.509
50.634
49.709
48.734
47.709
46.635
45.513
44.342
43.123
41.858
40.547
39.191
37.791
36.349
34.864
33.339
31.775
30.174
28.537
26.865
25.161
23.425
21.661
19.871
18.055
16.217
14.358
12.481
10.588
8.6814
6.7638
4.8375
2.905
0.96876
-0.96606
-2.8911
-4.8148
-4.7135
-2.8303
-0.94575
0.94839
2.8439
4.7358
6.6216
8.4989
10.365
12.218
14.056
15.876
17.675
19.453
21.206
22.933
24.631
26.3
27.937
29.54
31.107
32.638
34.131
35.584
36.997
38.367
39.695
40.978
42.216
43.409
44.556
45.655
46.706
47.709
48.664
49.569
50.426
51.232
51.989
52.695
53.352
53.958
54.513
55.018
55.473
55.877
56.231
56.534
56.786
56.988
57.14
57.241
57.291
57.291
57.241
57.14
56.988
56.786
56.534
56.231
55.877
55.473
55.018
54.513
53.958
53.352
52.695
51.989
51.232
50.426
49.569
48.664
47.709
46.706
45.655
44.556
43.409
42.216
40.978
39.695
38.367
36.997
35.584
34.131
32.638
31.107
29.54
27.937
26.3
24.631
22.933
21.206
19.453
17.675
15.876
14.056
12.218
10.365
8.4989
6.6216
4.7358
2.8439
0.94839
-0.94575
-2.8303
-4.7135
-4.6074
-2.7665
-0.92446
0.92704
2.7799
4.6292
6.4725
8.3076
10.132
11.943
13.74
15.518
17.277
19.015
20.729
22.417
24.077
25.708
27.308
28.875
30.407
31.903
33.363
34.783
36.164
37.503
38.801
40.055
41.266
42.432
43.552
44.627
45.655
46.635
47.568
48.454
49.29
50.079
50.818
51.509
52.15
52.743
53.286
53.78
54.224
54.619
54.965
55.261
55.508
55.705
55.853
55.952
56.001
56.001
55.952
55.853
55.705
55.508
55.261
54.965
54.619
54.224
53.78
53.286
52.743
52.15
51.509
50.818
50.079
49.29
48.454
47.568
46.635
45.655
44.627
43.552
42.432
41.266
40.055
38.801
37.503
36.164
34.783
33.363
31.903
30.407
28.875
27.308
25.708
24.077
22.417
20.729
19.015
17.277
15.518
13.74
11.943
10.132
8.3076
6.4725
4.6292
2.7799
0.92704
-0.92446
-2.7665
-4.6074
-4.4965
-2.6999
-0.9022
0.90472
2.713
4.5178
6.3167
8.1075
9.888
11.656
13.409
15.145
16.861
18.557
20.23
21.877
23.497
25.089
26.65
28.179
29.675
31.135
32.559
33.946
35.293
36.6
37.867
39.091
40.273
41.41
42.504
43.552
44.556
45.513
46.423
47.287
48.104
48.873
49.595
50.269
50.895
51.473
52.003
52.485
52.919
53.304
53.641
53.931
54.171
54.364
54.509
54.605
54.653
54.653
54.605
54.509
54.364
54.171
53.931
53.641
53.304
52.919
52.485
52.003
51.473
50.895
50.269
49.595
48.873
48.104
47.287
46.423
45.513
44.556
43.552
42.504
41.41
40.273
39.091
37.867
36.6
35.293
33.946
32.559
31.135
29.675
28.179
26.65
25.089
23.497
21.877
20.23
18.557
16.861
15.145
13.409
11.656
9.888
8.1075
6.3167
4.5178
2.713
0.90472
-0.9022
-2.6999
-4.4965
-4.3808
-2.6305
-0.87899
0.88144
2.6432
4.4015
6.1542
7.899
9.6336
11.356
13.064
14.755
16.428
18.08
19.709
21.314
22.893
24.444
25.965
27.454
28.911
30.334
31.722
33.072
34.385
35.659
36.893
38.085
39.236
40.345
41.41
42.432
43.409
44.342
45.229
46.07
46.866
47.616
48.319
48.976
49.586
50.149
50.665
51.135
51.557
51.933
52.261
52.543
52.778
52.965
53.106
53.2
53.247
53.247
53.2
53.106
52.965
52.778
52.543
52.261
51.933
51.557
51.135
50.665
50.149
49.586
48.976
48.319
47.616
46.866
46.07
45.229
44.342
43.409
42.432
41.41
40.345
39.236
38.085
36.893
35.659
34.385
33.072
31.722
30.334
28.911
27.454
25.965
24.444
22.893
21.314
19.709
18.08
16.428
14.755
13.064
11.356
9.6336
7.899
6.1542
4.4015
2.6432
0.88144
-0.87899
-2.6305
-4.3808
-4.2605
-2.5582
-0.85484
0.85722
2.5706
4.2806
5.9851
7.6819
9.3689
11.044
12.705
14.35
15.976
17.583
19.168
20.728
22.264
23.772
25.251
26.7
28.117
29.501
30.85
32.164
33.44
34.679
35.879
37.039
38.158
39.236
40.273
41.266
42.216
43.123
43.986
44.805
45.578
46.307
46.991
47.63
48.223
48.771
49.273
49.73
50.14
50.506
50.825
51.099
51.328
51.51
51.647
51.738
51.784
51.784
51.738
51.647
51.51
51.328
51.099
50.825
50.506
50.14
49.73
49.273
48.771
48.223
47.63
46.991
46.307
45.578
44.805
43.986
43.123
42.216
41.266
40.273
39.236
38.158
37.039
35.879
34.679
33.44
32.164
30.85
29.501
28.117
26.7
25.251
23.772
22.264
20.728
19.168
17.583
15.976
14.35
12.705
11.044
9.3689
7.6819
5.9851
4.2806
2.5706
0.85722
-0.85484
-2.5582
-4.2605
-4.1355
-2.4832
-0.82976
0.83208
2.4952
4.155
5.8095
7.4566
9.0941
10.72
12.332
13.929
15.508
17.067
18.605
20.12
21.611
23.075
24.51
25.917
27.292
28.635
29.945
31.22
32.459
33.662
34.826
35.952
37.039
38.085
39.091
40.055
40.978
41.858
42.696
43.49
44.241
44.949
45.613
46.232
46.808
47.34
47.827
48.271
48.67
49.024
49.334
49.6
49.822
49.999
50.132
50.22
50.265
50.265
50.22
50.132
49.999
49.822
49.6
49.334
49.024
48.67
48.271
47.827
47.34
46.808
46.232
45.613
44.949
44.241
43.49
42.696
41.858
40.978
40.055
39.091
38.085
37.039
35.952
34.826
33.662
32.459
31.22
29.945
28.635
27.292
25.917
24.51
23.075
21.611
20.12
18.605
17.067
15.508
13.929
12.332
10.72
9.0941
7.4566
5.8095
4.155
2.4952
0.83208
-0.82976
-2.4832
-4.1355
-4.006
-2.4054
-0.80378
0.80602
2.417
4.0249
5.6276
7.223
8.8092
10.384
11.946
13.492
15.022
16.533
18.023
19.49
20.934
22.352
23.743
25.105
26.437
27.739
29.007
30.242
31.443
32.607
33.736
34.826
35.879
36.893
37.867
38.801
39.695
40.547
41.358
42.128
42.856
43.541
44.184
44.784
45.342
45.857
46.329
46.759
47.145
47.489
47.789
48.047
48.261
48.433
48.562
48.648
48.69
48.69
48.648
48.562
48.433
48.261
48.047
47.789
47.489
47.145
46.759
46.329
45.857
45.342
44.784
44.184
43.541
42.856
42.128
41.358
40.547
39.695
38.801
37.867
36.893
35.879
34.826
33.736
32.607
31.443
30.242
29.007
27.739
26.437
25.105
23.743
22.352
20.934
19.49
18.023
16.533
15.022
13.492
11.946
10.384
8.8092
7.223
5.6276
4.0249
2.417
0.80602
-0.80378
-2.4054
-4.006
-3.872
-2.325
-0.7769
0.77906
2.3362
3.8903
5.4394
6.9815
8.5147
10.037
11.546
13.041
14.52
15.98
17.42
18.838
20.234
21.604
22.949
24.266
25.553
26.811
28.037
29.231
30.391
31.517
32.607
33.662
34.679
35.659
36.6
37.503
38.367
39.191
39.975
40.719
41.422
42.085
42.706
43.287
43.826
44.324
44.78
45.195
45.569
45.901
46.191
46.44
46.647
46.813
46.938
47.021
47.062
47.062
47.021
46.938
46.813
46.647
46.44
46.191
45.901
45.569
45.195
44.78
44.324
43.826
43.287
42.706
42.085
41.422
40.719
39.975
39.191
38.367
37.503
36.6
35.659
34.679
33.662
32.607
31.517
30.391
29.231
28.037
26.811
25.553
24.266
22.949
21.604
20.234
18.838
17.42
15.98
14.52
13.041
11.546
10.037
8.5147
6.9815
5.4394
3.8903
2.3362
0.77906
-0.7769
-2.325
-3.872
-3.7337
-2.2419
-0.74915
0.75124
2.2527
3.7513
5.2451
6.7321
8.2105
9.6784
11.134
12.575
14.001
15.409
16.798
18.166
19.511
20.833
22.129
23.399
24.641
25.853
27.036
28.187
29.306
30.391
31.443
32.459
33.44
34.385
35.293
36.164
36.997
37.791
38.547
39.265
39.943
40.582
41.181
41.741
42.26
42.74
43.181
43.581
43.941
44.261
44.541
44.781
44.981
45.141
45.261
45.341
45.381
45.381
45.341
45.261
45.141
44.981
44.781
44.541
44.261
43.941
43.581
43.181
42.74
42.26
41.741
41.181
40.582
39.943
39.265
38.547
37.791
36.997
36.164
35.293
34.385
33.44
32.459
31.443
30.391
29.306
28.187
27.036
25.853
24.641
23.399
22.129
20.833
19.511
18.166
16.798
15.409
14.001
12.575
11.134
9.6784
8.2105
6.7321
5.2451
3.7513
2.2527
0.75124
-0.74915
-2.2419
-3.7337
-3.5911
-2.1563
-0.72055
0.72256
2.1667
3.6081
5.0449
6.4751
7.8971
9.3089
10.709
12.095
13.466
14.821
16.156
17.472
18.766
20.037
21.284
22.506
23.7
24.866
26.004
27.111
28.187
29.231
30.242
31.22
32.164
33.072
33.946
34.783
35.584
36.349
37.076
37.766
38.418
39.032
39.609
40.147
40.647
41.109
41.532
41.917
42.263
42.571
42.841
43.071
43.264
43.418
43.533
43.61
43.649
43.649
43.61
43.533
43.418
43.264
43.071
42.841
42.571
42.263
41.917
41.532
41.109
40.647
40.147
39.609
39.032
38.418
37.766
37.076
36.349
35.584
34.783
33.946
33.072
32.164
31.22
30.242
29.231
28.187
27.111
26.004
24.866
23.7
22.506
21.284
20.037
18.766
17.472
16.156
14.821
13.466
12.095
10.709
9.3089
7.8971
6.4751
5.0449
3.6081
2.1667
0.72256
-0.72055
-2.1563
-3.5911
-3.4445
-2.0683
-0.69112
0.69305
2.0783
3.4608
4.8388
6.2107
7.5746
8.9288
10.272
11.601
12.917
14.215
15.497
16.759
18
19.219
20.415
21.586
22.732
23.851
24.942
26.004
27.036
28.037
29.007
29.945
30.85
31.722
32.559
33.363
34.131
34.864
35.562
36.223
36.849
37.438
37.991
38.507
38.987
39.43
39.836
40.205
40.537
40.833
41.091
41.312
41.497
41.645
41.755
41.829
41.866
41.866
41.829
41.755
41.645
41.497
41.312
41.091
40.833
40.537
40.205
39.836
39.43
38.987
38.507
37.991
37.438
36.849
36.223
35.562
34.864
34.131
33.363
32.559
31.722
30.85
29.945
29.007
28.037
27.036
26.004
24.942
23.851
22.732
21.586
20.415
19.219
18
16.759
15.497
14.215
12.917
11.601
10.272
8.9288
7.5746
6.2107
4.8388
3.4608
2.0783
0.69305
-0.69112
-2.0683
-3.4445
-3.2938
-1.9778
-0.6609
0.66274
1.9874
3.3094
4.6272
5.9391
7.2433
8.5383
9.8224
11.094
12.352
13.594
14.819
16.026
17.213
18.379
19.522
20.642
21.738
22.808
23.851
24.866
25.853
26.811
27.739
28.635
29.501
30.334
31.135
31.903
32.638
33.339
34.006
34.639
35.237
35.801
36.33
36.823
37.282
37.705
38.094
38.447
38.764
39.047
39.294
39.506
39.682
39.823
39.929
40
40.035
40.035
40
39.929
39.823
39.682
39.506
39.294
39.047
38.764
38.447
38.094
37.705
37.282
36.823
36.33
35.801
35.237
34.639
34.006
33.339
32.638
31.903
31.135
30.334
29.501
28.635
27.739
26.811
25.853
24.866
23.851
22.808
21.738
20.642
19.522
18.379
17.213
16.026
14.819
13.594
12.352
11.094
9.8224
8.5383
7.2433
5.9391
4.6272
3.3094
1.9874
0.66274
-0.6609
-1.9778
-3.2938
-3.1393
-1.885
-0.6299
0.63165
1.8941
3.1542
4.4102
5.6605
6.9035
8.1378
9.3616
10.574
11.772
12.956
14.124
15.274
16.405
17.516
18.606
19.674
20.718
21.738
22.732
23.7
24.641
25.553
26.437
27.292
28.117
28.911
29.675
30.407
31.107
31.775
32.411
33.014
33.584
34.122
34.625
35.096
35.533
35.937
36.307
36.643
36.946
37.215
37.451
37.652
37.821
37.955
38.056
38.123
38.157
38.157
38.123
38.056
37.955
37.821
37.652
37.451
37.215
36.946
36.643
36.307
35.937
35.533
35.096
34.625
34.122
33.584
33.014
32.411
31.775
31.107
30.407
29.675
28.911
28.117
27.292
26.437
25.553
24.641
23.7
22.732
21.738
20.718
19.674
18.606
17.516
16.405
15.274
14.124
12.956
11.772
10.574
9.3616
8.1378
6.9035
5.6605
4.4102
3.1542
1.8941
0.63165
-0.6299
-1.885
-3.1393
-2.9811
-1.79
-0.59815
0.59982
1.7987
2.9952
4.1879
5.3752
6.5556
7.7276
8.8898
10.041
11.179
12.303
13.412
14.504
15.578
16.634
17.669
18.683
19.674
20.642
21.586
22.506
23.399
24.266
25.105
25.917
26.7
27.454
28.179
28.875
29.54
30.174
30.778
31.35
31.892
32.402
32.88
33.327
33.742
34.126
34.477
34.796
35.084
35.34
35.563
35.755
35.915
36.042
36.138
36.202
36.234
36.234
36.202
36.138
36.042
35.915
35.755
35.563
35.34
35.084
34.796
34.477
34.126
33.742
33.327
32.88
32.402
31.892
31.35
30.778
30.174
29.54
28.875
28.179
27.454
26.7
25.917
25.105
24.266
23.399
22.506
21.586
20.642
19.674
18.683
17.669
16.634
15.578
14.504
13.412
12.303
11.179
10.041
8.8898
7.7276
6.5556
5.3752
4.1879
2.9952
1.7987
0.59982
-0.59815
-1.79
-2.9811
-2.8194
-1.6929
-0.56569
0.56727
1.7011
2.8327
3.9607
5.0835
6.1999
7.3083
8.4074
9.4959
10.572
11.636
12.684
13.717
14.733
15.731
16.71
17.669
18.606
19.522
20.415
21.284
22.129
22.949
23.743
24.51
25.251
25.965
26.65
27.308
27.937
28.537
29.108
29.649
30.161
30.644
31.096
31.519
31.911
32.274
32.606
32.908
33.18
33.422
33.633
33.815
33.966
34.086
34.177
34.237
34.268
34.268
34.237
34.177
34.086
33.966
33.815
33.633
33.422
33.18
32.908
32.606
32.274
31.911
31.519
31.096
30.644
30.161
29.649
29.108
28.537
27.937
27.308
26.65
25.965
25.251
24.51
23.743
22.949
22.129
21.284
20.415
19.522
18.606
17.669
16.71
15.731
14.733
13.717
12.684
11.636
10.572
9.4959
8.4074
7.3083
6.1999
5.0835
3.9607
2.8327
1.7011
0.56727
-0.56569
-1.6929
-2.8194
-2.6542
-1.5937
-0.53255
0.53404
1.6014
2.6667
3.7286
4.7857
5.8367
6.8802
7.9149
8.9396
9.953
10.954
11.941
12.914
13.87
14.81
15.731
16.634
17.516
18.379
19.219
20.037
20.833
21.604
22.352
23.075
23.772
24.444
25.089
25.708
26.3
26.865
27.402
27.912
28.394
28.848
29.274
29.672
30.042
30.383
30.696
30.98
31.236
31.464
31.663
31.834
31.976
32.09
32.175
32.232
32.26
32.26
32.232
32.175
32.09
31.976
31.834
31.663
31.464
31.236
30.98
30.696
30.383
30.042
29.672
29.274
28.848
28.394
27.912
27.402
26.865
26.3
25.708
25.089
24.444
23.772
23.075
22.352
21.604
20.833
20.037
19.219
18.379
17.516
16.634
15.731
14.81
13.87
12.914
11.941
10.954
9.953
8.9396
7.9149
6.8802
5.8367
4.7857
3.7286
2.6667
1.6014
0.53404
-0.53255
-1.5937
-2.6542
-2.4858
-1.4926
-0.49877
0.50016
1.4998
2.4976
3.4921
4.4821
5.4664
6.4437
7.4128
8.3725
9.3216
10.259
11.184
12.094
12.99
13.87
14.733
15.578
16.405
17.213
18
18.766
19.511
20.234
20.934
21.611
22.264
22.893
23.497
24.077
24.631
25.161
25.664
26.141
26.593
27.018
27.417
27.79
28.136
28.456
28.749
29.015
29.255
29.468
29.654
29.814
29.947
30.054
30.134
30.187
30.214
30.214
30.187
30.134
30.054
29.947
29.814
29.654
29.468
29.255
29.015
28.749
28.456
28.136
27.79
27.417
27.018
26.593
26.141
25.664
25.161
24.631
24.077
23.497
22.893
22.264
21.611
20.934
20.234
19.511
18.766
18
17.213
16.405
15.578
14.733
13.87
12.99
12.094
11.184
10.259
9.3216
8.3725
7.4128
6.4437
5.4664
4.4821
3.4921
2.4976
1.4998
0.50016
-0.49877
-1.4926
-2.4858
-2.3144
-1.3897
-0.46437
0.46567
1.3964
2.3253
3.2513
4.173
5.0894
5.9993
6.9016
7.7951
8.6788
9.5515
10.412
11.26
12.094
12.914
13.717
14.504
15.274
16.026
16.759
17.472
18.166
18.838
19.49
20.12
20.728
21.314
21.877
22.417
22.933
23.425
23.894
24.339
24.759
25.155
25.527
25.873
26.196
26.493
26.766
27.014
27.237
27.436
27.609
27.758
27.882
27.981
28.056
28.105
28.13
28.13
28.105
28.056
27.981
27.882
27.758
27.609
27.436
27.237
27.014
26.766
26.493
26.196
25.873
25.527
25.155
24.759
24.339
23.894
23.425
22.933
22.417
21.877
21.314
20.728
20.12
19.49
18.838
18.166
17.472
16.759
16.026
15.274
14.504
13.717
12.914
12.094
11.26
10.412
9.5515
8.6788
7.7951
6.9016
5.9993
5.0894
4.173
3.2513
2.3253
1.3964
0.46567
-0.46437
-1.3897
-2.3144
-2.1401
-1.285
-0.42941
0.4306
1.2913
2.1502
3.0064
3.8588
4.7062
5.5476
6.3819
7.2081
8.0252
8.8323
9.6283
10.412
11.184
11.941
12.684
13.412
14.124
14.819
15.497
16.156
16.798
17.42
18.023
18.605
19.168
19.709
20.23
20.729
21.206
21.661
22.095
22.506
22.895
23.261
23.604
23.925
24.223
24.498
24.75
24.98
25.186
25.37
25.53
25.668
25.782
25.874
25.943
25.989
26.012
26.012
25.989
25.943
25.874
25.782
25.668
25.53
25.37
25.186
24.98
24.75
24.498
24.223
23.925
23.604
23.261
22.895
22.506
22.095
21.661
21.206
20.729
20.23
19.709
19.168
18.605
18.023
17.42
16.798
16.156
15.497
14.819
14.124
13.412
12.684
11.941
11.184
10.412
9.6283
8.8323
8.0252
7.2081
6.3819
5.5476
4.7062
3.8588
3.0064
2.1502
1.2913
0.4306
-0.42941
-1.285
-2.1401
-1.9632
-1.1788
-0.3939
0.395
1.1845
1.9725
2.7579
3.5398
4.3171
5.0889
5.8543
6.6122
7.3618
8.1021
8.8323
9.5515
10.259
10.954
11.636
12.303
12.956
13.594
14.215
14.821
15.409
15.98
16.533
17.067
17.583
18.08
18.557
19.015
19.453
19.871
20.268
20.645
21.002
21.338
21.653
21.947
22.22
22.473
22.704
22.915
23.104
23.272
23.42
23.546
23.651
23.735
23.798
23.84
23.861
23.861
23.84
23.798
23.735
23.651
23.546
23.42
23.272
23.104
22.915
22.704
22.473
22.22
21.947
21.653
21.338
21.002
20.645
20.268
19.871
19.453
19.015
18.557
18.08
17.583
17.067
16.533
15.98
15.409
14.821
14.215
13.594
12.956
12.303
11.636
10.954
10.259
9.5515
8.8323
8.1021
7.3618
6.6122
5.8543
5.0889
4.3171
3.5398
2.7579
1.9725
1.1845
0.395
-0.3939
-1.1788
-1.9632
-1.7838
-1.0711
-0.35791
0.35891
1.0763
1.7922
2.5059
3.2163
3.9227
4.6239
5.3194
6.008
6.6891
7.3618
8.0252
8.6788
9.3216
9.953
10.572
11.179
11.772
12.352
12.917
13.466
14.001
14.52
15.022
15.508
15.976
16.428
16.861
17.277
17.675
18.055
18.416
18.759
19.083
19.388
19.674
19.942
20.19
20.419
20.63
20.821
20.993
21.146
21.28
21.394
21.49
21.566
21.624
21.662
21.681
21.681
21.662
21.624
21.566
21.49
21.394
21.28
21.146
20.993
20.821
20.63
20.419
20.19
19.942
19.674
19.388
19.083
18.759
18.416
18.055
17.675
17.277
16.861
16.428
15.976
15.508
15.022
14.52
14.001
13.466
12.917
12.352
11.772
11.179
10.572
9.953
9.3216
8.6788
8.0252
7.3618
6.6891
6.008
5.3194
4.6239
3.9227
3.2163
2.5059
1.7922
1.0763
0.35891
-0.35791
-1.0711
-1.7838
-1.6022
-0.96204
-0.32147
0.32237
0.96668
1.6098
2.2507
2.8889
3.5233
4.1531
4.7777
5.3963
6.008
6.6122
7.2081
7.7951
8.3725
8.9396
9.4959
10.041
10.574
11.094
11.601
12.095
12.575
13.041
13.492
13.929
14.35
14.755
15.145
15.518
15.876
16.217
16.541
16.849
17.14
17.414
17.671
17.911
18.134
18.34
18.529
18.701
18.855
18.993
19.113
19.216
19.302
19.37
19.422
19.456
19.473
19.473
19.456
19.422
19.37
19.302
19.216
19.113
18.993
18.855
18.701
18.529
18.34
18.134
17.911
17.671
17.414
17.14
16.849
16.541
16.217
15.876
15.518
15.145
14.755
14.35
13.929
13.492
13.041
12.575
12.095
11.601
11.094
10.574
10.041
9.4959
8.9396
8.3725
7.7951
7.2081
6.6122
6.008
5.3963
4.7777
4.1531
3.5233
2.8889
2.2507
1.6098
0.96668
0.32237
-0.32147
-0.96204
-1.6022
-1.4185
-0.85176
-0.28462
0.28542
0.85588
1.4252
1.9928
2.5577
3.1194
3.6771
4.2301
4.7777
5.3194
5.8543
6.3819
6.9016
7.4128
7.9149
8.4074
8.8898
9.3616
9.8224
10.272
10.709
11.134
11.546
11.946
12.332
12.705
13.064
13.409
13.74
14.056
14.358
14.645
14.918
15.175
15.418
15.646
15.858
16.056
16.238
16.405
16.557
16.694
16.816
16.922
17.013
17.089
17.15
17.196
17.226
17.241
17.241
17.226
17.196
17.15
17.089
17.013
16.922
16.816
16.694
16.557
16.405
16.238
16.056
15.858
15.646
15.418
15.175
14.918
14.645
14.358
14.056
13.74
13.409
13.064
12.705
12.332
11.946
11.546
11.134
10.709
10.272
9.8224
9.3616
8.8898
8.4074
7.9149
7.4128
6.9016
6.3819
5.8543
5.3194
4.7777
4.2301
3.6771
3.1194
2.5577
1.9928
1.4252
0.85588
0.28542
-0.28462
-0.85176
-1.4185
-1.2331
-0.74041
-0.24741
0.2481
0.74399
1.2389
1.7322
2.2233
2.7116
3.1964
3.6771
4.1531
4.6239
5.0889
5.5476
5.9993
6.4437
6.8802
7.3083
7.7276
8.1378
8.5383
8.9288
9.3089
9.6784
10.037
10.384
10.72
11.044
11.356
11.656
11.943
12.218
12.481
12.731
12.967
13.191
13.402
13.6
13.785
13.957
14.115
14.261
14.393
14.512
14.617
14.71
14.789
14.855
14.908
14.948
14.974
14.987
14.987
14.974
14.948
14.908
14.855
14.789
14.71
14.617
14.512
14.393
14.261
14.115
13.957
13.785
13.6
13.402
13.191
12.967
12.731
12.481
12.218
11.943
11.656
11.356
11.044
10.72
10.384
10.037
9.6784
9.3089
8.9288
8.5383
8.1378
7.7276
7.3083
6.8802
6.4437
5.9993
5.5476
5.0889
4.6239
4.1531
3.6771
3.1964
2.7116
2.2233
1.7322
1.2389
0.74399
0.2481
-0.24741
-0.74041
-1.2331
-1.0461
-0.62812
-0.20989
0.21047
0.63115
1.051
1.4695
1.8861
2.3003
2.7116
3.1194
3.5233
3.9227
4.3171
4.7062
5.0894
5.4664
5.8367
6.1999
6.5556
6.9035
7.2433
7.5746
7.8971
8.2105
8.5147
8.8092
9.0941
9.3689
9.6336
9.888
10.132
10.365
10.588
10.8
11.001
11.191
11.37
11.538
11.694
11.84
11.974
12.098
12.21
12.311
12.4
12.479
12.546
12.602
12.647
12.681
12.703
12.714
12.714
12.703
12.681
12.647
12.602
12.546
12.479
12.4
12.311
12.21
12.098
11.974
11.84
11.694
11.538
11.37
11.191
11.001
10.8
10.588
10.365
10.132
9.888
9.6336
9.3689
9.0941
8.8092
8.5147
8.2105
7.8971
7.5746
7.2433
6.9035
6.5556
6.1999
5.8367
5.4664
5.0894
4.7062
4.3171
3.9227
3.5233
3.1194
2.7116
2.3003
1.8861
1.4695
1.051
0.63115
0.21047
-0.20989
-0.62812
-1.0461
-0.85771
-0.51502
-0.1721
0.17258
0.5175
0.86177
1.2049
1.5465
1.8861
2.2233
2.5577
2.8889
3.2163
3.5398
3.8588
4.173
4.4821
4.7857
5.0835
5.3752
5.6605
5.9391
6.2107
6.4751
6.7321
6.9815
7.223
7.4566
7.6819
7.899
8.1075
8.3076
8.4989
8.6814
8.8551
9.0199
9.1757
9.3224
9.4601
9.5886
9.708
9.8183
9.9194
10.011
10.094
10.168
10.232
10.287
10.333
10.37
10.397
10.416
10.425
10.425
10.416
10.397
10.37
10.333
10.287
10.232
10.168
10.094
10.011
9.9194
9.8183
9.708
9.5886
9.4601
9.3224
9.1757
9.0199
8.8551
8.6814
8.4989
8.3076
8.1075
7.899
7.6819
7.4566
7.223
6.9815
6.7321
6.4751
6.2107
5.9391
5.6605
5.3752
5.0835
4.7857
4.4821
4.173
3.8588
3.5398
3.2163
2.8889
2.5577
2.2233
1.8861
1.5465
1.2049
0.86177
0.5175
0.17258
-0.1721
-0.51502
-0.85771
-0.66826
-0.40126
-0.13408
0.13446
0.4032
0.67142
0.93877
1.2049
1.4695
1.7322
1.9928
2.2507
2.5059
2.7579
3.0064
3.2513
3.4921
3.7286
3.9607
4.1879
4.4102
4.6272
4.8388
5.0449
5.2451
5.4394
5.6276
5.8095
5.9851
6.1542
6.3167
6.4725
6.6216
6.7638
6.8991
7.0275
7.1489
7.2632
7.3705
7.4706
7.5637
7.6496
7.7284
7.8
7.8644
7.9217
7.9718
8.0148
8.0506
8.0792
8.1007
8.115
8.1222
8.1222
8.115
8.1007
8.0792
8.0506
8.0148
7.9718
7.9217
7.8644
7.8
7.7284
7.6496
7.5637
7.4706
7.3705
7.2632
7.1489
7.0275
6.8991
6.7638
6.6216
6.4725
6.3167
6.1542
5.9851
5.8095
5.6276
5.4394
5.2451
5.0449
4.8388
4.6272
4.4102
4.1879
3.9607
3.7286
3.4921
3.2513
3.0064
2.7579
2.5059
2.2507
1.9928
1.7322
1.4695
1.2049
0.93877
0.67142
0.4032
0.13446
-0.13408
-0.40126
-0.66826
-0.47794
-0.28698
-0.095897
0.096164
0.28837
0.4802
0.67142
0.86177
1.051
1.2389
1.4252
1.6098
1.7922
1.9725
2.1502
2.3253
2.4976
2.6667
2.8327
2.9952
3.1542
3.3094
3.4608
3.6081
3.7513
3.8903
4.0249
4.155
4.2806
4.4015
4.5178
4.6292
4.7358
4.8375
4.9343
5.0261
5.1129
5.1947
5.2714
5.3431
5.4096
5.471
5.5274
5.5786
5.6247
5.6657
5.7015
5.7322
5.7578
5.7783
5.7937
5.8039
5.809
5.809
5.8039
5.7937
5.7783
5.7578
5.7322
5.7015
5.6657
5.6247
5.5786
5.5274
5.471
5.4096
5.3431
5.2714
5.1947
5.1129
5.0261
4.9343
4.8375
4.7358
4.6292
4.5178
4.4015
4.2806
4.155
4.0249
3.8903
3.7513
3.6081
3.4608
3.3094
3.1542
2.9952
2.8327
2.6667
2.4976
2.3253
2.1502
1.9725
1.7922
1.6098
1.4252
1.2389
1.051
0.86177
0.67142
0.4802
0.28837
0.096164
-0.095897
-0.28698
-0.47794
-0.28701
-0.17234
-0.057588
0.057748
0.17317
0.28837
0.4032
0.5175
0.63115
0.74399
0.85588
0.96668
1.0763
1.1845
1.2913
1.3964
1.4998
1.6014
1.7011
1.7987
1.8941
1.9874
2.0783
2.1667
2.2527
2.3362
2.417
2.4952
2.5706
2.6432
2.713
2.7799
2.8439
2.905
2.9631
3.0183
3.0704
3.1195
3.1656
3.2086
3.2486
3.2855
3.3193
3.35
3.3777
3.4023
3.4239
3.4423
3.4577
3.47
3.4792
3.4853
3.4884
3.4884
3.4853
3.4792
3.47
3.4577
3.4423
3.4239
3.4023
3.3777
3.35
3.3193
3.2855
3.2486
3.2086
3.1656
3.1195
3.0704
3.0183
2.9631
2.905
2.8439
2.7799
2.713
2.6432
2.5706
2.4952
2.417
2.3362
2.2527
2.1667
2.0783
1.9874
1.8941
1.7987
1.7011
1.6014
1.4998
1.3964
1.2913
1.1845
1.0763
0.96668
0.85588
0.74399
0.63115
0.5175
0.4032
0.28837
0.17317
0.057748
-0.057588
-0.17234
-0.28701
-0.095712
-0.057471
-0.019204
0.019258
0.057748
0.096164
0.13446
0.17258
0.21047
0.2481
0.28542
0.32237
0.35891
0.395
0.4306
0.46567
0.50016
0.53404
0.56727
0.59982
0.63165
0.66274
0.69305
0.72256
0.75124
0.77906
0.80602
0.83208
0.85722
0.88144
0.90472
0.92704
0.94839
0.96876
0.98814
1.0065
1.0239
1.0403
1.0556
1.07
1.0833
1.0956
1.1069
1.1172
1.1264
1.1346
1.1418
1.1479
1.1531
1.1572
1.1602
1.1623
1.1633
1.1633
1.1623
1.1602
1.1572
1.1531
1.1479
1.1418
1.1346
1.1264
1.1172
1.1069
1.0956
1.0833
1.07
1.0556
1.0403
1.0239
1.0065
0.98814
0.96876
0.94839
0.92704
0.90472
0.88144
0.85722
0.83208
0.80602
0.77906
0.75124
0.72256
0.69305
0.66274
0.63165
0.59982
0.56727
0.53404
0.50016
0.46567
0.4306
0.395
0.35891
0.32237
0.28542
0.2481
0.21047
0.17258
0.13446
0.096164
0.057748
0.019258
-0.019204
-0.057471
-0.095712
0.095445
0.05731
0.019151
-0.019204
-0.057588
-0.095897
-0.13408
-0.1721
-0.20989
-0.24741
-0.28462
-0.32147
-0.35791
-0.3939
-0.42941
-0.46437
-0.49877
-0.53255
-0.56569
-0.59815
-0.6299
-0.6609
-0.69112
-0.72055
-0.74915
-0.7769
-0.80378
-0.82976
-0.85484
-0.87899
-0.9022
-0.92446
-0.94575
-0.96606
-0.98539
-1.0037
-1.0211
-1.0374
-1.0527
-1.067
-1.0803
-1.0926
-1.1038
-1.1141
-1.1233
-1.1314
-1.1386
-1.1447
-1.1499
-1.1539
-1.157
-1.1591
-1.1601
-1.1601
-1.1591
-1.157
-1.1539
-1.1499
-1.1447
-1.1386
-1.1314
-1.1233
-1.1141
-1.1038
-1.0926
-1.0803
-1.067
-1.0527
-1.0374
-1.0211
-1.0037
-0.98539
-0.96606
-0.94575
-0.92446
-0.9022
-0.87899
-0.85484
-0.82976
-0.80378
-0.7769
-0.74915
-0.72055
-0.69112
-0.6609
-0.6299
-0.59815
-0.56569
-0.53255
-0.49877
-0.46437
-0.42941
-0.3939
-0.35791
-0.32147
-0.28462
-0.24741
-0.20989
-0.1721
-0.13408
-0.095897
-0.057588
-0.019204
0.019151
0.05731
0.095445
0.28648
0.17188
0.05731
-0.057471
-0.17234
-0.28698
-0.40126
-0.51502
-0.62812
-0.74041
-0.85176
-0.96204
-1.0711
-1.1788
-1.285
-1.3897
-1.4926
-1.5937
-1.6929
-1.79
-1.885
-1.9778
-2.0683
-2.1563
-2.2419
-2.325
-2.4054
-2.4832
-2.5582
-2.6305
-2.6999
-2.7665
-2.8303
-2.8911
-2.9489
-3.0038
-3.0556
-3.1045
-3.1504
-3.1932
-3.2329
-3.2697
-3.3033
-3.3339
-3.3615
-3.386
-3.4074
-3.4257
-3.441
-3.4533
-3.4625
-3.4686
-3.4716
-3.4716
-3.4686
-3.4625
-3.4533
-3.441
-3.4257
-3.4074
-3.386
-3.3615
-3.3339
-3.3033
-3.2697
-3.2329
-3.1932
-3.1504
-3.1045
-3.0556
-3.0038
-2.9489
-2.8911
-2.8303
-2.7665
-2.6999
-2.6305
-2.5582
-2.4832
-2.4054
-2.325
-2.2419
-2.1563
-2.0683
-1.9778
-1.885
-1.79
-1.6929
-1.5937
-1.4926
-1.3897
-1.285
-1.1788
-1.0711
-0.96204
-0.85176
-0.74041
-0.62812
-0.51502
-0.40126
-0.28698
-0.17234
-0.057471
0.05731
0.17188
0.28648
0.47756
0.28648
0.095445
-0.095712
-0.28701
-0.47794
-0.66826
-0.85771
-1.0461
-1.2331
-1.4185
-1.6022
-1.7838
-1.9632
-2.1401
-2.3144
-2.4858
-2.6542
-2.8194
-2.9811
-3.1393
-3.2938
-3.4445
-3.5911
-3.7337
-3.872
-4.006
-4.1355
-4.2605
-4.3808
-4.4965
-4.6074
-4.7135
-4.8148
-4.9111
-5.0025
-5.0889
-5.1703
-5.2466
-5.3179
-5.3841
-5.4453
-5.5014
-5.5523
-5.5982
-5.639
-5.6747
-5.7053
-5.7307
-5.7511
-5.7664
-5.7766
-5.7817
-5.7817
-5.7766
-5.7664
-5.7511
-5.7307
-5.7053
-5.6747
-5.639
-5.5982
-5.5523
-5.5014
-5.4453
-5.3841
-5.3179
-5.2466
-5.1703
-5.0889
-5.0025
-4.9111
-4.8148
-4.7135
-4.6074
-4.4965
-4.3808
-4.2605
-4.1355
-4.006
-3.872
-3.7337
-3.5911
-3.4445
-3.2938
-3.1393
-2.9811
-2.8194
-2.6542
-2.4858
-2.3144
-2.1401
-1.9632
-1.7838
-1.6022
-1.4185
-1.2331
-1.0461
-0.85771
-0.66826
-0.47794
-0.28701
-0.095712
0.095445
0.28648
0.47756
