0.39165
0.23492
0.078262
-0.078481
-0.23535
-0.39196
-0.54811
-0.70363
-0.85835
-1.0121
-1.1647
-1.3159
-1.4657
-1.6138
-1.7601
-1.9044
-2.0466
-2.1865
-2.324
-2.459
-2.5912
-2.7206
-2.8471
-2.9705
-3.0907
-3.2076
-3.3212
-3.4312
-3.5376
-3.6404
-3.7394
-3.8346
-3.9259
-4.0133
-4.0965
-4.1758
-4.2508
-4.3217
-4.3883
-4.4507
-4.5087
-4.5624
-4.6117
-4.6567
-4.6972
-4.7332
-4.7648
-4.7919
-4.8145
-4.8326
-4.8461
-4.8552
-4.8597
-4.8597
-4.8552
-4.8461
-4.8326
-4.8145
-4.7919
-4.7648
-4.7332
-4.6972
-4.6567
-4.6117
-4.5624
-4.5087
-4.4507
-4.3883
-4.3217
-4.2508
-4.1758
-4.0965
-4.0133
-3.9259
-3.8346
-3.7394
-3.6404
-3.5376
-3.4312
-3.3212
-3.2076
-3.0907
-2.9705
-2.8471
-2.7206
-2.5912
-2.459
-2.324
-2.1865
-2.0466
-1.9044
-1.7601
-1.6138
-1.4657
-1.3159
-1.1647
-1.0121
-0.85835
-0.70363
-0.54811
-0.39196
-0.23535
-0.078481
0.078262
0.23492
0.39165
0.23492
0.14093
0.046988
-0.04712
-0.14131
-0.23533
-0.32908
-0.42246
-0.51535
-0.60766
-0.69927
-0.79009
-0.88001
-0.96894
-1.0568
-1.1434
-1.2288
-1.3128
-1.3954
-1.4764
-1.5558
-1.6335
-1.7094
-1.7835
-1.8557
-1.9259
-1.994
-2.0601
-2.124
-2.1857
-2.2452
-2.3023
-2.3571
-2.4096
-2.4596
-2.5071
-2.5522
-2.5947
-2.6347
-2.6722
-2.707
-2.7393
-2.7689
-2.7959
-2.8202
-2.8418
-2.8608
-2.877
-2.8906
-2.9015
-2.9096
-2.915
-2.9178
-2.9178
-2.915
-2.9096
-2.9015
-2.8906
-2.877
-2.8608
-2.8418
-2.8202
-2.7959
-2.7689
-2.7393
-2.707
-2.6722
-2.6347
-2.5947
-2.5522
-2.5071
-2.4596
-2.4096
-2.3571
-2.3023
-2.2452
-2.1857
-2.124
-2.0601
-1.994
-1.9259
-1.8557
-1.7835
-1.7094
-1.6335
-1.5558
-1.4764
-1.3954
-1.3128
-1.2288
-1.1434
-1.0568
-0.96894
-0.88001
-0.79009
-0.69927
-0.60766
-0.51535
-0.42246
-0.32908
-0.23533
-0.14131
-0.04712
0.046988
0.14093
0.23492
0.078262
0.046988
0.015701
-0.015745
-0.047216
-0.078633
-0.10996
-0.14116
-0.1722
-0.20304
-0.23365
-0.264
-0.29405
-0.32376
-0.35311
-0.38206
-0.41059
-0.43866
-0.46624
-0.49332
-0.51984
-0.54581
-0.57118
-0.59593
-0.62005
-0.64351
-0.66628
-0.68836
-0.70971
-0.73033
-0.7502
-0.7693
-0.78761
-0.80513
-0.82184
-0.83773
-0.85279
-0.86701
-0.88038
-0.89289
-0.90453
-0.9153
-0.9252
-0.93421
-0.94233
-0.94956
-0.9559
-0.96133
-0.96587
-0.9695
-0.97222
-0.97404
-0.97495
-0.97495
-0.97404
-0.97222
-0.9695
-0.96587
-0.96133
-0.9559
-0.94956
-0.94233
-0.93421
-0.9252
-0.9153
-0.90453
-0.89289
-0.88038
-0.86701
-0.85279
-0.83773
-0.82184
-0.80513
-0.78761
-0.7693
-0.7502
-0.73033
-0.70971
-0.68836
-0.66628
-0.64351
-0.62005
-0.59593
-0.57118
-0.54581
-0.51984
-0.49332
-0.46624
-0.43866
-0.41059
-0.38206
-0.35311
-0.32376
-0.29405
-0.264
-0.23365
-0.20304
-0.1722
-0.14116
-0.10996
-0.078633
-0.047216
-0.015745
0.015701
0.046988
0.078262
-0.078481
-0.04712
-0.015745
0.015789
0.047348
0.078852
0.11027
0.14155
0.17268
0.20361
0.23431
0.26474
0.29487
0.32466
0.3541
0.38313
0.41174
0.43988
0.46754
0.49469
0.52129
0.54733
0.57277
0.5976
0.62178
0.6453
0.66814
0.69028
0.71169
0.73237
0.75229
0.77144
0.78981
0.80738
0.82413
0.84007
0.85517
0.86942
0.88283
0.89538
0.90705
0.91786
0.92778
0.93682
0.94496
0.95221
0.95856
0.96401
0.96856
0.9722
0.97493
0.97675
0.97766
0.97766
0.97675
0.97493
0.9722
0.96856
0.96401
0.95856
0.95221
0.94496
0.93682
0.92778
0.91786
0.90705
0.89538
0.88283
0.86942
0.85517
0.84007
0.82413
0.80738
0.78981
0.77144
0.75229
0.73237
0.71169
0.69028
0.66814
0.6453
0.62178
0.5976
0.57277
0.54733
0.52129
0.49469
0.46754
0.43988
0.41174
0.38313
0.3541
0.32466
0.29487
0.26474
0.23431
0.20361
0.17268
0.14155
0.11027
0.078852
0.047348
0.015789
-0.015745
-0.04712
-0.078481
-0.23535
-0.14131
-0.047216
0.047348
0.14199
0.23647
0.33067
0.4245
0.51784
0.61059
0.70265
0.79391
0.88426
0.97362
1.0619
1.1489
1.2347
1.3191
1.4021
1.4835
1.5633
1.6414
1.7177
1.7921
1.8646
1.9352
2.0037
2.07
2.1343
2.1963
2.256
2.3134
2.3685
2.4212
2.4715
2.5192
2.5645
2.6073
2.6475
2.6851
2.7201
2.7525
2.7823
2.8094
2.8338
2.8555
2.8746
2.8909
2.9046
2.9155
2.9237
2.9291
2.9319
2.9319
2.9291
2.9237
2.9155
2.9046
2.8909
2.8746
2.8555
2.8338
2.8094
2.7823
2.7525
2.7201
2.6851
2.6475
2.6073
2.5645
2.5192
2.4715
2.4212
2.3685
2.3134
2.256
2.1963
2.1343
2.07
2.0037
1.9352
1.8646
1.7921
1.7177
1.6414
1.5633
1.4835
1.4021
1.3191
1.2347
1.1489
1.0619
0.97362
0.88426
0.79391
0.70265
0.61059
0.51784
0.4245
0.33067
0.23647
0.14199
0.047348
-0.047216
-0.14131
-0.23535
-0.39196
-0.23533
-0.078633
0.078852
0.23647
0.39381
0.5507
0.70696
0.86241
1.0169
1.1702
1.3222
1.4726
1.6215
1.7684
1.9134
2.0563
2.1969
2.335
2.4706
2.6035
2.7335
2.8606
2.9845
3.1053
3.2228
3.3369
3.4474
3.5544
3.6576
3.7571
3.8528
3.9445
4.0322
4.1159
4.1955
4.2709
4.3421
4.4091
4.4717
4.5301
4.584
4.6336
4.6787
4.7194
4.7556
4.7873
4.8145
4.8372
4.8554
4.8691
4.8782
4.8827
4.8827
4.8782
4.8691
4.8554
4.8372
4.8145
4.7873
4.7556
4.7194
4.6787
4.6336
4.584
4.5301
4.4717
4.4091
4.3421
4.2709
4.1955
4.1159
4.0322
3.9445
3.8528
3.7571
3.6576
3.5544
3.4474
3.3369
3.2228
3.1053
2.9845
2.8606
2.7335
2.6035
2.4706
2.335
2.1969
2.0563
1.9134
1.7684
1.6215
1.4726
1.3222
1.1702
1.0169
0.86241
0.70696
0.5507
0.39381
0.23647
0.078852
-0.078633
-0.23533
-0.39196
-0.54811
-0.32908
-0.10996
0.11027
0.33067
0.5507
0.7701
0.98861
1.206
1.422
1.6364
1.8489
2.0593
2.2674
2.473
2.6758
2.8755
3.0721
3.2653
3.4549
3.6407
3.8225
4.0002
4.1736
4.3425
4.5068
4.6663
4.8209
4.9704
5.1148
5.254
5.3877
5.516
5.6387
5.7557
5.867
5.9724
6.072
6.1656
6.2532
6.3348
6.4103
6.4796
6.5427
6.5996
6.6502
6.6946
6.7326
6.7644
6.7898
6.8089
6.8216
6.8279
6.8279
6.8216
6.8089
6.7898
6.7644
6.7326
6.6946
6.6502
6.5996
6.5427
6.4796
6.4103
6.3348
6.2532
6.1656
6.072
5.9724
5.867
5.7557
5.6387
5.516
5.3877
5.254
5.1148
4.9704
4.8209
4.6663
4.5068
4.3425
4.1736
4.0002
3.8225
3.6407
3.4549
3.2653
3.0721
2.8755
2.6758
2.473
2.2674
2.0593
1.8489
1.6364
1.422
1.206
0.98861
0.7701
0.5507
0.33067
0.11027
-0.10996
-0.32908
-0.54811
-0.70363
-0.42246
-0.14116
0.14155
0.4245
0.70696
0.98861
1.2691
1.5482
1.8255
2.1007
2.3735
2.6437
2.9108
3.1747
3.435
3.6915
3.9438
4.1918
4.4352
4.6737
4.9071
5.1353
5.3578
5.5746
5.7855
5.9903
6.1888
6.3808
6.5662
6.7448
6.9165
7.0811
7.2386
7.3889
7.5317
7.6671
7.7949
7.9151
8.0276
8.1323
8.2291
8.3181
8.3991
8.4722
8.5372
8.5941
8.643
8.6837
8.7164
8.7409
8.7572
8.7654
8.7654
8.7572
8.7409
8.7164
8.6837
8.643
8.5941
8.5372
8.4722
8.3991
8.3181
8.2291
8.1323
8.0276
7.9151
7.7949
7.6671
7.5317
7.3889
7.2386
7.0811
6.9165
6.7448
6.5662
6.3808
6.1888
5.9903
5.7855
5.5746
5.3578
5.1353
4.9071
4.6737
4.4352
4.1918
3.9438
3.6915
3.435
3.1747
2.9108
2.6437
2.3735
2.1007
1.8255
1.5482
1.2691
0.98861
0.70696
0.4245
0.14155
-0.14116
-0.42246
-0.70363
-0.85835
-0.51535
-0.1722
0.17268
0.51784
0.86241
1.206
1.5482
1.8886
2.2269
2.5626
2.8954
3.225
3.5509
3.8728
4.1903
4.5032
4.811
5.1136
5.4105
5.7014
5.9862
6.2644
6.5359
6.8004
7.0577
7.3075
7.5496
7.7838
8.01
8.2278
8.4373
8.6382
8.8303
9.0136
9.1878
9.353
9.5089
9.6555
9.7928
9.9205
10.039
10.147
10.246
10.335
10.414
10.484
10.543
10.593
10.633
10.663
10.683
10.693
10.693
10.683
10.663
10.633
10.593
10.543
10.484
10.414
10.335
10.246
10.147
10.039
9.9205
9.7928
9.6555
9.5089
9.353
9.1878
9.0136
8.8303
8.6382
8.4373
8.2278
8.01
7.7838
7.5496
7.3075
7.0577
6.8004
6.5359
6.2644
5.9862
5.7014
5.4105
5.1136
4.811
4.5032
4.1903
3.8728
3.5509
3.225
2.8954
2.5626
2.2269
1.8886
1.5482
1.206
0.86241
0.51784
0.17268
-0.1722
-0.51535
-0.85835
-1.0121
-0.60766
-0.20304
0.20361
0.61059
1.0169
1.422
1.8255
2.2269
2.6257
3.0216
3.414
3.8026
4.1869
4.5664
4.9408
5.3097
5.6727
6.0294
6.3795
6.7226
7.0583
7.3864
7.7066
8.0185
8.3218
8.6163
8.9018
9.178
9.4446
9.7015
9.9485
10.185
10.412
10.628
10.833
11.028
11.212
11.385
11.547
11.697
11.837
11.965
12.081
12.186
12.28
12.362
12.432
12.491
12.537
12.573
12.596
12.608
12.608
12.596
12.573
12.537
12.491
12.432
12.362
12.28
12.186
12.081
11.965
11.837
11.697
11.547
11.385
11.212
11.028
10.833
10.628
10.412
10.185
9.9485
9.7015
9.4446
9.178
8.9018
8.6163
8.3218
8.0185
7.7066
7.3864
7.0583
6.7226
6.3795
6.0294
5.6727
5.3097
4.9408
4.5664
4.1869
3.8026
3.414
3.0216
2.6257
2.2269
1.8255
1.422
1.0169
0.61059
0.20361
-0.20304
-0.60766
-1.0121
-1.1647
-0.69927
-0.23365
0.23431
0.70265
1.1702
1.6364
2.1007
2.5626
3.0216
3.4772
3.9287
4.3759
4.8181
5.2548
5.6857
6.1102
6.528
6.9385
7.3413
7.7361
8.1225
8.5
8.8684
9.2273
9.5764
9.9154
10.244
10.562
10.869
11.164
11.448
11.721
11.982
12.23
12.467
12.691
12.902
13.101
13.288
13.461
13.621
13.768
13.903
14.023
14.131
14.225
14.306
14.374
14.428
14.468
14.495
14.509
14.509
14.495
14.468
14.428
14.374
14.306
14.225
14.131
14.023
13.903
13.768
13.621
13.461
13.288
13.101
12.902
12.691
12.467
12.23
11.982
11.721
11.448
11.164
10.869
10.562
10.244
9.9154
9.5764
9.2273
8.8684
8.5
8.1225
7.7361
7.3413
6.9385
6.528
6.1102
5.6857
5.2548
4.8181
4.3759
3.9287
3.4772
3.0216
2.5626
2.1007
1.6364
1.1702
0.70265
0.23431
-0.23365
-0.69927
-1.1647
-1.3159
-0.79009
-0.264
0.26474
0.79391
1.3222
1.8489
2.3735
2.8954
3.414
3.9287
4.439
4.9442
5.4438
5.9373
6.4241
6.9038
7.3758
7.8396
8.2948
8.7408
9.1774
9.604
10.02
10.426
10.82
11.203
11.574
11.933
12.28
12.614
12.935
13.243
13.538
13.819
14.086
14.339
14.578
14.803
15.013
15.209
15.39
15.557
15.708
15.845
15.966
16.073
16.164
16.24
16.301
16.347
16.378
16.393
16.393
16.378
16.347
16.301
16.24
16.164
16.073
15.966
15.845
15.708
15.557
15.39
15.209
15.013
14.803
14.578
14.339
14.086
13.819
13.538
13.243
12.935
12.614
12.28
11.933
11.574
11.203
10.82
10.426
10.02
9.604
9.1774
8.7408
8.2948
7.8396
7.3758
6.9038
6.4241
5.9373
5.4438
4.9442
4.439
3.9287
3.414
2.8954
2.3735
1.8489
1.3222
0.79391
0.26474
-0.264
-0.79009
-1.3159
-1.4657
-0.88001
-0.29405
0.29487
0.88426
1.4726
2.0593
2.6437
3.225
3.8026
4.3759
4.9442
5.5069
6.0634
6.6131
7.1553
7.6895
8.2152
8.7318
9.2388
9.7356
10.222
10.697
11.161
11.612
12.052
12.478
12.892
13.292
13.678
14.05
14.407
14.75
15.078
15.391
15.689
15.971
16.237
16.488
16.722
16.94
17.142
17.327
17.496
17.648
17.783
17.902
18.004
18.089
18.157
18.208
18.242
18.259
18.259
18.242
18.208
18.157
18.089
18.004
17.902
17.783
17.648
17.496
17.327
17.142
16.94
16.722
16.488
16.237
15.971
15.689
15.391
15.078
14.75
14.407
14.05
13.678
13.292
12.892
12.478
12.052
11.612
11.161
10.697
10.222
9.7356
9.2388
8.7318
8.2152
7.6895
7.1553
6.6131
6.0634
5.5069
4.9442
4.3759
3.8026
3.225
2.6437
2.0593
1.4726
0.88426
0.29487
-0.29405
-0.88001
-1.4657
-1.6138
-0.96894
-0.32376
0.32466
0.97362
1.6215
2.2674
2.9108
3.5509
4.1869
4.8181
5.4438
6.0634
6.6761
7.2813
7.8784
8.4666
9.0454
9.6142
10.172
10.719
11.255
11.778
12.288
12.786
13.269
13.739
14.194
14.635
15.06
15.47
15.863
16.241
16.602
16.947
17.274
17.585
17.878
18.154
18.412
18.652
18.874
19.078
19.264
19.431
19.581
19.711
19.823
19.917
19.992
20.048
20.085
20.104
20.104
20.085
20.048
19.992
19.917
19.823
19.711
19.581
19.431
19.264
19.078
18.874
18.652
18.412
18.154
17.878
17.585
17.274
16.947
16.602
16.241
15.863
15.47
15.06
14.635
14.194
13.739
13.269
12.786
12.288
11.778
11.255
10.719
10.172
9.6142
9.0454
8.4666
7.8784
7.2813
6.6761
6.0634
5.4438
4.8181
4.1869
3.5509
2.9108
2.2674
1.6215
0.97362
0.32466
-0.32376
-0.96894
-1.6138
-1.7601
-1.0568
-0.35311
0.3541
1.0619
1.7684
2.473
3.1747
3.8728
4.5664
5.2548
5.9373
6.6131
7.2813
7.9414
8.5925
9.2341
9.8654
10.486
11.095
11.691
12.275
12.846
13.402
13.945
14.472
14.985
15.481
15.961
16.425
16.872
17.301
17.713
18.107
18.483
18.84
19.179
19.499
19.799
20.081
20.343
20.585
20.808
21.01
21.193
21.356
21.498
21.62
21.722
21.804
21.865
21.906
21.926
21.926
21.906
21.865
21.804
21.722
21.62
21.498
21.356
21.193
21.01
20.808
20.585
20.343
20.081
19.799
19.499
19.179
18.84
18.483
18.107
17.713
17.301
16.872
16.425
15.961
15.481
14.985
14.472
13.945
13.402
12.846
12.275
11.691
11.095
10.486
9.8654
9.2341
8.5925
7.9414
7.2813
6.6131
5.9373
5.2548
4.5664
3.8728
3.1747
2.473
1.7684
1.0619
0.3541
-0.35311
-1.0568
-1.7601
-1.9044
-1.1434
-0.38206
0.38313
1.1489
1.9134
2.6758
3.435
4.1903
4.9408
5.6857
6.4241
7.1553
7.8784
8.5925
9.2971
9.9913
10.674
11.346
12.004
12.65
13.282
13.899
14.501
15.088
15.659
16.213
16.75
17.27
17.772
18.255
18.72
19.166
19.592
19.999
20.385
20.752
21.098
21.423
21.727
22.011
22.273
22.514
22.733
22.931
23.107
23.261
23.393
23.503
23.592
23.658
23.702
23.724
23.724
23.702
23.658
23.592
23.503
23.393
23.261
23.107
22.931
22.733
22.514
22.273
22.011
21.727
21.423
21.098
20.752
20.385
19.999
19.592
19.166
18.72
18.255
17.772
17.27
16.75
16.213
15.659
15.088
14.501
13.899
13.282
12.65
12.004
11.346
10.674
9.9913
9.2971
8.5925
7.8784
7.1553
6.4241
5.6857
4.9408
4.1903
3.435
2.6758
1.9134
1.1489
0.38313
-0.38206
-1.1434
-1.9044
-2.0466
-1.2288
-0.41059
0.41174
1.2347
2.0563
2.8755
3.6915
4.5032
5.3097
6.1102
6.9038
7.6895
8.4666
9.2341
9.9913
10.737
11.471
12.193
12.901
13.594
14.273
14.937
15.584
16.215
16.828
17.424
18.001
18.56
19.099
19.618
20.118
20.597
21.055
21.492
21.907
22.301
22.673
23.022
23.35
23.654
23.936
24.195
24.43
24.643
24.832
24.997
25.14
25.258
25.353
25.424
25.472
25.496
25.496
25.472
25.424
25.353
25.258
25.14
24.997
24.832
24.643
24.43
24.195
23.936
23.654
23.35
23.022
22.673
22.301
21.907
21.492
21.055
20.597
20.118
19.618
19.099
18.56
18.001
17.424
16.828
16.215
15.584
14.937
14.273
13.594
12.901
12.193
11.471
10.737
9.9913
9.2341
8.4666
7.6895
6.9038
6.1102
5.3097
4.5032
3.6915
2.8755
2.0563
1.2347
0.41174
-0.41059
-1.2288
-2.0466
-2.1865
-1.3128
-0.43866
0.43988
1.3191
2.1969
3.0721
3.9438
4.811
5.6727
6.528
7.3758
8.2152
9.0454
9.8654
10.674
11.471
12.256
13.026
13.782
14.524
15.249
15.958
16.65
17.323
17.979
18.615
19.232
19.828
20.404
20.959
21.493
22.005
22.494
22.961
23.405
23.826
24.223
24.596
24.946
25.271
25.572
25.849
26.1
26.327
26.529
26.706
26.858
26.985
27.086
27.162
27.213
27.239
27.239
27.213
27.162
27.086
26.985
26.858
26.706
26.529
26.327
26.1
25.849
25.572
25.271
24.946
24.596
24.223
23.826
23.405
22.961
22.494
22.005
21.493
20.959
20.404
19.828
19.232
18.615
17.979
17.323
16.65
15.958
15.249
14.524
13.782
13.026
12.256
11.471
10.674
9.8654
9.0454
8.2152
7.3758
6.528
5.6727
4.811
3.9438
3.0721
2.1969
1.3191
0.43988
-0.43866
-1.3128
-2.1865
-2.324
-1.3954
-0.46624
0.46754
1.4021
2.335
3.2653
4.1918
5.1136
6.0294
6.9385
7.8396
8.7318
9.6142
10.486
11.346
12.193
13.026
13.845
14.649
15.437
16.208
16.961
17.696
18.413
19.109
19.786
20.441
21.075
21.688
22.277
22.845
23.388
23.909
24.405
24.877
25.324
25.746
26.143
26.515
26.86
27.18
27.474
27.742
27.983
28.198
28.386
28.547
28.682
28.79
28.87
28.924
28.951
28.951
28.924
28.87
28.79
28.682
28.547
28.386
28.198
27.983
27.742
27.474
27.18
26.86
26.515
26.143
25.746
25.324
24.877
24.405
23.909
23.388
22.845
22.277
21.688
21.075
20.441
19.786
19.109
18.413
17.696
16.961
16.208
15.437
14.649
13.845
13.026
12.193
11.346
10.486
9.6142
8.7318
7.8396
6.9385
6.0294
5.1136
4.1918
3.2653
2.335
1.4021
0.46754
-0.46624
-1.3954
-2.324
-2.459
-1.4764
-0.49332
0.49469
1.4835
2.4706
3.4549
4.4352
5.4105
6.3795
7.3413
8.2948
9.2388
10.172
11.095
12.004
12.901
13.782
14.649
15.5
16.333
17.149
17.946
18.724
19.482
20.219
20.934
21.628
22.299
22.947
23.571
24.171
24.746
25.297
25.822
26.321
26.794
27.241
27.661
28.054
28.42
28.758
29.069
29.352
29.608
29.835
30.034
30.205
30.347
30.461
30.547
30.604
30.632
30.632
30.604
30.547
30.461
30.347
30.205
30.034
29.835
29.608
29.352
29.069
28.758
28.42
28.054
27.661
27.241
26.794
26.321
25.822
25.297
24.746
24.171
23.571
22.947
22.299
21.628
20.934
20.219
19.482
18.724
17.946
17.149
16.333
15.5
14.649
13.782
12.901
12.004
11.095
10.172
9.2388
8.2948
7.3413
6.3795
5.4105
4.4352
3.4549
2.4706
1.4835
0.49469
-0.49332
-1.4764
-2.459
-2.5912
-1.5558
-0.51984
0.52129
1.5633
2.6035
3.6407
4.6737
5.7014
6.7226
7.7361
8.7408
9.7356
10.719
11.691
12.65
13.594
14.524
15.437
16.333
17.212
18.071
18.911
19.731
20.529
21.306
22.06
22.791
23.498
24.181
24.839
25.471
26.077
26.657
27.211
27.737
28.235
28.706
29.149
29.563
29.948
30.305
30.633
30.931
31.2
31.439
31.649
31.829
31.979
32.099
32.19
32.25
32.28
32.28
32.25
32.19
32.099
31.979
31.829
31.649
31.439
31.2
30.931
30.633
30.305
29.948
29.563
29.149
28.706
28.235
27.737
27.211
26.657
26.077
25.471
24.839
24.181
23.498
22.791
22.06
21.306
20.529
19.731
18.911
18.071
17.212
16.333
15.437
14.524
13.594
12.65
11.691
10.719
9.7356
8.7408
7.7361
6.7226
5.7014
4.6737
3.6407
2.6035
1.5633
0.52129
-0.51984
-1.5558
-2.5912
-2.7206
-1.6335
-0.54581
0.54733
1.6414
2.7335
3.8225
4.9071
5.9862
7.0583
8.1225
9.1774
10.222
11.255
12.275
13.282
14.273
15.249
16.208
17.149
18.071
18.974
19.856
20.716
21.555
22.37
23.162
23.929
24.672
25.388
26.079
26.743
27.38
27.989
28.57
29.122
29.645
30.14
30.604
31.039
31.444
31.819
32.163
32.476
32.758
33.01
33.23
33.419
33.576
33.703
33.797
33.86
33.892
33.892
33.86
33.797
33.703
33.576
33.419
33.23
33.01
32.758
32.476
32.163
31.819
31.444
31.039
30.604
30.14
29.645
29.122
28.57
27.989
27.38
26.743
26.079
25.388
24.672
23.929
23.162
22.37
21.555
20.716
19.856
18.974
18.071
17.149
16.208
15.249
14.273
13.282
12.275
11.255
10.222
9.1774
8.1225
7.0583
5.9862
4.9071
3.8225
2.7335
1.6414
0.54733
-0.54581
-1.6335
-2.7206
-2.8471
-1.7094
-0.57118
0.57277
1.7177
2.8606
4.0002
5.1353
6.2644
7.3864
8.5
9.604
10.697
11.778
12.846
13.899
14.937
15.958
16.961
17.946
18.911
19.856
20.779
21.679
22.557
23.41
24.239
25.042
25.819
26.569
27.291
27.986
28.652
29.29
29.898
30.476
31.023
31.541
32.027
32.482
32.906
33.298
33.658
33.985
34.281
34.544
34.774
34.972
35.137
35.269
35.368
35.434
35.467
35.467
35.434
35.368
35.269
35.137
34.972
34.774
34.544
34.281
33.985
33.658
33.298
32.906
32.482
32.027
31.541
31.023
30.476
29.898
29.29
28.652
27.986
27.291
26.569
25.819
25.042
24.239
23.41
22.557
21.679
20.779
19.856
18.911
17.946
16.961
15.958
14.937
13.899
12.846
11.778
10.697
9.604
8.5
7.3864
6.2644
5.1353
4.0002
2.8606
1.7177
0.57277
-0.57118
-1.7094
-2.8471
-2.9705
-1.7835
-0.59593
0.5976
1.7921
2.9845
4.1736
5.3578
6.5359
7.7066
8.8684
10.02
11.161
12.288
13.402
14.501
15.584
16.65
17.696
18.724
19.731
20.716
21.679
22.619
23.534
24.425
25.289
26.127
26.938
27.72
28.474
29.199
29.894
30.559
31.193
31.796
32.368
32.908
33.415
33.89
34.332
34.741
35.116
35.458
35.767
36.041
36.282
36.488
36.66
36.798
36.901
36.97
37.005
37.005
36.97
36.901
36.798
36.66
36.488
36.282
36.041
35.767
35.458
35.116
34.741
34.332
33.89
33.415
32.908
32.368
31.796
31.193
30.559
29.894
29.199
28.474
27.72
26.938
26.127
25.289
24.425
23.534
22.619
21.679
20.716
19.731
18.724
17.696
16.65
15.584
14.501
13.402
12.288
11.161
10.02
8.8684
7.7066
6.5359
5.3578
4.1736
2.9845
1.7921
0.5976
-0.59593
-1.7835
-2.9705
-3.0907
-1.8557
-0.62005
0.62178
1.8646
3.1053
4.3425
5.5746
6.8004
8.0185
9.2273
10.426
11.612
12.786
13.945
15.088
16.215
17.323
18.413
19.482
20.529
21.555
22.557
23.534
24.487
25.413
26.312
27.184
28.028
28.842
29.626
30.381
31.104
31.796
32.456
33.083
33.678
34.239
34.767
35.261
35.721
36.147
36.538
36.893
37.214
37.5
37.75
37.965
38.144
38.287
38.394
38.466
38.502
38.502
38.466
38.394
38.287
38.144
37.965
37.75
37.5
37.214
36.893
36.538
36.147
35.721
35.261
34.767
34.239
33.678
33.083
32.456
31.796
31.104
30.381
29.626
28.842
28.028
27.184
26.312
25.413
24.487
23.534
22.557
21.555
20.529
19.482
18.413
17.323
16.215
15.088
13.945
12.786
11.612
10.426
9.2273
8.0185
6.8004
5.5746
4.3425
3.1053
1.8646
0.62178
-0.62005
-1.8557
-3.0907
-3.2076
-1.9259
-0.64351
0.6453
1.9352
3.2228
4.5068
5.7855
7.0577
8.3218
9.5764
10.82
12.052
13.269
14.472
15.659
16.828
17.979
19.109
20.219
21.306
22.37
23.41
24.425
25.413
26.374
27.308
28.213
29.088
29.933
30.747
31.53
32.281
32.999
33.684
34.335
34.952
35.535
36.083
36.595
37.073
37.514
37.92
38.289
38.622
38.918
39.178
39.401
39.587
39.735
39.847
39.921
39.959
39.959
39.921
39.847
39.735
39.587
39.401
39.178
38.918
38.622
38.289
37.92
37.514
37.073
36.595
36.083
35.535
34.952
34.335
33.684
32.999
32.281
31.53
30.747
29.933
29.088
28.213
27.308
26.374
25.413
24.425
23.41
22.37
21.306
20.219
19.109
17.979
16.828
15.659
14.472
13.269
12.052
10.82
9.5764
8.3218
7.0577
5.7855
4.5068
3.2228
1.9352
0.6453
-0.64351
-1.9259
-3.2076
-3.3212
-1.994
-0.66628
0.66814
2.0037
3.3369
4.6663
5.9903
7.3075
8.6163
9.9154
11.203
12.478
13.739
14.985
16.213
17.424
18.615
19.786
20.934
22.06
23.162
24.239
25.289
26.312
27.308
28.274
29.211
30.117
30.992
31.836
32.646
33.423
34.167
34.876
35.55
36.189
36.792
37.36
37.891
38.385
38.842
39.262
39.644
39.989
40.296
40.565
40.795
40.988
41.142
41.257
41.334
41.373
41.373
41.334
41.257
41.142
40.988
40.795
40.565
40.296
39.989
39.644
39.262
38.842
38.385
37.891
37.36
36.792
36.189
35.55
34.876
34.167
33.423
32.646
31.836
30.992
30.117
29.211
28.274
27.308
26.312
25.289
24.239
23.162
22.06
20.934
19.786
18.615
17.424
16.213
14.985
13.739
12.478
11.203
9.9154
8.6163
7.3075
5.9903
4.6663
3.3369
2.0037
0.66814
-0.66628
-1.994
-3.3212
-3.4312
-2.0601
-0.68836
0.69028
2.07
3.4474
4.8209
6.1888
7.5496
8.9018
10.244
11.574
12.892
14.194
15.481
16.75
18.001
19.232
20.441
21.628
22.791
23.929
25.042
26.127
27.184
28.213
29.211
30.179
31.115
32.019
32.89
33.728
34.531
35.299
36.031
36.728
37.388
38.011
38.598
39.146
39.657
40.129
40.563
40.958
41.314
41.631
41.909
42.147
42.346
42.505
42.624
42.704
42.744
42.744
42.704
42.624
42.505
42.346
42.147
41.909
41.631
41.314
40.958
40.563
40.129
39.657
39.146
38.598
38.011
37.388
36.728
36.031
35.299
34.531
33.728
32.89
32.019
31.115
30.179
29.211
28.213
27.184
26.127
25.042
23.929
22.791
21.628
20.441
19.232
18.001
16.75
15.481
14.194
12.892
11.574
10.244
8.9018
7.5496
6.1888
4.8209
3.4474
2.07
0.69028
-0.68836
-2.0601
-3.4312
-3.5376
-2.124
-0.70971
0.71169
2.1343
3.5544
4.9704
6.3808
7.7838
9.178
10.562
11.933
13.292
14.635
15.961
17.27
18.56
19.828
21.075
22.299
23.498
24.672
25.819
26.938
28.028
29.088
30.117
31.115
32.081
33.013
33.911
34.774
35.602
36.394
37.149
37.867
38.548
39.191
39.795
40.361
40.887
41.374
41.821
42.228
42.596
42.923
43.209
43.455
43.66
43.824
43.947
44.029
44.07
44.07
44.029
43.947
43.824
43.66
43.455
43.209
42.923
42.596
42.228
41.821
41.374
40.887
40.361
39.795
39.191
38.548
37.867
37.149
36.394
35.602
34.774
33.911
33.013
32.081
31.115
30.117
29.088
28.028
26.938
25.819
24.672
23.498
22.299
21.075
19.828
18.56
17.27
15.961
14.635
13.292
11.933
10.562
9.178
7.7838
6.3808
4.9704
3.5544
2.1343
0.71169
-0.70971
-2.124
-3.5376
-3.6404
-2.1857
-0.73033
0.73237
2.1963
3.6576
5.1148
6.5662
8.01
9.4446
10.869
12.28
13.678
15.06
16.425
17.772
19.099
20.404
21.688
22.947
24.181
25.388
26.569
27.72
28.842
29.933
30.992
32.019
33.013
33.972
34.896
35.784
36.636
37.451
38.228
38.967
39.668
40.329
40.951
41.533
42.075
42.576
43.036
43.455
43.833
44.17
44.464
44.717
44.928
45.097
45.223
45.308
45.35
45.35
45.308
45.223
45.097
44.928
44.717
44.464
44.17
43.833
43.455
43.036
42.576
42.075
41.533
40.951
40.329
39.668
38.967
38.228
37.451
36.636
35.784
34.896
33.972
33.013
32.019
30.992
29.933
28.842
27.72
26.569
25.388
24.181
22.947
21.688
20.404
19.099
17.772
16.425
15.06
13.678
12.28
10.869
9.4446
8.01
6.5662
5.1148
3.6576
2.1963
0.73237
-0.73033
-2.1857
-3.6404
-3.7394
-2.2452
-0.7502
0.75229
2.256
3.7571
5.254
6.7448
8.2278
9.7015
11.164
12.614
14.05
15.47
16.872
18.255
19.618
20.959
22.277
23.571
24.839
26.079
27.291
28.474
29.626
30.747
31.836
32.89
33.911
34.896
35.845
36.758
37.633
38.47
39.268
40.027
40.747
41.426
42.065
42.663
43.219
43.734
44.207
44.637
45.026
45.371
45.674
45.933
46.15
46.324
46.454
46.54
46.584
46.584
46.54
46.454
46.324
46.15
45.933
45.674
45.371
45.026
44.637
44.207
43.734
43.219
42.663
42.065
41.426
40.747
40.027
39.268
38.47
37.633
36.758
35.845
34.896
33.911
32.89
31.836
30.747
29.626
28.474
27.291
26.079
24.839
23.571
22.277
20.959
19.618
18.255
16.872
15.47
14.05
12.614
11.164
9.7015
8.2278
6.7448
5.254
3.7571
2.256
0.75229
-0.7502
-2.2452
-3.7394
-3.8346
-2.3023
-0.7693
0.77144
2.3134
3.8528
5.3877
6.9165
8.4373
9.9485
11.448
12.935
14.407
15.863
17.301
18.72
20.118
21.493
22.845
24.171
25.471
26.743
27.986
29.199
30.381
31.53
32.646
33.728
34.774
35.784
36.758
37.693
38.591
39.449
40.268
41.046
41.784
42.481
43.136
43.749
44.32
44.847
45.332
45.774
46.172
46.526
46.837
47.103
47.325
47.503
47.636
47.725
47.77
47.77
47.725
47.636
47.503
47.325
47.103
46.837
46.526
46.172
45.774
45.332
44.847
44.32
43.749
43.136
42.481
41.784
41.046
40.268
39.449
38.591
37.693
36.758
35.784
34.774
33.728
32.646
31.53
30.381
29.199
27.986
26.743
25.471
24.171
22.845
21.493
20.118
18.72
17.301
15.863
14.407
12.935
11.448
9.9485
8.4373
6.9165
5.3877
3.8528
2.3134
0.77144
-0.7693
-2.3023
-3.8346
-3.9259
-2.3571
-0.78761
0.78981
2.3685
3.9445
5.516
7.0811
8.6382
10.185
11.721
13.243
14.75
16.241
17.713
19.166
20.597
22.005
23.388
24.746
26.077
27.38
28.652
29.894
31.104
32.281
33.423
34.531
35.602
36.636
37.633
38.591
39.51
40.388
41.227
42.024
42.779
43.492
44.163
44.791
45.375
45.915
46.412
46.864
47.271
47.634
47.952
48.224
48.452
48.634
48.77
48.861
48.907
48.907
48.861
48.77
48.634
48.452
48.224
47.952
47.634
47.271
46.864
46.412
45.915
45.375
44.791
44.163
43.492
42.779
42.024
41.227
40.388
39.51
38.591
37.633
36.636
35.602
34.531
33.423
32.281
31.104
29.894
28.652
27.38
26.077
24.746
23.388
22.005
20.597
19.166
17.713
16.241
14.75
13.243
11.721
10.185
8.6382
7.0811
5.516
3.9445
2.3685
0.78981
-0.78761
-2.3571
-3.9259
-4.0133
-2.4096
-0.80513
0.80738
2.4212
4.0322
5.6387
7.2386
8.8303
10.412
11.982
13.538
15.078
16.602
18.107
19.592
21.055
22.494
23.909
25.297
26.657
27.989
29.29
30.559
31.796
32.999
34.167
35.299
36.394
37.451
38.47
39.449
40.388
41.287
42.144
42.958
43.731
44.46
45.145
45.787
46.384
46.936
47.444
47.906
48.323
48.693
49.018
49.297
49.529
49.715
49.855
49.948
49.995
49.995
49.948
49.855
49.715
49.529
49.297
49.018
48.693
48.323
47.906
47.444
46.936
46.384
45.787
45.145
44.46
43.731
42.958
42.144
41.287
40.388
39.449
38.47
37.451
36.394
35.299
34.167
32.999
31.796
30.559
29.29
27.989
26.657
25.297
23.909
22.494
21.055
19.592
18.107
16.602
15.078
13.538
11.982
10.412
8.8303
7.2386
5.6387
4.0322
2.4212
0.80738
-0.80513
-2.4096
-4.0133
-4.0965
-2.4596
-0.82184
0.82413
2.4715
4.1159
5.7557
7.3889
9.0136
10.628
12.23
13.819
15.391
16.947
18.483
19.999
21.492
22.961
24.405
25.822
27.211
28.57
29.898
31.193
32.456
33.684
34.876
36.031
37.149
38.228
39.268
40.268
41.227
42.144
43.018
43.85
44.638
45.382
46.082
46.737
47.347
47.911
48.429
48.9
49.325
49.704
50.036
50.32
50.557
50.747
50.89
50.985
51.032
51.032
50.985
50.89
50.747
50.557
50.32
50.036
49.704
49.325
48.9
48.429
47.911
47.347
46.737
46.082
45.382
44.638
43.85
43.018
42.144
41.227
40.268
39.268
38.228
37.149
36.031
34.876
33.684
32.456
31.193
29.898
28.57
27.211
25.822
24.405
22.961
21.492
19.999
18.483
16.947
15.391
13.819
12.23
10.628
9.0136
7.3889
5.7557
4.1159
2.4715
0.82413
-0.82184
-2.4596
-4.0965
-4.1758
-2.5071
-0.83773
0.84007
2.5192
4.1955
5.867
7.5317
9.1878
10.833
12.467
14.086
15.689
17.274
18.84
20.385
21.907
23.405
24.877
26.321
27.737
29.122
30.476
31.796
33.083
34.335
35.55
36.728
37.867
38.967
40.027
41.046
42.024
42.958
43.85
44.698
45.501
46.26
46.973
47.641
48.262
48.837
49.365
49.846
50.279
50.665
51.003
51.293
51.535
51.728
51.874
51.971
52.019
52.019
51.971
51.874
51.728
51.535
51.293
51.003
50.665
50.279
49.846
49.365
48.837
48.262
47.641
46.973
46.26
45.501
44.698
43.85
42.958
42.024
41.046
40.027
38.967
37.867
36.728
35.55
34.335
33.083
31.796
30.476
29.122
27.737
26.321
24.877
23.405
21.907
20.385
18.84
17.274
15.689
14.086
12.467
10.833
9.1878
7.5317
5.867
4.1955
2.5192
0.84007
-0.83773
-2.5071
-4.1758
-4.2508
-2.5522
-0.85279
0.85517
2.5645
4.2709
5.9724
7.6671
9.353
11.028
12.691
14.339
15.971
17.585
19.179
20.752
22.301
23.826
25.324
26.794
28.235
29.645
31.023
32.368
33.678
34.952
36.189
37.388
38.548
39.668
40.747
41.784
42.779
43.731
44.638
45.501
46.319
47.091
47.818
48.497
49.13
49.715
50.252
50.742
51.183
51.576
51.92
52.215
52.461
52.658
52.806
52.905
52.954
52.954
52.905
52.806
52.658
52.461
52.215
51.92
51.576
51.183
50.742
50.252
49.715
49.13
48.497
47.818
47.091
46.319
45.501
44.638
43.731
42.779
41.784
40.747
39.668
38.548
37.388
36.189
34.952
33.678
32.368
31.023
29.645
28.235
26.794
25.324
23.826
22.301
20.752
19.179
17.585
15.971
14.339
12.691
11.028
9.353
7.6671
5.9724
4.2709
2.5645
0.85517
-0.85279
-2.5522
-4.2508
-4.3217
-2.5947
-0.86701
0.86942
2.6073
4.3421
6.072
7.7949
9.5089
11.212
12.902
14.578
16.237
17.878
19.499
21.098
22.673
24.223
25.746
27.241
28.706
30.14
31.541
32.908
34.239
35.535
36.792
38.011
39.191
40.329
41.426
42.481
43.492
44.46
45.382
46.26
47.091
47.877
48.615
49.306
49.949
50.544
51.09
51.588
52.036
52.436
52.785
53.086
53.336
53.536
53.687
53.787
53.837
53.837
53.787
53.687
53.536
53.336
53.086
52.785
52.436
52.036
51.588
51.09
50.544
49.949
49.306
48.615
47.877
47.091
46.26
45.382
44.46
43.492
42.481
41.426
40.329
39.191
38.011
36.792
35.535
34.239
32.908
31.541
30.14
28.706
27.241
25.746
24.223
22.673
21.098
19.499
17.878
16.237
14.578
12.902
11.212
9.5089
7.7949
6.072
4.3421
2.6073
0.86942
-0.86701
-2.5947
-4.3217
-4.3883
-2.6347
-0.88038
0.88283
2.6475
4.4091
6.1656
7.9151
9.6555
11.385
13.101
14.803
16.488
18.154
19.799
21.423
23.022
24.596
26.143
27.661
29.149
30.604
32.027
33.415
34.767
36.083
37.36
38.598
39.795
40.951
42.065
43.136
44.163
45.145
46.082
46.973
47.818
48.615
49.364
50.066
50.719
51.323
51.878
52.383
52.839
53.244
53.599
53.904
54.158
54.362
54.515
54.616
54.667
54.667
54.616
54.515
54.362
54.158
53.904
53.599
53.244
52.839
52.383
51.878
51.323
50.719
50.066
49.364
48.615
47.818
46.973
46.082
45.145
44.163
43.136
42.065
40.951
39.795
38.598
37.36
36.083
34.767
33.415
32.027
30.604
29.149
27.661
26.143
24.596
23.022
21.423
19.799
18.154
16.488
14.803
13.101
11.385
9.6555
7.9151
6.1656
4.4091
2.6475
0.88283
-0.88038
-2.6347
-4.3883
-4.4507
-2.6722
-0.89289
0.89538
2.6851
4.4717
6.2532
8.0276
9.7928
11.547
13.288
15.013
16.722
18.412
20.081
21.727
23.35
24.946
26.515
28.054
29.563
31.039
32.482
33.89
35.261
36.595
37.891
39.146
40.361
41.533
42.663
43.749
44.791
45.787
46.737
47.641
48.497
49.306
50.066
50.777
51.44
52.052
52.615
53.128
53.59
54.001
54.361
54.67
54.928
55.134
55.289
55.392
55.444
55.444
55.392
55.289
55.134
54.928
54.67
54.361
54.001
53.59
53.128
52.615
52.052
51.44
50.777
50.066
49.306
48.497
47.641
46.737
45.787
44.791
43.749
42.663
41.533
40.361
39.146
37.891
36.595
35.261
33.89
32.482
31.039
29.563
28.054
26.515
24.946
23.35
21.727
20.081
18.412
16.722
15.013
13.288
11.547
9.7928
8.0276
6.2532
4.4717
2.6851
0.89538
-0.89289
-2.6722
-4.4507
-4.5087
-2.707
-0.90453
0.90705
2.7201
4.5301
6.3348
8.1323
9.9205
11.697
13.461
15.209
16.94
18.652
20.343
22.011
23.654
25.271
26.86
28.42
29.948
31.444
32.906
34.332
35.721
37.073
38.385
39.657
40.887
42.075
43.219
44.32
45.375
46.384
47.347
48.262
49.13
49.949
50.719
51.44
52.111
52.731
53.301
53.82
54.288
54.705
55.07
55.383
55.644
55.853
56.01
56.115
56.167
56.167
56.115
56.01
55.853
55.644
55.383
55.07
54.705
54.288
53.82
53.301
52.731
52.111
51.44
50.719
49.949
49.13
48.262
47.347
46.384
45.375
44.32
43.219
42.075
40.887
39.657
38.385
37.073
35.721
34.332
32.906
31.444
29.948
28.42
26.86
25.271
23.654
22.011
20.343
18.652
16.94
15.209
13.461
11.697
9.9205
8.1323
6.3348
4.5301
2.7201
0.90705
-0.90453
-2.707
-4.5087
-4.5624
-2.7393
-0.9153
0.91786
2.7525
4.584
6.4103
8.2291
10.039
11.837
13.621
15.39
17.142
18.874
20.585
22.273
23.936
25.572
27.18
28.758
30.305
31.819
33.298
34.741
36.147
37.514
38.842
40.129
41.374
42.576
43.734
44.847
45.915
46.936
47.911
48.837
49.715
50.544
51.323
52.052
52.731
53.359
53.936
54.461
54.935
55.357
55.726
56.043
56.307
56.519
56.677
56.783
56.836
56.836
56.783
56.677
56.519
56.307
56.043
55.726
55.357
54.935
54.461
53.936
53.359
52.731
52.052
51.323
50.544
49.715
48.837
47.911
46.936
45.915
44.847
43.734
42.576
41.374
40.129
38.842
37.514
36.147
34.741
33.298
31.819
30.305
28.758
27.18
25.572
23.936
22.273
20.585
18.874
17.142
15.39
13.621
11.837
10.039
8.2291
6.4103
4.584
2.7525
0.91786
-0.9153
-2.7393
-4.5624
-4.6117
-2.7689
-0.9252
0.92778
2.7823
4.6336
6.4796
8.3181
10.147
11.965
13.768
15.557
17.327
19.078
20.808
22.514
24.195
25.849
27.474
29.069
30.633
32.163
33.658
35.116
36.538
37.92
39.262
40.563
41.821
43.036
44.207
45.332
46.412
47.444
48.429
49.365
50.252
51.09
51.878
52.615
53.301
53.936
54.519
55.05
55.529
55.955
56.328
56.649
56.916
57.13
57.29
57.397
57.451
57.451
57.397
57.29
57.13
56.916
56.649
56.328
55.955
55.529
55.05
54.519
53.936
53.301
52.615
51.878
51.09
50.252
49.365
48.429
47.444
46.412
45.332
44.207
43.036
41.821
40.563
39.262
37.92
36.538
35.116
33.658
32.163
30.633
29.069
27.474
25.849
24.195
22.514
20.808
19.078
17.327
15.557
13.768
11.965
10.147
8.3181
6.4796
4.6336
2.7823
0.92778
-0.9252
-2.7689
-4.6117
-4.6567
-2.7959
-0.93421
0.93682
2.8094
4.6787
6.5427
8.3991
10.246
12.081
13.903
15.708
17.496
19.264
21.01
22.733
24.43
26.1
27.742
29.352
30.931
32.476
33.985
35.458
36.893
38.289
39.644
40.958
42.228
43.455
44.637
45.774
46.864
47.906
48.9
49.846
50.742
51.588
52.383
53.128
53.82
54.461
55.05
55.586
56.07
56.5
56.877
57.2
57.47
57.686
57.848
57.956
58.01
58.01
57.956
57.848
57.686
57.47
57.2
56.877
56.5
56.07
55.586
55.05
54.461
53.82
53.128
52.383
51.588
50.742
49.846
48.9
47.906
46.864
45.774
44.637
43.455
42.228
40.958
39.644
38.289
36.893
35.458
33.985
32.476
30.931
29.352
27.742
26.1
24.43
22.733
21.01
19.264
17.496
15.708
13.903
12.081
10.246
8.3991
6.5427
4.6787
2.8094
0.93682
-0.93421
-2.7959
-4.6567
-4.6972
-2.8202
-0.94233
0.94496
2.8338
4.7194
6.5996
8.4722
10.335
12.186
14.023
15.845
17.648
19.431
21.193
22.931
24.643
26.327
27.983
29.608
31.2
32.758
34.281
35.767
37.214
38.622
39.989
41.314
42.596
43.833
45.026
46.172
47.271
48.323
49.325
50.279
51.183
52.036
52.839
53.59
54.288
54.935
55.529
56.07
56.557
56.991
57.372
57.698
57.97
58.188
58.351
58.46
58.515
58.515
58.46
58.351
58.188
57.97
57.698
57.372
56.991
56.557
56.07
55.529
54.935
54.288
53.59
52.839
52.036
51.183
50.279
49.325
48.323
47.271
46.172
45.026
43.833
42.596
41.314
39.989
38.622
37.214
35.767
34.281
32.758
31.2
29.608
27.983
26.327
24.643
22.931
21.193
19.431
17.648
15.845
14.023
12.186
10.335
8.4722
6.5996
4.7194
2.8338
0.94496
-0.94233
-2.8202
-4.6972
-4.7332
-2.8418
-0.94956
0.95221
2.8555
4.7556
6.6502
8.5372
10.414
12.28
14.131
15.966
17.783
19.581
21.356
23.107
24.832
26.529
28.198
29.835
31.439
33.01
34.544
36.041
37.5
38.918
40.296
41.631
42.923
44.17
45.371
46.526
47.634
48.693
49.704
50.665
51.576
52.436
53.244
54.001
54.705
55.357
55.955
56.5
56.991
57.429
57.812
58.141
58.415
58.634
58.799
58.909
58.964
58.964
58.909
58.799
58.634
58.415
58.141
57.812
57.429
56.991
56.5
55.955
55.357
54.705
54.001
53.244
52.436
51.576
50.665
49.704
48.693
47.634
46.526
45.371
44.17
42.923
41.631
40.296
38.918
37.5
36.041
34.544
33.01
31.439
29.835
28.198
26.529
24.832
23.107
21.356
19.581
17.783
15.966
14.131
12.28
10.414
8.5372
6.6502
4.7556
2.8555
0.95221
-0.94956
-2.8418
-4.7332
-4.7648
-2.8608
-0.9559
0.95856
2.8746
4.7873
6.6946
8.5941
10.484
12.362
14.225
16.073
17.902
19.711
21.498
23.261
24.997
26.706
28.386
30.034
31.649
33.23
34.774
36.282
37.75
39.178
40.565
41.909
43.209
44.464
45.674
46.837
47.952
49.018
50.036
51.003
51.92
52.785
53.599
54.361
55.07
55.726
56.328
56.877
57.372
57.812
58.197
58.528
58.804
59.025
59.191
59.302
59.357
59.357
59.302
59.191
59.025
58.804
58.528
58.197
57.812
57.372
56.877
56.328
55.726
55.07
54.361
53.599
52.785
51.92
51.003
50.036
49.018
47.952
46.837
45.674
44.464
43.209
41.909
40.565
39.178
37.75
36.282
34.774
33.23
31.649
30.034
28.386
26.706
24.997
23.261
21.498
19.711
17.902
16.073
14.225
12.362
10.484
8.5941
6.6946
4.7873
2.8746
0.95856
-0.9559
-2.8608
-4.7648
-4.7919
-2.877
-0.96133
0.96401
2.8909
4.8145
6.7326
8.643
10.543
12.432
14.306
16.164
18.004
19.823
21.62
23.393
25.14
26.858
28.547
30.205
31.829
33.419
34.972
36.488
37.965
39.401
40.795
42.147
43.455
44.717
45.933
47.103
48.224
49.297
50.32
51.293
52.215
53.086
53.904
54.67
55.383
56.043
56.649
57.2
57.698
58.141
58.528
58.861
59.139
59.361
59.528
59.639
59.695
59.695
59.639
59.528
59.361
59.139
58.861
58.528
58.141
57.698
57.2
56.649
56.043
55.383
54.67
53.904
53.086
52.215
51.293
50.32
49.297
48.224
47.103
45.933
44.717
43.455
42.147
40.795
39.401
37.965
36.488
34.972
33.419
31.829
30.205
28.547
26.858
25.14
23.393
21.62
19.823
18.004
16.164
14.306
12.432
10.543
8.643
6.7326
4.8145
2.8909
0.96401
-0.96133
-2.877
-4.7919
-4.8145
-2.8906
-0.96587
0.96856
2.9046
4.8372
6.7644
8.6837
10.593
12.491
14.374
16.24
18.089
19.917
21.722
23.503
25.258
26.985
28.682
30.347
31.979
33.576
35.137
36.66
38.144
39.587
40.988
42.346
43.66
44.928
46.15
47.325
48.452
49.529
50.557
51.535
52.461
53.336
54.158
54.928
55.644
56.307
56.916
57.47
57.97
58.415
58.804
59.139
59.418
59.641
59.809
59.92
59.976
59.976
59.92
59.809
59.641
59.418
59.139
58.804
58.415
57.97
57.47
56.916
56.307
55.644
54.928
54.158
53.336
52.461
51.535
50.557
49.529
48.452
47.325
46.15
44.928
43.66
42.346
40.988
39.587
38.144
36.66
35.137
33.576
31.979
30.347
28.682
26.985
25.258
23.503
21.722
19.917
18.089
16.24
14.374
12.491
10.593
8.6837
6.7644
4.8372
2.9046
0.96856
-0.96587
-2.8906
-4.8145
-4.8326
-2.9015
-0.9695
0.9722
2.9155
4.8554
6.7898
8.7164
10.633
12.537
14.428
16.301
18.157
19.992
21.804
23.592
25.353
27.086
28.79
30.461
32.099
33.703
35.269
36.798
38.287
39.735
41.142
42.505
43.824
45.097
46.324
47.503
48.634
49.715
50.747
51.728
52.658
53.536
54.362
55.134
55.853
56.519
57.13
57.686
58.188
58.634
59.025
59.361
59.641
59.865
60.033
60.145
60.201
60.201
60.145
60.033
59.865
59.641
59.361
59.025
58.634
58.188
57.686
57.13
56.519
55.853
55.134
54.362
53.536
52.658
51.728
50.747
49.715
48.634
47.503
46.324
45.097
43.824
42.505
41.142
39.735
38.287
36.798
35.269
33.703
32.099
30.461
28.79
27.086
25.353
23.592
21.804
19.992
18.157
16.301
14.428
12.537
10.633
8.7164
6.7898
4.8554
2.9155
0.9722
-0.9695
-2.9015
-4.8326
-4.8461
-2.9096
-0.97222
0.97493
2.9237
4.8691
6.8089
8.7409
10.663
12.573
14.468
16.347
18.208
20.048
21.865
23.658
25.424
27.162
28.87
30.547
32.19
33.797
35.368
36.901
38.394
39.847
41.257
42.624
43.947
45.223
46.454
47.636
48.77
49.855
50.89
51.874
52.806
53.687
54.515
55.289
56.01
56.677
57.29
57.848
58.351
58.799
59.191
59.528
59.809
60.033
60.202
60.314
60.371
60.371
60.314
60.202
60.033
59.809
59.528
59.191
58.799
58.351
57.848
57.29
56.677
56.01
55.289
54.515
53.687
52.806
51.874
50.89
49.855
48.77
47.636
46.454
45.223
43.947
42.624
41.257
39.847
38.394
36.901
35.368
33.797
32.19
30.547
28.87
27.162
25.424
23.658
21.865
20.048
18.208
16.347
14.468
12.573
10.663
8.7409
6.8089
4.8691
2.9237
0.97493
-0.97222
-2.9096
-4.8461
-4.8552
-2.915
-0.97404
0.97675
2.9291
4.8782
6.8216
8.7572
10.683
12.596
14.495
16.378
18.242
20.085
21.906
23.702
25.472
27.213
28.924
30.604
32.25
33.86
35.434
36.97
38.466
39.921
41.334
42.704
44.029
45.308
46.54
47.725
48.861
49.948
50.985
51.971
52.905
53.787
54.616
55.392
56.115
56.783
57.397
57.956
58.46
58.909
59.302
59.639
59.92
60.145
60.314
60.427
60.483
60.483
60.427
60.314
60.145
59.92
59.639
59.302
58.909
58.46
57.956
57.397
56.783
56.115
55.392
54.616
53.787
52.905
51.971
50.985
49.948
48.861
47.725
46.54
45.308
44.029
42.704
41.334
39.921
38.466
36.97
35.434
33.86
32.25
30.604
28.924
27.213
25.472
23.702
21.906
20.085
18.242
16.378
14.495
12.596
10.683
8.7572
6.8216
4.8782
2.9291
0.97675
-0.97404
-2.915
-4.8552
-4.8597
-2.9178
-0.97495
0.97766
2.9319
4.8827
6.8279
8.7654
10.693
12.608
14.509
16.393
18.259
20.104
21.926
23.724
25.496
27.239
28.951
30.632
32.28
33.892
35.467
37.005
38.502
39.959
41.373
42.744
44.07
45.35
46.584
47.77
48.907
49.995
51.032
52.019
52.954
53.837
54.667
55.444
56.167
56.836
57.451
58.01
58.515
58.964
59.357
59.695
59.976
60.201
60.371
60.483
60.54
60.54
60.483
60.371
60.201
59.976
59.695
59.357
58.964
58.515
58.01
57.451
56.836
56.167
55.444
54.667
53.837
52.954
52.019
51.032
49.995
48.907
47.77
46.584
45.35
44.07
42.744
41.373
39.959
38.502
37.005
35.467
33.892
32.28
30.632
28.951
27.239
25.496
23.724
21.926
20.104
18.259
16.393
14.509
12.608
10.693
8.7654
6.8279
4.8827
2.9319
0.97766
-0.97495
-2.9178
-4.8597
-4.8597
-2.9178
-0.97495
0.97766
2.9319
4.8827
6.8279
8.7654
10.693
12.608
14.509
16.393
18.259
20.104
21.926
23.724
25.496
27.239
28.951
30.632
32.28
33.892
35.467
37.005
38.502
39.959
41.373
42.744
44.07
45.35
46.584
47.77
48.907
49.995
51.032
52.019
52.954
53.837
54.667
55.444
56.167
56.836
57.451
58.01
58.515
58.964
59.357
59.695
59.976
60.201
60.371
60.483
60.54
60.54
60.483
60.371
60.201
59.976
59.695
59.357
58.964
58.515
58.01
57.451
56.836
56.167
55.444
54.667
53.837
52.954
52.019
51.032
49.995
48.907
47.77
46.584
45.35
44.07
42.744
41.373
39.959
38.502
37.005
35.467
33.892
32.28
30.632
28.951
27.239
25.496
23.724
21.926
20.104
18.259
16.393
14.509
12.608
10.693
8.7654
6.8279
4.8827
2.9319
0.97766
-0.97495
-2.9178
-4.8597
-4.8552
-2.915
-0.97404
0.97675
2.9291
4.8782
6.8216
8.7572
10.683
12.596
14.495
16.378
18.242
20.085
21.906
23.702
25.472
27.213
28.924
30.604
32.25
33.86
35.434
36.97
38.466
39.921
41.334
42.704
44.029
45.308
46.54
47.725
48.861
49.948
50.985
51.971
52.905
53.787
54.616
55.392
56.115
56.783
57.397
57.956
58.46
58.909
59.302
59.639
59.92
60.145
60.314
60.427
60.483
60.483
60.427
60.314
60.145
59.92
59.639
59.302
58.909
58.46
57.956
57.397
56.783
56.115
55.392
54.616
53.787
52.905
51.971
50.985
49.948
48.861
47.725
46.54
45.308
44.029
42.704
41.334
39.921
38.466
36.97
35.434
33.86
32.25
30.604
28.924
27.213
25.472
23.702
21.906
20.085
18.242
16.378
14.495
12.596
10.683
8.7572
6.8216
4.8782
2.9291
0.97675
-0.97404
-2.915
-4.8552
-4.8461
-2.9096
-0.97222
0.97493
2.9237
4.8691
6.8089
8.7409
10.663
12.573
14.468
16.347
18.208
20.048
21.865
23.658
25.424
27.162
28.87
30.547
32.19
33.797
35.368
36.901
38.394
39.847
41.257
42.624
43.947
45.223
46.454
47.636
48.77
49.855
50.89
51.874
52.806
53.687
54.515
55.289
56.01
56.677
57.29
57.848
58.351
58.799
59.191
59.528
59.809
60.033
60.202
60.314
60.371
60.371
60.314
60.202
60.033
59.809
59.528
59.191
58.799
58.351
57.848
57.29
56.677
56.01
55.289
54.515
53.687
52.806
51.874
50.89
49.855
48.77
47.636
46.454
45.223
43.947
42.624
41.257
39.847
38.394
36.901
35.368
33.797
32.19
30.547
28.87
27.162
25.424
23.658
21.865
20.048
18.208
16.347
14.468
12.573
10.663
8.7409
6.8089
4.8691
2.9237
0.97493
-0.97222
-2.9096
-4.8461
-4.8326
-2.9015
-0.9695
0.9722
2.9155
4.8554
6.7898
8.7164
10.633
12.537
14.428
16.301
18.157
19.992
21.804
23.592
25.353
27.086
28.79
30.461
32.099
33.703
35.269
36.798
38.287
39.735
41.142
42.505
43.824
45.097
46.324
47.503
48.634
49.715
50.747
51.728
52.658
53.536
54.362
55.134
55.853
56.519
57.13
57.686
58.188
58.634
59.025
59.361
59.641
59.865
60.033
60.145
60.201
60.201
60.145
60.033
59.865
59.641
59.361
59.025
58.634
58.188
57.686
57.13
56.519
55.853
55.134
54.362
53.536
52.658
51.728
50.747
49.715
48.634
47.503
46.324
45.097
43.824
42.505
41.142
39.735
38.287
36.798
35.269
33.703
32.099
30.461
28.79
27.086
25.353
23.592
21.804
19.992
18.157
16.301
14.428
12.537
10.633
8.7164
6.7898
4.8554
2.9155
0.9722
-0.9695
-2.9015
-4.8326
-4.8145
-2.8906
-0.96587
0.96856
2.9046
4.8372
6.7644
8.6837
10.593
12.491
14.374
16.24
18.089
19.917
21.722
23.503
25.258
26.985
28.682
30.347
31.979
33.576
35.137
36.66
38.144
39.587
40.988
42.346
43.66
44.928
46.15
47.325
48.452
49.529
50.557
51.535
52.461
53.336
54.158
54.928
55.644
56.307
56.916
57.47
57.97
58.415
58.804
59.139
59.418
59.641
59.809
59.92
59.976
59.976
59.92
59.809
59.641
59.418
59.139
58.804
58.415
57.97
57.47
56.916
56.307
55.644
54.928
54.158
53.336
52.461
51.535
50.557
49.529
48.452
47.325
46.15
44.928
43.66
42.346
40.988
39.587
38.144
36.66
35.137
33.576
31.979
30.347
28.682
26.985
25.258
23.503
21.722
19.917
18.089
16.24
14.374
12.491
10.593
8.6837
6.7644
4.8372
2.9046
0.96856
-0.96587
-2.8906
-4.8145
-4.7919
-2.877
-0.96133
0.96401
2.8909
4.8145
6.7326
8.643
10.543
12.432
14.306
16.164
18.004
19.823
21.62
23.393
25.14
26.858
28.547
30.205
31.829
33.419
34.972
36.488
37.965
39.401
40.795
42.147
43.455
44.717
45.933
47.103
48.224
49.297
50.32
51.293
52.215
53.086
53.904
54.67
55.383
56.043
56.649
57.2
57.698
58.141
58.528
58.861
59.139
59.361
59.528
59.639
59.695
59.695
59.639
59.528
59.361
59.139
58.861
58.528
58.141
57.698
57.2
56.649
56.043
55.383
54.67
53.904
53.086
52.215
51.293
50.32
49.297
48.224
47.103
45.933
44.717
43.455
42.147
40.795
39.401
37.965
36.488
34.972
33.419
31.829
30.205
28.547
26.858
25.14
23.393
21.62
19.823
18.004
16.164
14.306
12.432
10.543
8.643
6.7326
4.8145
2.8909
0.96401
-0.96133
-2.877
-4.7919
-4.7648
-2.8608
-0.9559
0.95856
2.8746
4.7873
6.6946
8.5941
10.484
12.362
14.225
16.073
17.902
19.711
21.498
23.261
24.997
26.706
28.386
30.034
31.649
33.23
34.774
36.282
37.75
39.178
40.565
41.909
43.209
44.464
45.674
46.837
47.952
49.018
50.036
51.003
51.92
52.785
53.599
54.361
55.07
55.726
56.328
56.877
57.372
57.812
58.197
58.528
58.804
59.025
59.191
59.302
59.357
59.357
59.302
59.191
59.025
58.804
58.528
58.197
57.812
57.372
56.877
56.328
55.726
55.07
54.361
53.599
52.785
51.92
51.003
50.036
49.018
47.952
46.837
45.674
44.464
43.209
41.909
40.565
39.178
37.75
36.282
34.774
33.23
31.649
30.034
28.386
26.706
24.997
23.261
21.498
19.711
17.902
16.073
14.225
12.362
10.484
8.5941
6.6946
4.7873
2.8746
0.95856
-0.9559
-2.8608
-4.7648
-4.7332
-2.8418
-0.94956
0.95221
2.8555
4.7556
6.6502
8.5372
10.414
12.28
14.131
15.966
17.783
19.581
21.356
23.107
24.832
26.529
28.198
29.835
31.439
33.01
34.544
36.041
37.5
38.918
40.296
41.631
42.923
44.17
45.371
46.526
47.634
48.693
49.704
50.665
51.576
52.436
53.244
54.001
54.705
55.357
55.955
56.5
56.991
57.429
57.812
58.141
58.415
58.634
58.799
58.909
58.964
58.964
58.909
58.799
58.634
58.415
58.141
57.812
57.429
56.991
56.5
55.955
55.357
54.705
54.001
53.244
52.436
51.576
50.665
49.704
48.693
47.634
46.526
45.371
44.17
42.923
41.631
40.296
38.918
37.5
36.041
34.544
33.01
31.439
29.835
28.198
26.529
24.832
23.107
21.356
19.581
17.783
15.966
14.131
12.28
10.414
8.5372
6.6502
4.7556
2.8555
0.95221
-0.94956
-2.8418
-4.7332
-4.6972
-2.8202
-0.94233
0.94496
2.8338
4.7194
6.5996
8.4722
10.335
12.186
14.023
15.845
17.648
19.431
21.193
22.931
24.643
26.327
27.983
29.608
31.2
32.758
34.281
35.767
37.214
38.622
39.989
41.314
42.596
43.833
45.026
46.172
47.271
48.323
49.325
50.279
51.183
52.036
52.839
53.59
54.288
54.935
55.529
56.07
56.557
56.991
57.372
57.698
57.97
58.188
58.351
58.46
58.515
58.515
58.46
58.351
58.188
57.97
57.698
57.372
56.991
56.557
56.07
55.529
54.935
54.288
53.59
52.839
52.036
51.183
50.279
49.325
48.323
47.271
46.172
45.026
43.833
42.596
41.314
39.989
38.622
37.214
35.767
34.281
32.758
31.2
29.608
27.983
26.327
24.643
22.931
21.193
19.431
17.648
15.845
14.023
12.186
10.335
8.4722
6.5996
4.7194
2.8338
0.94496
-0.94233
-2.8202
-4.6972
-4.6567
-2.7959
-0.93421
0.93682
2.8094
4.6787
6.5427
8.3991
10.246
12.081
13.903
15.708
17.496
19.264
21.01
22.733
24.43
26.1
27.742
29.352
30.931
32.476
33.985
35.458
36.893
38.289
39.644
40.958
42.228
43.455
44.637
45.774
46.864
47.906
48.9
49.846
50.742
51.588
52.383
53.128
53.82
54.461
55.05
55.586
56.07
56.5
56.877
57.2
57.47
57.686
57.848
57.956
58.01
58.01
57.956
57.848
57.686
57.47
57.2
56.877
56.5
56.07
55.586
55.05
54.461
53.82
53.128
52.383
51.588
50.742
49.846
48.9
47.906
46.864
45.774
44.637
43.455
42.228
40.958
39.644
38.289
36.893
35.458
33.985
32.476
30.931
29.352
27.742
26.1
24.43
22.733
21.01
19.264
17.496
15.708
13.903
12.081
10.246
8.3991
6.5427
4.6787
2.8094
0.93682
-0.93421
-2.7959
-4.6567
-4.6117
-2.7689
-0.9252
0.92778
2.7823
4.6336
6.4796
8.3181
10.147
11.965
13.768
15.557
17.327
19.078
20.808
22.514
24.195
25.849
27.474
29.069
30.633
32.163
33.658
35.116
36.538
37.92
39.262
40.563
41.821
43.036
44.207
45.332
46.412
47.444
48.429
49.365
50.252
51.09
51.878
52.615
53.301
53.936
54.519
55.05
55.529
55.955
56.328
56.649
56.916
57.13
57.29
57.397
57.451
57.451
57.397
57.29
57.13
56.916
56.649
56.328
55.955
55.529
55.05
54.519
53.936
53.301
52.615
51.878
51.09
50.252
49.365
48.429
47.444
46.412
45.332
44.207
43.036
41.821
40.563
39.262
37.92
36.538
35.116
33.658
32.163
30.633
29.069
27.474
25.849
24.195
22.514
20.808
19.078
17.327
15.557
13.768
11.965
10.147
8.3181
6.4796
4.6336
2.7823
0.92778
-0.9252
-2.7689
-4.6117
-4.5624
-2.7393
-0.9153
0.91786
2.7525
4.584
6.4103
8.2291
10.039
11.837
13.621
15.39
17.142
18.874
20.585
22.273
23.936
25.572
27.18
28.758
30.305
31.819
33.298
34.741
36.147
37.514
38.842
40.129
41.374
42.576
43.734
44.847
45.915
46.936
47.911
48.837
49.715
50.544
51.323
52.052
52.731
53.359
53.936
54.461
54.935
55.357
55.726
56.043
56.307
56.519
56.677
56.783
56.836
56.836
56.783
56.677
56.519
56.307
56.043
55.726
55.357
54.935
54.461
53.936
53.359
52.731
52.052
51.323
50.544
49.715
48.837
47.911
46.936
45.915
44.847
43.734
42.576
41.374
40.129
38.842
37.514
36.147
34.741
33.298
31.819
30.305
28.758
27.18
25.572
23.936
22.273
20.585
18.874
17.142
15.39
13.621
11.837
10.039
8.2291
6.4103
4.584
2.7525
0.91786
-0.9153
-2.7393
-4.5624
-4.5087
-2.707
-0.90453
0.90705
2.7201
4.5301
6.3348
8.1323
9.9205
11.697
13.461
15.209
16.94
18.652
20.343
22.011
23.654
25.271
26.86
28.42
29.948
31.444
32.906
34.332
35.721
37.073
38.385
39.657
40.887
42.075
43.219
44.32
45.375
46.384
47.347
48.262
49.13
49.949
50.719
51.44
52.111
52.731
53.301
53.82
54.288
54.705
55.07
55.383
55.644
55.853
56.01
56.115
56.167
56.167
56.115
56.01
55.853
55.644
55.383
55.07
54.705
54.288
53.82
53.301
52.731
52.111
51.44
50.719
49.949
49.13
48.262
47.347
46.384
45.375
44.32
43.219
42.075
40.887
39.657
38.385
37.073
35.721
34.332
32.906
31.444
29.948
28.42
26.86
25.271
23.654
22.011
20.343
18.652
16.94
15.209
13.461
11.697
9.9205
8.1323
6.3348
4.5301
2.7201
0.90705
-0.90453
-2.707
-4.5087
-4.4507
-2.6722
-0.89289
0.89538
2.6851
4.4717
6.2532
8.0276
9.7928
11.547
13.288
15.013
16.722
18.412
20.081
21.727
23.35
24.946
26.515
28.054
29.563
31.039
32.482
33.89
35.261
36.595
37.891
39.146
40.361
41.533
42.663
43.749
44.791
45.787
46.737
47.641
48.497
49.306
50.066
50.777
51.44
52.052
52.615
53.128
53.59
54.001
54.361
54.67
54.928
55.134
55.289
55.392
55.444
55.444
55.392
55.289
55.134
54.928
54.67
54.361
54.001
53.59
53.128
52.615
52.052
51.44
50.777
50.066
49.306
48.497
47.641
46.737
45.787
44.791
43.749
42.663
41.533
40.361
39.146
37.891
36.595
35.261
33.89
32.482
31.039
29.563
28.054
26.515
24.946
23.35
21.727
20.081
18.412
16.722
15.013
13.288
11.547
9.7928
8.0276
6.2532
4.4717
2.6851
0.89538
-0.89289
-2.6722
-4.4507
-4.3883
-2.6347
-0.88038
0.88283
2.6475
4.4091
6.1656
7.9151
9.6555
11.385
13.101
14.803
16.488
18.154
19.799
21.423
23.022
24.596
26.143
27.661
29.149
30.604
32.027
33.415
34.767
36.083
37.36
38.598
39.795
40.951
42.065
43.136
44.163
45.145
46.082
46.973
47.818
48.615
49.364
50.066
50.719
51.323
51.878
52.383
52.839
53.244
53.599
53.904
54.158
54.362
54.515
54.616
54.667
54.667
54.616
54.515
54.362
54.158
53.904
53.599
53.244
52.839
52.383
51.878
51.323
50.719
50.066
49.364
48.615
47.818
46.973
46.082
45.145
44.163
43.136
42.065
40.951
39.795
38.598
37.36
36.083
34.767
33.415
32.027
30.604
29.149
27.661
26.143
24.596
23.022
21.423
19.799
18.154
16.488
14.803
13.101
11.385
9.6555
7.9151
6.1656
4.4091
2.6475
0.88283
-0.88038
-2.6347
-4.3883
-4.3217
-2.5947
-0.86701
0.86942
2.6073
4.3421
6.072
7.7949
9.5089
11.212
12.902
14.578
16.237
17.878
19.499
21.098
22.673
24.223
25.746
27.241
28.706
30.14
31.541
32.908
34.239
35.535
36.792
38.011
39.191
40.329
41.426
42.481
43.492
44.46
45.382
46.26
47.091
47.877
48.615
49.306
49.949
50.544
51.09
51.588
52.036
52.436
52.785
53.086
53.336
53.536
53.687
53.787
53.837
53.837
53.787
53.687
53.536
53.336
53.086
52.785
52.436
52.036
51.588
51.09
50.544
49.949
49.306
48.615
47.877
47.091
46.26
45.382
44.46
43.492
42.481
41.426
40.329
39.191
38.011
36.792
35.535
34.239
32.908
31.541
30.14
28.706
27.241
25.746
24.223
22.673
21.098
19.499
17.878
16.237
14.578
12.902
11.212
9.5089
7.7949
6.072
4.3421
2.6073
0.86942
-0.86701
-2.5947
-4.3217
-4.2508
-2.5522
-0.85279
0.85517
2.5645
4.2709
5.9724
7.6671
9.353
11.028
12.691
14.339
15.971
17.585
19.179
20.752
22.301
23.826
25.324
26.794
28.235
29.645
31.023
32.368
33.678
34.952
36.189
37.388
38.548
39.668
40.747
41.784
42.779
43.731
44.638
45.501
46.319
47.091
47.818
48.497
49.13
49.715
50.252
50.742
51.183
51.576
51.92
52.215
52.461
52.658
52.806
52.905
52.954
52.954
52.905
52.806
52.658
52.461
52.215
51.92
51.576
51.183
50.742
50.252
49.715
49.13
48.497
47.818
47.091
46.319
45.501
44.638
43.731
42.779
41.784
40.747
39.668
38.548
37.388
36.189
34.952
33.678
32.368
31.023
29.645
28.235
26.794
25.324
23.826
22.301
20.752
19.179
17.585
15.971
14.339
12.691
11.028
9.353
7.6671
5.9724
4.2709
2.5645
0.85517
-0.85279
-2.5522
-4.2508
-4.1758
-2.5071
-0.83773
0.84007
2.5192
4.1955
5.867
7.5317
9.1878
10.833
12.467
14.086
15.689
17.274
18.84
20.385
21.907
23.405
24.877
26.321
27.737
29.122
30.476
31.796
33.083
34.335
35.55
36.728
37.867
38.967
40.027
41.046
42.024
42.958
43.85
44.698
45.501
46.26
46.973
47.641
48.262
48.837
49.365
49.846
50.279
50.665
51.003
51.293
51.535
51.728
51.874
51.971
52.019
52.019
51.971
51.874
51.728
51.535
51.293
51.003
50.665
50.279
49.846
49.365
48.837
48.262
47.641
46.973
46.26
45.501
44.698
43.85
42.958
42.024
41.046
40.027
38.967
37.867
36.728
35.55
34.335
33.083
31.796
30.476
29.122
27.737
26.321
24.877
23.405
21.907
20.385
18.84
17.274
15.689
14.086
12.467
10.833
9.1878
7.5317
5.867
4.1955
2.5192
0.84007
-0.83773
-2.5071
-4.1758
-4.0965
-2.4596
-0.82184
0.82413
2.4715
4.1159
5.7557
7.3889
9.0136
10.628
12.23
13.819
15.391
16.947
18.483
19.999
21.492
22.961
24.405
25.822
27.211
28.57
29.898
31.193
32.456
33.684
34.876
36.031
37.149
38.228
39.268
40.268
41.227
42.144
43.018
43.85
44.638
45.382
46.082
46.737
47.347
47.911
48.429
48.9
49.325
49.704
50.036
50.32
50.557
50.747
50.89
50.985
51.032
51.032
50.985
50.89
50.747
50.557
50.32
50.036
49.704
49.325
48.9
48.429
47.911
47.347
46.737
46.082
45.382
44.638
43.85
43.018
42.144
41.227
40.268
39.268
38.228
37.149
36.031
34.876
33.684
32.456
31.193
29.898
28.57
27.211
25.822
24.405
22.961
21.492
19.999
18.483
16.947
15.391
13.819
12.23
10.628
9.0136
7.3889
5.7557
4.1159
2.4715
0.82413
-0.82184
-2.4596
-4.0965
-4.0133
-2.4096
-0.80513
0.80738
2.4212
4.0322
5.6387
7.2386
8.8303
10.412
11.982
13.538
15.078
16.602
18.107
19.592
21.055
22.494
23.909
25.297
26.657
27.989
29.29
30.559
31.796
32.999
34.167
35.299
36.394
37.451
38.47
39.449
40.388
41.287
42.144
42.958
43.731
44.46
45.145
45.787
46.384
46.936
47.444
47.906
48.323
48.693
49.018
49.297
49.529
49.715
49.855
49.948
49.995
49.995
49.948
49.855
49.715
49.529
49.297
49.018
48.693
48.323
47.906
47.444
46.936
46.384
45.787
45.145
44.46
43.731
42.958
42.144
41.287
40.388
39.449
38.47
37.451
36.394
35.299
34.167
32.999
31.796
30.559
29.29
27.989
26.657
25.297
23.909
22.494
21.055
19.592
18.107
16.602
15.078
13.538
11.982
10.412
8.8303
7.2386
5.6387
4.0322
2.4212
0.80738
-0.80513
-2.4096
-4.0133
-3.9259
-2.3571
-0.78761
0.78981
2.3685
3.9445
5.516
7.0811
8.6382
10.185
11.721
13.243
14.75
16.241
17.713
19.166
20.597
22.005
23.388
24.746
26.077
27.38
28.652
29.894
31.104
32.281
33.423
34.531
35.602
36.636
37.633
38.591
39.51
40.388
41.227
42.024
42.779
43.492
44.163
44.791
45.375
45.915
46.412
46.864
47.271
47.634
47.952
48.224
48.452
48.634
48.77
48.861
48.907
48.907
48.861
48.77
48.634
48.452
48.224
47.952
47.634
47.271
46.864
46.412
45.915
45.375
44.791
44.163
43.492
42.779
42.024
41.227
40.388
39.51
38.591
37.633
36.636
35.602
34.531
33.423
32.281
31.104
29.894
28.652
27.38
26.077
24.746
23.388
22.005
20.597
19.166
17.713
16.241
14.75
13.243
11.721
10.185
8.6382
7.0811
5.516
3.9445
2.3685
0.78981
-0.78761
-2.3571
-3.9259
-3.8346
-2.3023
-0.7693
0.77144
2.3134
3.8528
5.3877
6.9165
8.4373
9.9485
11.448
12.935
14.407
15.863
17.301
18.72
20.118
21.493
22.845
24.171
25.471
26.743
27.986
29.199
30.381
31.53
32.646
33.728
34.774
35.784
36.758
37.693
38.591
39.449
40.268
41.046
41.784
42.481
43.136
43.749
44.32
44.847
45.332
45.774
46.172
46.526
46.837
47.103
47.325
47.503
47.636
47.725
47.77
47.77
47.725
47.636
47.503
47.325
47.103
46.837
46.526
46.172
45.774
45.332
44.847
44.32
43.749
43.136
42.481
41.784
41.046
40.268
39.449
38.591
37.693
36.758
35.784
34.774
33.728
32.646
31.53
30.381
29.199
27.986
26.743
25.471
24.171
22.845
21.493
20.118
18.72
17.301
15.863
14.407
12.935
11.448
9.9485
8.4373
6.9165
5.3877
3.8528
2.3134
0.77144
-0.7693
-2.3023
-3.8346
-3.7394
-2.2452
-0.7502
0.75229
2.256
3.7571
5.254
6.7448
8.2278
9.7015
11.164
12.614
14.05
15.47
16.872
18.255
19.618
20.959
22.277
23.571
24.839
26.079
27.291
28.474
29.626
30.747
31.836
32.89
33.911
34.896
35.845
36.758
37.633
38.47
39.268
40.027
40.747
41.426
42.065
42.663
43.219
43.734
44.207
44.637
45.026
45.371
45.674
45.933
46.15
46.324
46.454
46.54
46.584
46.584
46.54
46.454
46.324
46.15
45.933
45.674
45.371
45.026
44.637
44.207
43.734
43.219
42.663
42.065
41.426
40.747
40.027
39.268
38.47
37.633
36.758
35.845
34.896
33.911
32.89
31.836
30.747
29.626
28.474
27.291
26.079
24.839
23.571
22.277
20.959
19.618
18.255
16.872
15.47
14.05
12.614
11.164
9.7015
8.2278
6.7448
5.254
3.7571
2.256
0.75229
-0.7502
-2.2452
-3.7394
-3.6404
-2.1857
-0.73033
0.73237
2.1963
3.6576
5.1148
6.5662
8.01
9.4446
10.869
12.28
13.678
15.06
16.425
17.772
19.099
20.404
21.688
22.947
24.181
25.388
26.569
27.72
28.842
29.933
30.992
32.019
33.013
33.972
34.896
35.784
36.636
37.451
38.228
38.967
39.668
40.329
40.951
41.533
42.075
42.576
43.036
43.455
43.833
44.17
44.464
44.717
44.928
45.097
45.223
45.308
45.35
45.35
45.308
45.223
45.097
44.928
44.717
44.464
44.17
43.833
43.455
43.036
42.576
42.075
41.533
40.951
40.329
39.668
38.967
38.228
37.451
36.636
35.784
34.896
33.972
33.013
32.019
30.992
29.933
28.842
27.72
26.569
25.388
24.181
22.947
21.688
20.404
19.099
17.772
16.425
15.06
13.678
12.28
10.869
9.4446
8.01
6.5662
5.1148
3.6576
2.1963
0.73237
-0.73033
-2.1857
-3.6404
-3.5376
-2.124
-0.70971
0.71169
2.1343
3.5544
4.9704
6.3808
7.7838
9.178
10.562
11.933
13.292
14.635
15.961
17.27
18.56
19.828
21.075
22.299
23.498
24.672
25.819
26.938
28.028
29.088
30.117
31.115
32.081
33.013
33.911
34.774
35.602
36.394
37.149
37.867
38.548
39.191
39.795
40.361
40.887
41.374
41.821
42.228
42.596
42.923
43.209
43.455
43.66
43.824
43.947
44.029
44.07
44.07
44.029
43.947
43.824
43.66
43.455
43.209
42.923
42.596
42.228
41.821
41.374
40.887
40.361
39.795
39.191
38.548
37.867
37.149
36.394
35.602
34.774
33.911
33.013
32.081
31.115
30.117
29.088
28.028
26.938
25.819
24.672
23.498
22.299
21.075
19.828
18.56
17.27
15.961
14.635
13.292
11.933
10.562
9.178
7.7838
6.3808
4.9704
3.5544
2.1343
0.71169
-0.70971
-2.124
-3.5376
-3.4312
-2.0601
-0.68836
0.69028
2.07
3.4474
4.8209
6.1888
7.5496
8.9018
10.244
11.574
12.892
14.194
15.481
16.75
18.001
19.232
20.441
21.628
22.791
23.929
25.042
26.127
27.184
28.213
29.211
30.179
31.115
32.019
32.89
33.728
34.531
35.299
36.031
36.728
37.388
38.011
38.598
39.146
39.657
40.129
40.563
40.958
41.314
41.631
41.909
42.147
42.346
42.505
42.624
42.704
42.744
42.744
42.704
42.624
42.505
42.346
42.147
41.909
41.631
41.314
40.958
40.563
40.129
39.657
39.146
38.598
38.011
37.388
36.728
36.031
35.299
34.531
33.728
32.89
32.019
31.115
30.179
29.211
28.213
27.184
26.127
25.042
23.929
22.791
21.628
20.441
19.232
18.001
16.75
15.481
14.194
12.892
11.574
10.244
8.9018
7.5496
6.1888
4.8209
3.4474
2.07
0.69028
-0.68836
-2.0601
-3.4312
-3.3212
-1.994
-0.66628
0.66814
2.0037
3.3369
4.6663
5.9903
7.3075
8.6163
9.9154
11.203
12.478
13.739
14.985
16.213
17.424
18.615
19.786
20.934
22.06
23.162
24.239
25.289
26.312
27.308
28.274
29.211
30.117
30.992
31.836
32.646
33.423
34.167
34.876
35.55
36.189
36.792
37.36
37.891
38.385
38.842
39.262
39.644
39.989
40.296
40.565
40.795
40.988
41.142
41.257
41.334
41.373
41.373
41.334
41.257
41.142
40.988
40.795
40.565
40.296
39.989
39.644
39.262
38.842
38.385
37.891
37.36
36.792
36.189
35.55
34.876
34.167
33.423
32.646
31.836
30.992
30.117
29.211
28.274
27.308
26.312
25.289
24.239
23.162
22.06
20.934
19.786
18.615
17.424
16.213
14.985
13.739
12.478
11.203
9.9154
8.6163
7.3075
5.9903
4.6663
3.3369
2.0037
0.66814
-0.66628
-1.994
-3.3212
-3.2076
-1.9259
-0.64351
0.6453
1.9352
3.2228
4.5068
5.7855
7.0577
8.3218
9.5764
10.82
12.052
13.269
14.472
15.659
16.828
17.979
19.109
20.219
21.306
22.37
23.41
24.425
25.413
26.374
27.308
28.213
29.088
29.933
30.747
31.53
32.281
32.999
33.684
34.335
34.952
35.535
36.083
36.595
37.073
37.514
37.92
38.289
38.622
38.918
39.178
39.401
39.587
39.735
39.847
39.921
39.959
39.959
39.921
39.847
39.735
39.587
39.401
39.178
38.918
38.622
38.289
37.92
37.514
37.073
36.595
36.083
35.535
34.952
34.335
33.684
32.999
32.281
31.53
30.747
29.933
29.088
28.213
27.308
26.374
25.413
24.425
23.41
22.37
21.306
20.219
19.109
17.979
16.828
15.659
14.472
13.269
12.052
10.82
9.5764
8.3218
7.0577
5.7855
4.5068
3.2228
1.9352
0.6453
-0.64351
-1.9259
-3.2076
-3.0907
-1.8557
-0.62005
0.62178
1.8646
3.1053
4.3425
5.5746
6.8004
8.0185
9.2273
10.426
11.612
12.786
13.945
15.088
16.215
17.323
18.413
19.482
20.529
21.555
22.557
23.534
24.487
25.413
26.312
27.184
28.028
28.842
29.626
30.381
31.104
31.796
32.456
33.083
33.678
34.239
34.767
35.261
35.721
36.147
36.538
36.893
37.214
37.5
37.75
37.965
38.144
38.287
38.394
38.466
38.502
38.502
38.466
38.394
38.287
38.144
37.965
37.75
37.5
37.214
36.893
36.538
36.147
35.721
35.261
34.767
34.239
33.678
33.083
32.456
31.796
31.104
30.381
29.626
28.842
28.028
27.184
26.312
25.413
24.487
23.534
22.557
21.555
20.529
19.482
18.413
17.323
16.215
15.088
13.945
12.786
11.612
10.426
9.2273
8.0185
6.8004
5.5746
4.3425
3.1053
1.8646
0.62178
-0.62005
-1.8557
-3.0907
-2.9705
-1.7835
-0.59593
0.5976
1.7921
2.9845
4.1736
5.3578
6.5359
7.7066
8.8684
10.02
11.161
12.288
13.402
14.501
15.584
16.65
17.696
18.724
19.731
20.716
21.679
22.619
23.534
24.425
25.289
26.127
26.938
27.72
28.474
29.199
29.894
30.559
31.193
31.796
32.368
32.908
33.415
33.89
34.332
34.741
35.116
35.458
35.767
36.041
36.282
36.488
36.66
36.798
36.901
36.97
37.005
37.005
36.97
36.901
36.798
36.66
36.488
36.282
36.041
35.767
35.458
35.116
34.741
34.332
33.89
33.415
32.908
32.368
31.796
31.193
30.559
29.894
29.199
28.474
27.72
26.938
26.127
25.289
24.425
23.534
22.619
21.679
20.716
19.731
18.724
17.696
16.65
15.584
14.501
13.402
12.288
11.161
10.02
8.8684
7.7066
6.5359
5.3578
4.1736
2.9845
1.7921
0.5976
-0.59593
-1.7835
-2.9705
-2.8471
-1.7094
-0.57118
0.57277
1.7177
2.8606
4.0002
5.1353
6.2644
7.3864
8.5
9.604
10.697
11.778
12.846
13.899
14.937
15.958
16.961
17.946
18.911
19.856
20.779
21.679
22.557
23.41
24.239
25.042
25.819
26.569
27.291
27.986
28.652
29.29
29.898
30.476
31.023
31.541
32.027
32.482
32.906
33.298
33.658
33.985
34.281
34.544
34.774
34.972
35.137
35.269
35.368
35.434
35.467
35.467
35.434
35.368
35.269
35.137
34.972
34.774
34.544
34.281
33.985
33.658
33.298
32.906
32.482
32.027
31.541
31.023
30.476
29.898
29.29
28.652
27.986
27.291
26.569
25.819
25.042
24.239
23.41
22.557
21.679
20.779
19.856
18.911
17.946
16.961
15.958
14.937
13.899
12.846
11.778
10.697
9.604
8.5
7.3864
6.2644
5.1353
4.0002
2.8606
1.7177
0.57277
-0.57118
-1.7094
-2.8471
-2.7206
-1.6335
-0.54581
0.54733
1.6414
2.7335
3.8225
4.9071
5.9862
7.0583
8.1225
9.1774
10.222
11.255
12.275
13.282
14.273
15.249
16.208
17.149
18.071
18.974
19.856
20.716
21.555
22.37
23.162
23.929
24.672
25.388
26.079
26.743
27.38
27.989
28.57
29.122
29.645
30.14
30.604
31.039
31.444
31.819
32.163
32.476
32.758
33.01
33.23
33.419
33.576
33.703
33.797
33.86
33.892
33.892
33.86
33.797
33.703
33.576
33.419
33.23
33.01
32.758
32.476
32.163
31.819
31.444
31.039
30.604
30.14
29.645
29.122
28.57
27.989
27.38
26.743
26.079
25.388
24.672
23.929
23.162
22.37
21.555
20.716
19.856
18.974
18.071
17.149
16.208
15.249
14.273
13.282
12.275
11.255
10.222
9.1774
8.1225
7.0583
5.9862
4.9071
3.8225
2.7335
1.6414
0.54733
-0.54581
-1.6335
-2.7206
-2.5912
-1.5558
-0.51984
0.52129
1.5633
2.6035
3.6407
4.6737
5.7014
6.7226
7.7361
8.7408
9.7356
10.719
11.691
12.65
13.594
14.524
15.437
16.333
17.212
18.071
18.911
19.731
20.529
21.306
22.06
22.791
23.498
24.181
24.839
25.471
26.077
26.657
27.211
27.737
28.235
28.706
29.149
29.563
29.948
30.305
30.633
30.931
31.2
31.439
31.649
31.829
31.979
32.099
32.19
32.25
32.28
32.28
32.25
32.19
32.099
31.979
31.829
31.649
31.439
31.2
30.931
30.633
30.305
29.948
29.563
29.149
28.706
28.235
27.737
27.211
26.657
26.077
25.471
24.839
24.181
23.498
22.791
22.06
21.306
20.529
19.731
18.911
18.071
17.212
16.333
15.437
14.524
13.594
12.65
11.691
10.719
9.7356
8.7408
7.7361
6.7226
5.7014
4.6737
3.6407
2.6035
1.5633
0.52129
-0.51984
-1.5558
-2.5912
-2.459
-1.4764
-0.49332
0.49469
1.4835
2.4706
3.4549
4.4352
5.4105
6.3795
7.3413
8.2948
9.2388
10.172
11.095
12.004
12.901
13.782
14.649
15.5
16.333
17.149
17.946
18.724
19.482
20.219
20.934
21.628
22.299
22.947
23.571
24.171
24.746
25.297
25.822
26.321
26.794
27.241
27.661
28.054
28.42
28.758
29.069
29.352
29.608
29.835
30.034
30.205
30.347
30.461
30.547
30.604
30.632
30.632
30.604
30.547
30.461
30.347
30.205
30.034
29.835
29.608
29.352
29.069
28.758
28.42
28.054
27.661
27.241
26.794
26.321
25.822
25.297
24.746
24.171
23.571
22.947
22.299
21.628
20.934
20.219
19.482
18.724
17.946
17.149
16.333
15.5
14.649
13.782
12.901
12.004
11.095
10.172
9.2388
8.2948
7.3413
6.3795
5.4105
4.4352
3.4549
2.4706
1.4835
0.49469
-0.49332
-1.4764
-2.459
-2.324
-1.3954
-0.46624
0.46754
1.4021
2.335
3.2653
4.1918
5.1136
6.0294
6.9385
7.8396
8.7318
9.6142
10.486
11.346
12.193
13.026
13.845
14.649
15.437
16.208
16.961
17.696
18.413
19.109
19.786
20.441
21.075
21.688
22.277
22.845
23.388
23.909
24.405
24.877
25.324
25.746
26.143
26.515
26.86
27.18
27.474
27.742
27.983
28.198
28.386
28.547
28.682
28.79
28.87
28.924
28.951
28.951
28.924
28.87
28.79
28.682
28.547
28.386
28.198
27.983
27.742
27.474
27.18
26.86
26.515
26.143
25.746
25.324
24.877
24.405
23.909
23.388
22.845
22.277
21.688
21.075
20.441
19.786
19.109
18.413
17.696
16.961
16.208
15.437
14.649
13.845
13.026
12.193
11.346
10.486
9.6142
8.7318
7.8396
6.9385
6.0294
5.1136
4.1918
3.2653
2.335
1.4021
0.46754
-0.46624
-1.3954
-2.324
-2.1865
-1.3128
-0.43866
0.43988
1.3191
2.1969
3.0721
3.9438
4.811
5.6727
6.528
7.3758
8.2152
9.0454
9.8654
10.674
11.471
12.256
13.026
13.782
14.524
15.249
15.958
16.65
17.323
17.979
18.615
19.232
19.828
20.404
20.959
21.493
22.005
22.494
22.961
23.405
23.826
24.223
24.596
24.946
25.271
25.572
25.849
26.1
26.327
26.529
26.706
26.858
26.985
27.086
27.162
27.213
27.239
27.239
27.213
27.162
27.086
26.985
26.858
26.706
26.529
26.327
26.1
25.849
25.572
25.271
24.946
24.596
24.223
23.826
23.405
22.961
22.494
22.005
21.493
20.959
20.404
19.828
19.232
18.615
17.979
17.323
16.65
15.958
15.249
14.524
13.782
13.026
12.256
11.471
10.674
9.8654
9.0454
8.2152
7.3758
6.528
5.6727
4.811
3.9438
3.0721
2.1969
1.3191
0.43988
-0.43866
-1.3128
-2.1865
-2.0466
-1.2288
-0.41059
0.41174
1.2347
2.0563
2.8755
3.6915
4.5032
5.3097
6.1102
6.9038
7.6895
8.4666
9.2341
9.9913
10.737
11.471
12.193
12.901
13.594
14.273
14.937
15.584
16.215
16.828
17.424
18.001
18.56
19.099
19.618
20.118
20.597
21.055
21.492
21.907
22.301
22.673
23.022
23.35
23.654
23.936
24.195
24.43
24.643
24.832
24.997
25.14
25.258
25.353
25.424
25.472
25.496
25.496
25.472
25.424
25.353
25.258
25.14
24.997
24.832
24.643
24.43
24.195
23.936
23.654
23.35
23.022
22.673
22.301
21.907
21.492
21.055
20.597
20.118
19.618
19.099
18.56
18.001
17.424
16.828
16.215
15.584
14.937
14.273
13.594
12.901
12.193
11.471
10.737
9.9913
9.2341
8.4666
7.6895
6.9038
6.1102
5.3097
4.5032
3.6915
2.8755
2.0563
1.2347
0.41174
-0.41059
-1.2288
-2.0466
-1.9044
-1.1434
-0.38206
0.38313
1.1489
1.9134
2.6758
3.435
4.1903
4.9408
5.6857
6.4241
7.1553
7.8784
8.5925
9.2971
9.9913
10.674
11.346
12.004
12.65
13.282
13.899
14.501
15.088
15.659
16.213
16.75
17.27
17.772
18.255
18.72
19.166
19.592
19.999
20.385
20.752
21.098
21.423
21.727
22.011
22.273
22.514
22.733
22.931
23.107
23.261
23.393
23.503
23.592
23.658
23.702
23.724
23.724
23.702
23.658
23.592
23.503
23.393
23.261
23.107
22.931
22.733
22.514
22.273
22.011
21.727
21.423
21.098
20.752
20.385
19.999
19.592
19.166
18.72
18.255
17.772
17.27
16.75
16.213
15.659
15.088
14.501
13.899
13.282
12.65
12.004
11.346
10.674
9.9913
9.2971
8.5925
7.8784
7.1553
6.4241
5.6857
4.9408
4.1903
3.435
2.6758
1.9134
1.1489
0.38313
-0.38206
-1.1434
-1.9044
-1.7601
-1.0568
-0.35311
0.3541
1.0619
1.7684
2.473
3.1747
3.8728
4.5664
5.2548
5.9373
6.6131
7.2813
7.9414
8.5925
9.2341
9.8654
10.486
11.095
11.691
12.275
12.846
13.402
13.945
14.472
14.985
15.481
15.961
16.425
16.872
17.301
17.713
18.107
18.483
18.84
19.179
19.499
19.799
20.081
20.343
20.585
20.808
21.01
21.193
21.356
21.498
21.62
21.722
21.804
21.865
21.906
21.926
21.926
21.906
21.865
21.804
21.722
21.62
21.498
21.356
21.193
21.01
20.808
20.585
20.343
20.081
19.799
19.499
19.179
18.84
18.483
18.107
17.713
17.301
16.872
16.425
15.961
15.481
14.985
14.472
13.945
13.402
12.846
12.275
11.691
11.095
10.486
9.8654
9.2341
8.5925
7.9414
7.2813
6.6131
5.9373
5.2548
4.5664
3.8728
3.1747
2.473
1.7684
1.0619
0.3541
-0.35311
-1.0568
-1.7601
-1.6138
-0.96894
-0.32376
0.32466
0.97362
1.6215
2.2674
2.9108
3.5509
4.1869
4.8181
5.4438
6.0634
6.6761
7.2813
7.8784
8.4666
9.0454
9.6142
10.172
10.719
11.255
11.778
12.288
12.786
13.269
13.739
14.194
14.635
15.06
15.47
15.863
16.241
16.602
16.947
17.274
17.585
17.878
18.154
18.412
18.652
18.874
19.078
19.264
19.431
19.581
19.711
19.823
19.917
19.992
20.048
20.085
20.104
20.104
20.085
20.048
19.992
19.917
19.823
19.711
19.581
19.431
19.264
19.078
18.874
18.652
18.412
18.154
17.878
17.585
17.274
16.947
16.602
16.241
15.863
15.47
15.06
14.635
14.194
13.739
13.269
12.786
12.288
11.778
11.255
10.719
10.172
9.6142
9.0454
8.4666
7.8784
7.2813
6.6761
6.0634
5.4438
4.8181
4.1869
3.5509
2.9108
2.2674
1.6215
0.97362
0.32466
-0.32376
-0.96894
-1.6138
-1.4657
-0.88001
-0.29405
0.29487
0.88426
1.4726
2.0593
2.6437
3.225
3.8026
4.3759
4.9442
5.5069
6.0634
6.6131
7.1553
7.6895
8.2152
8.7318
9.2388
9.7356
10.222
10.697
11.161
11.612
12.052
12.478
12.892
13.292
13.678
14.05
14.407
14.75
15.078
15.391
15.689
15.971
16.237
16.488
16.722
16.94
17.142
17.327
17.496
17.648
17.783
17.902
18.004
18.089
18.157
18.208
18.242
18.259
18.259
18.242
18.208
18.157
18.089
18.004
17.902
17.783
17.648
17.496
17.327
17.142
16.94
16.722
16.488
16.237
15.971
15.689
15.391
15.078
14.75
14.407
14.05
13.678
13.292
12.892
12.478
12.052
11.612
11.161
10.697
10.222
9.7356
9.2388
8.7318
8.2152
7.6895
7.1553
6.6131
6.0634
5.5069
4.9442
4.3759
3.8026
3.225
2.6437
2.0593
1.4726
0.88426
0.29487
-0.29405
-0.88001
-1.4657
-1.3159
-0.79009
-0.264
0.26474
0.79391
1.3222
1.8489
2.3735
2.8954
3.414
3.9287
4.439
4.9442
5.4438
5.9373
6.4241
6.9038
7.3758
7.8396
8.2948
8.7408
9.1774
9.604
10.02
10.426
10.82
11.203
11.574
11.933
12.28
12.614
12.935
13.243
13.538
13.819
14.086
14.339
14.578
14.803
15.013
15.209
15.39
15.557
15.708
15.845
15.966
16.073
16.164
16.24
16.301
16.347
16.378
16.393
16.393
16.378
16.347
16.301
16.24
16.164
16.073
15.966
15.845
15.708
15.557
15.39
15.209
15.013
14.803
14.578
14.339
14.086
13.819
13.538
13.243
12.935
12.614
12.28
11.933
11.574
11.203
10.82
10.426
10.02
9.604
9.1774
8.7408
8.2948
7.8396
7.3758
6.9038
6.4241
5.9373
5.4438
4.9442
4.439
3.9287
3.414
2.8954
2.3735
1.8489
1.3222
0.79391
0.26474
-0.264
-0.79009
-1.3159
-1.1647
-0.69927
-0.23365
0.23431
0.70265
1.1702
1.6364
2.1007
2.5626
3.0216
3.4772
3.9287
4.3759
4.8181
5.2548
5.6857
6.1102
6.528
6.9385
7.3413
7.7361
8.1225
8.5
8.8684
9.2273
9.5764
9.9154
10.244
10.562
10.869
11.164
11.448
11.721
11.982
12.23
12.467
12.691
12.902
13.101
13.288
13.461
13.621
13.768
13.903
14.023
14.131
14.225
14.306
14.374
14.428
14.468
14.495
14.509
14.509
14.495
14.468
14.428
14.374
14.306
14.225
14.131
14.023
13.903
13.768
13.621
13.461
13.288
13.101
12.902
12.691
12.467
12.23
11.982
11.721
11.448
11.164
10.869
10.562
10.244
9.9154
9.5764
9.2273
8.8684
8.5
8.1225
7.7361
7.3413
6.9385
6.528
6.1102
5.6857
5.2548
4.8181
4.3759
3.9287
3.4772
3.0216
2.5626
2.1007
1.6364
1.1702
0.70265
0.23431
-0.23365
-0.69927
-1.1647
-1.0121
-0.60766
-0.20304
0.20361
0.61059
1.0169
1.422
1.8255
2.2269
2.6257
3.0216
3.414
3.8026
4.1869
4.5664
4.9408
5.3097
5.6727
6.0294
6.3795
6.7226
7.0583
7.3864
7.7066
8.0185
8.3218
8.6163
8.9018
9.178
9.4446
9.7015
9.9485
10.185
10.412
10.628
10.833
11.028
11.212
11.385
11.547
11.697
11.837
11.965
12.081
12.186
12.28
12.362
12.432
12.491
12.537
12.573
12.596
12.608
12.608
12.596
12.573
12.537
12.491
12.432
12.362
12.28
12.186
12.081
11.965
11.837
11.697
11.547
11.385
11.212
11.028
10.833
10.628
10.412
10.185
9.9485
9.7015
9.4446
9.178
8.9018
8.6163
8.3218
8.0185
7.7066
7.3864
7.0583
6.7226
6.3795
6.0294
5.6727
5.3097
4.9408
4.5664
4.1869
3.8026
3.414
3.0216
2.6257
2.2269
1.8255
1.422
1.0169
0.61059
0.20361
-0.20304
-0.60766
-1.0121
-0.85835
-0.51535
-0.1722
0.17268
0.51784
0.86241
1.206
1.5482
1.8886
2.2269
2.5626
2.8954
3.225
3.5509
3.8728
4.1903
4.5032
4.811
5.1136
5.4105
5.7014
5.9862
6.2644
6.5359
6.8004
7.0577
7.3075
7.5496
7.7838
8.01
8.2278
8.4373
8.6382
8.8303
9.0136
9.1878
9.353
9.5089
9.6555
9.7928
9.9205
10.039
10.147
10.246
10.335
10.414
10.484
10.543
10.593
10.633
10.663
10.683
10.693
10.693
10.683
10.663
10.633
10.593
10.543
10.484
10.414
10.335
10.246
10.147
10.039
9.9205
9.7928
9.6555
9.5089
9.353
9.1878
9.0136
8.8303
8.6382
8.4373
8.2278
8.01
7.7838
7.5496
7.3075
7.0577
6.8004
6.5359
6.2644
5.9862
5.7014
5.4105
5.1136
4.811
4.5032
4.1903
3.8728
3.5509
3.225
2.8954
2.5626
2.2269
1.8886
1.5482
1.206
0.86241
0.51784
0.17268
-0.1722
-0.51535
-0.85835
-0.70363
-0.42246
-0.14116
0.14155
0.4245
0.70696
0.98861
1.2691
1.5482
1.8255
2.1007
2.3735
2.6437
2.9108
3.1747
3.435
3.6915
3.9438
4.1918
4.4352
4.6737
4.9071
5.1353
5.3578
5.5746
5.7855
5.9903
6.1888
6.3808
6.5662
6.7448
6.9165
7.0811
7.2386
7.3889
7.5317
7.6671
7.7949
7.9151
8.0276
8.1323
8.2291
8.3181
8.3991
8.4722
8.5372
8.5941
8.643
8.6837
8.7164
8.7409
8.7572
8.7654
8.7654
8.7572
8.7409
8.7164
8.6837
8.643
8.5941
8.5372
8.4722
8.3991
8.3181
8.2291
8.1323
8.0276
7.9151
7.7949
7.6671
7.5317
7.3889
7.2386
7.0811
6.9165
6.7448
6.5662
6.3808
6.1888
5.9903
5.7855
5.5746
5.3578
5.1353
4.9071
4.6737
4.4352
4.1918
3.9438
3.6915
3.435
3.1747
2.9108
2.6437
2.3735
2.1007
1.8255
1.5482
1.2691
0.98861
0.70696
0.4245
0.14155
-0.14116
-0.42246
-0.70363
-0.54811
-0.32908
-0.10996
0.11027
0.33067
0.5507
0.7701
0.98861
1.206
1.422
1.6364
1.8489
2.0593
2.2674
2.473
2.6758
2.8755
3.0721
3.2653
3.4549
3.6407
3.8225
4.0002
4.1736
4.3425
4.5068
4.6663
4.8209
4.9704
5.1148
5.254
5.3877
5.516
5.6387
5.7557
5.867
5.9724
6.072
6.1656
6.2532
6.3348
6.4103
6.4796
6.5427
6.5996
6.6502
6.6946
6.7326
6.7644
6.7898
6.8089
6.8216
6.8279
6.8279
6.8216
6.8089
6.7898
6.7644
6.7326
6.6946
6.6502
6.5996
6.5427
6.4796
6.4103
6.3348
6.2532
6.1656
6.072
5.9724
5.867
5.7557
5.6387
5.516
5.3877
5.254
5.1148
4.9704
4.8209
4.6663
4.5068
4.3425
4.1736
4.0002
3.8225
3.6407
3.4549
3.2653
3.0721
2.8755
2.6758
2.473
2.2674
2.0593
1.8489
1.6364
1.422
1.206
0.98861
0.7701
0.5507
0.33067
0.11027
-0.10996
-0.32908
-0.54811
-0.39196
-0.23533
-0.078633
0.078852
0.23647
0.39381
0.5507
0.70696
0.86241
1.0169
1.1702
1.3222
1.4726
1.6215
1.7684
1.9134
2.0563
2.1969
2.335
2.4706
2.6035
2.7335
2.8606
2.9845
3.1053
3.2228
3.3369
3.4474
3.5544
3.6576
3.7571
3.8528
3.9445
4.0322
4.1159
4.1955
4.2709
4.3421
4.4091
4.4717
4.5301
4.584
4.6336
4.6787
4.7194
4.7556
4.7873
4.8145
4.8372
4.8554
4.8691
4.8782
4.8827
4.8827
4.8782
4.8691
4.8554
4.8372
4.8145
4.7873
4.7556
4.7194
4.6787
4.6336
4.584
4.5301
4.4717
4.4091
4.3421
4.2709
4.1955
4.1159
4.0322
3.9445
3.8528
3.7571
3.6576
3.5544
3.4474
3.3369
3.2228
3.1053
2.9845
2.8606
2.7335
2.6035
2.4706
2.335
2.1969
2.0563
1.9134
1.7684
1.6215
1.4726
1.3222
1.1702
1.0169
0.86241
0.70696
0.5507
0.39381
0.23647
0.078852
-0.078633
-0.23533
-0.39196
-0.23535
-0.14131
-0.047216
0.047348
0.14199
0.23647
0.33067
0.4245
0.51784
0.61059
0.70265
0.79391
0.88426
0.97362
1.0619
1.1489
1.2347
1.3191
1.4021
1.4835
1.5633
1.6414
1.7177
1.7921
1.8646
1.9352
2.0037
2.07
2.1343
2.1963
2.256
2.3134
2.3685
2.4212
2.4715
2.5192
2.5645
2.6073
2.6475
2.6851
2.7201
2.7525
2.7823
2.8094
2.8338
2.8555
2.8746
2.8909
2.9046
2.9155
2.9237
2.9291
2.9319
2.9319
2.9291
2.9237
2.9155
2.9046
2.8909
2.8746
2.8555
2.8338
2.8094
2.7823
2.7525
2.7201
2.6851
2.6475
2.6073
2.5645
2.5192
2.4715
2.4212
2.3685
2.3134
2.256
2.1963
2.1343
2.07
2.0037
1.9352
1.8646
1.7921
1.7177
1.6414
1.5633
1.4835
1.4021
1.3191
1.2347
1.1489
1.0619
0.97362
0.88426
0.79391
0.70265
0.61059
0.51784
0.4245
0.33067
0.23647
0.14199
0.047348
-0.047216
-0.14131
-0.23535
-0.078481
-0.04712
-0.015745
0.015789
0.047348
0.078852
0.11027
0.14155
0.17268
0.20361
0.23431
0.26474
0.29487
0.32466
0.3541
0.38313
0.41174
0.43988
0.46754
0.49469
0.52129
0.54733
0.57277
0.5976
0.62178
0.6453
0.66814
0.69028
0.71169
0.73237
0.75229
0.77144
0.78981
0.80738
0.82413
0.84007
0.85517
0.86942
0.88283
0.89538
0.90705
0.91786
0.92778
0.93682
0.94496
0.95221
0.95856
0.96401
0.96856
0.9722
0.97493
0.97675
0.97766
0.97766
0.97675
0.97493
0.9722
0.96856
0.96401
0.95856
0.95221
0.94496
0.93682
0.92778
0.91786
0.90705
0.89538
0.88283
0.86942
0.85517
0.84007
0.82413
0.80738
0.78981
0.77144
0.75229
0.73237
0.71169
0.69028
0.66814
0.6453
0.62178
0.5976
0.57277
0.54733
0.52129
0.49469
0.46754
0.43988
0.41174
0.38313
0.3541
0.32466
0.29487
0.26474
0.23431
0.20361
0.17268
0.14155
0.11027
0.078852
0.047348
0.015789
-0.015745
-0.04712
-0.078481
0.078262
0.046988
0.015701
-0.015745
-0.047216
-0.078633
-0.10996
-0.14116
-0.1722
-0.20304
-0.23365
-0.264
-0.29405
-0.32376
-0.35311
-0.38206
-0.41059
-0.43866
-0.46624
-0.49332
-0.51984
-0.54581
-0.57118
-0.59593
-0.62005
-0.64351
-0.66628
-0.68836
-0.70971
-0.73033
-0.7502
-0.7693
-0.78761
-0.80513
-0.82184
-0.83773
-0.85279
-0.86701
-0.88038
-0.89289
-0.90453
-0.9153
-0.9252
-0.93421
-0.94233
-0.94956
-0.9559
-0.96133
-0.96587
-0.9695
-0.97222
-0.97404
-0.97495
-0.97495
-0.97404
-0.97222
-0.9695
-0.96587
-0.96133
-0.9559
-0.94956
-0.94233
-0.93421
-0.9252
-0.9153
-0.90453
-0.89289
-0.88038
-0.86701
-0.85279
-0.83773
-0.82184
-0.80513
-0.78761
-0.7693
-0.7502
-0.73033
-0.70971
-0.68836
-0.66628
-0.64351
-0.62005
-0.59593
-0.57118
-0.54581
-0.51984
-0.49332
-0.46624
-0.43866
-0.41059
-0.38206
-0.35311
-0.32376
-0.29405
-0.264
-0.23365
-0.20304
-0.1722
-0.14116
-0.10996
-0.078633
-0.047216
-0.015745
0.015701
0.046988
0.078262
0.23492
0.14093
0.046988
-0.04712
-0.14131
-0.23533
-0.32908
-0.42246
-0.51535
-0.60766
-0.69927
-0.79009
-0.88001
-0.96894
-1.0568
-1.1434
-1.2288
-1.3128
-1.3954
-1.4764
-1.5558
-1.6335
-1.7094
-1.7835
-1.8557
-1.9259
-1.994
-2.0601
-2.124
-2.1857
-2.2452
-2.3023
-2.3571
-2.4096
-2.4596
-2.5071
-2.5522
-2.5947
-2.6347
-2.6722
-2.707
-2.7393
-2.7689
-2.7959
-2.8202
-2.8418
-2.8608
-2.877
-2.8906
-2.9015
-2.9096
-2.915
-2.9178
-2.9178
-2.915
-2.9096
-2.9015
-2.8906
-2.877
-2.8608
-2.8418
-2.8202
-2.7959
-2.7689
-2.7393
-2.707
-2.6722
-2.6347
-2.5947
-2.5522
-2.5071
-2.4596
-2.4096
-2.3571
-2.3023
-2.2452
-2.1857
-2.124
-2.0601
-1.994
-1.9259
-1.8557
-1.7835
-1.7094
-1.6335
-1.5558
-1.4764
-1.3954
-1.3128
-1.2288
-1.1434
-1.0568
-0.96894
-0.88001
-0.79009
-0.69927
-0.60766
-0.51535
-0.42246
-0.32908
-0.23533
-0.14131
-0.04712
0.046988
0.14093
0.23492
0.39165
0.23492
0.078262
-0.078481
-0.23535
-0.39196
-0.54811
-0.70363
-0.85835
-1.0121
-1.1647
-1.3159
-1.4657
-1.6138
-1.7601
-1.9044
-2.0466
-2.1865
-2.324
-2.459
-2.5912
-2.7206
-2.8471
-2.9705
-3.0907
-3.2076
-3.3212
-3.4312
-3.5376
-3.6404
-3.7394
-3.8346
-3.9259
-4.0133
-4.0965
-4.1758
-4.2508
-4.3217
-4.3883
-4.4507
-4.5087
-4.5624
-4.6117
-4.6567
-4.6972
-4.7332
-4.7648
-4.7919
-4.8145
-4.8326
-4.8461
-4.8552
-4.8597
-4.8597
-4.8552
-4.8461
-4.8326
-4.8145
-4.7919
-4.7648
-4.7332
-4.6972
-4.6567
-4.6117
-4.5624
-4.5087
-4.4507
-4.3883
-4.3217
-4.2508
-4.1758
-4.0965
-4.0133
-3.9259
-3.8346
-3.7394
-3.6404
-3.5376
-3.4312
-3.3212
-3.2076
-3.0907
-2.9705
-2.8471
-2.7206
-2.5912
-2.459
-2.324
-2.1865
-2.0466
-1.9044
-1.7601
-1.6138
-1.4657
-1.3159
-1.1647
-1.0121
-0.85835
-0.70363
-0.54811
-0.39196
-0.23535
-0.078481
0.078262
0.23492
0.39165
