0.41072
0.24636
0.082076
-0.082305
-0.24682
-0.41104
-0.57478
-0.73785
-0.90005
-1.0612
-1.2211
-1.3796
-1.5365
-1.6916
-1.8448
-1.9959
-2.1447
-2.291
-2.4348
-2.5758
-2.714
-2.8492
-2.9812
-3.1099
-3.2353
-3.3572
-3.4755
-3.5901
-3.701
-3.8079
-3.9109
-4.0099
-4.1047
-4.1954
-4.2819
-4.3641
-4.4419
-4.5154
-4.5845
-4.649
-4.7092
-4.7647
-4.8158
-4.8622
-4.9041
-4.9414
-4.974
-5.002
-5.0254
-5.044
-5.0581
-5.0674
-5.0721
-5.0721
-5.0674
-5.0581
-5.044
-5.0254
-5.002
-4.974
-4.9414
-4.9041
-4.8622
-4.8158
-4.7647
-4.7092
-4.649
-4.5845
-4.5154
-4.4419
-4.3641
-4.2819
-4.1954
-4.1047
-4.0099
-3.9109
-3.8079
-3.701
-3.5901
-3.4755
-3.3572
-3.2353
-3.1099
-2.9812
-2.8492
-2.714
-2.5758
-2.4348
-2.291
-2.1447
-1.9959
-1.8448
-1.6916
-1.5365
-1.3796
-1.2211
-1.0612
-0.90005
-0.73785
-0.57478
-0.41104
-0.24682
-0.082305
0.082076
0.24636
0.41072
0.24636
0.1478
0.049279
-0.049417
-0.14819
-0.24679
-0.34511
-0.44301
-0.5404
-0.63716
-0.73317
-0.82833
-0.92253
-1.0157
-1.1076
-1.1983
-1.2877
-1.3755
-1.4619
-1.5465
-1.6295
-1.7107
-1.7899
-1.8672
-1.9425
-2.0157
-2.0867
-2.1556
-2.2221
-2.2863
-2.3481
-2.4076
-2.4645
-2.519
-2.5709
-2.6202
-2.667
-2.7111
-2.7525
-2.7913
-2.8274
-2.8608
-2.8914
-2.9193
-2.9445
-2.9669
-2.9864
-3.0033
-3.0173
-3.0285
-3.0369
-3.0425
-3.0453
-3.0453
-3.0425
-3.0369
-3.0285
-3.0173
-3.0033
-2.9864
-2.9669
-2.9445
-2.9193
-2.8914
-2.8608
-2.8274
-2.7913
-2.7525
-2.7111
-2.667
-2.6202
-2.5709
-2.519
-2.4645
-2.4076
-2.3481
-2.2863
-2.2221
-2.1556
-2.0867
-2.0157
-1.9425
-1.8672
-1.7899
-1.7107
-1.6295
-1.5465
-1.4619
-1.3755
-1.2877
-1.1983
-1.1076
-1.0157
-0.92253
-0.82833
-0.73317
-0.63716
-0.5404
-0.44301
-0.34511
-0.24679
-0.14819
-0.049417
0.049279
0.1478
0.24636
0.082076
0.049279
0.016466
-0.016512
-0.049518
-0.082465
-0.11532
-0.14803
-0.18057
-0.2129
-0.24498
-0.27678
-0.30826
-0.33938
-0.37011
-0.40042
-0.43027
-0.45963
-0.48847
-0.51677
-0.54449
-0.57161
-0.59809
-0.62393
-0.64908
-0.67354
-0.69727
-0.72027
-0.7425
-0.76396
-0.78462
-0.80447
-0.82351
-0.8417
-0.85905
-0.87554
-0.89115
-0.9059
-0.91975
-0.93271
-0.94477
-0.95592
-0.96616
-0.97548
-0.98388
-0.99136
-0.9979
-1.0035
-1.0082
-1.012
-1.0148
-1.0166
-1.0176
-1.0176
-1.0166
-1.0148
-1.012
-1.0082
-1.0035
-0.9979
-0.99136
-0.98388
-0.97548
-0.96616
-0.95592
-0.94477
-0.93271
-0.91975
-0.9059
-0.89115
-0.87554
-0.85905
-0.8417
-0.82351
-0.80447
-0.78462
-0.76396
-0.7425
-0.72027
-0.69727
-0.67354
-0.64908
-0.62393
-0.59809
-0.57161
-0.54449
-0.51677
-0.48847
-0.45963
-0.43027
-0.40042
-0.37011
-0.33938
-0.30826
-0.27678
-0.24498
-0.2129
-0.18057
-0.14803
-0.11532
-0.082465
-0.049518
-0.016512
0.016466
0.049279
0.082076
-0.082305
-0.049417
-0.016512
0.016558
0.049656
0.082695
0.11564
0.14844
0.18108
0.2135
0.24567
0.27755
0.30912
0.34033
0.37114
0.40153
0.43147
0.46091
0.48984
0.51821
0.54601
0.5732
0.59976
0.62567
0.65089
0.67542
0.69922
0.72227
0.74457
0.76609
0.78681
0.80672
0.8258
0.84405
0.86144
0.87798
0.89364
0.90842
0.92231
0.93531
0.9474
0.95858
0.96885
0.9782
0.98662
0.99412
1.0007
1.0063
1.011
1.0148
1.0176
1.0195
1.0204
1.0204
1.0195
1.0176
1.0148
1.011
1.0063
1.0007
0.99412
0.98662
0.9782
0.96885
0.95858
0.9474
0.93531
0.92231
0.90842
0.89364
0.87798
0.86144
0.84405
0.8258
0.80672
0.78681
0.76609
0.74457
0.72227
0.69922
0.67542
0.65089
0.62567
0.59976
0.5732
0.54601
0.51821
0.48984
0.46091
0.43147
0.40153
0.37114
0.34033
0.30912
0.27755
0.24567
0.2135
0.18108
0.14844
0.11564
0.082695
0.049656
0.016558
-0.016512
-0.049417
-0.082305
-0.24682
-0.14819
-0.049518
0.049656
0.14891
0.24799
0.34677
0.44515
0.54301
0.64024
0.73671
0.83234
0.92699
1.0206
1.113
1.2041
1.2939
1.3822
1.4689
1.554
1.6374
1.7189
1.7986
1.8763
1.9519
2.0255
2.0968
2.166
2.2328
2.2974
2.3595
2.4192
2.4764
2.5311
2.5833
2.6329
2.6799
2.7242
2.7659
2.8048
2.8411
2.8746
2.9054
2.9334
2.9587
2.9812
3.0009
3.0178
3.0319
3.0431
3.0516
3.0572
3.0601
3.0601
3.0572
3.0516
3.0431
3.0319
3.0178
3.0009
2.9812
2.9587
2.9334
2.9054
2.8746
2.8411
2.8048
2.7659
2.7242
2.6799
2.6329
2.5833
2.5311
2.4764
2.4192
2.3595
2.2974
2.2328
2.166
2.0968
2.0255
1.9519
1.8763
1.7986
1.7189
1.6374
1.554
1.4689
1.3822
1.2939
1.2041
1.113
1.0206
0.92699
0.83234
0.73671
0.64024
0.54301
0.44515
0.34677
0.24799
0.14891
0.049656
-0.049518
-0.14819
-0.24682
-0.41104
-0.24679
-0.082465
0.082695
0.24799
0.41299
0.5775
0.74134
0.90431
1.0662
1.2269
1.3861
1.5438
1.6996
1.8535
2.0053
2.1548
2.3018
2.4463
2.588
2.7268
2.8626
2.9953
3.1247
3.2506
3.3731
3.492
3.6071
3.7185
3.8259
3.9294
4.0288
4.1242
4.2153
4.3021
4.3847
4.4629
4.5368
4.6061
4.671
4.7314
4.7873
4.8386
4.8852
4.9273
4.9648
4.9976
5.0257
5.0491
5.0679
5.082
5.0914
5.0961
5.0961
5.0914
5.082
5.0679
5.0491
5.0257
4.9976
4.9648
4.9273
4.8852
4.8386
4.7873
4.7314
4.671
4.6061
4.5368
4.4629
4.3847
4.3021
4.2153
4.1242
4.0288
3.9294
3.8259
3.7185
3.6071
3.492
3.3731
3.2506
3.1247
2.9953
2.8626
2.7268
2.588
2.4463
2.3018
2.1548
2.0053
1.8535
1.6996
1.5438
1.3861
1.2269
1.0662
0.90431
0.74134
0.5775
0.41299
0.24799
0.082695
-0.082465
-0.24679
-0.41104
-0.57478
-0.34511
-0.11532
0.11564
0.34677
0.5775
0.80755
1.0367
1.2645
1.491
1.7156
1.9383
2.1587
2.3767
2.5919
2.8041
3.0132
3.2188
3.4208
3.619
3.8131
4.003
4.1885
4.3694
4.5455
4.7168
4.883
5.044
5.1997
5.35
5.4947
5.6338
5.767
5.8944
6.0159
6.1314
6.2408
6.344
6.441
6.5318
6.6162
6.6943
6.766
6.8313
6.8901
6.9425
6.9883
7.0277
7.0605
7.0867
7.1064
7.1196
7.1262
7.1262
7.1196
7.1064
7.0867
7.0605
7.0277
6.9883
6.9425
6.8901
6.8313
6.766
6.6943
6.6162
6.5318
6.441
6.344
6.2408
6.1314
6.0159
5.8944
5.767
5.6338
5.4947
5.35
5.1997
5.044
4.883
4.7168
4.5455
4.3694
4.1885
4.003
3.8131
3.619
3.4208
3.2188
3.0132
2.8041
2.5919
2.3767
2.1587
1.9383
1.7156
1.491
1.2645
1.0367
0.80755
0.5775
0.34677
0.11564
-0.11532
-0.34511
-0.57478
-0.73785
-0.44301
-0.14803
0.14844
0.44515
0.74134
1.0367
1.3308
1.6233
1.9139
2.2024
2.4882
2.7712
3.051
3.3272
3.5997
3.868
4.132
4.3913
4.6457
4.8949
5.1386
5.3767
5.609
5.8351
6.055
6.2683
6.475
6.6749
6.8678
7.0536
7.2321
7.4031
7.5667
7.7227
7.8709
8.0113
8.1438
8.2683
8.3849
8.4933
8.5935
8.6856
8.7694
8.8449
8.9121
8.971
9.0214
9.0636
9.0973
9.1226
9.1394
9.1479
9.1479
9.1394
9.1226
9.0973
9.0636
9.0214
8.971
8.9121
8.8449
8.7694
8.6856
8.5935
8.4933
8.3849
8.2683
8.1438
8.0113
7.8709
7.7227
7.5667
7.4031
7.2321
7.0536
6.8678
6.6749
6.475
6.2683
6.055
5.8351
5.609
5.3767
5.1386
4.8949
4.6457
4.3913
4.132
3.868
3.5997
3.3272
3.051
2.7712
2.4882
2.2024
1.9139
1.6233
1.3308
1.0367
0.74134
0.44515
0.14844
-0.14803
-0.44301
-0.73785
-0.90005
-0.5404
-0.18057
0.18108
0.54301
0.90431
1.2645
1.6233
1.9802
2.3347
2.6865
3.0352
3.3804
3.7216
4.0586
4.391
4.7183
5.0403
5.3566
5.6669
5.9709
6.2683
6.5587
6.842
7.1179
7.386
7.6463
7.8985
8.1423
8.3776
8.6042
8.8219
9.0306
9.2301
9.4203
9.6011
9.7724
9.9341
10.086
10.228
10.36
10.483
10.595
10.697
10.789
10.871
10.943
11.005
11.056
11.097
11.128
11.149
11.159
11.159
11.149
11.128
11.097
11.056
11.005
10.943
10.871
10.789
10.697
10.595
10.483
10.36
10.228
10.086
9.9341
9.7724
9.6011
9.4203
9.2301
9.0306
8.8219
8.6042
8.3776
8.1423
7.8985
7.6463
7.386
7.1179
6.842
6.5587
6.2683
5.9709
5.6669
5.3566
5.0403
4.7183
4.391
4.0586
3.7216
3.3804
3.0352
2.6865
2.3347
1.9802
1.6233
1.2645
0.90431
0.54301
0.18108
-0.18057
-0.5404
-0.90005
-1.0612
-0.63716
-0.2129
0.2135
0.64024
1.0662
1.491
1.9139
2.3347
2.7527
3.1675
3.5786
3.9856
4.388
4.7853
5.1772
5.5631
5.9428
6.3157
6.6816
7.04
7.3906
7.733
8.067
8.3923
8.7085
9.0154
9.3126
9.6001
9.8775
10.145
10.401
10.647
10.883
11.107
11.32
11.522
11.713
11.892
12.059
12.215
12.36
12.492
12.612
12.721
12.818
12.902
12.975
13.036
13.084
13.12
13.145
13.157
13.157
13.145
13.12
13.084
13.036
12.975
12.902
12.818
12.721
12.612
12.492
12.36
12.215
12.059
11.892
11.713
11.522
11.32
11.107
10.883
10.647
10.401
10.145
9.8775
9.6001
9.3126
9.0154
8.7085
8.3923
8.067
7.733
7.3906
7.04
6.6816
6.3157
5.9428
5.5631
5.1772
4.7853
4.388
3.9856
3.5786
3.1675
2.7527
2.3347
1.9139
1.491
1.0662
0.64024
0.2135
-0.2129
-0.63716
-1.0612
-1.2211
-0.73317
-0.24498
0.24567
0.73671
1.2269
1.7156
2.2024
2.6865
3.1675
3.6448
4.1179
4.5862
5.0492
5.5064
5.9573
6.4014
6.8383
7.2674
7.6884
8.1008
8.5042
8.8983
9.2827
9.6569
10.021
10.374
10.716
11.047
11.366
11.673
11.969
12.252
12.523
12.781
13.026
13.258
13.478
13.684
13.877
14.056
14.222
14.374
14.513
14.638
14.749
14.847
14.93
15
15.056
15.098
15.125
15.139
15.139
15.125
15.098
15.056
15
14.93
14.847
14.749
14.638
14.513
14.374
14.222
14.056
13.877
13.684
13.478
13.258
13.026
12.781
12.523
12.252
11.969
11.673
11.366
11.047
10.716
10.374
10.021
9.6569
9.2827
8.8983
8.5042
8.1008
7.6884
7.2674
6.8383
6.4014
5.9573
5.5064
5.0492
4.5862
4.1179
3.6448
3.1675
2.6865
2.2024
1.7156
1.2269
0.73671
0.24567
-0.24498
-0.73317
-1.2211
-1.3796
-0.82833
-0.27678
0.27755
0.83234
1.3861
1.9383
2.4882
3.0352
3.5786
4.1179
4.6524
5.1815
5.7046
6.2211
6.7305
7.2323
7.7258
8.2107
8.6863
9.1522
9.608
10.053
10.487
10.91
11.321
11.72
12.107
12.481
12.841
13.189
13.522
13.842
14.148
14.44
14.717
14.979
15.227
15.46
15.678
15.88
16.068
16.24
16.397
16.538
16.664
16.774
16.868
16.947
17.01
17.057
17.089
17.104
17.104
17.089
17.057
17.01
16.947
16.868
16.774
16.664
16.538
16.397
16.24
16.068
15.88
15.678
15.46
15.227
14.979
14.717
14.44
14.148
13.842
13.522
13.189
12.841
12.481
12.107
11.72
11.321
10.91
10.487
10.053
9.608
9.1522
8.6863
8.2107
7.7258
7.2323
6.7305
6.2211
5.7046
5.1815
4.6524
4.1179
3.5786
3.0352
2.4882
1.9383
1.3861
0.83234
0.27755
-0.27678
-0.82833
-1.3796
-1.5365
-0.92253
-0.30826
0.30912
0.92699
1.5438
2.1587
2.7712
3.3804
3.9856
4.5862
5.1815
5.7707
6.3533
6.9286
7.496
8.0548
8.6045
9.1444
9.6742
10.193
10.701
11.197
11.68
12.151
12.609
13.053
13.484
13.9
14.302
14.688
15.06
15.416
15.757
16.082
16.39
16.683
16.959
17.218
17.461
17.686
17.895
18.087
18.261
18.419
18.559
18.681
18.786
18.874
18.944
18.997
19.032
19.05
19.05
19.032
18.997
18.944
18.874
18.786
18.681
18.559
18.419
18.261
18.087
17.895
17.686
17.461
17.218
16.959
16.683
16.39
16.082
15.757
15.416
15.06
14.688
14.302
13.9
13.484
13.053
12.609
12.151
11.68
11.197
10.701
10.193
9.6742
9.1444
8.6045
8.0548
7.496
6.9286
6.3533
5.7707
5.1815
4.5862
3.9856
3.3804
2.7712
2.1587
1.5438
0.92699
0.30912
-0.30826
-0.92253
-1.5365
-1.6916
-1.0157
-0.33938
0.34033
1.0206
1.6996
2.3767
3.051
3.7216
4.388
5.0492
5.7046
6.3533
6.9947
7.6281
8.2527
8.868
9.4731
10.068
10.651
11.222
11.781
12.327
12.859
13.378
13.882
14.371
14.845
15.303
15.745
16.171
16.581
16.973
17.348
17.705
18.045
18.367
18.671
18.956
19.223
19.472
19.702
19.913
20.105
20.278
20.432
20.567
20.683
20.78
20.857
20.915
20.953
20.973
20.973
20.953
20.915
20.857
20.78
20.683
20.567
20.432
20.278
20.105
19.913
19.702
19.472
19.223
18.956
18.671
18.367
18.045
17.705
17.348
16.973
16.581
16.171
15.745
15.303
14.845
14.371
13.882
13.378
12.859
12.327
11.781
11.222
10.651
10.068
9.4731
8.868
8.2527
7.6281
6.9947
6.3533
5.7046
5.0492
4.388
3.7216
3.051
2.3767
1.6996
1.0206
0.34033
-0.33938
-1.0157
-1.6916
-1.8448
-1.1076
-0.37011
0.37114
1.113
1.8535
2.5919
3.3272
4.0586
4.7853
5.5064
6.2211
6.9286
7.6281
8.3188
9
9.671
10.331
10.979
11.615
12.238
12.848
13.443
14.024
14.589
15.139
15.672
16.189
16.689
17.171
17.636
18.082
18.51
18.919
19.309
19.679
20.03
20.361
20.673
20.964
21.235
21.486
21.716
21.926
22.114
22.282
22.43
22.556
22.661
22.745
22.809
22.851
22.872
22.872
22.851
22.809
22.745
22.661
22.556
22.43
22.282
22.114
21.926
21.716
21.486
21.235
20.964
20.673
20.361
20.03
19.679
19.309
18.919
18.51
18.082
17.636
17.171
16.689
16.189
15.672
15.139
14.589
14.024
13.443
12.848
12.238
11.615
10.979
10.331
9.671
9
8.3188
7.6281
6.9286
6.2211
5.5064
4.7853
4.0586
3.3272
2.5919
1.8535
1.113
0.37114
-0.37011
-1.1076
-1.8448
-1.9959
-1.1983
-0.40042
0.40153
1.2041
2.0053
2.8041
3.5997
4.391
5.1772
5.9573
6.7305
7.496
8.2527
9
9.737
10.463
11.177
11.878
12.566
13.24
13.9
14.544
15.172
15.784
16.379
16.956
17.515
18.055
18.577
19.08
19.563
20.025
20.468
20.89
21.291
21.67
22.029
22.366
22.681
22.974
23.245
23.494
23.721
23.925
24.107
24.266
24.403
24.517
24.608
24.676
24.722
24.745
24.745
24.722
24.676
24.608
24.517
24.403
24.266
24.107
23.925
23.721
23.494
23.245
22.974
22.681
22.366
22.029
21.67
21.291
20.89
20.468
20.025
19.563
19.08
18.577
18.055
17.515
16.956
16.379
15.784
15.172
14.544
13.9
13.24
12.566
11.878
11.177
10.463
9.737
9
8.2527
7.496
6.7305
5.9573
5.1772
4.391
3.5997
2.8041
2.0053
1.2041
0.40153
-0.40042
-1.1983
-1.9959
-2.1447
-1.2877
-0.43027
0.43147
1.2939
2.1548
3.0132
3.868
4.7183
5.5631
6.4014
7.2323
8.0548
8.868
9.671
10.463
11.243
12.01
12.764
13.503
14.227
14.936
15.628
16.303
16.961
17.6
18.22
18.821
19.402
19.962
20.502
21.021
21.518
21.994
22.447
22.878
23.286
23.671
24.033
24.372
24.687
24.978
25.246
25.489
25.709
25.904
26.075
26.222
26.344
26.442
26.516
26.565
26.589
26.589
26.565
26.516
26.442
26.344
26.222
26.075
25.904
25.709
25.489
25.246
24.978
24.687
24.372
24.033
23.671
23.286
22.878
22.447
21.994
21.518
21.021
20.502
19.962
19.402
18.821
18.22
17.6
16.961
16.303
15.628
14.936
14.227
13.503
12.764
12.01
11.243
10.463
9.671
8.868
8.0548
7.2323
6.4014
5.5631
4.7183
3.868
3.0132
2.1548
1.2939
0.43147
-0.43027
-1.2877
-2.1447
-2.291
-1.3755
-0.45963
0.46091
1.3822
2.3018
3.2188
4.132
5.0403
5.9428
6.8383
7.7258
8.6045
9.4731
10.331
11.177
12.01
12.83
13.635
14.425
15.198
15.955
16.695
17.416
18.118
18.801
19.463
20.105
20.726
21.324
21.901
22.455
22.987
23.495
23.979
24.439
24.875
25.286
25.673
26.035
26.371
26.683
26.969
27.229
27.463
27.672
27.855
28.011
28.142
28.247
28.325
28.378
28.404
28.404
28.378
28.325
28.247
28.142
28.011
27.855
27.672
27.463
27.229
26.969
26.683
26.371
26.035
25.673
25.286
24.875
24.439
23.979
23.495
22.987
22.455
21.901
21.324
20.726
20.105
19.463
18.801
18.118
17.416
16.695
15.955
15.198
14.425
13.635
12.83
12.01
11.177
10.331
9.4731
8.6045
7.7258
6.8383
5.9428
5.0403
4.132
3.2188
2.3018
1.3822
0.46091
-0.45963
-1.3755
-2.291
-2.4348
-1.4619
-0.48847
0.48984
1.4689
2.4463
3.4208
4.3913
5.3566
6.3157
7.2674
8.2107
9.1444
10.068
10.979
11.878
12.764
13.635
14.49
15.33
16.152
16.957
17.742
18.509
19.255
19.98
20.684
21.367
22.026
22.663
23.276
23.865
24.429
24.969
25.484
25.973
26.436
26.873
27.284
27.669
28.026
28.357
28.661
28.937
29.187
29.408
29.603
29.769
29.908
30.02
30.103
30.159
30.186
30.186
30.159
30.103
30.02
29.908
29.769
29.603
29.408
29.187
28.937
28.661
28.357
28.026
27.669
27.284
26.873
26.436
25.973
25.484
24.969
24.429
23.865
23.276
22.663
22.026
21.367
20.684
19.98
19.255
18.509
17.742
16.957
16.152
15.33
14.49
13.635
12.764
11.878
10.979
10.068
9.1444
8.2107
7.2674
6.3157
5.3566
4.3913
3.4208
2.4463
1.4689
0.48984
-0.48847
-1.4619
-2.4348
-2.5758
-1.5465
-0.51677
0.51821
1.554
2.588
3.619
4.6457
5.6669
6.6816
7.6884
8.6863
9.6742
10.651
11.615
12.566
13.503
14.425
15.33
16.218
17.088
17.939
18.77
19.581
20.37
21.138
21.883
22.604
23.302
23.975
24.624
25.247
25.844
26.415
26.96
27.477
27.967
28.43
28.865
29.271
29.65
30
30.321
30.614
30.877
31.112
31.318
31.494
31.641
31.759
31.847
31.906
31.935
31.935
31.906
31.847
31.759
31.641
31.494
31.318
31.112
30.877
30.614
30.321
30
29.65
29.271
28.865
28.43
27.967
27.477
26.96
26.415
25.844
25.247
24.624
23.975
23.302
22.604
21.883
21.138
20.37
19.581
18.77
17.939
17.088
16.218
15.33
14.425
13.503
12.566
11.615
10.651
9.6742
8.6863
7.6884
6.6816
5.6669
4.6457
3.619
2.588
1.554
0.51821
-0.51677
-1.5465
-2.5758
-2.714
-1.6295
-0.54449
0.54601
1.6374
2.7268
3.8131
4.8949
5.9709
7.04
8.1008
9.1522
10.193
11.222
12.238
13.24
14.227
15.198
16.152
17.088
18.004
18.901
19.777
20.631
21.463
22.272
23.056
23.817
24.552
25.262
25.945
26.601
27.231
27.832
28.406
28.951
29.468
29.955
30.413
30.842
31.24
31.609
31.948
32.256
32.534
32.781
32.997
33.183
33.338
33.462
33.555
33.617
33.648
33.648
33.617
33.555
33.462
33.338
33.183
32.997
32.781
32.534
32.256
31.948
31.609
31.24
30.842
30.413
29.955
29.468
28.951
28.406
27.832
27.231
26.601
25.945
25.262
24.552
23.817
23.056
22.272
21.463
20.631
19.777
18.901
18.004
17.088
16.152
15.198
14.227
13.24
12.238
11.222
10.193
9.1522
8.1008
7.04
5.9709
4.8949
3.8131
2.7268
1.6374
0.54601
-0.54449
-1.6295
-2.714
-2.8492
-1.7107
-0.57161
0.5732
1.7189
2.8626
4.003
5.1386
6.2683
7.3906
8.5042
9.608
10.701
11.781
12.848
13.9
14.936
15.955
16.957
17.939
18.901
19.842
20.762
21.659
22.532
23.381
24.205
25.003
25.775
26.52
27.237
27.926
28.587
29.218
29.821
30.393
30.935
31.447
31.928
32.378
32.796
33.183
33.539
33.862
34.154
34.414
34.641
34.836
34.998
35.129
35.226
35.291
35.324
35.324
35.291
35.226
35.129
34.998
34.836
34.641
34.414
34.154
33.862
33.539
33.183
32.796
32.378
31.928
31.447
30.935
30.393
29.821
29.218
28.587
27.926
27.237
26.52
25.775
25.003
24.205
23.381
22.532
21.659
20.762
19.842
18.901
17.939
16.957
15.955
14.936
13.9
12.848
11.781
10.701
9.608
8.5042
7.3906
6.2683
5.1386
4.003
2.8626
1.7189
0.5732
-0.57161
-1.7107
-2.8492
-2.9812
-1.7899
-0.59809
0.59976
1.7986
2.9953
4.1885
5.3767
6.5587
7.733
8.8983
10.053
11.197
12.327
13.443
14.544
15.628
16.695
17.742
18.77
19.777
20.762
21.724
22.662
23.576
24.464
25.326
26.162
26.969
27.748
28.499
29.22
29.911
30.572
31.202
31.801
32.369
32.904
33.407
33.878
34.316
34.721
35.093
35.432
35.737
36.008
36.246
36.45
36.62
36.756
36.859
36.927
36.961
36.961
36.927
36.859
36.756
36.62
36.45
36.246
36.008
35.737
35.432
35.093
34.721
34.316
33.878
33.407
32.904
32.369
31.801
31.202
30.572
29.911
29.22
28.499
27.748
26.969
26.162
25.326
24.464
23.576
22.662
21.724
20.762
19.777
18.77
17.742
16.695
15.628
14.544
13.443
12.327
11.197
10.053
8.8983
7.733
6.5587
5.3767
4.1885
2.9953
1.7986
0.59976
-0.59809
-1.7899
-2.9812
-3.1099
-1.8672
-0.62393
0.62567
1.8763
3.1247
4.3694
5.609
6.842
8.067
9.2827
10.487
11.68
12.859
14.024
15.172
16.303
17.416
18.509
19.581
20.631
21.659
22.662
23.641
24.594
25.521
26.42
27.292
28.134
28.947
29.73
30.482
31.203
31.893
32.55
33.175
33.767
34.325
34.85
35.341
35.798
36.221
36.609
36.962
37.28
37.564
37.812
38.024
38.202
38.344
38.451
38.522
38.557
38.557
38.522
38.451
38.344
38.202
38.024
37.812
37.564
37.28
36.962
36.609
36.221
35.798
35.341
34.85
34.325
33.767
33.175
32.55
31.893
31.203
30.482
29.73
28.947
28.134
27.292
26.42
25.521
24.594
23.641
22.662
21.659
20.631
19.581
18.509
17.416
16.303
15.172
14.024
12.859
11.68
10.487
9.2827
8.067
6.842
5.609
4.3694
3.1247
1.8763
0.62567
-0.62393
-1.8672
-3.1099
-3.2353
-1.9425
-0.64908
0.65089
1.9519
3.2506
4.5455
5.8351
7.1179
8.3923
9.6569
10.91
12.151
13.378
14.589
15.784
16.961
18.118
19.255
20.37
21.463
22.532
23.576
24.594
25.586
26.55
27.486
28.392
29.268
30.114
30.929
31.711
32.461
33.179
33.862
34.512
35.128
35.709
36.255
36.766
37.241
37.681
38.085
38.452
38.783
39.078
39.336
39.558
39.742
39.89
40.001
40.075
40.112
40.112
40.075
40.001
39.89
39.742
39.558
39.336
39.078
38.783
38.452
38.085
37.681
37.241
36.766
36.255
35.709
35.128
34.512
33.862
33.179
32.461
31.711
30.929
30.114
29.268
28.392
27.486
26.55
25.586
24.594
23.576
22.532
21.463
20.37
19.255
18.118
16.961
15.784
14.589
13.378
12.151
10.91
9.6569
8.3923
7.1179
5.8351
4.5455
3.2506
1.9519
0.65089
-0.64908
-1.9425
-3.2353
-3.3572
-2.0157
-0.67354
0.67542
2.0255
3.3731
4.7168
6.055
7.386
8.7085
10.021
11.321
12.609
13.882
15.139
16.379
17.6
18.801
19.98
21.138
22.272
23.381
24.464
25.521
26.55
27.55
28.521
29.462
30.371
31.249
32.094
32.906
33.685
34.429
35.138
35.813
36.452
37.055
37.621
38.151
38.645
39.101
39.52
39.901
40.245
40.55
40.818
41.048
41.24
41.393
41.508
41.585
41.623
41.623
41.585
41.508
41.393
41.24
41.048
40.818
40.55
40.245
39.901
39.52
39.101
38.645
38.151
37.621
37.055
36.452
35.813
35.138
34.429
33.685
32.906
32.094
31.249
30.371
29.462
28.521
27.55
26.55
25.521
24.464
23.381
22.272
21.138
19.98
18.801
17.6
16.379
15.139
13.882
12.609
11.321
10.021
8.7085
7.386
6.055
4.7168
3.3731
2.0255
0.67542
-0.67354
-2.0157
-3.3572
-3.4755
-2.0867
-0.69727
0.69922
2.0968
3.492
4.883
6.2683
7.6463
9.0154
10.374
11.72
13.053
14.371
15.672
16.956
18.22
19.463
20.684
21.883
23.056
24.205
25.326
26.42
27.486
28.521
29.526
30.5
31.441
32.35
33.225
34.066
34.872
35.642
36.377
37.075
37.736
38.36
38.947
39.496
40.006
40.479
40.912
41.307
41.663
41.979
42.257
42.494
42.693
42.852
42.971
43.05
43.09
43.09
43.05
42.971
42.852
42.693
42.494
42.257
41.979
41.663
41.307
40.912
40.479
40.006
39.496
38.947
38.36
37.736
37.075
36.377
35.642
34.872
34.066
33.225
32.35
31.441
30.5
29.526
28.521
27.486
26.42
25.326
24.205
23.056
21.883
20.684
19.463
18.22
16.956
15.672
14.371
13.053
11.72
10.374
9.0154
7.6463
6.2683
4.883
3.492
2.0968
0.69922
-0.69727
-2.0867
-3.4755
-3.5901
-2.1556
-0.72027
0.72227
2.166
3.6071
5.044
6.475
7.8985
9.3126
10.716
12.107
13.484
14.845
16.189
17.515
18.821
20.105
21.367
22.604
23.817
25.003
26.162
27.292
28.392
29.462
30.5
31.506
32.478
33.417
34.321
35.189
36.021
36.817
37.576
38.297
38.981
39.625
40.231
40.798
41.326
41.814
42.261
42.669
43.037
43.364
43.65
43.896
44.101
44.265
44.388
44.47
44.511
44.511
44.47
44.388
44.265
44.101
43.896
43.65
43.364
43.037
42.669
42.261
41.814
41.326
40.798
40.231
39.625
38.981
38.297
37.576
36.817
36.021
35.189
34.321
33.417
32.478
31.506
30.5
29.462
28.392
27.292
26.162
25.003
23.817
22.604
21.367
20.105
18.821
17.515
16.189
14.845
13.484
12.107
10.716
9.3126
7.8985
6.475
5.044
3.6071
2.166
0.72227
-0.72027
-2.1556
-3.5901
-3.701
-2.2221
-0.7425
0.74457
2.2328
3.7185
5.1997
6.6749
8.1423
9.6001
11.047
12.481
13.9
15.303
16.689
18.055
19.402
20.726
22.026
23.302
24.552
25.775
26.969
28.134
29.268
30.371
31.441
32.478
33.481
34.448
35.38
36.275
37.133
37.954
38.736
39.48
40.184
40.849
41.473
42.058
42.601
43.104
43.566
43.986
44.365
44.702
44.998
45.251
45.462
45.631
45.758
45.843
45.885
45.885
45.843
45.758
45.631
45.462
45.251
44.998
44.702
44.365
43.986
43.566
43.104
42.601
42.058
41.473
40.849
40.184
39.48
38.736
37.954
37.133
36.275
35.38
34.448
33.481
32.478
31.441
30.371
29.268
28.134
26.969
25.775
24.552
23.302
22.026
20.726
19.402
18.055
16.689
15.303
13.9
12.481
11.047
9.6001
8.1423
6.6749
5.1997
3.7185
2.2328
0.74457
-0.7425
-2.2221
-3.701
-3.8079
-2.2863
-0.76396
0.76609
2.2974
3.8259
5.35
6.8678
8.3776
9.8775
11.366
12.841
14.302
15.745
17.171
18.577
19.962
21.324
22.663
23.975
25.262
26.52
27.748
28.947
30.114
31.249
32.35
33.417
34.448
35.444
36.402
37.324
38.207
39.051
39.856
40.621
41.345
42.029
42.672
43.273
43.833
44.35
44.825
45.258
45.647
45.994
46.298
46.559
46.776
46.95
47.08
47.167
47.211
47.211
47.167
47.08
46.95
46.776
46.559
46.298
45.994
45.647
45.258
44.825
44.35
43.833
43.273
42.672
42.029
41.345
40.621
39.856
39.051
38.207
37.324
36.402
35.444
34.448
33.417
32.35
31.249
30.114
28.947
27.748
26.52
25.262
23.975
22.663
21.324
19.962
18.577
17.171
15.745
14.302
12.841
11.366
9.8775
8.3776
6.8678
5.35
3.8259
2.2974
0.76609
-0.76396
-2.2863
-3.8079
-3.9109
-2.3481
-0.78462
0.78681
2.3595
3.9294
5.4947
7.0536
8.6042
10.145
11.673
13.189
14.688
16.171
17.636
19.08
20.502
21.901
23.276
24.624
25.945
27.237
28.499
29.73
30.929
32.094
33.225
34.321
35.38
36.402
37.387
38.333
39.24
40.107
40.934
41.719
42.463
43.166
43.826
44.444
45.018
45.55
46.037
46.482
46.882
47.238
47.55
47.818
48.041
48.22
48.354
48.443
48.488
48.488
48.443
48.354
48.22
48.041
47.818
47.55
47.238
46.882
46.482
46.037
45.55
45.018
44.444
43.826
43.166
42.463
41.719
40.934
40.107
39.24
38.333
37.387
36.402
35.38
34.321
33.225
32.094
30.929
29.73
28.499
27.237
25.945
24.624
23.276
21.901
20.502
19.08
17.636
16.171
14.688
13.189
11.673
10.145
8.6042
7.0536
5.4947
3.9294
2.3595
0.78681
-0.78462
-2.3481
-3.9109
-4.0099
-2.4076
-0.80447
0.80672
2.4192
4.0288
5.6338
7.2321
8.8219
10.401
11.969
13.522
15.06
16.581
18.082
19.563
21.021
22.455
23.865
25.247
26.601
27.926
29.22
30.482
31.711
32.906
34.066
35.189
36.275
37.324
38.333
39.303
40.233
41.122
41.969
42.775
43.538
44.258
44.935
45.568
46.157
46.702
47.202
47.658
48.068
48.434
48.753
49.028
49.257
49.44
49.577
49.669
49.715
49.715
49.669
49.577
49.44
49.257
49.028
48.753
48.434
48.068
47.658
47.202
46.702
46.157
45.568
44.935
44.258
43.538
42.775
41.969
41.122
40.233
39.303
38.333
37.324
36.275
35.189
34.066
32.906
31.711
30.482
29.22
27.926
26.601
25.247
23.865
22.455
21.021
19.563
18.082
16.581
15.06
13.522
11.969
10.401
8.8219
7.2321
5.6338
4.0288
2.4192
0.80672
-0.80447
-2.4076
-4.0099
-4.1047
-2.4645
-0.82351
0.8258
2.4764
4.1242
5.767
7.4031
9.0306
10.647
12.252
13.842
15.416
16.973
18.51
20.025
21.518
22.987
24.429
25.844
27.231
28.587
29.911
31.203
32.461
33.685
34.872
36.021
37.133
38.207
39.24
40.233
41.185
42.095
42.962
43.787
44.568
45.305
45.998
46.646
47.249
47.807
48.319
48.785
49.205
49.579
49.907
50.188
50.422
50.61
50.75
50.844
50.891
50.891
50.844
50.75
50.61
50.422
50.188
49.907
49.579
49.205
48.785
48.319
47.807
47.249
46.646
45.998
45.305
44.568
43.787
42.962
42.095
41.185
40.233
39.24
38.207
37.133
36.021
34.872
33.685
32.461
31.203
29.911
28.587
27.231
25.844
24.429
22.987
21.518
20.025
18.51
16.973
15.416
13.842
12.252
10.647
9.0306
7.4031
5.767
4.1242
2.4764
0.8258
-0.82351
-2.4645
-4.1047
-4.1954
-2.519
-0.8417
0.84405
2.5311
4.2153
5.8944
7.5667
9.2301
10.883
12.523
14.148
15.757
17.348
18.919
20.468
21.994
23.495
24.969
26.415
27.832
29.218
30.572
31.893
33.179
34.429
35.642
36.817
37.954
39.051
40.107
41.122
42.095
43.025
43.911
44.754
45.553
46.306
47.014
47.677
48.293
48.863
49.387
49.863
50.293
50.675
51.01
51.297
51.536
51.728
51.872
51.967
52.015
52.015
51.967
51.872
51.728
51.536
51.297
51.01
50.675
50.293
49.863
49.387
48.863
48.293
47.677
47.014
46.306
45.553
44.754
43.911
43.025
42.095
41.122
40.107
39.051
37.954
36.817
35.642
34.429
33.179
31.893
30.572
29.218
27.832
26.415
24.969
23.495
21.994
20.468
18.919
17.348
15.757
14.148
12.523
10.883
9.2301
7.5667
5.8944
4.2153
2.5311
0.84405
-0.8417
-2.519
-4.1954
-4.2819
-2.5709
-0.85905
0.86144
2.5833
4.3021
6.0159
7.7227
9.4203
11.107
12.781
14.44
16.082
17.705
19.309
20.89
22.447
23.979
25.484
26.96
28.406
29.821
31.202
32.55
33.862
35.138
36.377
37.576
38.736
39.856
40.934
41.969
42.962
43.911
44.816
45.677
46.492
47.261
47.983
48.659
49.289
49.87
50.405
50.891
51.329
51.719
52.061
52.354
52.598
52.794
52.941
53.039
53.087
53.087
53.039
52.941
52.794
52.598
52.354
52.061
51.719
51.329
50.891
50.405
49.87
49.289
48.659
47.983
47.261
46.492
45.677
44.816
43.911
42.962
41.969
40.934
39.856
38.736
37.576
36.377
35.138
33.862
32.55
31.202
29.821
28.406
26.96
25.484
23.979
22.447
20.89
19.309
17.705
16.082
14.44
12.781
11.107
9.4203
7.7227
6.0159
4.3021
2.5833
0.86144
-0.85905
-2.5709
-4.2819
-4.3641
-2.6202
-0.87554
0.87798
2.6329
4.3847
6.1314
7.8709
9.6011
11.32
13.026
14.717
16.39
18.045
19.679
21.291
22.878
24.439
25.973
27.477
28.951
30.393
31.801
33.175
34.512
35.813
37.075
38.297
39.48
40.621
41.719
42.775
43.787
44.754
45.677
46.553
47.384
48.168
48.904
49.593
50.235
50.828
51.372
51.868
52.314
52.712
53.06
53.359
53.608
53.807
53.957
54.057
54.106
54.106
54.057
53.957
53.807
53.608
53.359
53.06
52.712
52.314
51.868
51.372
50.828
50.235
49.593
48.904
48.168
47.384
46.553
45.677
44.754
43.787
42.775
41.719
40.621
39.48
38.297
37.075
35.813
34.512
33.175
31.801
30.393
28.951
27.477
25.973
24.439
22.878
21.291
19.679
18.045
16.39
14.717
13.026
11.32
9.6011
7.8709
6.1314
4.3847
2.6329
0.87798
-0.87554
-2.6202
-4.3641
-4.4419
-2.667
-0.89115
0.89364
2.6799
4.4629
6.2408
8.0113
9.7724
11.522
13.258
14.979
16.683
18.367
20.03
21.67
23.286
24.875
26.436
27.967
29.468
30.935
32.369
33.767
35.128
36.452
37.736
38.981
40.184
41.345
42.463
43.538
44.568
45.553
46.492
47.384
48.229
49.027
49.777
50.478
51.131
51.734
52.289
52.793
53.248
53.652
54.007
54.311
54.564
54.767
54.919
55.021
55.072
55.072
55.021
54.919
54.767
54.564
54.311
54.007
53.652
53.248
52.793
52.289
51.734
51.131
50.478
49.777
49.027
48.229
47.384
46.492
45.553
44.568
43.538
42.463
41.345
40.184
38.981
37.736
36.452
35.128
33.767
32.369
30.935
29.468
27.967
26.436
24.875
23.286
21.67
20.03
18.367
16.683
14.979
13.258
11.522
9.7724
8.0113
6.2408
4.4629
2.6799
0.89364
-0.89115
-2.667
-4.4419
-4.5154
-2.7111
-0.9059
0.90842
2.7242
4.5368
6.344
8.1438
9.9341
11.713
13.478
15.227
16.959
18.671
20.361
22.029
23.671
25.286
26.873
28.43
29.955
31.447
32.904
34.325
35.709
37.055
38.36
39.625
40.849
42.029
43.166
44.258
45.305
46.306
47.261
48.168
49.027
49.838
50.6
51.313
51.977
52.59
53.153
53.666
54.128
54.54
54.9
55.209
55.467
55.673
55.828
55.931
55.983
55.983
55.931
55.828
55.673
55.467
55.209
54.9
54.54
54.128
53.666
53.153
52.59
51.977
51.313
50.6
49.838
49.027
48.168
47.261
46.306
45.305
44.258
43.166
42.029
40.849
39.625
38.36
37.055
35.709
34.325
32.904
31.447
29.955
28.43
26.873
25.286
23.671
22.029
20.361
18.671
16.959
15.227
13.478
11.713
9.9341
8.1438
6.344
4.5368
2.7242
0.90842
-0.9059
-2.7111
-4.5154
-4.5845
-2.7525
-0.91975
0.92231
2.7659
4.6061
6.441
8.2683
10.086
11.892
13.684
15.46
17.218
18.956
20.673
22.366
24.033
25.673
27.284
28.865
30.413
31.928
33.407
34.85
36.255
37.621
38.947
40.231
41.473
42.672
43.826
44.935
45.998
47.014
47.983
48.904
49.777
50.6
51.374
52.098
52.771
53.394
53.966
54.487
54.956
55.374
55.74
56.053
56.315
56.524
56.682
56.786
56.839
56.839
56.786
56.682
56.524
56.315
56.053
55.74
55.374
54.956
54.487
53.966
53.394
52.771
52.098
51.374
50.6
49.777
48.904
47.983
47.014
45.998
44.935
43.826
42.672
41.473
40.231
38.947
37.621
36.255
34.85
33.407
31.928
30.413
28.865
27.284
25.673
24.033
22.366
20.673
18.956
17.218
15.46
13.684
11.892
10.086
8.2683
6.441
4.6061
2.7659
0.92231
-0.91975
-2.7525
-4.5845
-4.649
-2.7913
-0.93271
0.93531
2.8048
4.671
6.5318
8.3849
10.228
12.059
13.877
15.678
17.461
19.223
20.964
22.681
24.372
26.035
27.669
29.271
30.842
32.378
33.878
35.341
36.766
38.151
39.496
40.798
42.058
43.273
44.444
45.568
46.646
47.677
48.659
49.593
50.478
51.313
52.098
52.832
53.515
54.147
54.727
55.255
55.731
56.154
56.525
56.843
57.109
57.321
57.48
57.587
57.64
57.64
57.587
57.48
57.321
57.109
56.843
56.525
56.154
55.731
55.255
54.727
54.147
53.515
52.832
52.098
51.313
50.478
49.593
48.659
47.677
46.646
45.568
44.444
43.273
42.058
40.798
39.496
38.151
36.766
35.341
33.878
32.378
30.842
29.271
27.669
26.035
24.372
22.681
20.964
19.223
17.461
15.678
13.877
12.059
10.228
8.3849
6.5318
4.671
2.8048
0.93531
-0.93271
-2.7913
-4.649
-4.7092
-2.8274
-0.94477
0.9474
2.8411
4.7314
6.6162
8.4933
10.36
12.215
14.056
15.88
17.686
19.472
21.235
22.974
24.687
26.371
28.026
29.65
31.24
32.796
34.316
35.798
37.241
38.645
40.006
41.326
42.601
43.833
45.018
46.157
47.249
48.293
49.289
50.235
51.131
51.977
52.771
53.515
54.207
54.847
55.434
55.969
56.451
56.88
57.256
57.578
57.847
58.062
58.223
58.331
58.385
58.385
58.331
58.223
58.062
57.847
57.578
57.256
56.88
56.451
55.969
55.434
54.847
54.207
53.515
52.771
51.977
51.131
50.235
49.289
48.293
47.249
46.157
45.018
43.833
42.601
41.326
40.006
38.645
37.241
35.798
34.316
32.796
31.24
29.65
28.026
26.371
24.687
22.974
21.235
19.472
17.686
15.88
14.056
12.215
10.36
8.4933
6.6162
4.7314
2.8411
0.9474
-0.94477
-2.8274
-4.7092
-4.7647
-2.8608
-0.95592
0.95858
2.8746
4.7873
6.6943
8.5935
10.483
12.36
14.222
16.068
17.895
19.702
21.486
23.245
24.978
26.683
28.357
30
31.609
33.183
34.721
36.221
37.681
39.101
40.479
41.814
43.104
44.35
45.55
46.702
47.807
48.863
49.87
50.828
51.734
52.59
53.394
54.147
54.847
55.494
56.089
56.63
57.118
57.552
57.932
58.258
58.53
58.747
58.911
59.02
59.074
59.074
59.02
58.911
58.747
58.53
58.258
57.932
57.552
57.118
56.63
56.089
55.494
54.847
54.147
53.394
52.59
51.734
50.828
49.87
48.863
47.807
46.702
45.55
44.35
43.104
41.814
40.479
39.101
37.681
36.221
34.721
33.183
31.609
30
28.357
26.683
24.978
23.245
21.486
19.702
17.895
16.068
14.222
12.36
10.483
8.5935
6.6943
4.7873
2.8746
0.95858
-0.95592
-2.8608
-4.7647
-4.8158
-2.8914
-0.96616
0.96885
2.9054
4.8386
6.766
8.6856
10.595
12.492
14.374
16.24
18.087
19.913
21.716
23.494
25.246
26.969
28.661
30.321
31.948
33.539
35.093
36.609
38.085
39.52
40.912
42.261
43.566
44.825
46.037
47.202
48.319
49.387
50.405
51.372
52.289
53.153
53.966
54.727
55.434
56.089
56.689
57.236
57.729
58.168
58.552
58.882
59.157
59.377
59.542
59.652
59.707
59.707
59.652
59.542
59.377
59.157
58.882
58.552
58.168
57.729
57.236
56.689
56.089
55.434
54.727
53.966
53.153
52.289
51.372
50.405
49.387
48.319
47.202
46.037
44.825
43.566
42.261
40.912
39.52
38.085
36.609
35.093
33.539
31.948
30.321
28.661
26.969
25.246
23.494
21.716
19.913
18.087
16.24
14.374
12.492
10.595
8.6856
6.766
4.8386
2.9054
0.96885
-0.96616
-2.8914
-4.8158
-4.8622
-2.9193
-0.97548
0.9782
2.9334
4.8852
6.8313
8.7694
10.697
12.612
14.513
16.397
18.261
20.105
21.926
23.721
25.489
27.229
28.937
30.614
32.256
33.862
35.432
36.962
38.452
39.901
41.307
42.669
43.986
45.258
46.482
47.658
48.785
49.863
50.891
51.868
52.793
53.666
54.487
55.255
55.969
56.63
57.236
57.789
58.286
58.729
59.117
59.45
59.728
59.95
60.116
60.227
60.283
60.283
60.227
60.116
59.95
59.728
59.45
59.117
58.729
58.286
57.789
57.236
56.63
55.969
55.255
54.487
53.666
52.793
51.868
50.891
49.863
48.785
47.658
46.482
45.258
43.986
42.669
41.307
39.901
38.452
36.962
35.432
33.862
32.256
30.614
28.937
27.229
25.489
23.721
21.926
20.105
18.261
16.397
14.513
12.612
10.697
8.7694
6.8313
4.8852
2.9334
0.9782
-0.97548
-2.9193
-4.8622
-4.9041
-2.9445
-0.98388
0.98662
2.9587
4.9273
6.8901
8.8449
10.789
12.721
14.638
16.538
18.419
20.278
22.114
23.925
25.709
27.463
29.187
30.877
32.534
34.154
35.737
37.28
38.783
40.245
41.663
43.037
44.365
45.647
46.882
48.068
49.205
50.293
51.329
52.314
53.248
54.128
54.956
55.731
56.451
57.118
57.729
58.286
58.788
59.235
59.626
59.962
60.242
60.466
60.634
60.746
60.802
60.802
60.746
60.634
60.466
60.242
59.962
59.626
59.235
58.788
58.286
57.729
57.118
56.451
55.731
54.956
54.128
53.248
52.314
51.329
50.293
49.205
48.068
46.882
45.647
44.365
43.037
41.663
40.245
38.783
37.28
35.737
34.154
32.534
30.877
29.187
27.463
25.709
23.925
22.114
20.278
18.419
16.538
14.638
12.721
10.789
8.8449
6.8901
4.9273
2.9587
0.98662
-0.98388
-2.9445
-4.9041
-4.9414
-2.9669
-0.99136
0.99412
2.9812
4.9648
6.9425
8.9121
10.871
12.818
14.749
16.664
18.559
20.432
22.282
24.107
25.904
27.672
29.408
31.112
32.781
34.414
36.008
37.564
39.078
40.55
41.979
43.364
44.702
45.994
47.238
48.434
49.579
50.675
51.719
52.712
53.652
54.54
55.374
56.154
56.88
57.552
58.168
58.729
59.235
59.685
60.079
60.418
60.7
60.925
61.095
61.208
61.264
61.264
61.208
61.095
60.925
60.7
60.418
60.079
59.685
59.235
58.729
58.168
57.552
56.88
56.154
55.374
54.54
53.652
52.712
51.719
50.675
49.579
48.434
47.238
45.994
44.702
43.364
41.979
40.55
39.078
37.564
36.008
34.414
32.781
31.112
29.408
27.672
25.904
24.107
22.282
20.432
18.559
16.664
14.749
12.818
10.871
8.9121
6.9425
4.9648
2.9812
0.99412
-0.99136
-2.9669
-4.9414
-4.974
-2.9864
-0.9979
1.0007
3.0009
4.9976
6.9883
8.971
10.943
12.902
14.847
16.774
18.681
20.567
22.43
24.266
26.075
27.855
29.603
31.318
32.997
34.641
36.246
37.812
39.336
40.818
42.257
43.65
44.998
46.298
47.55
48.753
49.907
51.01
52.061
53.06
54.007
54.9
55.74
56.525
57.256
57.932
58.552
59.117
59.626
60.079
60.476
60.817
61.101
61.328
61.498
61.612
61.669
61.669
61.612
61.498
61.328
61.101
60.817
60.476
60.079
59.626
59.117
58.552
57.932
57.256
56.525
55.74
54.9
54.007
53.06
52.061
51.01
49.907
48.753
47.55
46.298
44.998
43.65
42.257
40.818
39.336
37.812
36.246
34.641
32.997
31.318
29.603
27.855
26.075
24.266
22.43
20.567
18.681
16.774
14.847
12.902
10.943
8.971
6.9883
4.9976
3.0009
1.0007
-0.9979
-2.9864
-4.974
-5.002
-3.0033
-1.0035
1.0063
3.0178
5.0257
7.0277
9.0214
11.005
12.975
14.93
16.868
18.786
20.683
22.556
24.403
26.222
28.011
29.769
31.494
33.183
34.836
36.45
38.024
39.558
41.048
42.494
43.896
45.251
46.559
47.818
49.028
50.188
51.297
52.354
53.359
54.311
55.209
56.053
56.843
57.578
58.258
58.882
59.45
59.962
60.418
60.817
61.159
61.445
61.673
61.845
61.959
62.016
62.016
61.959
61.845
61.673
61.445
61.159
60.817
60.418
59.962
59.45
58.882
58.258
57.578
56.843
56.053
55.209
54.311
53.359
52.354
51.297
50.188
49.028
47.818
46.559
45.251
43.896
42.494
41.048
39.558
38.024
36.45
34.836
33.183
31.494
29.769
28.011
26.222
24.403
22.556
20.683
18.786
16.868
14.93
12.975
11.005
9.0214
7.0277
5.0257
3.0178
1.0063
-1.0035
-3.0033
-5.002
-5.0254
-3.0173
-1.0082
1.011
3.0319
5.0491
7.0605
9.0636
11.056
13.036
15
16.947
18.874
20.78
22.661
24.517
26.344
28.142
29.908
31.641
33.338
34.998
36.62
38.202
39.742
41.24
42.693
44.101
45.462
46.776
48.041
49.257
50.422
51.536
52.598
53.608
54.564
55.467
56.315
57.109
57.847
58.53
59.157
59.728
60.242
60.7
61.101
61.445
61.731
61.961
62.133
62.248
62.306
62.306
62.248
62.133
61.961
61.731
61.445
61.101
60.7
60.242
59.728
59.157
58.53
57.847
57.109
56.315
55.467
54.564
53.608
52.598
51.536
50.422
49.257
48.041
46.776
45.462
44.101
42.693
41.24
39.742
38.202
36.62
34.998
33.338
31.641
29.908
28.142
26.344
24.517
22.661
20.78
18.874
16.947
15
13.036
11.056
9.0636
7.0605
5.0491
3.0319
1.011
-1.0082
-3.0173
-5.0254
-5.044
-3.0285
-1.012
1.0148
3.0431
5.0679
7.0867
9.0973
11.097
13.084
15.056
17.01
18.944
20.857
22.745
24.608
26.442
28.247
30.02
31.759
33.462
35.129
36.756
38.344
39.89
41.393
42.852
44.265
45.631
46.95
48.22
49.44
50.61
51.728
52.794
53.807
54.767
55.673
56.524
57.321
58.062
58.747
59.377
59.95
60.466
60.925
61.328
61.673
61.961
62.191
62.364
62.48
62.537
62.537
62.48
62.364
62.191
61.961
61.673
61.328
60.925
60.466
59.95
59.377
58.747
58.062
57.321
56.524
55.673
54.767
53.807
52.794
51.728
50.61
49.44
48.22
46.95
45.631
44.265
42.852
41.393
39.89
38.344
36.756
35.129
33.462
31.759
30.02
28.247
26.442
24.608
22.745
20.857
18.944
17.01
15.056
13.084
11.097
9.0973
7.0867
5.0679
3.0431
1.0148
-1.012
-3.0285
-5.044
-5.0581
-3.0369
-1.0148
1.0176
3.0516
5.082
7.1064
9.1226
11.128
13.12
15.098
17.057
18.997
20.915
22.809
24.676
26.516
28.325
30.103
31.847
33.555
35.226
36.859
38.451
40.001
41.508
42.971
44.388
45.758
47.08
48.354
49.577
50.75
51.872
52.941
53.957
54.919
55.828
56.682
57.48
58.223
58.911
59.542
60.116
60.634
61.095
61.498
61.845
62.133
62.364
62.538
62.653
62.711
62.711
62.653
62.538
62.364
62.133
61.845
61.498
61.095
60.634
60.116
59.542
58.911
58.223
57.48
56.682
55.828
54.919
53.957
52.941
51.872
50.75
49.577
48.354
47.08
45.758
44.388
42.971
41.508
40.001
38.451
36.859
35.226
33.555
31.847
30.103
28.325
26.516
24.676
22.809
20.915
18.997
17.057
15.098
13.12
11.128
9.1226
7.1064
5.082
3.0516
1.0176
-1.0148
-3.0369
-5.0581
-5.0674
-3.0425
-1.0166
1.0195
3.0572
5.0914
7.1196
9.1394
11.149
13.145
15.125
17.089
19.032
20.953
22.851
24.722
26.565
28.378
30.159
31.906
33.617
35.291
36.927
38.522
40.075
41.585
43.05
44.47
45.843
47.167
48.443
49.669
50.844
51.967
53.039
54.057
55.021
55.931
56.786
57.587
58.331
59.02
59.652
60.227
60.746
61.208
61.612
61.959
62.248
62.48
62.653
62.769
62.827
62.827
62.769
62.653
62.48
62.248
61.959
61.612
61.208
60.746
60.227
59.652
59.02
58.331
57.587
56.786
55.931
55.021
54.057
53.039
51.967
50.844
49.669
48.443
47.167
45.843
44.47
43.05
41.585
40.075
38.522
36.927
35.291
33.617
31.906
30.159
28.378
26.565
24.722
22.851
20.953
19.032
17.089
15.125
13.145
11.149
9.1394
7.1196
5.0914
3.0572
1.0195
-1.0166
-3.0425
-5.0674
-5.0721
-3.0453
-1.0176
1.0204
3.0601
5.0961
7.1262
9.1479
11.159
13.157
15.139
17.104
19.05
20.973
22.872
24.745
26.589
28.404
30.186
31.935
33.648
35.324
36.961
38.557
40.112
41.623
43.09
44.511
45.885
47.211
48.488
49.715
50.891
52.015
53.087
54.106
55.072
55.983
56.839
57.64
58.385
59.074
59.707
60.283
60.802
61.264
61.669
62.016
62.306
62.537
62.711
62.827
62.885
62.885
62.827
62.711
62.537
62.306
62.016
61.669
61.264
60.802
60.283
59.707
59.074
58.385
57.64
56.839
55.983
55.072
54.106
53.087
52.015
50.891
49.715
48.488
47.211
45.885
44.511
43.09
41.623
40.112
38.557
36.961
35.324
33.648
31.935
30.186
28.404
26.589
24.745
22.872
20.973
19.05
17.104
15.139
13.157
11.159
9.1479
7.1262
5.0961
3.0601
1.0204
-1.0176
-3.0453
-5.0721
-5.0721
-3.0453
-1.0176
1.0204
3.0601
5.0961
7.1262
9.1479
11.159
13.157
15.139
17.104
19.05
20.973
22.872
24.745
26.589
28.404
30.186
31.935
33.648
35.324
36.961
38.557
40.112
41.623
43.09
44.511
45.885
47.211
48.488
49.715
50.891
52.015
53.087
54.106
55.072
55.983
56.839
57.64
58.385
59.074
59.707
60.283
60.802
61.264
61.669
62.016
62.306
62.537
62.711
62.827
62.885
62.885
62.827
62.711
62.537
62.306
62.016
61.669
61.264
60.802
60.283
59.707
59.074
58.385
57.64
56.839
55.983
55.072
54.106
53.087
52.015
50.891
49.715
48.488
47.211
45.885
44.511
43.09
41.623
40.112
38.557
36.961
35.324
33.648
31.935
30.186
28.404
26.589
24.745
22.872
20.973
19.05
17.104
15.139
13.157
11.159
9.1479
7.1262
5.0961
3.0601
1.0204
-1.0176
-3.0453
-5.0721
-5.0674
-3.0425
-1.0166
1.0195
3.0572
5.0914
7.1196
9.1394
11.149
13.145
15.125
17.089
19.032
20.953
22.851
24.722
26.565
28.378
30.159
31.906
33.617
35.291
36.927
38.522
40.075
41.585
43.05
44.47
45.843
47.167
48.443
49.669
50.844
51.967
53.039
54.057
55.021
55.931
56.786
57.587
58.331
59.02
59.652
60.227
60.746
61.208
61.612
61.959
62.248
62.48
62.653
62.769
62.827
62.827
62.769
62.653
62.48
62.248
61.959
61.612
61.208
60.746
60.227
59.652
59.02
58.331
57.587
56.786
55.931
55.021
54.057
53.039
51.967
50.844
49.669
48.443
47.167
45.843
44.47
43.05
41.585
40.075
38.522
36.927
35.291
33.617
31.906
30.159
28.378
26.565
24.722
22.851
20.953
19.032
17.089
15.125
13.145
11.149
9.1394
7.1196
5.0914
3.0572
1.0195
-1.0166
-3.0425
-5.0674
-5.0581
-3.0369
-1.0148
1.0176
3.0516
5.082
7.1064
9.1226
11.128
13.12
15.098
17.057
18.997
20.915
22.809
24.676
26.516
28.325
30.103
31.847
33.555
35.226
36.859
38.451
40.001
41.508
42.971
44.388
45.758
47.08
48.354
49.577
50.75
51.872
52.941
53.957
54.919
55.828
56.682
57.48
58.223
58.911
59.542
60.116
60.634
61.095
61.498
61.845
62.133
62.364
62.538
62.653
62.711
62.711
62.653
62.538
62.364
62.133
61.845
61.498
61.095
60.634
60.116
59.542
58.911
58.223
57.48
56.682
55.828
54.919
53.957
52.941
51.872
50.75
49.577
48.354
47.08
45.758
44.388
42.971
41.508
40.001
38.451
36.859
35.226
33.555
31.847
30.103
28.325
26.516
24.676
22.809
20.915
18.997
17.057
15.098
13.12
11.128
9.1226
7.1064
5.082
3.0516
1.0176
-1.0148
-3.0369
-5.0581
-5.044
-3.0285
-1.012
1.0148
3.0431
5.0679
7.0867
9.0973
11.097
13.084
15.056
17.01
18.944
20.857
22.745
24.608
26.442
28.247
30.02
31.759
33.462
35.129
36.756
38.344
39.89
41.393
42.852
44.265
45.631
46.95
48.22
49.44
50.61
51.728
52.794
53.807
54.767
55.673
56.524
57.321
58.062
58.747
59.377
59.95
60.466
60.925
61.328
61.673
61.961
62.191
62.364
62.48
62.537
62.537
62.48
62.364
62.191
61.961
61.673
61.328
60.925
60.466
59.95
59.377
58.747
58.062
57.321
56.524
55.673
54.767
53.807
52.794
51.728
50.61
49.44
48.22
46.95
45.631
44.265
42.852
41.393
39.89
38.344
36.756
35.129
33.462
31.759
30.02
28.247
26.442
24.608
22.745
20.857
18.944
17.01
15.056
13.084
11.097
9.0973
7.0867
5.0679
3.0431
1.0148
-1.012
-3.0285
-5.044
-5.0254
-3.0173
-1.0082
1.011
3.0319
5.0491
7.0605
9.0636
11.056
13.036
15
16.947
18.874
20.78
22.661
24.517
26.344
28.142
29.908
31.641
33.338
34.998
36.62
38.202
39.742
41.24
42.693
44.101
45.462
46.776
48.041
49.257
50.422
51.536
52.598
53.608
54.564
55.467
56.315
57.109
57.847
58.53
59.157
59.728
60.242
60.7
61.101
61.445
61.731
61.961
62.133
62.248
62.306
62.306
62.248
62.133
61.961
61.731
61.445
61.101
60.7
60.242
59.728
59.157
58.53
57.847
57.109
56.315
55.467
54.564
53.608
52.598
51.536
50.422
49.257
48.041
46.776
45.462
44.101
42.693
41.24
39.742
38.202
36.62
34.998
33.338
31.641
29.908
28.142
26.344
24.517
22.661
20.78
18.874
16.947
15
13.036
11.056
9.0636
7.0605
5.0491
3.0319
1.011
-1.0082
-3.0173
-5.0254
-5.002
-3.0033
-1.0035
1.0063
3.0178
5.0257
7.0277
9.0214
11.005
12.975
14.93
16.868
18.786
20.683
22.556
24.403
26.222
28.011
29.769
31.494
33.183
34.836
36.45
38.024
39.558
41.048
42.494
43.896
45.251
46.559
47.818
49.028
50.188
51.297
52.354
53.359
54.311
55.209
56.053
56.843
57.578
58.258
58.882
59.45
59.962
60.418
60.817
61.159
61.445
61.673
61.845
61.959
62.016
62.016
61.959
61.845
61.673
61.445
61.159
60.817
60.418
59.962
59.45
58.882
58.258
57.578
56.843
56.053
55.209
54.311
53.359
52.354
51.297
50.188
49.028
47.818
46.559
45.251
43.896
42.494
41.048
39.558
38.024
36.45
34.836
33.183
31.494
29.769
28.011
26.222
24.403
22.556
20.683
18.786
16.868
14.93
12.975
11.005
9.0214
7.0277
5.0257
3.0178
1.0063
-1.0035
-3.0033
-5.002
-4.974
-2.9864
-0.9979
1.0007
3.0009
4.9976
6.9883
8.971
10.943
12.902
14.847
16.774
18.681
20.567
22.43
24.266
26.075
27.855
29.603
31.318
32.997
34.641
36.246
37.812
39.336
40.818
42.257
43.65
44.998
46.298
47.55
48.753
49.907
51.01
52.061
53.06
54.007
54.9
55.74
56.525
57.256
57.932
58.552
59.117
59.626
60.079
60.476
60.817
61.101
61.328
61.498
61.612
61.669
61.669
61.612
61.498
61.328
61.101
60.817
60.476
60.079
59.626
59.117
58.552
57.932
57.256
56.525
55.74
54.9
54.007
53.06
52.061
51.01
49.907
48.753
47.55
46.298
44.998
43.65
42.257
40.818
39.336
37.812
36.246
34.641
32.997
31.318
29.603
27.855
26.075
24.266
22.43
20.567
18.681
16.774
14.847
12.902
10.943
8.971
6.9883
4.9976
3.0009
1.0007
-0.9979
-2.9864
-4.974
-4.9414
-2.9669
-0.99136
0.99412
2.9812
4.9648
6.9425
8.9121
10.871
12.818
14.749
16.664
18.559
20.432
22.282
24.107
25.904
27.672
29.408
31.112
32.781
34.414
36.008
37.564
39.078
40.55
41.979
43.364
44.702
45.994
47.238
48.434
49.579
50.675
51.719
52.712
53.652
54.54
55.374
56.154
56.88
57.552
58.168
58.729
59.235
59.685
60.079
60.418
60.7
60.925
61.095
61.208
61.264
61.264
61.208
61.095
60.925
60.7
60.418
60.079
59.685
59.235
58.729
58.168
57.552
56.88
56.154
55.374
54.54
53.652
52.712
51.719
50.675
49.579
48.434
47.238
45.994
44.702
43.364
41.979
40.55
39.078
37.564
36.008
34.414
32.781
31.112
29.408
27.672
25.904
24.107
22.282
20.432
18.559
16.664
14.749
12.818
10.871
8.9121
6.9425
4.9648
2.9812
0.99412
-0.99136
-2.9669
-4.9414
-4.9041
-2.9445
-0.98388
0.98662
2.9587
4.9273
6.8901
8.8449
10.789
12.721
14.638
16.538
18.419
20.278
22.114
23.925
25.709
27.463
29.187
30.877
32.534
34.154
35.737
37.28
38.783
40.245
41.663
43.037
44.365
45.647
46.882
48.068
49.205
50.293
51.329
52.314
53.248
54.128
54.956
55.731
56.451
57.118
57.729
58.286
58.788
59.235
59.626
59.962
60.242
60.466
60.634
60.746
60.802
60.802
60.746
60.634
60.466
60.242
59.962
59.626
59.235
58.788
58.286
57.729
57.118
56.451
55.731
54.956
54.128
53.248
52.314
51.329
50.293
49.205
48.068
46.882
45.647
44.365
43.037
41.663
40.245
38.783
37.28
35.737
34.154
32.534
30.877
29.187
27.463
25.709
23.925
22.114
20.278
18.419
16.538
14.638
12.721
10.789
8.8449
6.8901
4.9273
2.9587
0.98662
-0.98388
-2.9445
-4.9041
-4.8622
-2.9193
-0.97548
0.9782
2.9334
4.8852
6.8313
8.7694
10.697
12.612
14.513
16.397
18.261
20.105
21.926
23.721
25.489
27.229
28.937
30.614
32.256
33.862
35.432
36.962
38.452
39.901
41.307
42.669
43.986
45.258
46.482
47.658
48.785
49.863
50.891
51.868
52.793
53.666
54.487
55.255
55.969
56.63
57.236
57.789
58.286
58.729
59.117
59.45
59.728
59.95
60.116
60.227
60.283
60.283
60.227
60.116
59.95
59.728
59.45
59.117
58.729
58.286
57.789
57.236
56.63
55.969
55.255
54.487
53.666
52.793
51.868
50.891
49.863
48.785
47.658
46.482
45.258
43.986
42.669
41.307
39.901
38.452
36.962
35.432
33.862
32.256
30.614
28.937
27.229
25.489
23.721
21.926
20.105
18.261
16.397
14.513
12.612
10.697
8.7694
6.8313
4.8852
2.9334
0.9782
-0.97548
-2.9193
-4.8622
-4.8158
-2.8914
-0.96616
0.96885
2.9054
4.8386
6.766
8.6856
10.595
12.492
14.374
16.24
18.087
19.913
21.716
23.494
25.246
26.969
28.661
30.321
31.948
33.539
35.093
36.609
38.085
39.52
40.912
42.261
43.566
44.825
46.037
47.202
48.319
49.387
50.405
51.372
52.289
53.153
53.966
54.727
55.434
56.089
56.689
57.236
57.729
58.168
58.552
58.882
59.157
59.377
59.542
59.652
59.707
59.707
59.652
59.542
59.377
59.157
58.882
58.552
58.168
57.729
57.236
56.689
56.089
55.434
54.727
53.966
53.153
52.289
51.372
50.405
49.387
48.319
47.202
46.037
44.825
43.566
42.261
40.912
39.52
38.085
36.609
35.093
33.539
31.948
30.321
28.661
26.969
25.246
23.494
21.716
19.913
18.087
16.24
14.374
12.492
10.595
8.6856
6.766
4.8386
2.9054
0.96885
-0.96616
-2.8914
-4.8158
-4.7647
-2.8608
-0.95592
0.95858
2.8746
4.7873
6.6943
8.5935
10.483
12.36
14.222
16.068
17.895
19.702
21.486
23.245
24.978
26.683
28.357
30
31.609
33.183
34.721
36.221
37.681
39.101
40.479
41.814
43.104
44.35
45.55
46.702
47.807
48.863
49.87
50.828
51.734
52.59
53.394
54.147
54.847
55.494
56.089
56.63
57.118
57.552
57.932
58.258
58.53
58.747
58.911
59.02
59.074
59.074
59.02
58.911
58.747
58.53
58.258
57.932
57.552
57.118
56.63
56.089
55.494
54.847
54.147
53.394
52.59
51.734
50.828
49.87
48.863
47.807
46.702
45.55
44.35
43.104
41.814
40.479
39.101
37.681
36.221
34.721
33.183
31.609
30
28.357
26.683
24.978
23.245
21.486
19.702
17.895
16.068
14.222
12.36
10.483
8.5935
6.6943
4.7873
2.8746
0.95858
-0.95592
-2.8608
-4.7647
-4.7092
-2.8274
-0.94477
0.9474
2.8411
4.7314
6.6162
8.4933
10.36
12.215
14.056
15.88
17.686
19.472
21.235
22.974
24.687
26.371
28.026
29.65
31.24
32.796
34.316
35.798
37.241
38.645
40.006
41.326
42.601
43.833
45.018
46.157
47.249
48.293
49.289
50.235
51.131
51.977
52.771
53.515
54.207
54.847
55.434
55.969
56.451
56.88
57.256
57.578
57.847
58.062
58.223
58.331
58.385
58.385
58.331
58.223
58.062
57.847
57.578
57.256
56.88
56.451
55.969
55.434
54.847
54.207
53.515
52.771
51.977
51.131
50.235
49.289
48.293
47.249
46.157
45.018
43.833
42.601
41.326
40.006
38.645
37.241
35.798
34.316
32.796
31.24
29.65
28.026
26.371
24.687
22.974
21.235
19.472
17.686
15.88
14.056
12.215
10.36
8.4933
6.6162
4.7314
2.8411
0.9474
-0.94477
-2.8274
-4.7092
-4.649
-2.7913
-0.93271
0.93531
2.8048
4.671
6.5318
8.3849
10.228
12.059
13.877
15.678
17.461
19.223
20.964
22.681
24.372
26.035
27.669
29.271
30.842
32.378
33.878
35.341
36.766
38.151
39.496
40.798
42.058
43.273
44.444
45.568
46.646
47.677
48.659
49.593
50.478
51.313
52.098
52.832
53.515
54.147
54.727
55.255
55.731
56.154
56.525
56.843
57.109
57.321
57.48
57.587
57.64
57.64
57.587
57.48
57.321
57.109
56.843
56.525
56.154
55.731
55.255
54.727
54.147
53.515
52.832
52.098
51.313
50.478
49.593
48.659
47.677
46.646
45.568
44.444
43.273
42.058
40.798
39.496
38.151
36.766
35.341
33.878
32.378
30.842
29.271
27.669
26.035
24.372
22.681
20.964
19.223
17.461
15.678
13.877
12.059
10.228
8.3849
6.5318
4.671
2.8048
0.93531
-0.93271
-2.7913
-4.649
-4.5845
-2.7525
-0.91975
0.92231
2.7659
4.6061
6.441
8.2683
10.086
11.892
13.684
15.46
17.218
18.956
20.673
22.366
24.033
25.673
27.284
28.865
30.413
31.928
33.407
34.85
36.255
37.621
38.947
40.231
41.473
42.672
43.826
44.935
45.998
47.014
47.983
48.904
49.777
50.6
51.374
52.098
52.771
53.394
53.966
54.487
54.956
55.374
55.74
56.053
56.315
56.524
56.682
56.786
56.839
56.839
56.786
56.682
56.524
56.315
56.053
55.74
55.374
54.956
54.487
53.966
53.394
52.771
52.098
51.374
50.6
49.777
48.904
47.983
47.014
45.998
44.935
43.826
42.672
41.473
40.231
38.947
37.621
36.255
34.85
33.407
31.928
30.413
28.865
27.284
25.673
24.033
22.366
20.673
18.956
17.218
15.46
13.684
11.892
10.086
8.2683
6.441
4.6061
2.7659
0.92231
-0.91975
-2.7525
-4.5845
-4.5154
-2.7111
-0.9059
0.90842
2.7242
4.5368
6.344
8.1438
9.9341
11.713
13.478
15.227
16.959
18.671
20.361
22.029
23.671
25.286
26.873
28.43
29.955
31.447
32.904
34.325
35.709
37.055
38.36
39.625
40.849
42.029
43.166
44.258
45.305
46.306
47.261
48.168
49.027
49.838
50.6
51.313
51.977
52.59
53.153
53.666
54.128
54.54
54.9
55.209
55.467
55.673
55.828
55.931
55.983
55.983
55.931
55.828
55.673
55.467
55.209
54.9
54.54
54.128
53.666
53.153
52.59
51.977
51.313
50.6
49.838
49.027
48.168
47.261
46.306
45.305
44.258
43.166
42.029
40.849
39.625
38.36
37.055
35.709
34.325
32.904
31.447
29.955
28.43
26.873
25.286
23.671
22.029
20.361
18.671
16.959
15.227
13.478
11.713
9.9341
8.1438
6.344
4.5368
2.7242
0.90842
-0.9059
-2.7111
-4.5154
-4.4419
-2.667
-0.89115
0.89364
2.6799
4.4629
6.2408
8.0113
9.7724
11.522
13.258
14.979
16.683
18.367
20.03
21.67
23.286
24.875
26.436
27.967
29.468
30.935
32.369
33.767
35.128
36.452
37.736
38.981
40.184
41.345
42.463
43.538
44.568
45.553
46.492
47.384
48.229
49.027
49.777
50.478
51.131
51.734
52.289
52.793
53.248
53.652
54.007
54.311
54.564
54.767
54.919
55.021
55.072
55.072
55.021
54.919
54.767
54.564
54.311
54.007
53.652
53.248
52.793
52.289
51.734
51.131
50.478
49.777
49.027
48.229
47.384
46.492
45.553
44.568
43.538
42.463
41.345
40.184
38.981
37.736
36.452
35.128
33.767
32.369
30.935
29.468
27.967
26.436
24.875
23.286
21.67
20.03
18.367
16.683
14.979
13.258
11.522
9.7724
8.0113
6.2408
4.4629
2.6799
0.89364
-0.89115
-2.667
-4.4419
-4.3641
-2.6202
-0.87554
0.87798
2.6329
4.3847
6.1314
7.8709
9.6011
11.32
13.026
14.717
16.39
18.045
19.679
21.291
22.878
24.439
25.973
27.477
28.951
30.393
31.801
33.175
34.512
35.813
37.075
38.297
39.48
40.621
41.719
42.775
43.787
44.754
45.677
46.553
47.384
48.168
48.904
49.593
50.235
50.828
51.372
51.868
52.314
52.712
53.06
53.359
53.608
53.807
53.957
54.057
54.106
54.106
54.057
53.957
53.807
53.608
53.359
53.06
52.712
52.314
51.868
51.372
50.828
50.235
49.593
48.904
48.168
47.384
46.553
45.677
44.754
43.787
42.775
41.719
40.621
39.48
38.297
37.075
35.813
34.512
33.175
31.801
30.393
28.951
27.477
25.973
24.439
22.878
21.291
19.679
18.045
16.39
14.717
13.026
11.32
9.6011
7.8709
6.1314
4.3847
2.6329
0.87798
-0.87554
-2.6202
-4.3641
-4.2819
-2.5709
-0.85905
0.86144
2.5833
4.3021
6.0159
7.7227
9.4203
11.107
12.781
14.44
16.082
17.705
19.309
20.89
22.447
23.979
25.484
26.96
28.406
29.821
31.202
32.55
33.862
35.138
36.377
37.576
38.736
39.856
40.934
41.969
42.962
43.911
44.816
45.677
46.492
47.261
47.983
48.659
49.289
49.87
50.405
50.891
51.329
51.719
52.061
52.354
52.598
52.794
52.941
53.039
53.087
53.087
53.039
52.941
52.794
52.598
52.354
52.061
51.719
51.329
50.891
50.405
49.87
49.289
48.659
47.983
47.261
46.492
45.677
44.816
43.911
42.962
41.969
40.934
39.856
38.736
37.576
36.377
35.138
33.862
32.55
31.202
29.821
28.406
26.96
25.484
23.979
22.447
20.89
19.309
17.705
16.082
14.44
12.781
11.107
9.4203
7.7227
6.0159
4.3021
2.5833
0.86144
-0.85905
-2.5709
-4.2819
-4.1954
-2.519
-0.8417
0.84405
2.5311
4.2153
5.8944
7.5667
9.2301
10.883
12.523
14.148
15.757
17.348
18.919
20.468
21.994
23.495
24.969
26.415
27.832
29.218
30.572
31.893
33.179
34.429
35.642
36.817
37.954
39.051
40.107
41.122
42.095
43.025
43.911
44.754
45.553
46.306
47.014
47.677
48.293
48.863
49.387
49.863
50.293
50.675
51.01
51.297
51.536
51.728
51.872
51.967
52.015
52.015
51.967
51.872
51.728
51.536
51.297
51.01
50.675
50.293
49.863
49.387
48.863
48.293
47.677
47.014
46.306
45.553
44.754
43.911
43.025
42.095
41.122
40.107
39.051
37.954
36.817
35.642
34.429
33.179
31.893
30.572
29.218
27.832
26.415
24.969
23.495
21.994
20.468
18.919
17.348
15.757
14.148
12.523
10.883
9.2301
7.5667
5.8944
4.2153
2.5311
0.84405
-0.8417
-2.519
-4.1954
-4.1047
-2.4645
-0.82351
0.8258
2.4764
4.1242
5.767
7.4031
9.0306
10.647
12.252
13.842
15.416
16.973
18.51
20.025
21.518
22.987
24.429
25.844
27.231
28.587
29.911
31.203
32.461
33.685
34.872
36.021
37.133
38.207
39.24
40.233
41.185
42.095
42.962
43.787
44.568
45.305
45.998
46.646
47.249
47.807
48.319
48.785
49.205
49.579
49.907
50.188
50.422
50.61
50.75
50.844
50.891
50.891
50.844
50.75
50.61
50.422
50.188
49.907
49.579
49.205
48.785
48.319
47.807
47.249
46.646
45.998
45.305
44.568
43.787
42.962
42.095
41.185
40.233
39.24
38.207
37.133
36.021
34.872
33.685
32.461
31.203
29.911
28.587
27.231
25.844
24.429
22.987
21.518
20.025
18.51
16.973
15.416
13.842
12.252
10.647
9.0306
7.4031
5.767
4.1242
2.4764
0.8258
-0.82351
-2.4645
-4.1047
-4.0099
-2.4076
-0.80447
0.80672
2.4192
4.0288
5.6338
7.2321
8.8219
10.401
11.969
13.522
15.06
16.581
18.082
19.563
21.021
22.455
23.865
25.247
26.601
27.926
29.22
30.482
31.711
32.906
34.066
35.189
36.275
37.324
38.333
39.303
40.233
41.122
41.969
42.775
43.538
44.258
44.935
45.568
46.157
46.702
47.202
47.658
48.068
48.434
48.753
49.028
49.257
49.44
49.577
49.669
49.715
49.715
49.669
49.577
49.44
49.257
49.028
48.753
48.434
48.068
47.658
47.202
46.702
46.157
45.568
44.935
44.258
43.538
42.775
41.969
41.122
40.233
39.303
38.333
37.324
36.275
35.189
34.066
32.906
31.711
30.482
29.22
27.926
26.601
25.247
23.865
22.455
21.021
19.563
18.082
16.581
15.06
13.522
11.969
10.401
8.8219
7.2321
5.6338
4.0288
2.4192
0.80672
-0.80447
-2.4076
-4.0099
-3.9109
-2.3481
-0.78462
0.78681
2.3595
3.9294
5.4947
7.0536
8.6042
10.145
11.673
13.189
14.688
16.171
17.636
19.08
20.502
21.901
23.276
24.624
25.945
27.237
28.499
29.73
30.929
32.094
33.225
34.321
35.38
36.402
37.387
38.333
39.24
40.107
40.934
41.719
42.463
43.166
43.826
44.444
45.018
45.55
46.037
46.482
46.882
47.238
47.55
47.818
48.041
48.22
48.354
48.443
48.488
48.488
48.443
48.354
48.22
48.041
47.818
47.55
47.238
46.882
46.482
46.037
45.55
45.018
44.444
43.826
43.166
42.463
41.719
40.934
40.107
39.24
38.333
37.387
36.402
35.38
34.321
33.225
32.094
30.929
29.73
28.499
27.237
25.945
24.624
23.276
21.901
20.502
19.08
17.636
16.171
14.688
13.189
11.673
10.145
8.6042
7.0536
5.4947
3.9294
2.3595
0.78681
-0.78462
-2.3481
-3.9109
-3.8079
-2.2863
-0.76396
0.76609
2.2974
3.8259
5.35
6.8678
8.3776
9.8775
11.366
12.841
14.302
15.745
17.171
18.577
19.962
21.324
22.663
23.975
25.262
26.52
27.748
28.947
30.114
31.249
32.35
33.417
34.448
35.444
36.402
37.324
38.207
39.051
39.856
40.621
41.345
42.029
42.672
43.273
43.833
44.35
44.825
45.258
45.647
45.994
46.298
46.559
46.776
46.95
47.08
47.167
47.211
47.211
47.167
47.08
46.95
46.776
46.559
46.298
45.994
45.647
45.258
44.825
44.35
43.833
43.273
42.672
42.029
41.345
40.621
39.856
39.051
38.207
37.324
36.402
35.444
34.448
33.417
32.35
31.249
30.114
28.947
27.748
26.52
25.262
23.975
22.663
21.324
19.962
18.577
17.171
15.745
14.302
12.841
11.366
9.8775
8.3776
6.8678
5.35
3.8259
2.2974
0.76609
-0.76396
-2.2863
-3.8079
-3.701
-2.2221
-0.7425
0.74457
2.2328
3.7185
5.1997
6.6749
8.1423
9.6001
11.047
12.481
13.9
15.303
16.689
18.055
19.402
20.726
22.026
23.302
24.552
25.775
26.969
28.134
29.268
30.371
31.441
32.478
33.481
34.448
35.38
36.275
37.133
37.954
38.736
39.48
40.184
40.849
41.473
42.058
42.601
43.104
43.566
43.986
44.365
44.702
44.998
45.251
45.462
45.631
45.758
45.843
45.885
45.885
45.843
45.758
45.631
45.462
45.251
44.998
44.702
44.365
43.986
43.566
43.104
42.601
42.058
41.473
40.849
40.184
39.48
38.736
37.954
37.133
36.275
35.38
34.448
33.481
32.478
31.441
30.371
29.268
28.134
26.969
25.775
24.552
23.302
22.026
20.726
19.402
18.055
16.689
15.303
13.9
12.481
11.047
9.6001
8.1423
6.6749
5.1997
3.7185
2.2328
0.74457
-0.7425
-2.2221
-3.701
-3.5901
-2.1556
-0.72027
0.72227
2.166
3.6071
5.044
6.475
7.8985
9.3126
10.716
12.107
13.484
14.845
16.189
17.515
18.821
20.105
21.367
22.604
23.817
25.003
26.162
27.292
28.392
29.462
30.5
31.506
32.478
33.417
34.321
35.189
36.021
36.817
37.576
38.297
38.981
39.625
40.231
40.798
41.326
41.814
42.261
42.669
43.037
43.364
43.65
43.896
44.101
44.265
44.388
44.47
44.511
44.511
44.47
44.388
44.265
44.101
43.896
43.65
43.364
43.037
42.669
42.261
41.814
41.326
40.798
40.231
39.625
38.981
38.297
37.576
36.817
36.021
35.189
34.321
33.417
32.478
31.506
30.5
29.462
28.392
27.292
26.162
25.003
23.817
22.604
21.367
20.105
18.821
17.515
16.189
14.845
13.484
12.107
10.716
9.3126
7.8985
6.475
5.044
3.6071
2.166
0.72227
-0.72027
-2.1556
-3.5901
-3.4755
-2.0867
-0.69727
0.69922
2.0968
3.492
4.883
6.2683
7.6463
9.0154
10.374
11.72
13.053
14.371
15.672
16.956
18.22
19.463
20.684
21.883
23.056
24.205
25.326
26.42
27.486
28.521
29.526
30.5
31.441
32.35
33.225
34.066
34.872
35.642
36.377
37.075
37.736
38.36
38.947
39.496
40.006
40.479
40.912
41.307
41.663
41.979
42.257
42.494
42.693
42.852
42.971
43.05
43.09
43.09
43.05
42.971
42.852
42.693
42.494
42.257
41.979
41.663
41.307
40.912
40.479
40.006
39.496
38.947
38.36
37.736
37.075
36.377
35.642
34.872
34.066
33.225
32.35
31.441
30.5
29.526
28.521
27.486
26.42
25.326
24.205
23.056
21.883
20.684
19.463
18.22
16.956
15.672
14.371
13.053
11.72
10.374
9.0154
7.6463
6.2683
4.883
3.492
2.0968
0.69922
-0.69727
-2.0867
-3.4755
-3.3572
-2.0157
-0.67354
0.67542
2.0255
3.3731
4.7168
6.055
7.386
8.7085
10.021
11.321
12.609
13.882
15.139
16.379
17.6
18.801
19.98
21.138
22.272
23.381
24.464
25.521
26.55
27.55
28.521
29.462
30.371
31.249
32.094
32.906
33.685
34.429
35.138
35.813
36.452
37.055
37.621
38.151
38.645
39.101
39.52
39.901
40.245
40.55
40.818
41.048
41.24
41.393
41.508
41.585
41.623
41.623
41.585
41.508
41.393
41.24
41.048
40.818
40.55
40.245
39.901
39.52
39.101
38.645
38.151
37.621
37.055
36.452
35.813
35.138
34.429
33.685
32.906
32.094
31.249
30.371
29.462
28.521
27.55
26.55
25.521
24.464
23.381
22.272
21.138
19.98
18.801
17.6
16.379
15.139
13.882
12.609
11.321
10.021
8.7085
7.386
6.055
4.7168
3.3731
2.0255
0.67542
-0.67354
-2.0157
-3.3572
-3.2353
-1.9425
-0.64908
0.65089
1.9519
3.2506
4.5455
5.8351
7.1179
8.3923
9.6569
10.91
12.151
13.378
14.589
15.784
16.961
18.118
19.255
20.37
21.463
22.532
23.576
24.594
25.586
26.55
27.486
28.392
29.268
30.114
30.929
31.711
32.461
33.179
33.862
34.512
35.128
35.709
36.255
36.766
37.241
37.681
38.085
38.452
38.783
39.078
39.336
39.558
39.742
39.89
40.001
40.075
40.112
40.112
40.075
40.001
39.89
39.742
39.558
39.336
39.078
38.783
38.452
38.085
37.681
37.241
36.766
36.255
35.709
35.128
34.512
33.862
33.179
32.461
31.711
30.929
30.114
29.268
28.392
27.486
26.55
25.586
24.594
23.576
22.532
21.463
20.37
19.255
18.118
16.961
15.784
14.589
13.378
12.151
10.91
9.6569
8.3923
7.1179
5.8351
4.5455
3.2506
1.9519
0.65089
-0.64908
-1.9425
-3.2353
-3.1099
-1.8672
-0.62393
0.62567
1.8763
3.1247
4.3694
5.609
6.842
8.067
9.2827
10.487
11.68
12.859
14.024
15.172
16.303
17.416
18.509
19.581
20.631
21.659
22.662
23.641
24.594
25.521
26.42
27.292
28.134
28.947
29.73
30.482
31.203
31.893
32.55
33.175
33.767
34.325
34.85
35.341
35.798
36.221
36.609
36.962
37.28
37.564
37.812
38.024
38.202
38.344
38.451
38.522
38.557
38.557
38.522
38.451
38.344
38.202
38.024
37.812
37.564
37.28
36.962
36.609
36.221
35.798
35.341
34.85
34.325
33.767
33.175
32.55
31.893
31.203
30.482
29.73
28.947
28.134
27.292
26.42
25.521
24.594
23.641
22.662
21.659
20.631
19.581
18.509
17.416
16.303
15.172
14.024
12.859
11.68
10.487
9.2827
8.067
6.842
5.609
4.3694
3.1247
1.8763
0.62567
-0.62393
-1.8672
-3.1099
-2.9812
-1.7899
-0.59809
0.59976
1.7986
2.9953
4.1885
5.3767
6.5587
7.733
8.8983
10.053
11.197
12.327
13.443
14.544
15.628
16.695
17.742
18.77
19.777
20.762
21.724
22.662
23.576
24.464
25.326
26.162
26.969
27.748
28.499
29.22
29.911
30.572
31.202
31.801
32.369
32.904
33.407
33.878
34.316
34.721
35.093
35.432
35.737
36.008
36.246
36.45
36.62
36.756
36.859
36.927
36.961
36.961
36.927
36.859
36.756
36.62
36.45
36.246
36.008
35.737
35.432
35.093
34.721
34.316
33.878
33.407
32.904
32.369
31.801
31.202
30.572
29.911
29.22
28.499
27.748
26.969
26.162
25.326
24.464
23.576
22.662
21.724
20.762
19.777
18.77
17.742
16.695
15.628
14.544
13.443
12.327
11.197
10.053
8.8983
7.733
6.5587
5.3767
4.1885
2.9953
1.7986
0.59976
-0.59809
-1.7899
-2.9812
-2.8492
-1.7107
-0.57161
0.5732
1.7189
2.8626
4.003
5.1386
6.2683
7.3906
8.5042
9.608
10.701
11.781
12.848
13.9
14.936
15.955
16.957
17.939
18.901
19.842
20.762
21.659
22.532
23.381
24.205
25.003
25.775
26.52
27.237
27.926
28.587
29.218
29.821
30.393
30.935
31.447
31.928
32.378
32.796
33.183
33.539
33.862
34.154
34.414
34.641
34.836
34.998
35.129
35.226
35.291
35.324
35.324
35.291
35.226
35.129
34.998
34.836
34.641
34.414
34.154
33.862
33.539
33.183
32.796
32.378
31.928
31.447
30.935
30.393
29.821
29.218
28.587
27.926
27.237
26.52
25.775
25.003
24.205
23.381
22.532
21.659
20.762
19.842
18.901
17.939
16.957
15.955
14.936
13.9
12.848
11.781
10.701
9.608
8.5042
7.3906
6.2683
5.1386
4.003
2.8626
1.7189
0.5732
-0.57161
-1.7107
-2.8492
-2.714
-1.6295
-0.54449
0.54601
1.6374
2.7268
3.8131
4.8949
5.9709
7.04
8.1008
9.1522
10.193
11.222
12.238
13.24
14.227
15.198
16.152
17.088
18.004
18.901
19.777
20.631
21.463
22.272
23.056
23.817
24.552
25.262
25.945
26.601
27.231
27.832
28.406
28.951
29.468
29.955
30.413
30.842
31.24
31.609
31.948
32.256
32.534
32.781
32.997
33.183
33.338
33.462
33.555
33.617
33.648
33.648
33.617
33.555
33.462
33.338
33.183
32.997
32.781
32.534
32.256
31.948
31.609
31.24
30.842
30.413
29.955
29.468
28.951
28.406
27.832
27.231
26.601
25.945
25.262
24.552
23.817
23.056
22.272
21.463
20.631
19.777
18.901
18.004
17.088
16.152
15.198
14.227
13.24
12.238
11.222
10.193
9.1522
8.1008
7.04
5.9709
4.8949
3.8131
2.7268
1.6374
0.54601
-0.54449
-1.6295
-2.714
-2.5758
-1.5465
-0.51677
0.51821
1.554
2.588
3.619
4.6457
5.6669
6.6816
7.6884
8.6863
9.6742
10.651
11.615
12.566
13.503
14.425
15.33
16.218
17.088
17.939
18.77
19.581
20.37
21.138
21.883
22.604
23.302
23.975
24.624
25.247
25.844
26.415
26.96
27.477
27.967
28.43
28.865
29.271
29.65
30
30.321
30.614
30.877
31.112
31.318
31.494
31.641
31.759
31.847
31.906
31.935
31.935
31.906
31.847
31.759
31.641
31.494
31.318
31.112
30.877
30.614
30.321
30
29.65
29.271
28.865
28.43
27.967
27.477
26.96
26.415
25.844
25.247
24.624
23.975
23.302
22.604
21.883
21.138
20.37
19.581
18.77
17.939
17.088
16.218
15.33
14.425
13.503
12.566
11.615
10.651
9.6742
8.6863
7.6884
6.6816
5.6669
4.6457
3.619
2.588
1.554
0.51821
-0.51677
-1.5465
-2.5758
-2.4348
-1.4619
-0.48847
0.48984
1.4689
2.4463
3.4208
4.3913
5.3566
6.3157
7.2674
8.2107
9.1444
10.068
10.979
11.878
12.764
13.635
14.49
15.33
16.152
16.957
17.742
18.509
19.255
19.98
20.684
21.367
22.026
22.663
23.276
23.865
24.429
24.969
25.484
25.973
26.436
26.873
27.284
27.669
28.026
28.357
28.661
28.937
29.187
29.408
29.603
29.769
29.908
30.02
30.103
30.159
30.186
30.186
30.159
30.103
30.02
29.908
29.769
29.603
29.408
29.187
28.937
28.661
28.357
28.026
27.669
27.284
26.873
26.436
25.973
25.484
24.969
24.429
23.865
23.276
22.663
22.026
21.367
20.684
19.98
19.255
18.509
17.742
16.957
16.152
15.33
14.49
13.635
12.764
11.878
10.979
10.068
9.1444
8.2107
7.2674
6.3157
5.3566
4.3913
3.4208
2.4463
1.4689
0.48984
-0.48847
-1.4619
-2.4348
-2.291
-1.3755
-0.45963
0.46091
1.3822
2.3018
3.2188
4.132
5.0403
5.9428
6.8383
7.7258
8.6045
9.4731
10.331
11.177
12.01
12.83
13.635
14.425
15.198
15.955
16.695
17.416
18.118
18.801
19.463
20.105
20.726
21.324
21.901
22.455
22.987
23.495
23.979
24.439
24.875
25.286
25.673
26.035
26.371
26.683
26.969
27.229
27.463
27.672
27.855
28.011
28.142
28.247
28.325
28.378
28.404
28.404
28.378
28.325
28.247
28.142
28.011
27.855
27.672
27.463
27.229
26.969
26.683
26.371
26.035
25.673
25.286
24.875
24.439
23.979
23.495
22.987
22.455
21.901
21.324
20.726
20.105
19.463
18.801
18.118
17.416
16.695
15.955
15.198
14.425
13.635
12.83
12.01
11.177
10.331
9.4731
8.6045
7.7258
6.8383
5.9428
5.0403
4.132
3.2188
2.3018
1.3822
0.46091
-0.45963
-1.3755
-2.291
-2.1447
-1.2877
-0.43027
0.43147
1.2939
2.1548
3.0132
3.868
4.7183
5.5631
6.4014
7.2323
8.0548
8.868
9.671
10.463
11.243
12.01
12.764
13.503
14.227
14.936
15.628
16.303
16.961
17.6
18.22
18.821
19.402
19.962
20.502
21.021
21.518
21.994
22.447
22.878
23.286
23.671
24.033
24.372
24.687
24.978
25.246
25.489
25.709
25.904
26.075
26.222
26.344
26.442
26.516
26.565
26.589
26.589
26.565
26.516
26.442
26.344
26.222
26.075
25.904
25.709
25.489
25.246
24.978
24.687
24.372
24.033
23.671
23.286
22.878
22.447
21.994
21.518
21.021
20.502
19.962
19.402
18.821
18.22
17.6
16.961
16.303
15.628
14.936
14.227
13.503
12.764
12.01
11.243
10.463
9.671
8.868
8.0548
7.2323
6.4014
5.5631
4.7183
3.868
3.0132
2.1548
1.2939
0.43147
-0.43027
-1.2877
-2.1447
-1.9959
-1.1983
-0.40042
0.40153
1.2041
2.0053
2.8041
3.5997
4.391
5.1772
5.9573
6.7305
7.496
8.2527
9
9.737
10.463
11.177
11.878
12.566
13.24
13.9
14.544
15.172
15.784
16.379
16.956
17.515
18.055
18.577
19.08
19.563
20.025
20.468
20.89
21.291
21.67
22.029
22.366
22.681
22.974
23.245
23.494
23.721
23.925
24.107
24.266
24.403
24.517
24.608
24.676
24.722
24.745
24.745
24.722
24.676
24.608
24.517
24.403
24.266
24.107
23.925
23.721
23.494
23.245
22.974
22.681
22.366
22.029
21.67
21.291
20.89
20.468
20.025
19.563
19.08
18.577
18.055
17.515
16.956
16.379
15.784
15.172
14.544
13.9
13.24
12.566
11.878
11.177
10.463
9.737
9
8.2527
7.496
6.7305
5.9573
5.1772
4.391
3.5997
2.8041
2.0053
1.2041
0.40153
-0.40042
-1.1983
-1.9959
-1.8448
-1.1076
-0.37011
0.37114
1.113
1.8535
2.5919
3.3272
4.0586
4.7853
5.5064
6.2211
6.9286
7.6281
8.3188
9
9.671
10.331
10.979
11.615
12.238
12.848
13.443
14.024
14.589
15.139
15.672
16.189
16.689
17.171
17.636
18.082
18.51
18.919
19.309
19.679
20.03
20.361
20.673
20.964
21.235
21.486
21.716
21.926
22.114
22.282
22.43
22.556
22.661
22.745
22.809
22.851
22.872
22.872
22.851
22.809
22.745
22.661
22.556
22.43
22.282
22.114
21.926
21.716
21.486
21.235
20.964
20.673
20.361
20.03
19.679
19.309
18.919
18.51
18.082
17.636
17.171
16.689
16.189
15.672
15.139
14.589
14.024
13.443
12.848
12.238
11.615
10.979
10.331
9.671
9
8.3188
7.6281
6.9286
6.2211
5.5064
4.7853
4.0586
3.3272
2.5919
1.8535
1.113
0.37114
-0.37011
-1.1076
-1.8448
-1.6916
-1.0157
-0.33938
0.34033
1.0206
1.6996
2.3767
3.051
3.7216
4.388
5.0492
5.7046
6.3533
6.9947
7.6281
8.2527
8.868
9.4731
10.068
10.651
11.222
11.781
12.327
12.859
13.378
13.882
14.371
14.845
15.303
15.745
16.171
16.581
16.973
17.348
17.705
18.045
18.367
18.671
18.956
19.223
19.472
19.702
19.913
20.105
20.278
20.432
20.567
20.683
20.78
20.857
20.915
20.953
20.973
20.973
20.953
20.915
20.857
20.78
20.683
20.567
20.432
20.278
20.105
19.913
19.702
19.472
19.223
18.956
18.671
18.367
18.045
17.705
17.348
16.973
16.581
16.171
15.745
15.303
14.845
14.371
13.882
13.378
12.859
12.327
11.781
11.222
10.651
10.068
9.4731
8.868
8.2527
7.6281
6.9947
6.3533
5.7046
5.0492
4.388
3.7216
3.051
2.3767
1.6996
1.0206
0.34033
-0.33938
-1.0157
-1.6916
-1.5365
-0.92253
-0.30826
0.30912
0.92699
1.5438
2.1587
2.7712
3.3804
3.9856
4.5862
5.1815
5.7707
6.3533
6.9286
7.496
8.0548
8.6045
9.1444
9.6742
10.193
10.701
11.197
11.68
12.151
12.609
13.053
13.484
13.9
14.302
14.688
15.06
15.416
15.757
16.082
16.39
16.683
16.959
17.218
17.461
17.686
17.895
18.087
18.261
18.419
18.559
18.681
18.786
18.874
18.944
18.997
19.032
19.05
19.05
19.032
18.997
18.944
18.874
18.786
18.681
18.559
18.419
18.261
18.087
17.895
17.686
17.461
17.218
16.959
16.683
16.39
16.082
15.757
15.416
15.06
14.688
14.302
13.9
13.484
13.053
12.609
12.151
11.68
11.197
10.701
10.193
9.6742
9.1444
8.6045
8.0548
7.496
6.9286
6.3533
5.7707
5.1815
4.5862
3.9856
3.3804
2.7712
2.1587
1.5438
0.92699
0.30912
-0.30826
-0.92253
-1.5365
-1.3796
-0.82833
-0.27678
0.27755
0.83234
1.3861
1.9383
2.4882
3.0352
3.5786
4.1179
4.6524
5.1815
5.7046
6.2211
6.7305
7.2323
7.7258
8.2107
8.6863
9.1522
9.608
10.053
10.487
10.91
11.321
11.72
12.107
12.481
12.841
13.189
13.522
13.842
14.148
14.44
14.717
14.979
15.227
15.46
15.678
15.88
16.068
16.24
16.397
16.538
16.664
16.774
16.868
16.947
17.01
17.057
17.089
17.104
17.104
17.089
17.057
17.01
16.947
16.868
16.774
16.664
16.538
16.397
16.24
16.068
15.88
15.678
15.46
15.227
14.979
14.717
14.44
14.148
13.842
13.522
13.189
12.841
12.481
12.107
11.72
11.321
10.91
10.487
10.053
9.608
9.1522
8.6863
8.2107
7.7258
7.2323
6.7305
6.2211
5.7046
5.1815
4.6524
4.1179
3.5786
3.0352
2.4882
1.9383
1.3861
0.83234
0.27755
-0.27678
-0.82833
-1.3796
-1.2211
-0.73317
-0.24498
0.24567
0.73671
1.2269
1.7156
2.2024
2.6865
3.1675
3.6448
4.1179
4.5862
5.0492
5.5064
5.9573
6.4014
6.8383
7.2674
7.6884
8.1008
8.5042
8.8983
9.2827
9.6569
10.021
10.374
10.716
11.047
11.366
11.673
11.969
12.252
12.523
12.781
13.026
13.258
13.478
13.684
13.877
14.056
14.222
14.374
14.513
14.638
14.749
14.847
14.93
15
15.056
15.098
15.125
15.139
15.139
15.125
15.098
15.056
15
14.93
14.847
14.749
14.638
14.513
14.374
14.222
14.056
13.877
13.684
13.478
13.258
13.026
12.781
12.523
12.252
11.969
11.673
11.366
11.047
10.716
10.374
10.021
9.6569
9.2827
8.8983
8.5042
8.1008
7.6884
7.2674
6.8383
6.4014
5.9573
5.5064
5.0492
4.5862
4.1179
3.6448
3.1675
2.6865
2.2024
1.7156
1.2269
0.73671
0.24567
-0.24498
-0.73317
-1.2211
-1.0612
-0.63716
-0.2129
0.2135
0.64024
1.0662
1.491
1.9139
2.3347
2.7527
3.1675
3.5786
3.9856
4.388
4.7853
5.1772
5.5631
5.9428
6.3157
6.6816
7.04
7.3906
7.733
8.067
8.3923
8.7085
9.0154
9.3126
9.6001
9.8775
10.145
10.401
10.647
10.883
11.107
11.32
11.522
11.713
11.892
12.059
12.215
12.36
12.492
12.612
12.721
12.818
12.902
12.975
13.036
13.084
13.12
13.145
13.157
13.157
13.145
13.12
13.084
13.036
12.975
12.902
12.818
12.721
12.612
12.492
12.36
12.215
12.059
11.892
11.713
11.522
11.32
11.107
10.883
10.647
10.401
10.145
9.8775
9.6001
9.3126
9.0154
8.7085
8.3923
8.067
7.733
7.3906
7.04
6.6816
6.3157
5.9428
5.5631
5.1772
4.7853
4.388
3.9856
3.5786
3.1675
2.7527
2.3347
1.9139
1.491
1.0662
0.64024
0.2135
-0.2129
-0.63716
-1.0612
-0.90005
-0.5404
-0.18057
0.18108
0.54301
0.90431
1.2645
1.6233
1.9802
2.3347
2.6865
3.0352
3.3804
3.7216
4.0586
4.391
4.7183
5.0403
5.3566
5.6669
5.9709
6.2683
6.5587
6.842
7.1179
7.386
7.6463
7.8985
8.1423
8.3776
8.6042
8.8219
9.0306
9.2301
9.4203
9.6011
9.7724
9.9341
10.086
10.228
10.36
10.483
10.595
10.697
10.789
10.871
10.943
11.005
11.056
11.097
11.128
11.149
11.159
11.159
11.149
11.128
11.097
11.056
11.005
10.943
10.871
10.789
10.697
10.595
10.483
10.36
10.228
10.086
9.9341
9.7724
9.6011
9.4203
9.2301
9.0306
8.8219
8.6042
8.3776
8.1423
7.8985
7.6463
7.386
7.1179
6.842
6.5587
6.2683
5.9709
5.6669
5.3566
5.0403
4.7183
4.391
4.0586
3.7216
3.3804
3.0352
2.6865
2.3347
1.9802
1.6233
1.2645
0.90431
0.54301
0.18108
-0.18057
-0.5404
-0.90005
-0.73785
-0.44301
-0.14803
0.14844
0.44515
0.74134
1.0367
1.3308
1.6233
1.9139
2.2024
2.4882
2.7712
3.051
3.3272
3.5997
3.868
4.132
4.3913
4.6457
4.8949
5.1386
5.3767
5.609
5.8351
6.055
6.2683
6.475
6.6749
6.8678
7.0536
7.2321
7.4031
7.5667
7.7227
7.8709
8.0113
8.1438
8.2683
8.3849
8.4933
8.5935
8.6856
8.7694
8.8449
8.9121
8.971
9.0214
9.0636
9.0973
9.1226
9.1394
9.1479
9.1479
9.1394
9.1226
9.0973
9.0636
9.0214
8.971
8.9121
8.8449
8.7694
8.6856
8.5935
8.4933
8.3849
8.2683
8.1438
8.0113
7.8709
7.7227
7.5667
7.4031
7.2321
7.0536
6.8678
6.6749
6.475
6.2683
6.055
5.8351
5.609
5.3767
5.1386
4.8949
4.6457
4.3913
4.132
3.868
3.5997
3.3272
3.051
2.7712
2.4882
2.2024
1.9139
1.6233
1.3308
1.0367
0.74134
0.44515
0.14844
-0.14803
-0.44301
-0.73785
-0.57478
-0.34511
-0.11532
0.11564
0.34677
0.5775
0.80755
1.0367
1.2645
1.491
1.7156
1.9383
2.1587
2.3767
2.5919
2.8041
3.0132
3.2188
3.4208
3.619
3.8131
4.003
4.1885
4.3694
4.5455
4.7168
4.883
5.044
5.1997
5.35
5.4947
5.6338
5.767
5.8944
6.0159
6.1314
6.2408
6.344
6.441
6.5318
6.6162
6.6943
6.766
6.8313
6.8901
6.9425
6.9883
7.0277
7.0605
7.0867
7.1064
7.1196
7.1262
7.1262
7.1196
7.1064
7.0867
7.0605
7.0277
6.9883
6.9425
6.8901
6.8313
6.766
6.6943
6.6162
6.5318
6.441
6.344
6.2408
6.1314
6.0159
5.8944
5.767
5.6338
5.4947
5.35
5.1997
5.044
4.883
4.7168
4.5455
4.3694
4.1885
4.003
3.8131
3.619
3.4208
3.2188
3.0132
2.8041
2.5919
2.3767
2.1587
1.9383
1.7156
1.491
1.2645
1.0367
0.80755
0.5775
0.34677
0.11564
-0.11532
-0.34511
-0.57478
-0.41104
-0.24679
-0.082465
0.082695
0.24799
0.41299
0.5775
0.74134
0.90431
1.0662
1.2269
1.3861
1.5438
1.6996
1.8535
2.0053
2.1548
2.3018
2.4463
2.588
2.7268
2.8626
2.9953
3.1247
3.2506
3.3731
3.492
3.6071
3.7185
3.8259
3.9294
4.0288
4.1242
4.2153
4.3021
4.3847
4.4629
4.5368
4.6061
4.671
4.7314
4.7873
4.8386
4.8852
4.9273
4.9648
4.9976
5.0257
5.0491
5.0679
5.082
5.0914
5.0961
5.0961
5.0914
5.082
5.0679
5.0491
5.0257
4.9976
4.9648
4.9273
4.8852
4.8386
4.7873
4.7314
4.671
4.6061
4.5368
4.4629
4.3847
4.3021
4.2153
4.1242
4.0288
3.9294
3.8259
3.7185
3.6071
3.492
3.3731
3.2506
3.1247
2.9953
2.8626
2.7268
2.588
2.4463
2.3018
2.1548
2.0053
1.8535
1.6996
1.5438
1.3861
1.2269
1.0662
0.90431
0.74134
0.5775
0.41299
0.24799
0.082695
-0.082465
-0.24679
-0.41104
-0.24682
-0.14819
-0.049518
0.049656
0.14891
0.24799
0.34677
0.44515
0.54301
0.64024
0.73671
0.83234
0.92699
1.0206
1.113
1.2041
1.2939
1.3822
1.4689
1.554
1.6374
1.7189
1.7986
1.8763
1.9519
2.0255
2.0968
2.166
2.2328
2.2974
2.3595
2.4192
2.4764
2.5311
2.5833
2.6329
2.6799
2.7242
2.7659
2.8048
2.8411
2.8746
2.9054
2.9334
2.9587
2.9812
3.0009
3.0178
3.0319
3.0431
3.0516
3.0572
3.0601
3.0601
3.0572
3.0516
3.0431
3.0319
3.0178
3.0009
2.9812
2.9587
2.9334
2.9054
2.8746
2.8411
2.8048
2.7659
2.7242
2.6799
2.6329
2.5833
2.5311
2.4764
2.4192
2.3595
2.2974
2.2328
2.166
2.0968
2.0255
1.9519
1.8763
1.7986
1.7189
1.6374
1.554
1.4689
1.3822
1.2939
1.2041
1.113
1.0206
0.92699
0.83234
0.73671
0.64024
0.54301
0.44515
0.34677
0.24799
0.14891
0.049656
-0.049518
-0.14819
-0.24682
-0.082305
-0.049417
-0.016512
0.016558
0.049656
0.082695
0.11564
0.14844
0.18108
0.2135
0.24567
0.27755
0.30912
0.34033
0.37114
0.40153
0.43147
0.46091
0.48984
0.51821
0.54601
0.5732
0.59976
0.62567
0.65089
0.67542
0.69922
0.72227
0.74457
0.76609
0.78681
0.80672
0.8258
0.84405
0.86144
0.87798
0.89364
0.90842
0.92231
0.93531
0.9474
0.95858
0.96885
0.9782
0.98662
0.99412
1.0007
1.0063
1.011
1.0148
1.0176
1.0195
1.0204
1.0204
1.0195
1.0176
1.0148
1.011
1.0063
1.0007
0.99412
0.98662
0.9782
0.96885
0.95858
0.9474
0.93531
0.92231
0.90842
0.89364
0.87798
0.86144
0.84405
0.8258
0.80672
0.78681
0.76609
0.74457
0.72227
0.69922
0.67542
0.65089
0.62567
0.59976
0.5732
0.54601
0.51821
0.48984
0.46091
0.43147
0.40153
0.37114
0.34033
0.30912
0.27755
0.24567
0.2135
0.18108
0.14844
0.11564
0.082695
0.049656
0.016558
-0.016512
-0.049417
-0.082305
0.082076
0.049279
0.016466
-0.016512
-0.049518
-0.082465
-0.11532
-0.14803
-0.18057
-0.2129
-0.24498
-0.27678
-0.30826
-0.33938
-0.37011
-0.40042
-0.43027
-0.45963
-0.48847
-0.51677
-0.54449
-0.57161
-0.59809
-0.62393
-0.64908
-0.67354
-0.69727
-0.72027
-0.7425
-0.76396
-0.78462
-0.80447
-0.82351
-0.8417
-0.85905
-0.87554
-0.89115
-0.9059
-0.91975
-0.93271
-0.94477
-0.95592
-0.96616
-0.97548
-0.98388
-0.99136
-0.9979
-1.0035
-1.0082
-1.012
-1.0148
-1.0166
-1.0176
-1.0176
-1.0166
-1.0148
-1.012
-1.0082
-1.0035
-0.9979
-0.99136
-0.98388
-0.97548
-0.96616
-0.95592
-0.94477
-0.93271
-0.91975
-0.9059
-0.89115
-0.87554
-0.85905
-0.8417
-0.82351
-0.80447
-0.78462
-0.76396
-0.7425
-0.72027
-0.69727
-0.67354
-0.64908
-0.62393
-0.59809
-0.57161
-0.54449
-0.51677
-0.48847
-0.45963
-0.43027
-0.40042
-0.37011
-0.33938
-0.30826
-0.27678
-0.24498
-0.2129
-0.18057
-0.14803
-0.11532
-0.082465
-0.049518
-0.016512
0.016466
0.049279
0.082076
0.24636
0.1478
0.049279
-0.049417
-0.14819
-0.24679
-0.34511
-0.44301
-0.5404
-0.63716
-0.73317
-0.82833
-0.92253
-1.0157
-1.1076
-1.1983
-1.2877
-1.3755
-1.4619
-1.5465
-1.6295
-1.7107
-1.7899
-1.8672
-1.9425
-2.0157
-2.0867
-2.1556
-2.2221
-2.2863
-2.3481
-2.4076
-2.4645
-2.519
-2.5709
-2.6202
-2.667
-2.7111
-2.7525
-2.7913
-2.8274
-2.8608
-2.8914
-2.9193
-2.9445
-2.9669
-2.9864
-3.0033
-3.0173
-3.0285
-3.0369
-3.0425
-3.0453
-3.0453
-3.0425
-3.0369
-3.0285
-3.0173
-3.0033
-2.9864
-2.9669
-2.9445
-2.9193
-2.8914
-2.8608
-2.8274
-2.7913
-2.7525
-2.7111
-2.667
-2.6202
-2.5709
-2.519
-2.4645
-2.4076
-2.3481
-2.2863
-2.2221
-2.1556
-2.0867
-2.0157
-1.9425
-1.8672
-1.7899
-1.7107
-1.6295
-1.5465
-1.4619
-1.3755
-1.2877
-1.1983
-1.1076
-1.0157
-0.92253
-0.82833
-0.73317
-0.63716
-0.5404
-0.44301
-0.34511
-0.24679
-0.14819
-0.049417
0.049279
0.1478
0.24636
0.41072
0.24636
0.082076
-0.082305
-0.24682
-0.41104
-0.57478
-0.73785
-0.90005
-1.0612
-1.2211
-1.3796
-1.5365
-1.6916
-1.8448
-1.9959
-2.1447
-2.291
-2.4348
-2.5758
-2.714
-2.8492
-2.9812
-3.1099
-3.2353
-3.3572
-3.4755
-3.5901
-3.701
-3.8079
-3.9109
-4.0099
-4.1047
-4.1954
-4.2819
-4.3641
-4.4419
-4.5154
-4.5845
-4.649
-4.7092
-4.7647
-4.8158
-4.8622
-4.9041
-4.9414
-4.974
-5.002
-5.0254
-5.044
-5.0581
-5.0674
-5.0721
-5.0721
-5.0674
-5.0581
-5.044
-5.0254
-5.002
-4.974
-4.9414
-4.9041
-4.8622
-4.8158
-4.7647
-4.7092
-4.649
-4.5845
-4.5154
-4.4419
-4.3641
-4.2819
-4.1954
-4.1047
-4.0099
-3.9109
-3.8079
-3.701
-3.5901
-3.4755
-3.3572
-3.2353
-3.1099
-2.9812
-2.8492
-2.714
-2.5758
-2.4348
-2.291
-2.1447
-1.9959
-1.8448
-1.6916
-1.5365
-1.3796
-1.2211
-1.0612
-0.90005
-0.73785
-0.57478
-0.41104
-0.24682
-0.082305
0.082076
0.24636
0.41072
