0.96332
0.57832
0.19275
-0.19329
-0.57939
-0.96407
-1.3464
-1.7254
-2.1003
-2.4702
-2.8342
-3.1916
-3.5415
-3.8835
-4.2167
-4.5406
-4.8547
-5.1586
-5.4519
-5.7342
-6.0053
-6.265
-6.5132
-6.7497
-6.9746
-7.1879
-7.3897
-7.5802
-7.7594
-7.9278
-8.0854
-8.2326
-8.3697
-8.497
-8.615
-8.7239
-8.8241
-8.9161
-9.0001
-9.0766
-9.1458
-9.2083
-9.2643
-9.3141
-9.358
-9.3963
-9.4292
-9.4571
-9.4799
-9.498
-9.5115
-9.5204
-9.5249
-9.5249
-9.5204
-9.5115
-9.498
-9.4799
-9.4571
-9.4292
-9.3963
-9.358
-9.3141
-9.2643
-9.2083
-9.1458
-9.0766
-9.0001
-8.9161
-8.8241
-8.7239
-8.615
-8.497
-8.3697
-8.2326
-8.0854
-7.9278
-7.7594
-7.5802
-7.3897
-7.1879
-6.9746
-6.7497
-6.5132
-6.265
-6.0053
-5.7342
-5.4519
-5.1586
-4.8547
-4.5406
-4.2167
-3.8835
-3.5415
-3.1916
-2.8342
-2.4702
-2.1003
-1.7254
-1.3464
-0.96407
-0.57939
-0.19329
0.19275
0.57832
0.96332
0.57832
0.34725
0.11583
-0.11615
-0.34816
-0.57932
-0.80906
-1.0368
-1.2621
-1.4844
-1.7031
-1.9179
-2.1282
-2.3336
-2.5339
-2.7285
-2.9173
-3.0999
-3.2761
-3.4458
-3.6087
-3.7647
-3.9139
-4.056
-4.1911
-4.3193
-4.4406
-4.555
-4.6628
-4.7639
-4.8586
-4.9471
-5.0295
-5.106
-5.1769
-5.2423
-5.3025
-5.3578
-5.4083
-5.4542
-5.4959
-5.5334
-5.567
-5.597
-5.6233
-5.6464
-5.6662
-5.6829
-5.6966
-5.7075
-5.7156
-5.721
-5.7236
-5.7236
-5.721
-5.7156
-5.7075
-5.6966
-5.6829
-5.6662
-5.6464
-5.6233
-5.597
-5.567
-5.5334
-5.4959
-5.4542
-5.4083
-5.3578
-5.3025
-5.2423
-5.1769
-5.106
-5.0295
-4.9471
-4.8586
-4.7639
-4.6628
-4.555
-4.4406
-4.3193
-4.1911
-4.056
-3.9139
-3.7647
-3.6087
-3.4458
-3.2761
-3.0999
-2.9173
-2.7285
-2.5339
-2.3336
-2.1282
-1.9179
-1.7031
-1.4844
-1.2621
-1.0368
-0.80906
-0.57932
-0.34816
-0.11615
0.11583
0.34725
0.57832
0.19275
0.11583
0.038718
-0.038826
-0.11638
-0.19366
-0.27045
-0.3466
-0.4219
-0.4962
-0.56932
-0.6411
-0.7114
-0.78008
-0.84702
-0.91209
-0.97519
-1.0362
-1.0951
-1.1519
-1.2063
-1.2585
-1.3083
-1.3558
-1.401
-1.4439
-1.4844
-1.5227
-1.5587
-1.5925
-1.6241
-1.6537
-1.6813
-1.7068
-1.7305
-1.7524
-1.7725
-1.791
-1.8079
-1.8233
-1.8372
-1.8497
-1.861
-1.871
-1.8798
-1.8875
-1.8941
-1.8997
-1.9043
-1.9079
-1.9106
-1.9124
-1.9133
-1.9133
-1.9124
-1.9106
-1.9079
-1.9043
-1.8997
-1.8941
-1.8875
-1.8798
-1.871
-1.861
-1.8497
-1.8372
-1.8233
-1.8079
-1.791
-1.7725
-1.7524
-1.7305
-1.7068
-1.6813
-1.6537
-1.6241
-1.5925
-1.5587
-1.5227
-1.4844
-1.4439
-1.401
-1.3558
-1.3083
-1.2585
-1.2063
-1.1519
-1.0951
-1.0362
-0.97519
-0.91209
-0.84702
-0.78008
-0.7114
-0.6411
-0.56932
-0.4962
-0.4219
-0.3466
-0.27045
-0.19366
-0.11638
-0.038826
0.038718
0.11583
0.19275
-0.19329
-0.11615
-0.038826
0.038934
0.11671
0.19419
0.27121
0.34756
0.42307
0.49758
0.5709
0.64288
0.71338
0.78225
0.84937
0.91462
0.9779
1.0391
1.0982
1.1551
1.2097
1.262
1.312
1.3596
1.4049
1.4479
1.4885
1.5269
1.563
1.5969
1.6287
1.6583
1.6859
1.7116
1.7353
1.7573
1.7775
1.796
1.8129
1.8283
1.8423
1.8549
1.8661
1.8762
1.885
1.8927
1.8994
1.905
1.9096
1.9132
1.9159
1.9177
1.9186
1.9186
1.9177
1.9159
1.9132
1.9096
1.905
1.8994
1.8927
1.885
1.8762
1.8661
1.8549
1.8423
1.8283
1.8129
1.796
1.7775
1.7573
1.7353
1.7116
1.6859
1.6583
1.6287
1.5969
1.563
1.5269
1.4885
1.4479
1.4049
1.3596
1.312
1.262
1.2097
1.1551
1.0982
1.0391
0.9779
0.91462
0.84937
0.78225
0.71338
0.64288
0.5709
0.49758
0.42307
0.34756
0.27121
0.19419
0.11671
0.038934
-0.038826
-0.11615
-0.19329
-0.57939
-0.34816
-0.11638
0.11671
0.34983
0.5821
0.81295
1.0418
1.2682
1.4915
1.7113
1.9271
2.1384
2.3448
2.546
2.7416
2.9313
3.1148
3.2919
3.4623
3.626
3.7828
3.9327
4.0755
4.2113
4.3401
4.4619
4.5769
4.6852
4.7868
4.882
4.9709
5.0537
5.1306
5.2018
5.2675
5.3281
5.3836
5.4343
5.4805
5.5223
5.5601
5.5938
5.6239
5.6504
5.6736
5.6935
5.7103
5.7241
5.735
5.7431
5.7485
5.7512
5.7512
5.7485
5.7431
5.735
5.7241
5.7103
5.6935
5.6736
5.6504
5.6239
5.5938
5.5601
5.5223
5.4805
5.4343
5.3836
5.3281
5.2675
5.2018
5.1306
5.0537
4.9709
4.882
4.7868
4.6852
4.5769
4.4619
4.3401
4.2113
4.0755
3.9327
3.7828
3.626
3.4623
3.2919
3.1148
2.9313
2.7416
2.546
2.3448
2.1384
1.9271
1.7113
1.4915
1.2682
1.0418
0.81295
0.5821
0.34983
0.11671
-0.11638
-0.34816
-0.57939
-0.96407
-0.57932
-0.19366
0.19419
0.5821
0.96859
1.3527
1.7335
2.1102
2.4818
2.8475
3.2065
3.5582
3.9017
4.2365
4.5619
4.8775
5.1829
5.4775
5.7611
6.0335
6.2944
6.5438
6.7814
7.0074
7.2217
7.4244
7.6158
7.7959
7.965
8.1234
8.2713
8.409
8.537
8.6555
8.7649
8.8656
8.958
9.0424
9.1192
9.1889
9.2516
9.3079
9.3579
9.402
9.4405
9.4736
9.5016
9.5246
9.5427
9.5563
9.5652
9.5697
9.5697
9.5652
9.5563
9.5427
9.5246
9.5016
9.4736
9.4405
9.402
9.3579
9.3079
9.2516
9.1889
9.1192
9.0424
8.958
8.8656
8.7649
8.6555
8.537
8.409
8.2713
8.1234
7.965
7.7959
7.6158
7.4244
7.2217
7.0074
6.7814
6.5438
6.2944
6.0335
5.7611
5.4775
5.1829
4.8775
4.5619
4.2365
3.9017
3.5582
3.2065
2.8475
2.4818
2.1102
1.7335
1.3527
0.96859
0.5821
0.19419
-0.19366
-0.57932
-0.96407
-1.3464
-0.80906
-0.27045
0.27121
0.81295
1.3527
1.8892
2.421
2.947
3.466
3.9767
4.4782
4.9692
5.449
5.9165
6.3711
6.8118
7.2383
7.6498
8.0459
8.4263
8.7907
9.1389
9.4708
9.7863
10.086
10.369
10.636
10.888
11.124
11.345
11.551
11.744
11.923
12.088
12.241
12.382
12.511
12.628
12.736
12.833
12.921
12.999
13.069
13.131
13.184
13.231
13.27
13.302
13.327
13.346
13.359
13.365
13.365
13.359
13.346
13.327
13.302
13.27
13.231
13.184
13.131
13.069
12.999
12.921
12.833
12.736
12.628
12.511
12.382
12.241
12.088
11.923
11.744
11.551
11.345
11.124
10.888
10.636
10.369
10.086
9.7863
9.4708
9.1389
8.7907
8.4263
8.0459
7.6498
7.2383
6.8118
6.3711
5.9165
5.449
4.9692
4.4782
3.9767
3.466
2.947
2.421
1.8892
1.3527
0.81295
0.27121
-0.27045
-0.80906
-1.3464
-1.7254
-1.0368
-0.3466
0.34756
1.0418
1.7335
2.421
3.1026
3.7767
4.4418
5.0963
5.7389
6.3682
6.9831
7.5822
8.1647
8.7296
9.2761
9.8034
10.311
10.799
11.266
11.712
12.137
12.542
12.925
13.288
13.63
13.953
14.256
14.539
14.804
15.05
15.279
15.491
15.687
15.867
16.033
16.184
16.321
16.446
16.558
16.659
16.748
16.827
16.896
16.956
17.006
17.047
17.079
17.104
17.12
17.128
17.128
17.12
17.104
17.079
17.047
17.006
16.956
16.896
16.827
16.748
16.659
16.558
16.446
16.321
16.184
16.033
15.867
15.687
15.491
15.279
15.05
14.804
14.539
14.256
13.953
13.63
13.288
12.925
12.542
12.137
11.712
11.266
10.799
10.311
9.8034
9.2761
8.7296
8.1647
7.5822
6.9831
6.3682
5.7389
5.0963
4.4418
3.7767
3.1026
2.421
1.7335
1.0418
0.34756
-0.3466
-1.0368
-1.7254
-2.1003
-1.2621
-0.4219
0.42307
1.2682
2.1102
2.947
3.7767
4.5973
5.4069
6.2036
6.9858
7.7519
8.5003
9.2296
9.9387
10.626
11.292
11.933
12.551
13.145
13.713
14.256
14.774
15.266
15.733
16.175
16.592
16.984
17.353
17.698
18.02
18.32
18.599
18.857
19.096
19.315
19.516
19.7
19.868
20.019
20.156
20.279
20.388
20.484
20.568
20.64
20.701
20.751
20.79
20.82
20.839
20.849
20.849
20.839
20.82
20.79
20.751
20.701
20.64
20.568
20.484
20.388
20.279
20.156
20.019
19.868
19.7
19.516
19.315
19.096
18.857
18.599
18.32
18.02
17.698
17.353
16.984
16.592
16.175
15.733
15.266
14.774
14.256
13.713
13.145
12.551
11.933
11.292
10.626
9.9387
9.2296
8.5003
7.7519
6.9858
6.2036
5.4069
4.5973
3.7767
2.947
2.1102
1.2682
0.42307
-0.4219
-1.2621
-2.1003
-2.4702
-1.4844
-0.4962
0.49758
1.4915
2.4818
3.466
4.4418
5.4069
6.359
7.2961
8.216
9.117
9.9972
10.855
11.689
12.498
13.28
14.035
14.762
15.46
16.128
16.767
17.376
17.955
18.504
19.024
19.514
19.975
20.409
20.814
21.193
21.546
21.874
22.178
22.458
22.716
22.953
23.169
23.366
23.545
23.706
23.85
23.978
24.091
24.19
24.274
24.346
24.405
24.452
24.486
24.509
24.521
24.521
24.509
24.486
24.452
24.405
24.346
24.274
24.19
24.091
23.978
23.85
23.706
23.545
23.366
23.169
22.953
22.716
22.458
22.178
21.874
21.546
21.193
20.814
20.409
19.975
19.514
19.024
18.504
17.955
17.376
16.767
16.128
15.46
14.762
14.035
13.28
12.498
11.689
10.855
9.9972
9.117
8.216
7.2961
6.359
5.4069
4.4418
3.466
2.4818
1.4915
0.49758
-0.4962
-1.4844
-2.4702
-2.8342
-1.7031
-0.56932
0.5709
1.7113
2.8475
3.9767
5.0963
6.2036
7.2961
8.3712
9.4267
10.46
11.47
12.455
13.411
14.339
15.237
16.103
16.937
17.738
18.505
19.238
19.936
20.601
21.231
21.827
22.389
22.919
23.416
23.882
24.317
24.722
25.098
25.446
25.768
26.064
26.336
26.584
26.81
27.014
27.199
27.364
27.511
27.641
27.754
27.852
27.934
28.001
28.055
28.095
28.121
28.134
28.134
28.121
28.095
28.055
28.001
27.934
27.852
27.754
27.641
27.511
27.364
27.199
27.014
26.81
26.584
26.336
26.064
25.768
25.446
25.098
24.722
24.317
23.882
23.416
22.919
22.389
21.827
21.231
20.601
19.936
19.238
18.505
17.738
16.937
16.103
15.237
14.339
13.411
12.455
11.47
10.46
9.4267
8.3712
7.2961
6.2036
5.0963
3.9767
2.8475
1.7113
0.5709
-0.56932
-1.7031
-2.8342
-3.1916
-1.9179
-0.6411
0.64288
1.9271
3.2065
4.4782
5.7389
6.9858
8.216
9.4267
10.615
11.779
12.917
14.025
15.102
16.147
17.158
18.134
19.073
19.974
20.838
21.663
22.45
23.198
23.908
24.579
25.213
25.809
26.369
26.893
27.383
27.839
28.263
28.655
29.017
29.351
29.656
29.936
30.19
30.421
30.629
30.815
30.981
31.127
31.254
31.364
31.456
31.532
31.593
31.637
31.667
31.682
31.682
31.667
31.637
31.593
31.532
31.456
31.364
31.254
31.127
30.981
30.815
30.629
30.421
30.19
29.936
29.656
29.351
29.017
28.655
28.263
27.839
27.383
26.893
26.369
25.809
25.213
24.579
23.908
23.198
22.45
21.663
20.838
19.974
19.073
18.134
17.158
16.147
15.102
14.025
12.917
11.779
10.615
9.4267
8.216
6.9858
5.7389
4.4782
3.2065
1.9271
0.64288
-0.6411
-1.9179
-3.1916
-3.5415
-2.1282
-0.7114
0.71338
2.1384
3.5582
4.9692
6.3682
7.7519
9.117
10.46
11.779
13.071
14.333
15.563
16.759
17.918
19.04
20.122
21.164
22.165
23.123
24.039
24.912
25.742
26.53
27.275
27.978
28.639
29.261
29.842
30.386
30.892
31.362
31.797
32.199
32.569
32.909
33.219
33.501
33.757
33.988
34.194
34.378
34.54
34.682
34.803
34.906
34.99
35.057
35.107
35.14
35.156
35.156
35.14
35.107
35.057
34.99
34.906
34.803
34.682
34.54
34.378
34.194
33.988
33.757
33.501
33.219
32.909
32.569
32.199
31.797
31.362
30.892
30.386
29.842
29.261
28.639
27.978
27.275
26.53
25.742
24.912
24.039
23.123
22.165
21.164
20.122
19.04
17.918
16.759
15.563
14.333
13.071
11.779
10.46
9.117
7.7519
6.3682
4.9692
3.5582
2.1384
0.71338
-0.7114
-2.1282
-3.5415
-3.8835
-2.3336
-0.78008
0.78225
2.3448
3.9017
5.449
6.9831
8.5003
9.9972
11.47
12.917
14.333
15.717
17.065
18.376
19.648
20.878
22.065
23.207
24.305
25.356
26.36
27.317
28.228
29.091
29.908
30.679
31.404
32.086
32.724
33.32
33.875
34.39
34.867
35.308
35.714
36.086
36.426
36.736
37.016
37.269
37.496
37.697
37.875
38.03
38.164
38.276
38.369
38.442
38.497
38.533
38.551
38.551
38.533
38.497
38.442
38.369
38.276
38.164
38.03
37.875
37.697
37.496
37.269
37.016
36.736
36.426
36.086
35.714
35.308
34.867
34.39
33.875
33.32
32.724
32.086
31.404
30.679
29.908
29.091
28.228
27.317
26.36
25.356
24.305
23.207
22.065
20.878
19.648
18.376
17.065
15.717
14.333
12.917
11.47
9.9972
8.5003
6.9831
5.449
3.9017
2.3448
0.78225
-0.78008
-2.3336
-3.8835
-4.2167
-2.5339
-0.84702
0.84937
2.546
4.2365
5.9165
7.5822
9.2296
10.855
12.455
14.025
15.563
17.065
18.53
19.953
21.334
22.669
23.958
25.199
26.39
27.531
28.622
29.661
30.65
31.587
32.474
33.311
34.099
34.839
35.532
36.179
36.781
37.341
37.859
38.338
38.779
39.183
39.552
39.888
40.193
40.467
40.714
40.932
41.125
41.294
41.439
41.561
41.662
41.741
41.8
41.84
41.859
41.859
41.84
41.8
41.741
41.662
41.561
41.439
41.294
41.125
40.932
40.714
40.467
40.193
39.888
39.552
39.183
38.779
38.338
37.859
37.341
36.781
36.179
35.532
34.839
34.099
33.311
32.474
31.587
30.65
29.661
28.622
27.531
26.39
25.199
23.958
22.669
21.334
19.953
18.53
17.065
15.563
14.025
12.455
10.855
9.2296
7.5822
5.9165
4.2365
2.546
0.84937
-0.84702
-2.5339
-4.2167
-4.5406
-2.7285
-0.91209
0.91462
2.7416
4.5619
6.3711
8.1647
9.9387
11.689
13.411
15.102
16.759
18.376
19.953
21.486
22.973
24.411
25.799
27.135
28.418
29.647
30.821
31.94
33.005
34.014
34.969
35.871
36.719
37.516
38.262
38.958
39.607
40.21
40.768
41.284
41.758
42.193
42.591
42.953
43.281
43.577
43.842
44.077
44.285
44.467
44.623
44.754
44.863
44.948
45.012
45.054
45.075
45.075
45.054
45.012
44.948
44.863
44.754
44.623
44.467
44.285
44.077
43.842
43.577
43.281
42.953
42.591
42.193
41.758
41.284
40.768
40.21
39.607
38.958
38.262
37.516
36.719
35.871
34.969
34.014
33.005
31.94
30.821
29.647
28.418
27.135
25.799
24.411
22.973
21.486
19.953
18.376
16.759
15.102
13.411
11.689
9.9387
8.1647
6.3711
4.5619
2.7416
0.91462
-0.91209
-2.7285
-4.5406
-4.8547
-2.9173
-0.97519
0.9779
2.9313
4.8775
6.8118
8.7296
10.626
12.498
14.339
16.147
17.918
19.648
21.334
22.973
24.562
26.1
27.584
29.012
30.384
31.698
32.953
34.15
35.288
36.368
37.389
38.353
39.26
40.111
40.909
41.654
42.348
42.992
43.589
44.14
44.648
45.113
45.538
45.925
46.276
46.592
46.875
47.127
47.35
47.544
47.71
47.851
47.967
48.059
48.127
48.172
48.194
48.194
48.172
48.127
48.059
47.967
47.851
47.71
47.544
47.35
47.127
46.875
46.592
46.276
45.925
45.538
45.113
44.648
44.14
43.589
42.992
42.348
41.654
40.909
40.111
39.26
38.353
37.389
36.368
35.288
34.15
32.953
31.698
30.384
29.012
27.584
26.1
24.562
22.973
21.334
19.648
17.918
16.147
14.339
12.498
10.626
8.7296
6.8118
4.8775
2.9313
0.9779
-0.97519
-2.9173
-4.8547
-5.1586
-3.0999
-1.0362
1.0391
3.1148
5.1829
7.2383
9.2761
11.292
13.28
15.237
17.158
19.04
20.878
22.669
24.411
26.1
27.734
29.31
30.828
32.286
33.682
35.016
36.288
37.497
38.644
39.73
40.754
41.718
42.623
43.47
44.262
44.999
45.684
46.318
46.904
47.443
47.937
48.389
48.801
49.173
49.509
49.81
50.078
50.314
50.52
50.698
50.847
50.97
51.068
51.14
51.188
51.212
51.212
51.188
51.14
51.068
50.97
50.847
50.698
50.52
50.314
50.078
49.81
49.509
49.173
48.801
48.389
47.937
47.443
46.904
46.318
45.684
44.999
44.262
43.47
42.623
41.718
40.754
39.73
38.644
37.497
36.288
35.016
33.682
32.286
30.828
29.31
27.734
26.1
24.411
22.669
20.878
19.04
17.158
15.237
13.28
11.292
9.2761
7.2383
5.1829
3.1148
1.0391
-1.0362
-3.0999
-5.1586
-5.4519
-3.2761
-1.0951
1.0982
3.2919
5.4775
7.6498
9.8034
11.933
14.035
16.103
18.134
20.122
22.065
23.958
25.799
27.584
29.31
30.977
32.581
34.121
35.597
37.007
38.351
39.629
40.842
41.988
43.071
44.09
45.046
45.942
46.779
47.558
48.282
48.952
49.571
50.141
50.663
51.141
51.576
51.97
52.325
52.643
52.926
53.175
53.393
53.581
53.739
53.869
53.972
54.048
54.099
54.124
54.124
54.099
54.048
53.972
53.869
53.739
53.581
53.393
53.175
52.926
52.643
52.325
51.97
51.576
51.141
50.663
50.141
49.571
48.952
48.282
47.558
46.779
45.942
45.046
44.09
43.071
41.988
40.842
39.629
38.351
37.007
35.597
34.121
32.581
30.977
29.31
27.584
25.799
23.958
22.065
20.122
18.134
16.103
14.035
11.933
9.8034
7.6498
5.4775
3.2919
1.0982
-1.0951
-3.2761
-5.4519
-5.7342
-3.4458
-1.1519
1.1551
3.4623
5.7611
8.0459
10.311
12.551
14.762
16.937
19.073
21.164
23.207
25.199
27.135
29.012
30.828
32.581
34.268
35.889
37.441
38.924
40.338
41.682
42.957
44.163
45.301
46.373
47.379
48.321
49.201
50.021
50.782
51.487
52.138
52.738
53.287
53.79
54.247
54.661
55.035
55.369
55.667
55.93
56.159
56.356
56.522
56.659
56.767
56.848
56.901
56.928
56.928
56.901
56.848
56.767
56.659
56.522
56.356
56.159
55.93
55.667
55.369
55.035
54.661
54.247
53.79
53.287
52.738
52.138
51.487
50.782
50.021
49.201
48.321
47.379
46.373
45.301
44.163
42.957
41.682
40.338
38.924
37.441
35.889
34.268
32.581
30.828
29.012
27.135
25.199
23.207
21.164
19.073
16.937
14.762
12.551
10.311
8.0459
5.7611
3.4623
1.1551
-1.1519
-3.4458
-5.7342
-6.0053
-3.6087
-1.2063
1.2097
3.626
6.0335
8.4263
10.799
13.145
15.46
17.738
19.974
22.165
24.305
26.39
28.418
30.384
32.286
34.121
35.889
37.585
39.211
40.764
42.245
43.653
44.988
46.251
47.444
48.566
49.62
50.606
51.528
52.386
53.184
53.922
54.604
55.232
55.807
56.333
56.812
57.246
57.638
57.988
58.3
58.575
58.815
59.021
59.195
59.339
59.452
59.536
59.592
59.62
59.62
59.592
59.536
59.452
59.339
59.195
59.021
58.815
58.575
58.3
57.988
57.638
57.246
56.812
56.333
55.807
55.232
54.604
53.922
53.184
52.386
51.528
50.606
49.62
48.566
47.444
46.251
44.988
43.653
42.245
40.764
39.211
37.585
35.889
34.121
32.286
30.384
28.418
26.39
24.305
22.165
19.974
17.738
15.46
13.145
10.799
8.4263
6.0335
3.626
1.2097
-1.2063
-3.6087
-6.0053
-6.265
-3.7647
-1.2585
1.262
3.7828
6.2944
8.7907
11.266
13.713
16.128
18.505
20.838
23.123
25.356
27.531
29.647
31.698
33.682
35.597
37.441
39.211
40.907
42.527
44.072
45.541
46.934
48.252
49.496
50.666
51.766
52.795
53.757
54.652
55.484
56.255
56.966
57.621
58.221
58.77
59.27
59.723
60.131
60.496
60.822
61.109
61.359
61.574
61.756
61.906
62.024
62.112
62.17
62.199
62.199
62.17
62.112
62.024
61.906
61.756
61.574
61.359
61.109
60.822
60.496
60.131
59.723
59.27
58.77
58.221
57.621
56.966
56.255
55.484
54.652
53.757
52.795
51.766
50.666
49.496
48.252
46.934
45.541
44.072
42.527
40.907
39.211
37.441
35.597
33.682
31.698
29.647
27.531
25.356
23.123
20.838
18.505
16.128
13.713
11.266
8.7907
6.2944
3.7828
1.262
-1.2585
-3.7647
-6.265
-6.5132
-3.9139
-1.3083
1.312
3.9327
6.5438
9.1389
11.712
14.256
16.767
19.238
21.663
24.039
26.36
28.622
30.821
32.953
35.016
37.007
38.924
40.764
42.527
44.212
45.818
47.345
48.793
50.163
51.456
52.674
53.817
54.887
55.886
56.818
57.682
58.483
59.223
59.904
60.528
61.099
61.618
62.089
62.513
62.894
63.232
63.53
63.79
64.014
64.203
64.359
64.482
64.573
64.634
64.664
64.664
64.634
64.573
64.482
64.359
64.203
64.014
63.79
63.53
63.232
62.894
62.513
62.089
61.618
61.099
60.528
59.904
59.223
58.483
57.682
56.818
55.886
54.887
53.817
52.674
51.456
50.163
48.793
47.345
45.818
44.212
42.527
40.764
38.924
37.007
35.016
32.953
30.821
28.622
26.36
24.039
21.663
19.238
16.767
14.256
11.712
9.1389
6.5438
3.9327
1.312
-1.3083
-3.9139
-6.5132
-6.7497
-4.056
-1.3558
1.3596
4.0755
6.7814
9.4708
12.137
14.774
17.376
19.936
22.45
24.912
27.317
29.661
31.94
34.15
36.288
38.351
40.338
42.245
44.072
45.818
47.482
49.065
50.565
51.985
53.326
54.587
55.772
56.881
57.917
58.882
59.778
60.608
61.375
62.08
62.727
63.319
63.857
64.345
64.785
65.179
65.529
65.838
66.108
66.34
66.536
66.697
66.825
66.919
66.982
67.013
67.013
66.982
66.919
66.825
66.697
66.536
66.34
66.108
65.838
65.529
65.179
64.785
64.345
63.857
63.319
62.727
62.08
61.375
60.608
59.778
58.882
57.917
56.881
55.772
54.587
53.326
51.985
50.565
49.065
47.482
45.818
44.072
42.245
40.338
38.351
36.288
34.15
31.94
29.661
27.317
24.912
22.45
19.936
17.376
14.774
12.137
9.4708
6.7814
4.0755
1.3596
-1.3558
-4.056
-6.7497
-6.9746
-4.1911
-1.401
1.4049
4.2113
7.0074
9.7863
12.542
15.266
17.955
20.601
23.198
25.742
28.228
30.65
33.005
35.288
37.497
39.629
41.682
43.653
45.541
47.345
49.065
50.7
52.251
53.718
55.103
56.406
57.63
58.777
59.847
60.844
61.77
62.628
63.42
64.149
64.818
65.429
65.986
66.49
66.944
67.351
67.714
68.033
68.312
68.552
68.754
68.921
69.052
69.15
69.215
69.247
69.247
69.215
69.15
69.052
68.921
68.754
68.552
68.312
68.033
67.714
67.351
66.944
66.49
65.986
65.429
64.818
64.149
63.42
62.628
61.77
60.844
59.847
58.777
57.63
56.406
55.103
53.718
52.251
50.7
49.065
47.345
45.541
43.653
41.682
39.629
37.497
35.288
33.005
30.65
28.228
25.742
23.198
20.601
17.955
15.266
12.542
9.7863
7.0074
4.2113
1.4049
-1.401
-4.1911
-6.9746
-7.1879
-4.3193
-1.4439
1.4479
4.3401
7.2217
10.086
12.925
15.733
18.504
21.231
23.908
26.53
29.091
31.587
34.014
36.368
38.644
40.842
42.957
44.988
46.934
48.793
50.565
52.251
53.849
55.361
56.789
58.132
59.394
60.575
61.678
62.706
63.66
64.544
65.361
66.112
66.801
67.431
68.005
68.524
68.993
69.412
69.786
70.115
70.402
70.649
70.858
71.03
71.165
71.266
71.333
71.367
71.367
71.333
71.266
71.165
71.03
70.858
70.649
70.402
70.115
69.786
69.412
68.993
68.524
68.005
67.431
66.801
66.112
65.361
64.544
63.66
62.706
61.678
60.575
59.394
58.132
56.789
55.361
53.849
52.251
50.565
48.793
46.934
44.988
42.957
40.842
38.644
36.368
34.014
31.587
29.091
26.53
23.908
21.231
18.504
15.733
12.925
10.086
7.2217
4.3401
1.4479
-1.4439
-4.3193
-7.1879
-7.3897
-4.4406
-1.4844
1.4885
4.4619
7.4244
10.369
13.288
16.175
19.024
21.827
24.579
27.275
29.908
32.474
34.969
37.389
39.73
41.988
44.163
46.251
48.252
50.163
51.985
53.718
55.361
56.916
58.384
59.765
61.062
62.276
63.41
64.467
65.448
66.357
67.197
67.969
68.678
69.326
69.915
70.449
70.931
71.362
71.746
72.085
72.38
72.634
72.849
73.025
73.165
73.268
73.337
73.371
73.371
73.337
73.268
73.165
73.025
72.849
72.634
72.38
72.085
71.746
71.362
70.931
70.449
69.915
69.326
68.678
67.969
67.197
66.357
65.448
64.467
63.41
62.276
61.062
59.765
58.384
56.916
55.361
53.718
51.985
50.163
48.252
46.251
44.163
41.988
39.73
37.389
34.969
32.474
29.908
27.275
24.579
21.827
19.024
16.175
13.288
10.369
7.4244
4.4619
1.4885
-1.4844
-4.4406
-7.3897
-7.5802
-4.555
-1.5227
1.5269
4.5769
7.6158
10.636
13.63
16.592
19.514
22.389
25.213
27.978
30.679
33.311
35.871
38.353
40.754
43.071
45.301
47.444
49.496
51.456
53.326
55.103
56.789
58.384
59.889
61.306
62.636
63.882
65.045
66.129
67.136
68.068
68.929
69.722
70.449
71.113
71.718
72.266
72.76
73.203
73.596
73.944
74.247
74.507
74.727
74.908
75.052
75.158
75.229
75.264
75.264
75.229
75.158
75.052
74.908
74.727
74.507
74.247
73.944
73.596
73.203
72.76
72.266
71.718
71.113
70.449
69.722
68.929
68.068
67.136
66.129
65.045
63.882
62.636
61.306
59.889
58.384
56.789
55.103
53.326
51.456
49.496
47.444
45.301
43.071
40.754
38.353
35.871
33.311
30.679
27.978
25.213
22.389
19.514
16.592
13.63
10.636
7.6158
4.5769
1.5269
-1.5227
-4.555
-7.5802
-7.7594
-4.6628
-1.5587
1.563
4.6852
7.7959
10.888
13.953
16.984
19.975
22.919
25.809
28.639
31.404
34.099
36.719
39.26
41.718
44.09
46.373
48.566
50.666
52.674
54.587
56.406
58.132
59.765
61.306
62.756
64.118
65.393
66.584
67.694
68.725
69.679
70.56
71.372
72.116
72.796
73.415
73.976
74.482
74.935
75.338
75.694
76.004
76.271
76.496
76.681
76.828
76.937
77.009
77.045
77.045
77.009
76.937
76.828
76.681
76.496
76.271
76.004
75.694
75.338
74.935
74.482
73.976
73.415
72.796
72.116
71.372
70.56
69.679
68.725
67.694
66.584
65.393
64.118
62.756
61.306
59.765
58.132
56.406
54.587
52.674
50.666
48.566
46.373
44.09
41.718
39.26
36.719
34.099
31.404
28.639
25.809
22.919
19.975
16.984
13.953
10.888
7.7959
4.6852
1.563
-1.5587
-4.6628
-7.7594
-7.9278
-4.7639
-1.5925
1.5969
4.7868
7.965
11.124
14.256
17.353
20.409
23.416
26.369
29.261
32.086
34.839
37.516
40.111
42.623
45.046
47.379
49.62
51.766
53.817
55.772
57.63
59.394
61.062
62.636
64.118
65.509
66.812
68.029
69.163
70.216
71.191
72.092
72.921
73.681
74.376
75.009
75.582
76.099
76.562
76.973
77.337
77.654
77.926
78.156
78.346
78.496
78.607
78.681
78.718
78.718
78.681
78.607
78.496
78.346
78.156
77.926
77.654
77.337
76.973
76.562
76.099
75.582
75.009
74.376
73.681
72.921
72.092
71.191
70.216
69.163
68.029
66.812
65.509
64.118
62.636
61.062
59.394
57.63
55.772
53.817
51.766
49.62
47.379
45.046
42.623
40.111
37.516
34.839
32.086
29.261
26.369
23.416
20.409
17.353
14.256
11.124
7.965
4.7868
1.5969
-1.5925
-4.7639
-7.9278
-8.0854
-4.8586
-1.6241
1.6287
4.882
8.1234
11.345
14.539
17.698
20.814
23.882
26.893
29.842
32.724
35.532
38.262
40.909
43.47
45.942
48.321
50.606
52.795
54.887
56.881
58.777
60.575
62.276
63.882
65.393
66.812
68.141
69.383
70.539
71.613
72.608
73.526
74.372
75.147
75.856
76.501
77.086
77.613
78.085
78.505
78.876
79.199
79.477
79.712
79.905
80.058
80.171
80.246
80.284
80.284
80.246
80.171
80.058
79.905
79.712
79.477
79.199
78.876
78.505
78.085
77.613
77.086
76.501
75.856
75.147
74.372
73.526
72.608
71.613
70.539
69.383
68.141
66.812
65.393
63.882
62.276
60.575
58.777
56.881
54.887
52.795
50.606
48.321
45.942
43.47
40.909
38.262
35.532
32.724
29.842
26.893
23.882
20.814
17.698
14.539
11.345
8.1234
4.882
1.6287
-1.6241
-4.8586
-8.0854
-8.2326
-4.9471
-1.6537
1.6583
4.9709
8.2713
11.551
14.804
18.02
21.193
24.317
27.383
30.386
33.32
36.179
38.958
41.654
44.262
46.779
49.201
51.528
53.757
55.886
57.917
59.847
61.678
63.41
65.045
66.584
68.029
69.383
70.647
71.824
72.918
73.93
74.866
75.727
76.516
77.238
77.895
78.49
79.027
79.508
79.936
80.313
80.642
80.925
81.164
81.361
81.516
81.632
81.709
81.747
81.747
81.709
81.632
81.516
81.361
81.164
80.925
80.642
80.313
79.936
79.508
79.027
78.49
77.895
77.238
76.516
75.727
74.866
73.93
72.918
71.824
70.647
69.383
68.029
66.584
65.045
63.41
61.678
59.847
57.917
55.886
53.757
51.528
49.201
46.779
44.262
41.654
38.958
36.179
33.32
30.386
27.383
24.317
21.193
18.02
14.804
11.551
8.2713
4.9709
1.6583
-1.6537
-4.9471
-8.2326
-8.3697
-5.0295
-1.6813
1.6859
5.0537
8.409
11.744
15.05
18.32
21.546
24.722
27.839
30.892
33.875
36.781
39.607
42.348
44.999
47.558
50.021
52.386
54.652
56.818
58.882
60.844
62.706
64.467
66.129
67.694
69.163
70.539
71.824
73.021
74.133
75.163
76.113
76.989
77.792
78.525
79.193
79.799
80.344
80.833
81.268
81.652
81.986
82.274
82.517
82.717
82.875
82.993
83.071
83.11
83.11
83.071
82.993
82.875
82.717
82.517
82.274
81.986
81.652
81.268
80.833
80.344
79.799
79.193
78.525
77.792
76.989
76.113
75.163
74.133
73.021
71.824
70.539
69.163
67.694
66.129
64.467
62.706
60.844
58.882
56.818
54.652
52.386
50.021
47.558
44.999
42.348
39.607
36.781
33.875
30.892
27.839
24.722
21.546
18.32
15.05
11.744
8.409
5.0537
1.6859
-1.6813
-5.0295
-8.3697
-8.497
-5.106
-1.7068
1.7116
5.1306
8.537
11.923
15.279
18.599
21.874
25.098
28.263
31.362
34.39
37.341
40.21
42.992
45.684
48.282
50.782
53.184
55.484
57.682
59.778
61.77
63.66
65.448
67.136
68.725
70.216
71.613
72.918
74.133
75.262
76.307
77.273
78.161
78.976
79.721
80.399
81.014
81.568
82.064
82.506
82.895
83.235
83.527
83.774
83.977
84.138
84.257
84.336
84.376
84.376
84.336
84.257
84.138
83.977
83.774
83.527
83.235
82.895
82.506
82.064
81.568
81.014
80.399
79.721
78.976
78.161
77.273
76.307
75.262
74.133
72.918
71.613
70.216
68.725
67.136
65.448
63.66
61.77
59.778
57.682
55.484
53.184
50.782
48.282
45.684
42.992
40.21
37.341
34.39
31.362
28.263
25.098
21.874
18.599
15.279
11.923
8.537
5.1306
1.7116
-1.7068
-5.106
-8.497
-8.615
-5.1769
-1.7305
1.7353
5.2018
8.6555
12.088
15.491
18.857
22.178
25.446
28.655
31.797
34.867
37.859
40.768
43.589
46.318
48.952
51.487
53.922
56.255
58.483
60.608
62.628
64.544
66.357
68.068
69.679
71.191
72.608
73.93
75.163
76.307
77.367
78.346
79.247
80.074
80.829
81.516
82.14
82.701
83.204
83.652
84.047
84.392
84.688
84.938
85.144
85.307
85.428
85.508
85.548
85.548
85.508
85.428
85.307
85.144
84.938
84.688
84.392
84.047
83.652
83.204
82.701
82.14
81.516
80.829
80.074
79.247
78.346
77.367
76.307
75.163
73.93
72.608
71.191
69.679
68.068
66.357
64.544
62.628
60.608
58.483
56.255
53.922
51.487
48.952
46.318
43.589
40.768
37.859
34.867
31.797
28.655
25.446
22.178
18.857
15.491
12.088
8.6555
5.2018
1.7353
-1.7305
-5.1769
-8.615
-8.7239
-5.2423
-1.7524
1.7573
5.2675
8.7649
12.241
15.687
19.096
22.458
25.768
29.017
32.199
35.308
38.338
41.284
44.14
46.904
49.571
52.138
54.604
56.966
59.223
61.375
63.42
65.361
67.197
68.929
70.56
72.092
73.526
74.866
76.113
77.273
78.346
79.337
80.25
81.087
81.852
82.548
83.179
83.748
84.257
84.711
85.111
85.46
85.76
86.013
86.222
86.387
86.509
86.591
86.631
86.631
86.591
86.509
86.387
86.222
86.013
85.76
85.46
85.111
84.711
84.257
83.748
83.179
82.548
81.852
81.087
80.25
79.337
78.346
77.273
76.113
74.866
73.526
72.092
70.56
68.929
67.197
65.361
63.42
61.375
59.223
56.966
54.604
52.138
49.571
46.904
44.14
41.284
38.338
35.308
32.199
29.017
25.768
22.458
19.096
15.687
12.241
8.7649
5.2675
1.7573
-1.7524
-5.2423
-8.7239
-8.8241
-5.3025
-1.7725
1.7775
5.3281
8.8656
12.382
15.867
19.315
22.716
26.064
29.351
32.569
35.714
38.779
41.758
44.648
47.443
50.141
52.738
55.232
57.621
59.904
62.08
64.149
66.112
67.969
69.722
71.372
72.921
74.372
75.727
76.989
78.161
79.247
80.25
81.173
82.019
82.793
83.497
84.136
84.711
85.227
85.685
86.09
86.443
86.746
87.003
87.214
87.38
87.504
87.587
87.628
87.628
87.587
87.504
87.38
87.214
87.003
86.746
86.443
86.09
85.685
85.227
84.711
84.136
83.497
82.793
82.019
81.173
80.25
79.247
78.161
76.989
75.727
74.372
72.921
71.372
69.722
67.969
66.112
64.149
62.08
59.904
57.621
55.232
52.738
50.141
47.443
44.648
41.758
38.779
35.714
32.569
29.351
26.064
22.716
19.315
15.867
12.382
8.8656
5.3281
1.7775
-1.7725
-5.3025
-8.8241
-8.9161
-5.3578
-1.791
1.796
5.3836
8.958
12.511
16.033
19.516
22.953
26.336
29.656
32.909
36.086
39.183
42.193
45.113
47.937
50.663
53.287
55.807
58.221
60.528
62.727
64.818
66.801
68.678
70.449
72.116
73.681
75.147
76.516
77.792
78.976
80.074
81.087
82.019
82.875
83.657
84.368
85.013
85.595
86.116
86.579
86.988
87.345
87.651
87.91
88.124
88.292
88.417
88.501
88.542
88.542
88.501
88.417
88.292
88.124
87.91
87.651
87.345
86.988
86.579
86.116
85.595
85.013
84.368
83.657
82.875
82.019
81.087
80.074
78.976
77.792
76.516
75.147
73.681
72.116
70.449
68.678
66.801
64.818
62.727
60.528
58.221
55.807
53.287
50.663
47.937
45.113
42.193
39.183
36.086
32.909
29.656
26.336
22.953
19.516
16.033
12.511
8.958
5.3836
1.796
-1.791
-5.3578
-8.9161
-9.0001
-5.4083
-1.8079
1.8129
5.4343
9.0424
12.628
16.184
19.7
23.169
26.584
29.936
33.219
36.426
39.552
42.591
45.538
48.389
51.141
53.79
56.333
58.77
61.099
63.319
65.429
67.431
69.326
71.113
72.796
74.376
75.856
77.238
78.525
79.721
80.829
81.852
82.793
83.657
84.446
85.165
85.816
86.402
86.928
87.396
87.809
88.169
88.479
88.74
88.955
89.125
89.252
89.336
89.378
89.378
89.336
89.252
89.125
88.955
88.74
88.479
88.169
87.809
87.396
86.928
86.402
85.816
85.165
84.446
83.657
82.793
81.852
80.829
79.721
78.525
77.238
75.856
74.376
72.796
71.113
69.326
67.431
65.429
63.319
61.099
58.77
56.333
53.79
51.141
48.389
45.538
42.591
39.552
36.426
33.219
29.936
26.584
23.169
19.7
16.184
12.628
9.0424
5.4343
1.8129
-1.8079
-5.4083
-9.0001
-9.0766
-5.4542
-1.8233
1.8283
5.4805
9.1192
12.736
16.321
19.868
23.366
26.81
30.19
33.501
36.736
39.888
42.953
45.925
48.801
51.576
54.247
56.812
59.27
61.618
63.857
65.986
68.005
69.915
71.718
73.415
75.009
76.501
77.895
79.193
80.399
81.516
82.548
83.497
84.368
85.165
85.889
86.546
87.138
87.668
88.14
88.556
88.919
89.232
89.495
89.712
89.884
90.011
90.096
90.138
90.138
90.096
90.011
89.884
89.712
89.495
89.232
88.919
88.556
88.14
87.668
87.138
86.546
85.889
85.165
84.368
83.497
82.548
81.516
80.399
79.193
77.895
76.501
75.009
73.415
71.718
69.915
68.005
65.986
63.857
61.618
59.27
56.812
54.247
51.576
48.801
45.925
42.953
39.888
36.736
33.501
30.19
26.81
23.366
19.868
16.321
12.736
9.1192
5.4805
1.8283
-1.8233
-5.4542
-9.0766
-9.1458
-5.4959
-1.8372
1.8423
5.5223
9.1889
12.833
16.446
20.019
23.545
27.014
30.421
33.757
37.016
40.193
43.281
46.276
49.173
51.97
54.661
57.246
59.723
62.089
64.345
66.49
68.524
70.449
72.266
73.976
75.582
77.086
78.49
79.799
81.014
82.14
83.179
84.136
85.013
85.816
86.546
87.207
87.804
88.338
88.814
89.233
89.599
89.914
90.18
90.398
90.571
90.7
90.785
90.827
90.827
90.785
90.7
90.571
90.398
90.18
89.914
89.599
89.233
88.814
88.338
87.804
87.207
86.546
85.816
85.013
84.136
83.179
82.14
81.014
79.799
78.49
77.086
75.582
73.976
72.266
70.449
68.524
66.49
64.345
62.089
59.723
57.246
54.661
51.97
49.173
46.276
43.281
40.193
37.016
33.757
30.421
27.014
23.545
20.019
16.446
12.833
9.1889
5.5223
1.8423
-1.8372
-5.4959
-9.1458
-9.2083
-5.5334
-1.8497
1.8549
5.5601
9.2516
12.921
16.558
20.156
23.706
27.199
30.629
33.988
37.269
40.467
43.577
46.592
49.509
52.325
55.035
57.638
60.131
62.513
64.785
66.944
68.993
70.931
72.76
74.482
76.099
77.613
79.027
80.344
81.568
82.701
83.748
84.711
85.595
86.402
87.138
87.804
88.404
88.943
89.421
89.844
90.212
90.529
90.797
91.017
91.191
91.32
91.406
91.449
91.449
91.406
91.32
91.191
91.017
90.797
90.529
90.212
89.844
89.421
88.943
88.404
87.804
87.138
86.402
85.595
84.711
83.748
82.701
81.568
80.344
79.027
77.613
76.099
74.482
72.76
70.931
68.993
66.944
64.785
62.513
60.131
57.638
55.035
52.325
49.509
46.592
43.577
40.467
37.269
33.988
30.629
27.199
23.706
20.156
16.558
12.921
9.2516
5.5601
1.8549
-1.8497
-5.5334
-9.2083
-9.2643
-5.567
-1.861
1.8661
5.5938
9.3079
12.999
16.659
20.279
23.85
27.364
30.815
34.194
37.496
40.714
43.842
46.875
49.81
52.643
55.369
57.988
60.496
62.894
65.179
67.351
69.412
71.362
73.203
74.935
76.562
78.085
79.508
80.833
82.064
83.204
84.257
85.227
86.116
86.928
87.668
88.338
88.943
89.484
89.966
90.391
90.761
91.08
91.349
91.571
91.746
91.876
91.963
92.006
92.006
91.963
91.876
91.746
91.571
91.349
91.08
90.761
90.391
89.966
89.484
88.943
88.338
87.668
86.928
86.116
85.227
84.257
83.204
82.064
80.833
79.508
78.085
76.562
74.935
73.203
71.362
69.412
67.351
65.179
62.894
60.496
57.988
55.369
52.643
49.81
46.875
43.842
40.714
37.496
34.194
30.815
27.364
23.85
20.279
16.659
12.999
9.3079
5.5938
1.8661
-1.861
-5.567
-9.2643
-9.3141
-5.597
-1.871
1.8762
5.6239
9.3579
13.069
16.748
20.388
23.978
27.511
30.981
34.378
37.697
40.932
44.077
47.127
50.078
52.926
55.667
58.3
60.822
63.232
65.529
67.714
69.786
71.746
73.596
75.338
76.973
78.505
79.936
81.268
82.506
83.652
84.711
85.685
86.579
87.396
88.14
88.814
89.421
89.966
90.45
90.877
91.25
91.57
91.841
92.064
92.24
92.371
92.458
92.501
92.501
92.458
92.371
92.24
92.064
91.841
91.57
91.25
90.877
90.45
89.966
89.421
88.814
88.14
87.396
86.579
85.685
84.711
83.652
82.506
81.268
79.936
78.505
76.973
75.338
73.596
71.746
69.786
67.714
65.529
63.232
60.822
58.3
55.667
52.926
50.078
47.127
44.077
40.932
37.697
34.378
30.981
27.511
23.978
20.388
16.748
13.069
9.3579
5.6239
1.8762
-1.871
-5.597
-9.3141
-9.358
-5.6233
-1.8798
1.885
5.6504
9.402
13.131
16.827
20.484
24.091
27.641
31.127
34.54
37.875
41.125
44.285
47.35
50.314
53.175
55.93
58.575
61.109
63.53
65.838
68.033
70.115
72.085
73.944
75.694
77.337
78.876
80.313
81.652
82.895
84.047
85.111
86.09
86.988
87.809
88.556
89.233
89.844
90.391
90.877
91.306
91.681
92.003
92.275
92.499
92.676
92.807
92.894
92.938
92.938
92.894
92.807
92.676
92.499
92.275
92.003
91.681
91.306
90.877
90.391
89.844
89.233
88.556
87.809
86.988
86.09
85.111
84.047
82.895
81.652
80.313
78.876
77.337
75.694
73.944
72.085
70.115
68.033
65.838
63.53
61.109
58.575
55.93
53.175
50.314
47.35
44.285
41.125
37.875
34.54
31.127
27.641
24.091
20.484
16.827
13.131
9.402
5.6504
1.885
-1.8798
-5.6233
-9.358
-9.3963
-5.6464
-1.8875
1.8927
5.6736
9.4405
13.184
16.896
20.568
24.19
27.754
31.254
34.682
38.03
41.294
44.467
47.544
50.52
53.393
56.159
58.815
61.359
63.79
66.108
68.312
70.402
72.38
74.247
76.004
77.654
79.199
80.642
81.986
83.235
84.392
85.46
86.443
87.345
88.169
88.919
89.599
90.212
90.761
91.25
91.681
92.057
92.38
92.653
92.878
93.056
93.188
93.275
93.319
93.319
93.275
93.188
93.056
92.878
92.653
92.38
92.057
91.681
91.25
90.761
90.212
89.599
88.919
88.169
87.345
86.443
85.46
84.392
83.235
81.986
80.642
79.199
77.654
76.004
74.247
72.38
70.402
68.312
66.108
63.79
61.359
58.815
56.159
53.393
50.52
47.544
44.467
41.294
38.03
34.682
31.254
27.754
24.19
20.568
16.896
13.184
9.4405
5.6736
1.8927
-1.8875
-5.6464
-9.3963
-9.4292
-5.6662
-1.8941
1.8994
5.6935
9.4736
13.231
16.956
20.64
24.274
27.852
31.364
34.803
38.164
41.439
44.623
47.71
50.698
53.581
56.356
59.021
61.574
64.014
66.34
68.552
70.649
72.634
74.507
76.271
77.926
79.477
80.925
82.274
83.527
84.688
85.76
86.746
87.651
88.479
89.232
89.914
90.529
91.08
91.57
92.003
92.38
92.705
92.979
93.204
93.383
93.515
93.603
93.647
93.647
93.603
93.515
93.383
93.204
92.979
92.705
92.38
92.003
91.57
91.08
90.529
89.914
89.232
88.479
87.651
86.746
85.76
84.688
83.527
82.274
80.925
79.477
77.926
76.271
74.507
72.634
70.649
68.552
66.34
64.014
61.574
59.021
56.356
53.581
50.698
47.71
44.623
41.439
38.164
34.803
31.364
27.852
24.274
20.64
16.956
13.231
9.4736
5.6935
1.8994
-1.8941
-5.6662
-9.4292
-9.4571
-5.6829
-1.8997
1.905
5.7103
9.5016
13.27
17.006
20.701
24.346
27.934
31.456
34.906
38.276
41.561
44.754
47.851
50.847
53.739
56.522
59.195
61.756
64.203
66.536
68.754
70.858
72.849
74.727
76.496
78.156
79.712
81.164
82.517
83.774
84.938
86.013
87.003
87.91
88.74
89.495
90.18
90.797
91.349
91.841
92.275
92.653
92.979
93.254
93.48
93.659
93.792
93.88
93.924
93.924
93.88
93.792
93.659
93.48
93.254
92.979
92.653
92.275
91.841
91.349
90.797
90.18
89.495
88.74
87.91
87.003
86.013
84.938
83.774
82.517
81.164
79.712
78.156
76.496
74.727
72.849
70.858
68.754
66.536
64.203
61.756
59.195
56.522
53.739
50.847
47.851
44.754
41.561
38.276
34.906
31.456
27.934
24.346
20.701
17.006
13.27
9.5016
5.7103
1.905
-1.8997
-5.6829
-9.4571
-9.4799
-5.6966
-1.9043
1.9096
5.7241
9.5246
13.302
17.047
20.751
24.405
28.001
31.532
34.99
38.369
41.662
44.863
47.967
50.97
53.869
56.659
59.339
61.906
64.359
66.697
68.921
71.03
73.025
74.908
76.681
78.346
79.905
81.361
82.717
83.977
85.144
86.222
87.214
88.124
88.955
89.712
90.398
91.017
91.571
92.064
92.499
92.878
93.204
93.48
93.706
93.886
94.019
94.108
94.152
94.152
94.108
94.019
93.886
93.706
93.48
93.204
92.878
92.499
92.064
91.571
91.017
90.398
89.712
88.955
88.124
87.214
86.222
85.144
83.977
82.717
81.361
79.905
78.346
76.681
74.908
73.025
71.03
68.921
66.697
64.359
61.906
59.339
56.659
53.869
50.97
47.967
44.863
41.662
38.369
34.99
31.532
28.001
24.405
20.751
17.047
13.302
9.5246
5.7241
1.9096
-1.9043
-5.6966
-9.4799
-9.498
-5.7075
-1.9079
1.9132
5.735
9.5427
13.327
17.079
20.79
24.452
28.055
31.593
35.057
38.442
41.741
44.948
48.059
51.068
53.972
56.767
59.452
62.024
64.482
66.825
69.052
71.165
73.165
75.052
76.828
78.496
80.058
81.516
82.875
84.138
85.307
86.387
87.38
88.292
89.125
89.884
90.571
91.191
91.746
92.24
92.676
93.056
93.383
93.659
93.886
94.066
94.199
94.288
94.332
94.332
94.288
94.199
94.066
93.886
93.659
93.383
93.056
92.676
92.24
91.746
91.191
90.571
89.884
89.125
88.292
87.38
86.387
85.307
84.138
82.875
81.516
80.058
78.496
76.828
75.052
73.165
71.165
69.052
66.825
64.482
62.024
59.452
56.767
53.972
51.068
48.059
44.948
41.741
38.442
35.057
31.593
28.055
24.452
20.79
17.079
13.327
9.5427
5.735
1.9132
-1.9079
-5.7075
-9.498
-9.5115
-5.7156
-1.9106
1.9159
5.7431
9.5563
13.346
17.104
20.82
24.486
28.095
31.637
35.107
38.497
41.8
45.012
48.127
51.14
54.048
56.848
59.536
62.112
64.573
66.919
69.15
71.266
73.268
75.158
76.937
78.607
80.171
81.632
82.993
84.257
85.428
86.509
87.504
88.417
89.252
90.011
90.7
91.32
91.876
92.371
92.807
93.188
93.515
93.792
94.019
94.199
94.333
94.422
94.466
94.466
94.422
94.333
94.199
94.019
93.792
93.515
93.188
92.807
92.371
91.876
91.32
90.7
90.011
89.252
88.417
87.504
86.509
85.428
84.257
82.993
81.632
80.171
78.607
76.937
75.158
73.268
71.266
69.15
66.919
64.573
62.112
59.536
56.848
54.048
51.14
48.127
45.012
41.8
38.497
35.107
31.637
28.095
24.486
20.82
17.104
13.346
9.5563
5.7431
1.9159
-1.9106
-5.7156
-9.5115
-9.5204
-5.721
-1.9124
1.9177
5.7485
9.5652
13.359
17.12
20.839
24.509
28.121
31.667
35.14
38.533
41.84
45.054
48.172
51.188
54.099
56.901
59.592
62.17
64.634
66.982
69.215
71.333
73.337
75.229
77.009
78.681
80.246
81.709
83.071
84.336
85.508
86.591
87.587
88.501
89.336
90.096
90.785
91.406
91.963
92.458
92.894
93.275
93.603
93.88
94.108
94.288
94.422
94.51
94.555
94.555
94.51
94.422
94.288
94.108
93.88
93.603
93.275
92.894
92.458
91.963
91.406
90.785
90.096
89.336
88.501
87.587
86.591
85.508
84.336
83.071
81.709
80.246
78.681
77.009
75.229
73.337
71.333
69.215
66.982
64.634
62.17
59.592
56.901
54.099
51.188
48.172
45.054
41.84
38.533
35.14
31.667
28.121
24.509
20.839
17.12
13.359
9.5652
5.7485
1.9177
-1.9124
-5.721
-9.5204
-9.5249
-5.7236
-1.9133
1.9186
5.7512
9.5697
13.365
17.128
20.849
24.521
28.134
31.682
35.156
38.551
41.859
45.075
48.194
51.212
54.124
56.928
59.62
62.199
64.664
67.013
69.247
71.367
73.371
75.264
77.045
78.718
80.284
81.747
83.11
84.376
85.548
86.631
87.628
88.542
89.378
90.138
90.827
91.449
92.006
92.501
92.938
93.319
93.647
93.924
94.152
94.332
94.466
94.555
94.599
94.599
94.555
94.466
94.332
94.152
93.924
93.647
93.319
92.938
92.501
92.006
91.449
90.827
90.138
89.378
88.542
87.628
86.631
85.548
84.376
83.11
81.747
80.284
78.718
77.045
75.264
73.371
71.367
69.247
67.013
64.664
62.199
59.62
56.928
54.124
51.212
48.194
45.075
41.859
38.551
35.156
31.682
28.134
24.521
20.849
17.128
13.365
9.5697
5.7512
1.9186
-1.9133
-5.7236
-9.5249
-9.5249
-5.7236
-1.9133
1.9186
5.7512
9.5697
13.365
17.128
20.849
24.521
28.134
31.682
35.156
38.551
41.859
45.075
48.194
51.212
54.124
56.928
59.62
62.199
64.664
67.013
69.247
71.367
73.371
75.264
77.045
78.718
80.284
81.747
83.11
84.376
85.548
86.631
87.628
88.542
89.378
90.138
90.827
91.449
92.006
92.501
92.938
93.319
93.647
93.924
94.152
94.332
94.466
94.555
94.599
94.599
94.555
94.466
94.332
94.152
93.924
93.647
93.319
92.938
92.501
92.006
91.449
90.827
90.138
89.378
88.542
87.628
86.631
85.548
84.376
83.11
81.747
80.284
78.718
77.045
75.264
73.371
71.367
69.247
67.013
64.664
62.199
59.62
56.928
54.124
51.212
48.194
45.075
41.859
38.551
35.156
31.682
28.134
24.521
20.849
17.128
13.365
9.5697
5.7512
1.9186
-1.9133
-5.7236
-9.5249
-9.5204
-5.721
-1.9124
1.9177
5.7485
9.5652
13.359
17.12
20.839
24.509
28.121
31.667
35.14
38.533
41.84
45.054
48.172
51.188
54.099
56.901
59.592
62.17
64.634
66.982
69.215
71.333
73.337
75.229
77.009
78.681
80.246
81.709
83.071
84.336
85.508
86.591
87.587
88.501
89.336
90.096
90.785
91.406
91.963
92.458
92.894
93.275
93.603
93.88
94.108
94.288
94.422
94.51
94.555
94.555
94.51
94.422
94.288
94.108
93.88
93.603
93.275
92.894
92.458
91.963
91.406
90.785
90.096
89.336
88.501
87.587
86.591
85.508
84.336
83.071
81.709
80.246
78.681
77.009
75.229
73.337
71.333
69.215
66.982
64.634
62.17
59.592
56.901
54.099
51.188
48.172
45.054
41.84
38.533
35.14
31.667
28.121
24.509
20.839
17.12
13.359
9.5652
5.7485
1.9177
-1.9124
-5.721
-9.5204
-9.5115
-5.7156
-1.9106
1.9159
5.7431
9.5563
13.346
17.104
20.82
24.486
28.095
31.637
35.107
38.497
41.8
45.012
48.127
51.14
54.048
56.848
59.536
62.112
64.573
66.919
69.15
71.266
73.268
75.158
76.937
78.607
80.171
81.632
82.993
84.257
85.428
86.509
87.504
88.417
89.252
90.011
90.7
91.32
91.876
92.371
92.807
93.188
93.515
93.792
94.019
94.199
94.333
94.422
94.466
94.466
94.422
94.333
94.199
94.019
93.792
93.515
93.188
92.807
92.371
91.876
91.32
90.7
90.011
89.252
88.417
87.504
86.509
85.428
84.257
82.993
81.632
80.171
78.607
76.937
75.158
73.268
71.266
69.15
66.919
64.573
62.112
59.536
56.848
54.048
51.14
48.127
45.012
41.8
38.497
35.107
31.637
28.095
24.486
20.82
17.104
13.346
9.5563
5.7431
1.9159
-1.9106
-5.7156
-9.5115
-9.498
-5.7075
-1.9079
1.9132
5.735
9.5427
13.327
17.079
20.79
24.452
28.055
31.593
35.057
38.442
41.741
44.948
48.059
51.068
53.972
56.767
59.452
62.024
64.482
66.825
69.052
71.165
73.165
75.052
76.828
78.496
80.058
81.516
82.875
84.138
85.307
86.387
87.38
88.292
89.125
89.884
90.571
91.191
91.746
92.24
92.676
93.056
93.383
93.659
93.886
94.066
94.199
94.288
94.332
94.332
94.288
94.199
94.066
93.886
93.659
93.383
93.056
92.676
92.24
91.746
91.191
90.571
89.884
89.125
88.292
87.38
86.387
85.307
84.138
82.875
81.516
80.058
78.496
76.828
75.052
73.165
71.165
69.052
66.825
64.482
62.024
59.452
56.767
53.972
51.068
48.059
44.948
41.741
38.442
35.057
31.593
28.055
24.452
20.79
17.079
13.327
9.5427
5.735
1.9132
-1.9079
-5.7075
-9.498
-9.4799
-5.6966
-1.9043
1.9096
5.7241
9.5246
13.302
17.047
20.751
24.405
28.001
31.532
34.99
38.369
41.662
44.863
47.967
50.97
53.869
56.659
59.339
61.906
64.359
66.697
68.921
71.03
73.025
74.908
76.681
78.346
79.905
81.361
82.717
83.977
85.144
86.222
87.214
88.124
88.955
89.712
90.398
91.017
91.571
92.064
92.499
92.878
93.204
93.48
93.706
93.886
94.019
94.108
94.152
94.152
94.108
94.019
93.886
93.706
93.48
93.204
92.878
92.499
92.064
91.571
91.017
90.398
89.712
88.955
88.124
87.214
86.222
85.144
83.977
82.717
81.361
79.905
78.346
76.681
74.908
73.025
71.03
68.921
66.697
64.359
61.906
59.339
56.659
53.869
50.97
47.967
44.863
41.662
38.369
34.99
31.532
28.001
24.405
20.751
17.047
13.302
9.5246
5.7241
1.9096
-1.9043
-5.6966
-9.4799
-9.4571
-5.6829
-1.8997
1.905
5.7103
9.5016
13.27
17.006
20.701
24.346
27.934
31.456
34.906
38.276
41.561
44.754
47.851
50.847
53.739
56.522
59.195
61.756
64.203
66.536
68.754
70.858
72.849
74.727
76.496
78.156
79.712
81.164
82.517
83.774
84.938
86.013
87.003
87.91
88.74
89.495
90.18
90.797
91.349
91.841
92.275
92.653
92.979
93.254
93.48
93.659
93.792
93.88
93.924
93.924
93.88
93.792
93.659
93.48
93.254
92.979
92.653
92.275
91.841
91.349
90.797
90.18
89.495
88.74
87.91
87.003
86.013
84.938
83.774
82.517
81.164
79.712
78.156
76.496
74.727
72.849
70.858
68.754
66.536
64.203
61.756
59.195
56.522
53.739
50.847
47.851
44.754
41.561
38.276
34.906
31.456
27.934
24.346
20.701
17.006
13.27
9.5016
5.7103
1.905
-1.8997
-5.6829
-9.4571
-9.4292
-5.6662
-1.8941
1.8994
5.6935
9.4736
13.231
16.956
20.64
24.274
27.852
31.364
34.803
38.164
41.439
44.623
47.71
50.698
53.581
56.356
59.021
61.574
64.014
66.34
68.552
70.649
72.634
74.507
76.271
77.926
79.477
80.925
82.274
83.527
84.688
85.76
86.746
87.651
88.479
89.232
89.914
90.529
91.08
91.57
92.003
92.38
92.705
92.979
93.204
93.383
93.515
93.603
93.647
93.647
93.603
93.515
93.383
93.204
92.979
92.705
92.38
92.003
91.57
91.08
90.529
89.914
89.232
88.479
87.651
86.746
85.76
84.688
83.527
82.274
80.925
79.477
77.926
76.271
74.507
72.634
70.649
68.552
66.34
64.014
61.574
59.021
56.356
53.581
50.698
47.71
44.623
41.439
38.164
34.803
31.364
27.852
24.274
20.64
16.956
13.231
9.4736
5.6935
1.8994
-1.8941
-5.6662
-9.4292
-9.3963
-5.6464
-1.8875
1.8927
5.6736
9.4405
13.184
16.896
20.568
24.19
27.754
31.254
34.682
38.03
41.294
44.467
47.544
50.52
53.393
56.159
58.815
61.359
63.79
66.108
68.312
70.402
72.38
74.247
76.004
77.654
79.199
80.642
81.986
83.235
84.392
85.46
86.443
87.345
88.169
88.919
89.599
90.212
90.761
91.25
91.681
92.057
92.38
92.653
92.878
93.056
93.188
93.275
93.319
93.319
93.275
93.188
93.056
92.878
92.653
92.38
92.057
91.681
91.25
90.761
90.212
89.599
88.919
88.169
87.345
86.443
85.46
84.392
83.235
81.986
80.642
79.199
77.654
76.004
74.247
72.38
70.402
68.312
66.108
63.79
61.359
58.815
56.159
53.393
50.52
47.544
44.467
41.294
38.03
34.682
31.254
27.754
24.19
20.568
16.896
13.184
9.4405
5.6736
1.8927
-1.8875
-5.6464
-9.3963
-9.358
-5.6233
-1.8798
1.885
5.6504
9.402
13.131
16.827
20.484
24.091
27.641
31.127
34.54
37.875
41.125
44.285
47.35
50.314
53.175
55.93
58.575
61.109
63.53
65.838
68.033
70.115
72.085
73.944
75.694
77.337
78.876
80.313
81.652
82.895
84.047
85.111
86.09
86.988
87.809
88.556
89.233
89.844
90.391
90.877
91.306
91.681
92.003
92.275
92.499
92.676
92.807
92.894
92.938
92.938
92.894
92.807
92.676
92.499
92.275
92.003
91.681
91.306
90.877
90.391
89.844
89.233
88.556
87.809
86.988
86.09
85.111
84.047
82.895
81.652
80.313
78.876
77.337
75.694
73.944
72.085
70.115
68.033
65.838
63.53
61.109
58.575
55.93
53.175
50.314
47.35
44.285
41.125
37.875
34.54
31.127
27.641
24.091
20.484
16.827
13.131
9.402
5.6504
1.885
-1.8798
-5.6233
-9.358
-9.3141
-5.597
-1.871
1.8762
5.6239
9.3579
13.069
16.748
20.388
23.978
27.511
30.981
34.378
37.697
40.932
44.077
47.127
50.078
52.926
55.667
58.3
60.822
63.232
65.529
67.714
69.786
71.746
73.596
75.338
76.973
78.505
79.936
81.268
82.506
83.652
84.711
85.685
86.579
87.396
88.14
88.814
89.421
89.966
90.45
90.877
91.25
91.57
91.841
92.064
92.24
92.371
92.458
92.501
92.501
92.458
92.371
92.24
92.064
91.841
91.57
91.25
90.877
90.45
89.966
89.421
88.814
88.14
87.396
86.579
85.685
84.711
83.652
82.506
81.268
79.936
78.505
76.973
75.338
73.596
71.746
69.786
67.714
65.529
63.232
60.822
58.3
55.667
52.926
50.078
47.127
44.077
40.932
37.697
34.378
30.981
27.511
23.978
20.388
16.748
13.069
9.3579
5.6239
1.8762
-1.871
-5.597
-9.3141
-9.2643
-5.567
-1.861
1.8661
5.5938
9.3079
12.999
16.659
20.279
23.85
27.364
30.815
34.194
37.496
40.714
43.842
46.875
49.81
52.643
55.369
57.988
60.496
62.894
65.179
67.351
69.412
71.362
73.203
74.935
76.562
78.085
79.508
80.833
82.064
83.204
84.257
85.227
86.116
86.928
87.668
88.338
88.943
89.484
89.966
90.391
90.761
91.08
91.349
91.571
91.746
91.876
91.963
92.006
92.006
91.963
91.876
91.746
91.571
91.349
91.08
90.761
90.391
89.966
89.484
88.943
88.338
87.668
86.928
86.116
85.227
84.257
83.204
82.064
80.833
79.508
78.085
76.562
74.935
73.203
71.362
69.412
67.351
65.179
62.894
60.496
57.988
55.369
52.643
49.81
46.875
43.842
40.714
37.496
34.194
30.815
27.364
23.85
20.279
16.659
12.999
9.3079
5.5938
1.8661
-1.861
-5.567
-9.2643
-9.2083
-5.5334
-1.8497
1.8549
5.5601
9.2516
12.921
16.558
20.156
23.706
27.199
30.629
33.988
37.269
40.467
43.577
46.592
49.509
52.325
55.035
57.638
60.131
62.513
64.785
66.944
68.993
70.931
72.76
74.482
76.099
77.613
79.027
80.344
81.568
82.701
83.748
84.711
85.595
86.402
87.138
87.804
88.404
88.943
89.421
89.844
90.212
90.529
90.797
91.017
91.191
91.32
91.406
91.449
91.449
91.406
91.32
91.191
91.017
90.797
90.529
90.212
89.844
89.421
88.943
88.404
87.804
87.138
86.402
85.595
84.711
83.748
82.701
81.568
80.344
79.027
77.613
76.099
74.482
72.76
70.931
68.993
66.944
64.785
62.513
60.131
57.638
55.035
52.325
49.509
46.592
43.577
40.467
37.269
33.988
30.629
27.199
23.706
20.156
16.558
12.921
9.2516
5.5601
1.8549
-1.8497
-5.5334
-9.2083
-9.1458
-5.4959
-1.8372
1.8423
5.5223
9.1889
12.833
16.446
20.019
23.545
27.014
30.421
33.757
37.016
40.193
43.281
46.276
49.173
51.97
54.661
57.246
59.723
62.089
64.345
66.49
68.524
70.449
72.266
73.976
75.582
77.086
78.49
79.799
81.014
82.14
83.179
84.136
85.013
85.816
86.546
87.207
87.804
88.338
88.814
89.233
89.599
89.914
90.18
90.398
90.571
90.7
90.785
90.827
90.827
90.785
90.7
90.571
90.398
90.18
89.914
89.599
89.233
88.814
88.338
87.804
87.207
86.546
85.816
85.013
84.136
83.179
82.14
81.014
79.799
78.49
77.086
75.582
73.976
72.266
70.449
68.524
66.49
64.345
62.089
59.723
57.246
54.661
51.97
49.173
46.276
43.281
40.193
37.016
33.757
30.421
27.014
23.545
20.019
16.446
12.833
9.1889
5.5223
1.8423
-1.8372
-5.4959
-9.1458
-9.0766
-5.4542
-1.8233
1.8283
5.4805
9.1192
12.736
16.321
19.868
23.366
26.81
30.19
33.501
36.736
39.888
42.953
45.925
48.801
51.576
54.247
56.812
59.27
61.618
63.857
65.986
68.005
69.915
71.718
73.415
75.009
76.501
77.895
79.193
80.399
81.516
82.548
83.497
84.368
85.165
85.889
86.546
87.138
87.668
88.14
88.556
88.919
89.232
89.495
89.712
89.884
90.011
90.096
90.138
90.138
90.096
90.011
89.884
89.712
89.495
89.232
88.919
88.556
88.14
87.668
87.138
86.546
85.889
85.165
84.368
83.497
82.548
81.516
80.399
79.193
77.895
76.501
75.009
73.415
71.718
69.915
68.005
65.986
63.857
61.618
59.27
56.812
54.247
51.576
48.801
45.925
42.953
39.888
36.736
33.501
30.19
26.81
23.366
19.868
16.321
12.736
9.1192
5.4805
1.8283
-1.8233
-5.4542
-9.0766
-9.0001
-5.4083
-1.8079
1.8129
5.4343
9.0424
12.628
16.184
19.7
23.169
26.584
29.936
33.219
36.426
39.552
42.591
45.538
48.389
51.141
53.79
56.333
58.77
61.099
63.319
65.429
67.431
69.326
71.113
72.796
74.376
75.856
77.238
78.525
79.721
80.829
81.852
82.793
83.657
84.446
85.165
85.816
86.402
86.928
87.396
87.809
88.169
88.479
88.74
88.955
89.125
89.252
89.336
89.378
89.378
89.336
89.252
89.125
88.955
88.74
88.479
88.169
87.809
87.396
86.928
86.402
85.816
85.165
84.446
83.657
82.793
81.852
80.829
79.721
78.525
77.238
75.856
74.376
72.796
71.113
69.326
67.431
65.429
63.319
61.099
58.77
56.333
53.79
51.141
48.389
45.538
42.591
39.552
36.426
33.219
29.936
26.584
23.169
19.7
16.184
12.628
9.0424
5.4343
1.8129
-1.8079
-5.4083
-9.0001
-8.9161
-5.3578
-1.791
1.796
5.3836
8.958
12.511
16.033
19.516
22.953
26.336
29.656
32.909
36.086
39.183
42.193
45.113
47.937
50.663
53.287
55.807
58.221
60.528
62.727
64.818
66.801
68.678
70.449
72.116
73.681
75.147
76.516
77.792
78.976
80.074
81.087
82.019
82.875
83.657
84.368
85.013
85.595
86.116
86.579
86.988
87.345
87.651
87.91
88.124
88.292
88.417
88.501
88.542
88.542
88.501
88.417
88.292
88.124
87.91
87.651
87.345
86.988
86.579
86.116
85.595
85.013
84.368
83.657
82.875
82.019
81.087
80.074
78.976
77.792
76.516
75.147
73.681
72.116
70.449
68.678
66.801
64.818
62.727
60.528
58.221
55.807
53.287
50.663
47.937
45.113
42.193
39.183
36.086
32.909
29.656
26.336
22.953
19.516
16.033
12.511
8.958
5.3836
1.796
-1.791
-5.3578
-8.9161
-8.8241
-5.3025
-1.7725
1.7775
5.3281
8.8656
12.382
15.867
19.315
22.716
26.064
29.351
32.569
35.714
38.779
41.758
44.648
47.443
50.141
52.738
55.232
57.621
59.904
62.08
64.149
66.112
67.969
69.722
71.372
72.921
74.372
75.727
76.989
78.161
79.247
80.25
81.173
82.019
82.793
83.497
84.136
84.711
85.227
85.685
86.09
86.443
86.746
87.003
87.214
87.38
87.504
87.587
87.628
87.628
87.587
87.504
87.38
87.214
87.003
86.746
86.443
86.09
85.685
85.227
84.711
84.136
83.497
82.793
82.019
81.173
80.25
79.247
78.161
76.989
75.727
74.372
72.921
71.372
69.722
67.969
66.112
64.149
62.08
59.904
57.621
55.232
52.738
50.141
47.443
44.648
41.758
38.779
35.714
32.569
29.351
26.064
22.716
19.315
15.867
12.382
8.8656
5.3281
1.7775
-1.7725
-5.3025
-8.8241
-8.7239
-5.2423
-1.7524
1.7573
5.2675
8.7649
12.241
15.687
19.096
22.458
25.768
29.017
32.199
35.308
38.338
41.284
44.14
46.904
49.571
52.138
54.604
56.966
59.223
61.375
63.42
65.361
67.197
68.929
70.56
72.092
73.526
74.866
76.113
77.273
78.346
79.337
80.25
81.087
81.852
82.548
83.179
83.748
84.257
84.711
85.111
85.46
85.76
86.013
86.222
86.387
86.509
86.591
86.631
86.631
86.591
86.509
86.387
86.222
86.013
85.76
85.46
85.111
84.711
84.257
83.748
83.179
82.548
81.852
81.087
80.25
79.337
78.346
77.273
76.113
74.866
73.526
72.092
70.56
68.929
67.197
65.361
63.42
61.375
59.223
56.966
54.604
52.138
49.571
46.904
44.14
41.284
38.338
35.308
32.199
29.017
25.768
22.458
19.096
15.687
12.241
8.7649
5.2675
1.7573
-1.7524
-5.2423
-8.7239
-8.615
-5.1769
-1.7305
1.7353
5.2018
8.6555
12.088
15.491
18.857
22.178
25.446
28.655
31.797
34.867
37.859
40.768
43.589
46.318
48.952
51.487
53.922
56.255
58.483
60.608
62.628
64.544
66.357
68.068
69.679
71.191
72.608
73.93
75.163
76.307
77.367
78.346
79.247
80.074
80.829
81.516
82.14
82.701
83.204
83.652
84.047
84.392
84.688
84.938
85.144
85.307
85.428
85.508
85.548
85.548
85.508
85.428
85.307
85.144
84.938
84.688
84.392
84.047
83.652
83.204
82.701
82.14
81.516
80.829
80.074
79.247
78.346
77.367
76.307
75.163
73.93
72.608
71.191
69.679
68.068
66.357
64.544
62.628
60.608
58.483
56.255
53.922
51.487
48.952
46.318
43.589
40.768
37.859
34.867
31.797
28.655
25.446
22.178
18.857
15.491
12.088
8.6555
5.2018
1.7353
-1.7305
-5.1769
-8.615
-8.497
-5.106
-1.7068
1.7116
5.1306
8.537
11.923
15.279
18.599
21.874
25.098
28.263
31.362
34.39
37.341
40.21
42.992
45.684
48.282
50.782
53.184
55.484
57.682
59.778
61.77
63.66
65.448
67.136
68.725
70.216
71.613
72.918
74.133
75.262
76.307
77.273
78.161
78.976
79.721
80.399
81.014
81.568
82.064
82.506
82.895
83.235
83.527
83.774
83.977
84.138
84.257
84.336
84.376
84.376
84.336
84.257
84.138
83.977
83.774
83.527
83.235
82.895
82.506
82.064
81.568
81.014
80.399
79.721
78.976
78.161
77.273
76.307
75.262
74.133
72.918
71.613
70.216
68.725
67.136
65.448
63.66
61.77
59.778
57.682
55.484
53.184
50.782
48.282
45.684
42.992
40.21
37.341
34.39
31.362
28.263
25.098
21.874
18.599
15.279
11.923
8.537
5.1306
1.7116
-1.7068
-5.106
-8.497
-8.3697
-5.0295
-1.6813
1.6859
5.0537
8.409
11.744
15.05
18.32
21.546
24.722
27.839
30.892
33.875
36.781
39.607
42.348
44.999
47.558
50.021
52.386
54.652
56.818
58.882
60.844
62.706
64.467
66.129
67.694
69.163
70.539
71.824
73.021
74.133
75.163
76.113
76.989
77.792
78.525
79.193
79.799
80.344
80.833
81.268
81.652
81.986
82.274
82.517
82.717
82.875
82.993
83.071
83.11
83.11
83.071
82.993
82.875
82.717
82.517
82.274
81.986
81.652
81.268
80.833
80.344
79.799
79.193
78.525
77.792
76.989
76.113
75.163
74.133
73.021
71.824
70.539
69.163
67.694
66.129
64.467
62.706
60.844
58.882
56.818
54.652
52.386
50.021
47.558
44.999
42.348
39.607
36.781
33.875
30.892
27.839
24.722
21.546
18.32
15.05
11.744
8.409
5.0537
1.6859
-1.6813
-5.0295
-8.3697
-8.2326
-4.9471
-1.6537
1.6583
4.9709
8.2713
11.551
14.804
18.02
21.193
24.317
27.383
30.386
33.32
36.179
38.958
41.654
44.262
46.779
49.201
51.528
53.757
55.886
57.917
59.847
61.678
63.41
65.045
66.584
68.029
69.383
70.647
71.824
72.918
73.93
74.866
75.727
76.516
77.238
77.895
78.49
79.027
79.508
79.936
80.313
80.642
80.925
81.164
81.361
81.516
81.632
81.709
81.747
81.747
81.709
81.632
81.516
81.361
81.164
80.925
80.642
80.313
79.936
79.508
79.027
78.49
77.895
77.238
76.516
75.727
74.866
73.93
72.918
71.824
70.647
69.383
68.029
66.584
65.045
63.41
61.678
59.847
57.917
55.886
53.757
51.528
49.201
46.779
44.262
41.654
38.958
36.179
33.32
30.386
27.383
24.317
21.193
18.02
14.804
11.551
8.2713
4.9709
1.6583
-1.6537
-4.9471
-8.2326
-8.0854
-4.8586
-1.6241
1.6287
4.882
8.1234
11.345
14.539
17.698
20.814
23.882
26.893
29.842
32.724
35.532
38.262
40.909
43.47
45.942
48.321
50.606
52.795
54.887
56.881
58.777
60.575
62.276
63.882
65.393
66.812
68.141
69.383
70.539
71.613
72.608
73.526
74.372
75.147
75.856
76.501
77.086
77.613
78.085
78.505
78.876
79.199
79.477
79.712
79.905
80.058
80.171
80.246
80.284
80.284
80.246
80.171
80.058
79.905
79.712
79.477
79.199
78.876
78.505
78.085
77.613
77.086
76.501
75.856
75.147
74.372
73.526
72.608
71.613
70.539
69.383
68.141
66.812
65.393
63.882
62.276
60.575
58.777
56.881
54.887
52.795
50.606
48.321
45.942
43.47
40.909
38.262
35.532
32.724
29.842
26.893
23.882
20.814
17.698
14.539
11.345
8.1234
4.882
1.6287
-1.6241
-4.8586
-8.0854
-7.9278
-4.7639
-1.5925
1.5969
4.7868
7.965
11.124
14.256
17.353
20.409
23.416
26.369
29.261
32.086
34.839
37.516
40.111
42.623
45.046
47.379
49.62
51.766
53.817
55.772
57.63
59.394
61.062
62.636
64.118
65.509
66.812
68.029
69.163
70.216
71.191
72.092
72.921
73.681
74.376
75.009
75.582
76.099
76.562
76.973
77.337
77.654
77.926
78.156
78.346
78.496
78.607
78.681
78.718
78.718
78.681
78.607
78.496
78.346
78.156
77.926
77.654
77.337
76.973
76.562
76.099
75.582
75.009
74.376
73.681
72.921
72.092
71.191
70.216
69.163
68.029
66.812
65.509
64.118
62.636
61.062
59.394
57.63
55.772
53.817
51.766
49.62
47.379
45.046
42.623
40.111
37.516
34.839
32.086
29.261
26.369
23.416
20.409
17.353
14.256
11.124
7.965
4.7868
1.5969
-1.5925
-4.7639
-7.9278
-7.7594
-4.6628
-1.5587
1.563
4.6852
7.7959
10.888
13.953
16.984
19.975
22.919
25.809
28.639
31.404
34.099
36.719
39.26
41.718
44.09
46.373
48.566
50.666
52.674
54.587
56.406
58.132
59.765
61.306
62.756
64.118
65.393
66.584
67.694
68.725
69.679
70.56
71.372
72.116
72.796
73.415
73.976
74.482
74.935
75.338
75.694
76.004
76.271
76.496
76.681
76.828
76.937
77.009
77.045
77.045
77.009
76.937
76.828
76.681
76.496
76.271
76.004
75.694
75.338
74.935
74.482
73.976
73.415
72.796
72.116
71.372
70.56
69.679
68.725
67.694
66.584
65.393
64.118
62.756
61.306
59.765
58.132
56.406
54.587
52.674
50.666
48.566
46.373
44.09
41.718
39.26
36.719
34.099
31.404
28.639
25.809
22.919
19.975
16.984
13.953
10.888
7.7959
4.6852
1.563
-1.5587
-4.6628
-7.7594
-7.5802
-4.555
-1.5227
1.5269
4.5769
7.6158
10.636
13.63
16.592
19.514
22.389
25.213
27.978
30.679
33.311
35.871
38.353
40.754
43.071
45.301
47.444
49.496
51.456
53.326
55.103
56.789
58.384
59.889
61.306
62.636
63.882
65.045
66.129
67.136
68.068
68.929
69.722
70.449
71.113
71.718
72.266
72.76
73.203
73.596
73.944
74.247
74.507
74.727
74.908
75.052
75.158
75.229
75.264
75.264
75.229
75.158
75.052
74.908
74.727
74.507
74.247
73.944
73.596
73.203
72.76
72.266
71.718
71.113
70.449
69.722
68.929
68.068
67.136
66.129
65.045
63.882
62.636
61.306
59.889
58.384
56.789
55.103
53.326
51.456
49.496
47.444
45.301
43.071
40.754
38.353
35.871
33.311
30.679
27.978
25.213
22.389
19.514
16.592
13.63
10.636
7.6158
4.5769
1.5269
-1.5227
-4.555
-7.5802
-7.3897
-4.4406
-1.4844
1.4885
4.4619
7.4244
10.369
13.288
16.175
19.024
21.827
24.579
27.275
29.908
32.474
34.969
37.389
39.73
41.988
44.163
46.251
48.252
50.163
51.985
53.718
55.361
56.916
58.384
59.765
61.062
62.276
63.41
64.467
65.448
66.357
67.197
67.969
68.678
69.326
69.915
70.449
70.931
71.362
71.746
72.085
72.38
72.634
72.849
73.025
73.165
73.268
73.337
73.371
73.371
73.337
73.268
73.165
73.025
72.849
72.634
72.38
72.085
71.746
71.362
70.931
70.449
69.915
69.326
68.678
67.969
67.197
66.357
65.448
64.467
63.41
62.276
61.062
59.765
58.384
56.916
55.361
53.718
51.985
50.163
48.252
46.251
44.163
41.988
39.73
37.389
34.969
32.474
29.908
27.275
24.579
21.827
19.024
16.175
13.288
10.369
7.4244
4.4619
1.4885
-1.4844
-4.4406
-7.3897
-7.1879
-4.3193
-1.4439
1.4479
4.3401
7.2217
10.086
12.925
15.733
18.504
21.231
23.908
26.53
29.091
31.587
34.014
36.368
38.644
40.842
42.957
44.988
46.934
48.793
50.565
52.251
53.849
55.361
56.789
58.132
59.394
60.575
61.678
62.706
63.66
64.544
65.361
66.112
66.801
67.431
68.005
68.524
68.993
69.412
69.786
70.115
70.402
70.649
70.858
71.03
71.165
71.266
71.333
71.367
71.367
71.333
71.266
71.165
71.03
70.858
70.649
70.402
70.115
69.786
69.412
68.993
68.524
68.005
67.431
66.801
66.112
65.361
64.544
63.66
62.706
61.678
60.575
59.394
58.132
56.789
55.361
53.849
52.251
50.565
48.793
46.934
44.988
42.957
40.842
38.644
36.368
34.014
31.587
29.091
26.53
23.908
21.231
18.504
15.733
12.925
10.086
7.2217
4.3401
1.4479
-1.4439
-4.3193
-7.1879
-6.9746
-4.1911
-1.401
1.4049
4.2113
7.0074
9.7863
12.542
15.266
17.955
20.601
23.198
25.742
28.228
30.65
33.005
35.288
37.497
39.629
41.682
43.653
45.541
47.345
49.065
50.7
52.251
53.718
55.103
56.406
57.63
58.777
59.847
60.844
61.77
62.628
63.42
64.149
64.818
65.429
65.986
66.49
66.944
67.351
67.714
68.033
68.312
68.552
68.754
68.921
69.052
69.15
69.215
69.247
69.247
69.215
69.15
69.052
68.921
68.754
68.552
68.312
68.033
67.714
67.351
66.944
66.49
65.986
65.429
64.818
64.149
63.42
62.628
61.77
60.844
59.847
58.777
57.63
56.406
55.103
53.718
52.251
50.7
49.065
47.345
45.541
43.653
41.682
39.629
37.497
35.288
33.005
30.65
28.228
25.742
23.198
20.601
17.955
15.266
12.542
9.7863
7.0074
4.2113
1.4049
-1.401
-4.1911
-6.9746
-6.7497
-4.056
-1.3558
1.3596
4.0755
6.7814
9.4708
12.137
14.774
17.376
19.936
22.45
24.912
27.317
29.661
31.94
34.15
36.288
38.351
40.338
42.245
44.072
45.818
47.482
49.065
50.565
51.985
53.326
54.587
55.772
56.881
57.917
58.882
59.778
60.608
61.375
62.08
62.727
63.319
63.857
64.345
64.785
65.179
65.529
65.838
66.108
66.34
66.536
66.697
66.825
66.919
66.982
67.013
67.013
66.982
66.919
66.825
66.697
66.536
66.34
66.108
65.838
65.529
65.179
64.785
64.345
63.857
63.319
62.727
62.08
61.375
60.608
59.778
58.882
57.917
56.881
55.772
54.587
53.326
51.985
50.565
49.065
47.482
45.818
44.072
42.245
40.338
38.351
36.288
34.15
31.94
29.661
27.317
24.912
22.45
19.936
17.376
14.774
12.137
9.4708
6.7814
4.0755
1.3596
-1.3558
-4.056
-6.7497
-6.5132
-3.9139
-1.3083
1.312
3.9327
6.5438
9.1389
11.712
14.256
16.767
19.238
21.663
24.039
26.36
28.622
30.821
32.953
35.016
37.007
38.924
40.764
42.527
44.212
45.818
47.345
48.793
50.163
51.456
52.674
53.817
54.887
55.886
56.818
57.682
58.483
59.223
59.904
60.528
61.099
61.618
62.089
62.513
62.894
63.232
63.53
63.79
64.014
64.203
64.359
64.482
64.573
64.634
64.664
64.664
64.634
64.573
64.482
64.359
64.203
64.014
63.79
63.53
63.232
62.894
62.513
62.089
61.618
61.099
60.528
59.904
59.223
58.483
57.682
56.818
55.886
54.887
53.817
52.674
51.456
50.163
48.793
47.345
45.818
44.212
42.527
40.764
38.924
37.007
35.016
32.953
30.821
28.622
26.36
24.039
21.663
19.238
16.767
14.256
11.712
9.1389
6.5438
3.9327
1.312
-1.3083
-3.9139
-6.5132
-6.265
-3.7647
-1.2585
1.262
3.7828
6.2944
8.7907
11.266
13.713
16.128
18.505
20.838
23.123
25.356
27.531
29.647
31.698
33.682
35.597
37.441
39.211
40.907
42.527
44.072
45.541
46.934
48.252
49.496
50.666
51.766
52.795
53.757
54.652
55.484
56.255
56.966
57.621
58.221
58.77
59.27
59.723
60.131
60.496
60.822
61.109
61.359
61.574
61.756
61.906
62.024
62.112
62.17
62.199
62.199
62.17
62.112
62.024
61.906
61.756
61.574
61.359
61.109
60.822
60.496
60.131
59.723
59.27
58.77
58.221
57.621
56.966
56.255
55.484
54.652
53.757
52.795
51.766
50.666
49.496
48.252
46.934
45.541
44.072
42.527
40.907
39.211
37.441
35.597
33.682
31.698
29.647
27.531
25.356
23.123
20.838
18.505
16.128
13.713
11.266
8.7907
6.2944
3.7828
1.262
-1.2585
-3.7647
-6.265
-6.0053
-3.6087
-1.2063
1.2097
3.626
6.0335
8.4263
10.799
13.145
15.46
17.738
19.974
22.165
24.305
26.39
28.418
30.384
32.286
34.121
35.889
37.585
39.211
40.764
42.245
43.653
44.988
46.251
47.444
48.566
49.62
50.606
51.528
52.386
53.184
53.922
54.604
55.232
55.807
56.333
56.812
57.246
57.638
57.988
58.3
58.575
58.815
59.021
59.195
59.339
59.452
59.536
59.592
59.62
59.62
59.592
59.536
59.452
59.339
59.195
59.021
58.815
58.575
58.3
57.988
57.638
57.246
56.812
56.333
55.807
55.232
54.604
53.922
53.184
52.386
51.528
50.606
49.62
48.566
47.444
46.251
44.988
43.653
42.245
40.764
39.211
37.585
35.889
34.121
32.286
30.384
28.418
26.39
24.305
22.165
19.974
17.738
15.46
13.145
10.799
8.4263
6.0335
3.626
1.2097
-1.2063
-3.6087
-6.0053
-5.7342
-3.4458
-1.1519
1.1551
3.4623
5.7611
8.0459
10.311
12.551
14.762
16.937
19.073
21.164
23.207
25.199
27.135
29.012
30.828
32.581
34.268
35.889
37.441
38.924
40.338
41.682
42.957
44.163
45.301
46.373
47.379
48.321
49.201
50.021
50.782
51.487
52.138
52.738
53.287
53.79
54.247
54.661
55.035
55.369
55.667
55.93
56.159
56.356
56.522
56.659
56.767
56.848
56.901
56.928
56.928
56.901
56.848
56.767
56.659
56.522
56.356
56.159
55.93
55.667
55.369
55.035
54.661
54.247
53.79
53.287
52.738
52.138
51.487
50.782
50.021
49.201
48.321
47.379
46.373
45.301
44.163
42.957
41.682
40.338
38.924
37.441
35.889
34.268
32.581
30.828
29.012
27.135
25.199
23.207
21.164
19.073
16.937
14.762
12.551
10.311
8.0459
5.7611
3.4623
1.1551
-1.1519
-3.4458
-5.7342
-5.4519
-3.2761
-1.0951
1.0982
3.2919
5.4775
7.6498
9.8034
11.933
14.035
16.103
18.134
20.122
22.065
23.958
25.799
27.584
29.31
30.977
32.581
34.121
35.597
37.007
38.351
39.629
40.842
41.988
43.071
44.09
45.046
45.942
46.779
47.558
48.282
48.952
49.571
50.141
50.663
51.141
51.576
51.97
52.325
52.643
52.926
53.175
53.393
53.581
53.739
53.869
53.972
54.048
54.099
54.124
54.124
54.099
54.048
53.972
53.869
53.739
53.581
53.393
53.175
52.926
52.643
52.325
51.97
51.576
51.141
50.663
50.141
49.571
48.952
48.282
47.558
46.779
45.942
45.046
44.09
43.071
41.988
40.842
39.629
38.351
37.007
35.597
34.121
32.581
30.977
29.31
27.584
25.799
23.958
22.065
20.122
18.134
16.103
14.035
11.933
9.8034
7.6498
5.4775
3.2919
1.0982
-1.0951
-3.2761
-5.4519
-5.1586
-3.0999
-1.0362
1.0391
3.1148
5.1829
7.2383
9.2761
11.292
13.28
15.237
17.158
19.04
20.878
22.669
24.411
26.1
27.734
29.31
30.828
32.286
33.682
35.016
36.288
37.497
38.644
39.73
40.754
41.718
42.623
43.47
44.262
44.999
45.684
46.318
46.904
47.443
47.937
48.389
48.801
49.173
49.509
49.81
50.078
50.314
50.52
50.698
50.847
50.97
51.068
51.14
51.188
51.212
51.212
51.188
51.14
51.068
50.97
50.847
50.698
50.52
50.314
50.078
49.81
49.509
49.173
48.801
48.389
47.937
47.443
46.904
46.318
45.684
44.999
44.262
43.47
42.623
41.718
40.754
39.73
38.644
37.497
36.288
35.016
33.682
32.286
30.828
29.31
27.734
26.1
24.411
22.669
20.878
19.04
17.158
15.237
13.28
11.292
9.2761
7.2383
5.1829
3.1148
1.0391
-1.0362
-3.0999
-5.1586
-4.8547
-2.9173
-0.97519
0.9779
2.9313
4.8775
6.8118
8.7296
10.626
12.498
14.339
16.147
17.918
19.648
21.334
22.973
24.562
26.1
27.584
29.012
30.384
31.698
32.953
34.15
35.288
36.368
37.389
38.353
39.26
40.111
40.909
41.654
42.348
42.992
43.589
44.14
44.648
45.113
45.538
45.925
46.276
46.592
46.875
47.127
47.35
47.544
47.71
47.851
47.967
48.059
48.127
48.172
48.194
48.194
48.172
48.127
48.059
47.967
47.851
47.71
47.544
47.35
47.127
46.875
46.592
46.276
45.925
45.538
45.113
44.648
44.14
43.589
42.992
42.348
41.654
40.909
40.111
39.26
38.353
37.389
36.368
35.288
34.15
32.953
31.698
30.384
29.012
27.584
26.1
24.562
22.973
21.334
19.648
17.918
16.147
14.339
12.498
10.626
8.7296
6.8118
4.8775
2.9313
0.9779
-0.97519
-2.9173
-4.8547
-4.5406
-2.7285
-0.91209
0.91462
2.7416
4.5619
6.3711
8.1647
9.9387
11.689
13.411
15.102
16.759
18.376
19.953
21.486
22.973
24.411
25.799
27.135
28.418
29.647
30.821
31.94
33.005
34.014
34.969
35.871
36.719
37.516
38.262
38.958
39.607
40.21
40.768
41.284
41.758
42.193
42.591
42.953
43.281
43.577
43.842
44.077
44.285
44.467
44.623
44.754
44.863
44.948
45.012
45.054
45.075
45.075
45.054
45.012
44.948
44.863
44.754
44.623
44.467
44.285
44.077
43.842
43.577
43.281
42.953
42.591
42.193
41.758
41.284
40.768
40.21
39.607
38.958
38.262
37.516
36.719
35.871
34.969
34.014
33.005
31.94
30.821
29.647
28.418
27.135
25.799
24.411
22.973
21.486
19.953
18.376
16.759
15.102
13.411
11.689
9.9387
8.1647
6.3711
4.5619
2.7416
0.91462
-0.91209
-2.7285
-4.5406
-4.2167
-2.5339
-0.84702
0.84937
2.546
4.2365
5.9165
7.5822
9.2296
10.855
12.455
14.025
15.563
17.065
18.53
19.953
21.334
22.669
23.958
25.199
26.39
27.531
28.622
29.661
30.65
31.587
32.474
33.311
34.099
34.839
35.532
36.179
36.781
37.341
37.859
38.338
38.779
39.183
39.552
39.888
40.193
40.467
40.714
40.932
41.125
41.294
41.439
41.561
41.662
41.741
41.8
41.84
41.859
41.859
41.84
41.8
41.741
41.662
41.561
41.439
41.294
41.125
40.932
40.714
40.467
40.193
39.888
39.552
39.183
38.779
38.338
37.859
37.341
36.781
36.179
35.532
34.839
34.099
33.311
32.474
31.587
30.65
29.661
28.622
27.531
26.39
25.199
23.958
22.669
21.334
19.953
18.53
17.065
15.563
14.025
12.455
10.855
9.2296
7.5822
5.9165
4.2365
2.546
0.84937
-0.84702
-2.5339
-4.2167
-3.8835
-2.3336
-0.78008
0.78225
2.3448
3.9017
5.449
6.9831
8.5003
9.9972
11.47
12.917
14.333
15.717
17.065
18.376
19.648
20.878
22.065
23.207
24.305
25.356
26.36
27.317
28.228
29.091
29.908
30.679
31.404
32.086
32.724
33.32
33.875
34.39
34.867
35.308
35.714
36.086
36.426
36.736
37.016
37.269
37.496
37.697
37.875
38.03
38.164
38.276
38.369
38.442
38.497
38.533
38.551
38.551
38.533
38.497
38.442
38.369
38.276
38.164
38.03
37.875
37.697
37.496
37.269
37.016
36.736
36.426
36.086
35.714
35.308
34.867
34.39
33.875
33.32
32.724
32.086
31.404
30.679
29.908
29.091
28.228
27.317
26.36
25.356
24.305
23.207
22.065
20.878
19.648
18.376
17.065
15.717
14.333
12.917
11.47
9.9972
8.5003
6.9831
5.449
3.9017
2.3448
0.78225
-0.78008
-2.3336
-3.8835
-3.5415
-2.1282
-0.7114
0.71338
2.1384
3.5582
4.9692
6.3682
7.7519
9.117
10.46
11.779
13.071
14.333
15.563
16.759
17.918
19.04
20.122
21.164
22.165
23.123
24.039
24.912
25.742
26.53
27.275
27.978
28.639
29.261
29.842
30.386
30.892
31.362
31.797
32.199
32.569
32.909
33.219
33.501
33.757
33.988
34.194
34.378
34.54
34.682
34.803
34.906
34.99
35.057
35.107
35.14
35.156
35.156
35.14
35.107
35.057
34.99
34.906
34.803
34.682
34.54
34.378
34.194
33.988
33.757
33.501
33.219
32.909
32.569
32.199
31.797
31.362
30.892
30.386
29.842
29.261
28.639
27.978
27.275
26.53
25.742
24.912
24.039
23.123
22.165
21.164
20.122
19.04
17.918
16.759
15.563
14.333
13.071
11.779
10.46
9.117
7.7519
6.3682
4.9692
3.5582
2.1384
0.71338
-0.7114
-2.1282
-3.5415
-3.1916
-1.9179
-0.6411
0.64288
1.9271
3.2065
4.4782
5.7389
6.9858
8.216
9.4267
10.615
11.779
12.917
14.025
15.102
16.147
17.158
18.134
19.073
19.974
20.838
21.663
22.45
23.198
23.908
24.579
25.213
25.809
26.369
26.893
27.383
27.839
28.263
28.655
29.017
29.351
29.656
29.936
30.19
30.421
30.629
30.815
30.981
31.127
31.254
31.364
31.456
31.532
31.593
31.637
31.667
31.682
31.682
31.667
31.637
31.593
31.532
31.456
31.364
31.254
31.127
30.981
30.815
30.629
30.421
30.19
29.936
29.656
29.351
29.017
28.655
28.263
27.839
27.383
26.893
26.369
25.809
25.213
24.579
23.908
23.198
22.45
21.663
20.838
19.974
19.073
18.134
17.158
16.147
15.102
14.025
12.917
11.779
10.615
9.4267
8.216
6.9858
5.7389
4.4782
3.2065
1.9271
0.64288
-0.6411
-1.9179
-3.1916
-2.8342
-1.7031
-0.56932
0.5709
1.7113
2.8475
3.9767
5.0963
6.2036
7.2961
8.3712
9.4267
10.46
11.47
12.455
13.411
14.339
15.237
16.103
16.937
17.738
18.505
19.238
19.936
20.601
21.231
21.827
22.389
22.919
23.416
23.882
24.317
24.722
25.098
25.446
25.768
26.064
26.336
26.584
26.81
27.014
27.199
27.364
27.511
27.641
27.754
27.852
27.934
28.001
28.055
28.095
28.121
28.134
28.134
28.121
28.095
28.055
28.001
27.934
27.852
27.754
27.641
27.511
27.364
27.199
27.014
26.81
26.584
26.336
26.064
25.768
25.446
25.098
24.722
24.317
23.882
23.416
22.919
22.389
21.827
21.231
20.601
19.936
19.238
18.505
17.738
16.937
16.103
15.237
14.339
13.411
12.455
11.47
10.46
9.4267
8.3712
7.2961
6.2036
5.0963
3.9767
2.8475
1.7113
0.5709
-0.56932
-1.7031
-2.8342
-2.4702
-1.4844
-0.4962
0.49758
1.4915
2.4818
3.466
4.4418
5.4069
6.359
7.2961
8.216
9.117
9.9972
10.855
11.689
12.498
13.28
14.035
14.762
15.46
16.128
16.767
17.376
17.955
18.504
19.024
19.514
19.975
20.409
20.814
21.193
21.546
21.874
22.178
22.458
22.716
22.953
23.169
23.366
23.545
23.706
23.85
23.978
24.091
24.19
24.274
24.346
24.405
24.452
24.486
24.509
24.521
24.521
24.509
24.486
24.452
24.405
24.346
24.274
24.19
24.091
23.978
23.85
23.706
23.545
23.366
23.169
22.953
22.716
22.458
22.178
21.874
21.546
21.193
20.814
20.409
19.975
19.514
19.024
18.504
17.955
17.376
16.767
16.128
15.46
14.762
14.035
13.28
12.498
11.689
10.855
9.9972
9.117
8.216
7.2961
6.359
5.4069
4.4418
3.466
2.4818
1.4915
0.49758
-0.4962
-1.4844
-2.4702
-2.1003
-1.2621
-0.4219
0.42307
1.2682
2.1102
2.947
3.7767
4.5973
5.4069
6.2036
6.9858
7.7519
8.5003
9.2296
9.9387
10.626
11.292
11.933
12.551
13.145
13.713
14.256
14.774
15.266
15.733
16.175
16.592
16.984
17.353
17.698
18.02
18.32
18.599
18.857
19.096
19.315
19.516
19.7
19.868
20.019
20.156
20.279
20.388
20.484
20.568
20.64
20.701
20.751
20.79
20.82
20.839
20.849
20.849
20.839
20.82
20.79
20.751
20.701
20.64
20.568
20.484
20.388
20.279
20.156
20.019
19.868
19.7
19.516
19.315
19.096
18.857
18.599
18.32
18.02
17.698
17.353
16.984
16.592
16.175
15.733
15.266
14.774
14.256
13.713
13.145
12.551
11.933
11.292
10.626
9.9387
9.2296
8.5003
7.7519
6.9858
6.2036
5.4069
4.5973
3.7767
2.947
2.1102
1.2682
0.42307
-0.4219
-1.2621
-2.1003
-1.7254
-1.0368
-0.3466
0.34756
1.0418
1.7335
2.421
3.1026
3.7767
4.4418
5.0963
5.7389
6.3682
6.9831
7.5822
8.1647
8.7296
9.2761
9.8034
10.311
10.799
11.266
11.712
12.137
12.542
12.925
13.288
13.63
13.953
14.256
14.539
14.804
15.05
15.279
15.491
15.687
15.867
16.033
16.184
16.321
16.446
16.558
16.659
16.748
16.827
16.896
16.956
17.006
17.047
17.079
17.104
17.12
17.128
17.128
17.12
17.104
17.079
17.047
17.006
16.956
16.896
16.827
16.748
16.659
16.558
16.446
16.321
16.184
16.033
15.867
15.687
15.491
15.279
15.05
14.804
14.539
14.256
13.953
13.63
13.288
12.925
12.542
12.137
11.712
11.266
10.799
10.311
9.8034
9.2761
8.7296
8.1647
7.5822
6.9831
6.3682
5.7389
5.0963
4.4418
3.7767
3.1026
2.421
1.7335
1.0418
0.34756
-0.3466
-1.0368
-1.7254
-1.3464
-0.80906
-0.27045
0.27121
0.81295
1.3527
1.8892
2.421
2.947
3.466
3.9767
4.4782
4.9692
5.449
5.9165
6.3711
6.8118
7.2383
7.6498
8.0459
8.4263
8.7907
9.1389
9.4708
9.7863
10.086
10.369
10.636
10.888
11.124
11.345
11.551
11.744
11.923
12.088
12.241
12.382
12.511
12.628
12.736
12.833
12.921
12.999
13.069
13.131
13.184
13.231
13.27
13.302
13.327
13.346
13.359
13.365
13.365
13.359
13.346
13.327
13.302
13.27
13.231
13.184
13.131
13.069
12.999
12.921
12.833
12.736
12.628
12.511
12.382
12.241
12.088
11.923
11.744
11.551
11.345
11.124
10.888
10.636
10.369
10.086
9.7863
9.4708
9.1389
8.7907
8.4263
8.0459
7.6498
7.2383
6.8118
6.3711
5.9165
5.449
4.9692
4.4782
3.9767
3.466
2.947
2.421
1.8892
1.3527
0.81295
0.27121
-0.27045
-0.80906
-1.3464
-0.96407
-0.57932
-0.19366
0.19419
0.5821
0.96859
1.3527
1.7335
2.1102
2.4818
2.8475
3.2065
3.5582
3.9017
4.2365
4.5619
4.8775
5.1829
5.4775
5.7611
6.0335
6.2944
6.5438
6.7814
7.0074
7.2217
7.4244
7.6158
7.7959
7.965
8.1234
8.2713
8.409
8.537
8.6555
8.7649
8.8656
8.958
9.0424
9.1192
9.1889
9.2516
9.3079
9.3579
9.402
9.4405
9.4736
9.5016
9.5246
9.5427
9.5563
9.5652
9.5697
9.5697
9.5652
9.5563
9.5427
9.5246
9.5016
9.4736
9.4405
9.402
9.3579
9.3079
9.2516
9.1889
9.1192
9.0424
8.958
8.8656
8.7649
8.6555
8.537
8.409
8.2713
8.1234
7.965
7.7959
7.6158
7.4244
7.2217
7.0074
6.7814
6.5438
6.2944
6.0335
5.7611
5.4775
5.1829
4.8775
4.5619
4.2365
3.9017
3.5582
3.2065
2.8475
2.4818
2.1102
1.7335
1.3527
0.96859
0.5821
0.19419
-0.19366
-0.57932
-0.96407
-0.57939
-0.34816
-0.11638
0.11671
0.34983
0.5821
0.81295
1.0418
1.2682
1.4915
1.7113
1.9271
2.1384
2.3448
2.546
2.7416
2.9313
3.1148
3.2919
3.4623
3.626
3.7828
3.9327
4.0755
4.2113
4.3401
4.4619
4.5769
4.6852
4.7868
4.882
4.9709
5.0537
5.1306
5.2018
5.2675
5.3281
5.3836
5.4343
5.4805
5.5223
5.5601
5.5938
5.6239
5.6504
5.6736
5.6935
5.7103
5.7241
5.735
5.7431
5.7485
5.7512
5.7512
5.7485
5.7431
5.735
5.7241
5.7103
5.6935
5.6736
5.6504
5.6239
5.5938
5.5601
5.5223
5.4805
5.4343
5.3836
5.3281
5.2675
5.2018
5.1306
5.0537
4.9709
4.882
4.7868
4.6852
4.5769
4.4619
4.3401
4.2113
4.0755
3.9327
3.7828
3.626
3.4623
3.2919
3.1148
2.9313
2.7416
2.546
2.3448
2.1384
1.9271
1.7113
1.4915
1.2682
1.0418
0.81295
0.5821
0.34983
0.11671
-0.11638
-0.34816
-0.57939
-0.19329
-0.11615
-0.038826
0.038934
0.11671
0.19419
0.27121
0.34756
0.42307
0.49758
0.5709
0.64288
0.71338
0.78225
0.84937
0.91462
0.9779
1.0391
1.0982
1.1551
1.2097
1.262
1.312
1.3596
1.4049
1.4479
1.4885
1.5269
1.563
1.5969
1.6287
1.6583
1.6859
1.7116
1.7353
1.7573
1.7775
1.796
1.8129
1.8283
1.8423
1.8549
1.8661
1.8762
1.885
1.8927
1.8994
1.905
1.9096
1.9132
1.9159
1.9177
1.9186
1.9186
1.9177
1.9159
1.9132
1.9096
1.905
1.8994
1.8927
1.885
1.8762
1.8661
1.8549
1.8423
1.8283
1.8129
1.796
1.7775
1.7573
1.7353
1.7116
1.6859
1.6583
1.6287
1.5969
1.563
1.5269
1.4885
1.4479
1.4049
1.3596
1.312
1.262
1.2097
1.1551
1.0982
1.0391
0.9779
0.91462
0.84937
0.78225
0.71338
0.64288
0.5709
0.49758
0.42307
0.34756
0.27121
0.19419
0.11671
0.038934
-0.038826
-0.11615
-0.19329
0.19275
0.11583
0.038718
-0.038826
-0.11638
-0.19366
-0.27045
-0.3466
-0.4219
-0.4962
-0.56932
-0.6411
-0.7114
-0.78008
-0.84702
-0.91209
-0.97519
-1.0362
-1.0951
-1.1519
-1.2063
-1.2585
-1.3083
-1.3558
-1.401
-1.4439
-1.4844
-1.5227
-1.5587
-1.5925
-1.6241
-1.6537
-1.6813
-1.7068
-1.7305
-1.7524
-1.7725
-1.791
-1.8079
-1.8233
-1.8372
-1.8497
-1.861
-1.871
-1.8798
-1.8875
-1.8941
-1.8997
-1.9043
-1.9079
-1.9106
-1.9124
-1.9133
-1.9133
-1.9124
-1.9106
-1.9079
-1.9043
-1.8997
-1.8941
-1.8875
-1.8798
-1.871
-1.861
-1.8497
-1.8372
-1.8233
-1.8079
-1.791
-1.7725
-1.7524
-1.7305
-1.7068
-1.6813
-1.6537
-1.6241
-1.5925
-1.5587
-1.5227
-1.4844
-1.4439
-1.401
-1.3558
-1.3083
-1.2585
-1.2063
-1.1519
-1.0951
-1.0362
-0.97519
-0.91209
-0.84702
-0.78008
-0.7114
-0.6411
-0.56932
-0.4962
-0.4219
-0.3466
-0.27045
-0.19366
-0.11638
-0.038826
0.038718
0.11583
0.19275
0.57832
0.34725
0.11583
-0.11615
-0.34816
-0.57932
-0.80906
-1.0368
-1.2621
-1.4844
-1.7031
-1.9179
-2.1282
-2.3336
-2.5339
-2.7285
-2.9173
-3.0999
-3.2761
-3.4458
-3.6087
-3.7647
-3.9139
-4.056
-4.1911
-4.3193
-4.4406
-4.555
-4.6628
-4.7639
-4.8586
-4.9471
-5.0295
-5.106
-5.1769
-5.2423
-5.3025
-5.3578
-5.4083
-5.4542
-5.4959
-5.5334
-5.567
-5.597
-5.6233
-5.6464
-5.6662
-5.6829
-5.6966
-5.7075
-5.7156
-5.721
-5.7236
-5.7236
-5.721
-5.7156
-5.7075
-5.6966
-5.6829
-5.6662
-5.6464
-5.6233
-5.597
-5.567
-5.5334
-5.4959
-5.4542
-5.4083
-5.3578
-5.3025
-5.2423
-5.1769
-5.106
-5.0295
-4.9471
-4.8586
-4.7639
-4.6628
-4.555
-4.4406
-4.3193
-4.1911
-4.056
-3.9139
-3.7647
-3.6087
-3.4458
-3.2761
-3.0999
-2.9173
-2.7285
-2.5339
-2.3336
-2.1282
-1.9179
-1.7031
-1.4844
-1.2621
-1.0368
-0.80906
-0.57932
-0.34816
-0.11615
0.11583
0.34725
0.57832
0.96332
0.57832
0.19275
-0.19329
-0.57939
-0.96407
-1.3464
-1.7254
-2.1003
-2.4702
-2.8342
-3.1916
-3.5415
-3.8835
-4.2167
-4.5406
-4.8547
-5.1586
-5.4519
-5.7342
-6.0053
-6.265
-6.5132
-6.7497
-6.9746
-7.1879
-7.3897
-7.5802
-7.7594
-7.9278
-8.0854
-8.2326
-8.3697
-8.497
-8.615
-8.7239
-8.8241
-8.9161
-9.0001
-9.0766
-9.1458
-9.2083
-9.2643
-9.3141
-9.358
-9.3963
-9.4292
-9.4571
-9.4799
-9.498
-9.5115
-9.5204
-9.5249
-9.5249
-9.5204
-9.5115
-9.498
-9.4799
-9.4571
-9.4292
-9.3963
-9.358
-9.3141
-9.2643
-9.2083
-9.1458
-9.0766
-9.0001
-8.9161
-8.8241
-8.7239
-8.615
-8.497
-8.3697
-8.2326
-8.0854
-7.9278
-7.7594
-7.5802
-7.3897
-7.1879
-6.9746
-6.7497
-6.5132
-6.265
-6.0053
-5.7342
-5.4519
-5.1586
-4.8547
-4.5406
-4.2167
-3.8835
-3.5415
-3.1916
-2.8342
-2.4702
-2.1003
-1.7254
-1.3464
-0.96407
-0.57939
-0.19329
0.19275
0.57832
0.96332
