0.87581
0.52571
0.1752
-0.17569
-0.52668
-0.8765
-1.2244
-1.5695
-1.9112
-2.2488
-2.5815
-2.9086
-3.2296
-3.5439
-3.8509
-4.1501
-4.4411
-4.7234
-4.9967
-5.2607
-5.5152
-5.7599
-5.9946
-6.2193
-6.434
-6.6385
-6.8329
-7.0172
-7.1917
-7.3564
-7.5114
-7.6571
-7.7935
-7.9209
-8.0397
-8.15
-8.2521
-8.3463
-8.433
-8.5123
-8.5846
-8.6501
-8.7092
-8.762
-8.8088
-8.8498
-8.8852
-8.9152
-8.94
-8.9596
-8.9743
-8.984
-8.9888
-8.9888
-8.984
-8.9743
-8.9596
-8.94
-8.9152
-8.8852
-8.8498
-8.8088
-8.762
-8.7092
-8.6501
-8.5846
-8.5123
-8.433
-8.3463
-8.2521
-8.15
-8.0397
-7.9209
-7.7935
-7.6571
-7.5114
-7.3564
-7.1917
-7.0172
-6.8329
-6.6385
-6.434
-6.2193
-5.9946
-5.7599
-5.5152
-5.2607
-4.9967
-4.7234
-4.4411
-4.1501
-3.8509
-3.5439
-3.2296
-2.9086
-2.5815
-2.2488
-1.9112
-1.5695
-1.2244
-0.8765
-0.52668
-0.17569
0.1752
0.52571
0.87581
0.52571
0.31561
0.10527
-0.10556
-0.31644
-0.52662
-0.73563
-0.94301
-1.1483
-1.3511
-1.551
-1.7476
-1.9404
-2.1293
-2.3137
-2.4935
-2.6683
-2.8379
-3.0022
-3.1608
-3.3137
-3.4607
-3.6017
-3.7367
-3.8657
-3.9886
-4.1054
-4.2161
-4.321
-4.4199
-4.5131
-4.6006
-4.6825
-4.7591
-4.8304
-4.8967
-4.9581
-5.0147
-5.0667
-5.1144
-5.1578
-5.1972
-5.2327
-5.2644
-5.2925
-5.3172
-5.3385
-5.3565
-5.3714
-5.3832
-5.392
-5.3978
-5.4007
-5.4007
-5.3978
-5.392
-5.3832
-5.3714
-5.3565
-5.3385
-5.3172
-5.2925
-5.2644
-5.2327
-5.1972
-5.1578
-5.1144
-5.0667
-5.0147
-4.9581
-4.8967
-4.8304
-4.7591
-4.6825
-4.6006
-4.5131
-4.4199
-4.321
-4.2161
-4.1054
-3.9886
-3.8657
-3.7367
-3.6017
-3.4607
-3.3137
-3.1608
-3.0022
-2.8379
-2.6683
-2.4935
-2.3137
-2.1293
-1.9404
-1.7476
-1.551
-1.3511
-1.1483
-0.94301
-0.73563
-0.52662
-0.31644
-0.10556
0.10527
0.31561
0.52571
0.1752
0.10527
0.035186
-0.035284
-0.10577
-0.17603
-0.24589
-0.31521
-0.38383
-0.45162
-0.51844
-0.58414
-0.64861
-0.71172
-0.77338
-0.83347
-0.8919
-0.9486
-1.0035
-1.0565
-1.1076
-1.1568
-1.2039
-1.249
-1.2921
-1.3332
-1.3722
-1.4093
-1.4443
-1.4774
-1.5085
-1.5378
-1.5652
-1.5908
-1.6146
-1.6368
-1.6573
-1.6762
-1.6936
-1.7095
-1.7241
-1.7372
-1.7491
-1.7597
-1.7691
-1.7773
-1.7844
-1.7905
-1.7954
-1.7994
-1.8023
-1.8043
-1.8052
-1.8052
-1.8043
-1.8023
-1.7994
-1.7954
-1.7905
-1.7844
-1.7773
-1.7691
-1.7597
-1.7491
-1.7372
-1.7241
-1.7095
-1.6936
-1.6762
-1.6573
-1.6368
-1.6146
-1.5908
-1.5652
-1.5378
-1.5085
-1.4774
-1.4443
-1.4093
-1.3722
-1.3332
-1.2921
-1.249
-1.2039
-1.1568
-1.1076
-1.0565
-1.0035
-0.9486
-0.8919
-0.83347
-0.77338
-0.71172
-0.64861
-0.58414
-0.51844
-0.45162
-0.38383
-0.31521
-0.24589
-0.17603
-0.10577
-0.035284
0.035186
0.10527
0.1752
-0.17569
-0.10556
-0.035284
0.035382
0.10607
0.17652
0.24657
0.31608
0.3849
0.45288
0.51988
0.58576
0.65041
0.7137
0.77553
0.83578
0.89438
0.95124
1.0063
1.0595
1.1107
1.16
1.2072
1.2525
1.2957
1.3369
1.3761
1.4132
1.4483
1.4815
1.5127
1.542
1.5695
1.5952
1.6191
1.6413
1.6619
1.6809
1.6983
1.7143
1.7288
1.742
1.7539
1.7646
1.774
1.7823
1.7894
1.7954
1.8004
1.8044
1.8073
1.8093
1.8103
1.8103
1.8093
1.8073
1.8044
1.8004
1.7954
1.7894
1.7823
1.774
1.7646
1.7539
1.742
1.7288
1.7143
1.6983
1.6809
1.6619
1.6413
1.6191
1.5952
1.5695
1.542
1.5127
1.4815
1.4483
1.4132
1.3761
1.3369
1.2957
1.2525
1.2072
1.16
1.1107
1.0595
1.0063
0.95124
0.89438
0.83578
0.77553
0.7137
0.65041
0.58576
0.51988
0.45288
0.3849
0.31608
0.24657
0.17652
0.10607
0.035382
-0.035284
-0.10556
-0.17569
-0.52668
-0.31644
-0.10577
0.10607
0.31796
0.52915
0.73917
0.94755
1.1538
1.3576
1.5585
1.756
1.9498
2.1395
2.3249
2.5055
2.6812
2.8516
3.0166
3.176
3.3296
3.4773
3.6191
3.7547
3.8843
4.0078
4.1251
4.2364
4.3418
4.4412
4.5348
4.6227
4.7051
4.782
4.8537
4.9203
4.9819
5.0388
5.0912
5.139
5.1827
5.2223
5.2579
5.2898
5.318
5.3428
5.3642
5.3823
5.3973
5.4091
5.418
5.4238
5.4268
5.4268
5.4238
5.418
5.4091
5.3973
5.3823
5.3642
5.3428
5.318
5.2898
5.2579
5.2223
5.1827
5.139
5.0912
5.0388
4.9819
4.9203
4.8537
4.782
4.7051
4.6227
4.5348
4.4412
4.3418
4.2364
4.1251
4.0078
3.8843
3.7547
3.6191
3.4773
3.3296
3.176
3.0166
2.8516
2.6812
2.5055
2.3249
2.1395
1.9498
1.756
1.5585
1.3576
1.1538
0.94755
0.73917
0.52915
0.31796
0.10607
-0.10577
-0.31644
-0.52668
-0.8765
-0.52662
-0.17603
0.17652
0.52915
0.88061
1.2301
1.5769
1.9202
2.2594
2.5936
2.9223
3.2448
3.5606
3.869
4.1696
4.4619
4.7456
5.0202
5.2855
5.5411
5.7869
6.0228
6.2486
6.4642
6.6697
6.865
7.0502
7.2255
7.391
7.5468
7.6931
7.8301
7.9582
8.0775
8.1883
8.2909
8.3856
8.4727
8.5524
8.625
8.6909
8.7502
8.8032
8.8503
8.8915
8.9271
8.9572
8.9821
9.0019
9.0166
9.0263
9.0312
9.0312
9.0263
9.0166
9.0019
8.9821
8.9572
8.9271
8.8915
8.8503
8.8032
8.7502
8.6909
8.625
8.5524
8.4727
8.3856
8.2909
8.1883
8.0775
7.9582
7.8301
7.6931
7.5468
7.391
7.2255
7.0502
6.865
6.6697
6.4642
6.2486
6.0228
5.7869
5.5411
5.2855
5.0202
4.7456
4.4619
4.1696
3.869
3.5606
3.2448
2.9223
2.5936
2.2594
1.9202
1.5769
1.2301
0.88061
0.52915
0.17652
-0.17603
-0.52662
-0.8765
-1.2244
-0.73563
-0.24589
0.24657
0.73917
1.2301
1.7183
2.2028
2.6823
3.1561
3.623
4.0821
4.5326
4.9737
5.4046
5.8245
6.2328
6.6291
7.0127
7.3832
7.7403
8.0837
8.4132
8.7286
9.0298
9.3168
9.5896
9.8484
10.093
10.324
10.542
10.746
10.938
11.117
11.283
11.438
11.582
11.714
11.835
11.947
12.048
12.14
12.223
12.297
12.363
12.42
12.47
12.512
12.547
12.575
12.595
12.609
12.616
12.616
12.609
12.595
12.575
12.547
12.512
12.47
12.42
12.363
12.297
12.223
12.14
12.048
11.947
11.835
11.714
11.582
11.438
11.283
11.117
10.938
10.746
10.542
10.324
10.093
9.8484
9.5896
9.3168
9.0298
8.7286
8.4132
8.0837
7.7403
7.3832
7.0127
6.6291
6.2328
5.8245
5.4046
4.9737
4.5326
4.0821
3.623
3.1561
2.6823
2.2028
1.7183
1.2301
0.73917
0.24657
-0.24589
-0.73563
-1.2244
-1.5695
-0.94301
-0.31521
0.31608
0.94755
1.5769
2.2028
2.8237
3.4385
4.0458
4.6443
5.2329
5.8104
6.3759
6.9282
7.4665
7.99
8.4979
8.9896
9.4646
9.9224
10.363
10.785
11.189
11.575
11.943
12.293
12.625
12.939
13.235
13.514
13.776
14.021
14.251
14.464
14.663
14.847
15.016
15.172
15.315
15.445
15.563
15.669
15.764
15.848
15.922
15.986
16.04
16.084
16.12
16.146
16.163
16.172
16.172
16.163
16.146
16.12
16.084
16.04
15.986
15.922
15.848
15.764
15.669
15.563
15.445
15.315
15.172
15.016
14.847
14.663
14.464
14.251
14.021
13.776
13.514
13.235
12.939
12.625
12.293
11.943
11.575
11.189
10.785
10.363
9.9224
9.4646
8.9896
8.4979
7.99
7.4665
6.9282
6.3759
5.8104
5.2329
4.6443
4.0458
3.4385
2.8237
2.2028
1.5769
0.94755
0.31608
-0.31521
-0.94301
-1.5695
-1.9112
-1.1483
-0.38383
0.3849
1.1538
1.9202
2.6823
3.4385
4.1871
4.9266
5.6555
6.3722
7.0755
7.764
8.4366
9.0921
9.7295
10.348
10.947
11.525
12.083
12.619
13.133
13.625
14.096
14.544
14.97
15.373
15.756
16.116
16.456
16.775
17.074
17.353
17.614
17.855
18.079
18.285
18.475
18.649
18.807
18.951
19.08
19.196
19.299
19.388
19.466
19.532
19.586
19.629
19.661
19.683
19.693
19.693
19.683
19.661
19.629
19.586
19.532
19.466
19.388
19.299
19.196
19.08
18.951
18.807
18.649
18.475
18.285
18.079
17.855
17.614
17.353
17.074
16.775
16.456
16.116
15.756
15.373
14.97
14.544
14.096
13.625
13.133
12.619
12.083
11.525
10.947
10.348
9.7295
9.0921
8.4366
7.764
7.0755
6.3722
5.6555
4.9266
4.1871
3.4385
2.6823
1.9202
1.1538
0.3849
-0.38383
-1.1483
-1.9112
-2.2488
-1.3511
-0.45162
0.45288
1.3576
2.2594
3.1561
4.0458
4.9266
5.7967
6.6543
7.4976
8.3251
9.1352
9.9265
10.698
11.448
12.176
12.88
13.561
14.217
14.847
15.453
16.032
16.585
17.112
17.613
18.089
18.538
18.963
19.363
19.738
20.09
20.418
20.724
21.009
21.272
21.515
21.738
21.943
22.129
22.298
22.45
22.586
22.707
22.813
22.904
22.981
23.045
23.096
23.134
23.159
23.171
23.171
23.159
23.134
23.096
23.045
22.981
22.904
22.813
22.707
22.586
22.45
22.298
22.129
21.943
21.738
21.515
21.272
21.009
20.724
20.418
20.09
19.738
19.363
18.963
18.538
18.089
17.613
17.112
16.585
16.032
15.453
14.847
14.217
13.561
12.88
12.176
11.448
10.698
9.9265
9.1352
8.3251
7.4976
6.6543
5.7967
4.9266
4.0458
3.1561
2.2594
1.3576
0.45288
-0.45162
-1.3511
-2.2488
-2.5815
-1.551
-0.51844
0.51988
1.5585
2.5936
3.623
4.6443
5.6555
6.6543
7.6387
8.6068
9.5567
10.487
11.395
12.28
13.141
13.977
14.786
15.567
16.32
17.044
17.739
18.404
19.039
19.644
20.219
20.765
21.281
21.768
22.227
22.658
23.062
23.439
23.79
24.117
24.419
24.698
24.954
25.189
25.403
25.597
25.772
25.928
26.066
26.188
26.293
26.381
26.455
26.513
26.556
26.585
26.599
26.599
26.585
26.556
26.513
26.455
26.381
26.293
26.188
26.066
25.928
25.772
25.597
25.403
25.189
24.954
24.698
24.419
24.117
23.79
23.439
23.062
22.658
22.227
21.768
21.281
20.765
20.219
19.644
19.039
18.404
17.739
17.044
16.32
15.567
14.786
13.977
13.141
12.28
11.395
10.487
9.5567
8.6068
7.6387
6.6543
5.6555
4.6443
3.623
2.5936
1.5585
0.51988
-0.51844
-1.551
-2.5815
-2.9086
-1.7476
-0.58414
0.58576
1.756
2.9223
4.0821
5.2329
6.3722
7.4976
8.6068
9.6976
10.768
11.816
12.839
13.837
14.807
15.748
16.66
17.54
18.388
19.204
19.987
20.736
21.452
22.133
22.782
23.396
23.978
24.527
25.044
25.53
25.985
26.41
26.805
27.173
27.514
27.828
28.117
28.381
28.623
28.841
29.038
29.214
29.37
29.507
29.625
29.725
29.808
29.873
29.922
29.954
29.971
29.971
29.954
29.922
29.873
29.808
29.725
29.625
29.507
29.37
29.214
29.038
28.841
28.623
28.381
28.117
27.828
27.514
27.173
26.805
26.41
25.985
25.53
25.044
24.527
23.978
23.396
22.782
22.133
21.452
20.736
19.987
19.204
18.388
17.54
16.66
15.748
14.807
13.837
12.839
11.816
10.768
9.6976
8.6068
7.4976
6.3722
5.2329
4.0821
2.9223
1.756
0.58576
-0.58414
-1.7476
-2.9086
-3.2296
-1.9404
-0.64861
0.65041
1.9498
3.2448
4.5326
5.8104
7.0755
8.3251
9.5567
10.768
11.956
13.12
14.256
15.364
16.441
17.486
18.498
19.476
20.418
21.323
22.193
23.025
23.819
24.576
25.296
25.979
26.624
27.234
27.808
28.347
28.852
29.324
29.764
30.172
30.55
30.899
31.22
31.514
31.782
32.024
32.243
32.438
32.612
32.764
32.895
33.006
33.098
33.17
33.225
33.261
33.279
33.279
33.261
33.225
33.17
33.098
33.006
32.895
32.764
32.612
32.438
32.243
32.024
31.782
31.514
31.22
30.899
30.55
30.172
29.764
29.324
28.852
28.347
27.808
27.234
26.624
25.979
25.296
24.576
23.819
23.025
22.193
21.323
20.418
19.476
18.498
17.486
16.441
15.364
14.256
13.12
11.956
10.768
9.5567
8.3251
7.0755
5.8104
4.5326
3.2448
1.9498
0.65041
-0.64861
-1.9404
-3.2296
-3.5439
-2.1293
-0.71172
0.7137
2.1395
3.5606
4.9737
6.3759
7.764
9.1352
10.487
11.816
13.12
14.396
15.643
16.859
18.041
19.188
20.298
21.371
22.404
23.399
24.352
25.265
26.137
26.968
27.758
28.507
29.215
29.884
30.514
31.106
31.66
32.178
32.66
33.109
33.524
33.906
34.258
34.581
34.874
35.141
35.381
35.595
35.785
35.952
36.096
36.218
36.319
36.398
36.458
36.497
36.517
36.517
36.497
36.458
36.398
36.319
36.218
36.096
35.952
35.785
35.595
35.381
35.141
34.874
34.581
34.258
33.906
33.524
33.109
32.66
32.178
31.66
31.106
30.514
29.884
29.215
28.507
27.758
26.968
26.137
25.265
24.352
23.399
22.404
21.371
20.298
19.188
18.041
16.859
15.643
14.396
13.12
11.816
10.487
9.1352
7.764
6.3759
4.9737
3.5606
2.1395
0.7137
-0.71172
-2.1293
-3.5439
-3.8509
-2.3137
-0.77338
0.77553
2.3249
3.869
5.4046
6.9282
8.4366
9.9265
11.395
12.839
14.256
15.643
16.999
18.319
19.604
20.85
22.057
23.222
24.345
25.425
26.462
27.454
28.401
29.304
30.162
30.976
31.746
32.473
33.158
33.801
34.403
34.966
35.49
35.977
36.428
36.844
37.226
37.577
37.896
38.185
38.446
38.679
38.886
39.067
39.223
39.356
39.465
39.552
39.616
39.659
39.681
39.681
39.659
39.616
39.552
39.465
39.356
39.223
39.067
38.886
38.679
38.446
38.185
37.896
37.577
37.226
36.844
36.428
35.977
35.49
34.966
34.403
33.801
33.158
32.473
31.746
30.976
30.162
29.304
28.401
27.454
26.462
25.425
24.345
23.222
22.057
20.85
19.604
18.319
16.999
15.643
14.256
12.839
11.395
9.9265
8.4366
6.9282
5.4046
3.869
2.3249
0.77553
-0.77338
-2.3137
-3.8509
-4.1501
-2.4935
-0.83347
0.83578
2.5055
4.1696
5.8245
7.4665
9.0921
10.698
12.28
13.837
15.364
16.859
18.319
19.743
21.127
22.47
23.77
25.026
26.237
27.401
28.518
29.587
30.608
31.581
32.506
33.383
34.213
34.997
35.734
36.427
37.076
37.683
38.248
38.772
39.258
39.707
40.119
40.496
40.841
41.152
41.433
41.685
41.907
42.102
42.271
42.414
42.532
42.625
42.695
42.741
42.764
42.764
42.741
42.695
42.625
42.532
42.414
42.271
42.102
41.907
41.685
41.433
41.152
40.841
40.496
40.119
39.707
39.258
38.772
38.248
37.683
37.076
36.427
35.734
34.997
34.213
33.383
32.506
31.581
30.608
29.587
28.518
27.401
26.237
25.026
23.77
22.47
21.127
19.743
18.319
16.859
15.364
13.837
12.28
10.698
9.0921
7.4665
5.8245
4.1696
2.5055
0.83578
-0.83347
-2.4935
-4.1501
-4.4411
-2.6683
-0.8919
0.89438
2.6812
4.4619
6.2328
7.99
9.7295
11.448
13.141
14.807
16.441
18.041
19.604
21.127
22.608
24.046
25.437
26.781
28.077
29.322
30.517
31.661
32.754
33.795
34.785
35.724
36.612
37.45
38.24
38.981
39.676
40.325
40.93
41.491
42.011
42.491
42.932
43.336
43.704
44.038
44.339
44.608
44.846
45.055
45.235
45.388
45.514
45.614
45.689
45.738
45.763
45.763
45.738
45.689
45.614
45.514
45.388
45.235
45.055
44.846
44.608
44.339
44.038
43.704
43.336
42.932
42.491
42.011
41.491
40.93
40.325
39.676
38.981
38.24
37.45
36.612
35.724
34.785
33.795
32.754
31.661
30.517
29.322
28.077
26.781
25.437
24.046
22.608
21.127
19.604
18.041
16.441
14.807
13.141
11.448
9.7295
7.99
6.2328
4.4619
2.6812
0.89438
-0.8919
-2.6683
-4.4411
-4.7234
-2.8379
-0.9486
0.95124
2.8516
4.7456
6.6291
8.4979
10.348
12.176
13.977
15.748
17.486
19.188
20.85
22.47
24.046
25.574
27.054
28.484
29.862
31.186
32.458
33.674
34.836
35.944
36.997
37.995
38.94
39.831
40.671
41.46
42.199
42.889
43.532
44.129
44.682
45.193
45.662
46.091
46.483
46.838
47.158
47.444
47.697
47.919
48.111
48.274
48.408
48.514
48.594
48.646
48.673
48.673
48.646
48.594
48.514
48.408
48.274
48.111
47.919
47.697
47.444
47.158
46.838
46.483
46.091
45.662
45.193
44.682
44.129
43.532
42.889
42.199
41.46
40.671
39.831
38.94
37.995
36.997
35.944
34.836
33.674
32.458
31.186
29.862
28.484
27.054
25.574
24.046
22.47
20.85
19.188
17.486
15.748
13.977
12.176
10.348
8.4979
6.6291
4.7456
2.8516
0.95124
-0.9486
-2.8379
-4.7234
-4.9967
-3.0022
-1.0035
1.0063
3.0166
5.0202
7.0127
8.9896
10.947
12.88
14.786
16.66
18.498
20.298
22.057
23.77
25.437
27.054
28.62
30.132
31.59
32.991
34.336
35.623
36.852
38.024
39.138
40.194
41.193
42.137
43.025
43.859
44.641
45.371
46.051
46.683
47.268
47.808
48.304
48.759
49.173
49.549
49.887
50.19
50.458
50.693
50.896
51.068
51.21
51.322
51.406
51.462
51.49
51.49
51.462
51.406
51.322
51.21
51.068
50.896
50.693
50.458
50.19
49.887
49.549
49.173
48.759
48.304
47.808
47.268
46.683
46.051
45.371
44.641
43.859
43.025
42.137
41.193
40.194
39.138
38.024
36.852
35.623
34.336
32.991
31.59
30.132
28.62
27.054
25.437
23.77
22.057
20.298
18.498
16.66
14.786
12.88
10.947
8.9896
7.0127
5.0202
3.0166
1.0063
-1.0035
-3.0022
-4.9967
-5.2607
-3.1608
-1.0565
1.0595
3.176
5.2855
7.3832
9.4646
11.525
13.561
15.567
17.54
19.476
21.371
23.222
25.026
26.781
28.484
30.132
31.724
33.259
34.734
36.15
37.505
38.8
40.033
41.206
42.318
43.37
44.363
45.299
46.177
47
47.769
48.485
49.15
49.766
50.335
50.857
51.336
51.772
52.167
52.523
52.842
53.124
53.372
53.586
53.767
53.916
54.035
54.123
54.182
54.211
54.211
54.182
54.123
54.035
53.916
53.767
53.586
53.372
53.124
52.842
52.523
52.167
51.772
51.336
50.857
50.335
49.766
49.15
48.485
47.769
47
46.177
45.299
44.363
43.37
42.318
41.206
40.033
38.8
37.505
36.15
34.734
33.259
31.724
30.132
28.484
26.781
25.026
23.222
21.371
19.476
17.54
15.567
13.561
11.525
9.4646
7.3832
5.2855
3.176
1.0595
-1.0565
-3.1608
-5.2607
-5.5152
-3.3137
-1.1076
1.1107
3.3296
5.5411
7.7403
9.9224
12.083
14.217
16.32
18.388
20.418
22.404
24.345
26.237
28.077
29.862
31.59
33.259
34.868
36.415
37.899
39.32
40.677
41.97
43.199
44.365
45.468
46.509
47.49
48.411
49.273
50.079
50.83
51.528
52.174
52.77
53.318
53.819
54.277
54.691
55.065
55.399
55.695
55.954
56.178
56.368
56.525
56.649
56.742
56.803
56.834
56.834
56.803
56.742
56.649
56.525
56.368
56.178
55.954
55.695
55.399
55.065
54.691
54.277
53.819
53.318
52.77
52.174
51.528
50.83
50.079
49.273
48.411
47.49
46.509
45.468
44.365
43.199
41.97
40.677
39.32
37.899
36.415
34.868
33.259
31.59
29.862
28.077
26.237
24.345
22.404
20.418
18.388
16.32
14.217
12.083
9.9224
7.7403
5.5411
3.3296
1.1107
-1.1076
-3.3137
-5.5152
-5.7599
-3.4607
-1.1568
1.16
3.4773
5.7869
8.0837
10.363
12.619
14.847
17.044
19.204
21.323
23.399
25.425
27.401
29.322
31.186
32.991
34.734
36.415
38.03
39.58
41.064
42.481
43.832
45.116
46.333
47.486
48.573
49.597
50.559
51.46
52.302
53.086
53.814
54.489
55.111
55.684
56.208
56.685
57.118
57.508
57.857
58.166
58.437
58.671
58.869
59.033
59.163
59.26
59.324
59.356
59.356
59.324
59.26
59.163
59.033
58.869
58.671
58.437
58.166
57.857
57.508
57.118
56.685
56.208
55.684
55.111
54.489
53.814
53.086
52.302
51.46
50.559
49.597
48.573
47.486
46.333
45.116
43.832
42.481
41.064
39.58
38.03
36.415
34.734
32.991
31.186
29.322
27.401
25.425
23.399
21.323
19.204
17.044
14.847
12.619
10.363
8.0837
5.7869
3.4773
1.16
-1.1568
-3.4607
-5.7599
-5.9946
-3.6017
-1.2039
1.2072
3.6191
6.0228
8.4132
10.785
13.133
15.453
17.739
19.987
22.193
24.352
26.462
28.518
30.517
32.458
34.336
36.15
37.899
39.58
41.194
42.738
44.213
45.619
46.955
48.222
49.421
50.553
51.619
52.62
53.558
54.434
55.25
56.008
56.71
57.358
57.954
58.499
58.996
59.447
59.853
60.216
60.537
60.819
61.063
61.269
61.44
61.575
61.676
61.742
61.776
61.776
61.742
61.676
61.575
61.44
61.269
61.063
60.819
60.537
60.216
59.853
59.447
58.996
58.499
57.954
57.358
56.71
56.008
55.25
54.434
53.558
52.62
51.619
50.553
49.421
48.222
46.955
45.619
44.213
42.738
41.194
39.58
37.899
36.15
34.336
32.458
30.517
28.518
26.462
24.352
22.193
19.987
17.739
15.453
13.133
10.785
8.4132
6.0228
3.6191
1.2072
-1.2039
-3.6017
-5.9946
-6.2193
-3.7367
-1.249
1.2525
3.7547
6.2486
8.7286
11.189
13.625
16.032
18.404
20.736
23.025
25.265
27.454
29.587
31.661
33.674
35.623
37.505
39.32
41.064
42.738
44.34
45.871
47.329
48.715
50.03
51.274
52.448
53.554
54.593
55.566
56.475
57.321
58.108
58.837
59.509
60.127
60.693
61.208
61.676
62.097
62.474
62.807
63.1
63.353
63.567
63.744
63.884
63.988
64.058
64.092
64.092
64.058
63.988
63.884
63.744
63.567
63.353
63.1
62.807
62.474
62.097
61.676
61.208
60.693
60.127
59.509
58.837
58.108
57.321
56.475
55.566
54.593
53.554
52.448
51.274
50.03
48.715
47.329
45.871
44.34
42.738
41.064
39.32
37.505
35.623
33.674
31.661
29.587
27.454
25.265
23.025
20.736
18.404
16.032
13.625
11.189
8.7286
6.2486
3.7547
1.2525
-1.249
-3.7367
-6.2193
-6.434
-3.8657
-1.2921
1.2957
3.8843
6.4642
9.0298
11.575
14.096
16.585
19.039
21.452
23.819
26.137
28.401
30.608
32.754
34.836
36.852
38.8
40.677
42.481
44.213
45.871
47.454
48.962
50.397
51.757
53.044
54.259
55.403
56.477
57.484
58.424
59.3
60.114
60.867
61.563
62.202
62.788
63.321
63.805
64.241
64.63
64.976
65.278
65.54
65.761
65.944
66.089
66.197
66.269
66.305
66.305
66.269
66.197
66.089
65.944
65.761
65.54
65.278
64.976
64.63
64.241
63.805
63.321
62.788
62.202
61.563
60.867
60.114
59.3
58.424
57.484
56.477
55.403
54.259
53.044
51.757
50.397
48.962
47.454
45.871
44.213
42.481
40.677
38.8
36.852
34.836
32.754
30.608
28.401
26.137
23.819
21.452
19.039
16.585
14.096
11.575
9.0298
6.4642
3.8843
1.2957
-1.2921
-3.8657
-6.434
-6.6385
-3.9886
-1.3332
1.3369
4.0078
6.6697
9.3168
11.943
14.544
17.112
19.644
22.133
24.576
26.968
29.304
31.581
33.795
35.944
38.024
40.033
41.97
43.832
45.619
47.329
48.962
50.519
51.999
53.402
54.73
55.984
57.164
58.273
59.311
60.282
61.185
62.025
62.803
63.52
64.18
64.784
65.334
65.834
66.283
66.685
67.042
67.354
67.624
67.852
68.041
68.191
68.302
68.376
68.413
68.413
68.376
68.302
68.191
68.041
67.852
67.624
67.354
67.042
66.685
66.283
65.834
65.334
64.784
64.18
63.52
62.803
62.025
61.185
60.282
59.311
58.273
57.164
55.984
54.73
53.402
51.999
50.519
48.962
47.329
45.619
43.832
41.97
40.033
38.024
35.944
33.795
31.581
29.304
26.968
24.576
22.133
19.644
17.112
14.544
11.943
9.3168
6.6697
4.0078
1.3369
-1.3332
-3.9886
-6.6385
-6.8329
-4.1054
-1.3722
1.3761
4.1251
6.865
9.5896
12.293
14.97
17.613
20.219
22.782
25.296
27.758
30.162
32.506
34.785
36.997
39.138
41.206
43.199
45.116
46.955
48.715
50.397
51.999
53.522
54.966
56.333
57.624
58.839
59.98
61.049
62.047
62.978
63.842
64.643
65.381
66.06
66.682
67.249
67.762
68.225
68.639
69.006
69.327
69.605
69.84
70.035
70.189
70.303
70.38
70.418
70.418
70.38
70.303
70.189
70.035
69.84
69.605
69.327
69.006
68.639
68.225
67.762
67.249
66.682
66.06
65.381
64.643
63.842
62.978
62.047
61.049
59.98
58.839
57.624
56.333
54.966
53.522
51.999
50.397
48.715
46.955
45.116
43.199
41.206
39.138
36.997
34.785
32.506
30.162
27.758
25.296
22.782
20.219
17.613
14.97
12.293
9.5896
6.865
4.1251
1.3761
-1.3722
-4.1054
-6.8329
-7.0172
-4.2161
-1.4093
1.4132
4.2364
7.0502
9.8484
12.625
15.373
18.089
20.765
23.396
25.979
28.507
30.976
33.383
35.724
37.995
40.194
42.318
44.365
46.333
48.222
50.03
51.757
53.402
54.966
56.45
57.854
59.179
60.427
61.599
62.697
63.722
64.678
65.566
66.388
67.146
67.844
68.482
69.064
69.592
70.067
70.492
70.869
71.199
71.484
71.726
71.925
72.084
72.202
72.28
72.319
72.319
72.28
72.202
72.084
71.925
71.726
71.484
71.199
70.869
70.492
70.067
69.592
69.064
68.482
67.844
67.146
66.388
65.566
64.678
63.722
62.697
61.599
60.427
59.179
57.854
56.45
54.966
53.402
51.757
50.03
48.222
46.333
44.365
42.318
40.194
37.995
35.724
33.383
30.976
28.507
25.979
23.396
20.765
18.089
15.373
12.625
9.8484
7.0502
4.2364
1.4132
-1.4093
-4.2161
-7.0172
-7.1917
-4.321
-1.4443
1.4483
4.3418
7.2255
10.093
12.939
15.756
18.538
21.281
23.978
26.624
29.215
31.746
34.213
36.612
38.94
41.193
43.37
45.468
47.486
49.421
51.274
53.044
54.73
56.333
57.854
59.293
60.651
61.93
63.131
64.256
65.307
66.287
67.196
68.039
68.816
69.531
70.186
70.782
71.323
71.81
72.246
72.632
72.97
73.262
73.51
73.715
73.877
73.998
74.078
74.118
74.118
74.078
73.998
73.877
73.715
73.51
73.262
72.97
72.632
72.246
71.81
71.323
70.782
70.186
69.531
68.816
68.039
67.196
66.287
65.307
64.256
63.131
61.93
60.651
59.293
57.854
56.333
54.73
53.044
51.274
49.421
47.486
45.468
43.37
41.193
38.94
36.612
34.213
31.746
29.215
26.624
23.978
21.281
18.538
15.756
12.939
10.093
7.2255
4.3418
1.4483
-1.4443
-4.321
-7.1917
-7.3564
-4.4199
-1.4774
1.4815
4.4412
7.391
10.324
13.235
16.116
18.963
21.768
24.527
27.234
29.884
32.473
34.997
37.45
39.831
42.137
44.363
46.509
48.573
50.553
52.448
54.259
55.984
57.624
59.179
60.651
62.04
63.348
64.577
65.728
66.803
67.805
68.736
69.597
70.393
71.124
71.793
72.404
72.957
73.455
73.901
74.296
74.642
74.941
75.194
75.403
75.569
75.693
75.775
75.816
75.816
75.775
75.693
75.569
75.403
75.194
74.941
74.642
74.296
73.901
73.455
72.957
72.404
71.793
71.124
70.393
69.597
68.736
67.805
66.803
65.728
64.577
63.348
62.04
60.651
59.179
57.624
55.984
54.259
52.448
50.553
48.573
46.509
44.363
42.137
39.831
37.45
34.997
32.473
29.884
27.234
24.527
21.768
18.963
16.116
13.235
10.324
7.391
4.4412
1.4815
-1.4774
-4.4199
-7.3564
-7.5114
-4.5131
-1.5085
1.5127
4.5348
7.5468
10.542
13.514
16.456
19.363
22.227
25.044
27.808
30.514
33.158
35.734
38.24
40.671
43.025
45.299
47.49
49.597
51.619
53.554
55.403
57.164
58.839
60.427
61.93
63.348
64.684
65.938
67.114
68.212
69.235
70.185
71.065
71.877
72.624
73.307
73.93
74.495
75.004
75.459
75.863
76.216
76.521
76.78
76.994
77.163
77.289
77.373
77.415
77.415
77.373
77.289
77.163
76.994
76.78
76.521
76.216
75.863
75.459
75.004
74.495
73.93
73.307
72.624
71.877
71.065
70.185
69.235
68.212
67.114
65.938
64.684
63.348
61.93
60.427
58.839
57.164
55.403
53.554
51.619
49.597
47.49
45.299
43.025
40.671
38.24
35.734
33.158
30.514
27.808
25.044
22.227
19.363
16.456
13.514
10.542
7.5468
4.5348
1.5127
-1.5085
-4.5131
-7.5114
-7.6571
-4.6006
-1.5378
1.542
4.6227
7.6931
10.746
13.776
16.775
19.738
22.658
25.53
28.347
31.106
33.801
36.427
38.981
41.46
43.859
46.177
48.411
50.559
52.62
54.593
56.477
58.273
59.98
61.599
63.131
64.577
65.938
67.217
68.416
69.535
70.578
71.547
72.444
73.272
74.033
74.73
75.365
75.94
76.459
76.923
77.334
77.695
78.006
78.27
78.488
78.66
78.789
78.874
78.917
78.917
78.874
78.789
78.66
78.488
78.27
78.006
77.695
77.334
76.923
76.459
75.94
75.365
74.73
74.033
73.272
72.444
71.547
70.578
69.535
68.416
67.217
65.938
64.577
63.131
61.599
59.98
58.273
56.477
54.593
52.62
50.559
48.411
46.177
43.859
41.46
38.981
36.427
33.801
31.106
28.347
25.53
22.658
19.738
16.775
13.776
10.746
7.6931
4.6227
1.542
-1.5378
-4.6006
-7.6571
-7.7935
-4.6825
-1.5652
1.5695
4.7051
7.8301
10.938
14.021
17.074
20.09
23.062
25.985
28.852
31.66
34.403
37.076
39.676
42.199
44.641
47
49.273
51.46
53.558
55.566
57.484
59.311
61.049
62.697
64.256
65.728
67.114
68.416
69.635
70.774
71.836
72.822
73.735
74.578
75.352
76.062
76.708
77.294
77.822
78.295
78.713
79.08
79.397
79.665
79.887
80.063
80.194
80.281
80.324
80.324
80.281
80.194
80.063
79.887
79.665
79.397
79.08
78.713
78.295
77.822
77.294
76.708
76.062
75.352
74.578
73.735
72.822
71.836
70.774
69.635
68.416
67.114
65.728
64.256
62.697
61.049
59.311
57.484
55.566
53.558
51.46
49.273
47
44.641
42.199
39.676
37.076
34.403
31.66
28.852
25.985
23.062
20.09
17.074
14.021
10.938
7.8301
4.7051
1.5695
-1.5652
-4.6825
-7.7935
-7.9209
-4.7591
-1.5908
1.5952
4.782
7.9582
11.117
14.251
17.353
20.418
23.439
26.41
29.324
32.178
34.966
37.683
40.325
42.889
45.371
47.769
50.079
52.302
54.434
56.475
58.424
60.282
62.047
63.722
65.307
66.803
68.212
69.535
70.774
71.932
73.011
74.014
74.942
75.798
76.586
77.306
77.964
78.559
79.096
79.576
80.001
80.374
80.696
80.969
81.194
81.373
81.506
81.595
81.639
81.639
81.595
81.506
81.373
81.194
80.969
80.696
80.374
80.001
79.576
79.096
78.559
77.964
77.306
76.586
75.798
74.942
74.014
73.011
71.932
70.774
69.535
68.212
66.803
65.307
63.722
62.047
60.282
58.424
56.475
54.434
52.302
50.079
47.769
45.371
42.889
40.325
37.683
34.966
32.178
29.324
26.41
23.439
20.418
17.353
14.251
11.117
7.9582
4.782
1.5952
-1.5908
-4.7591
-7.9209
-8.0397
-4.8304
-1.6146
1.6191
4.8537
8.0775
11.283
14.464
17.614
20.724
23.79
26.805
29.764
32.66
35.49
38.248
40.93
43.532
46.051
48.485
50.83
53.086
55.25
57.321
59.3
61.185
62.978
64.678
66.287
67.805
69.235
70.578
71.836
73.011
74.107
75.124
76.066
76.935
77.734
78.466
79.133
79.738
80.283
80.77
81.202
81.58
81.907
82.184
82.413
82.594
82.729
82.819
82.863
82.863
82.819
82.729
82.594
82.413
82.184
81.907
81.58
81.202
80.77
80.283
79.738
79.133
78.466
77.734
76.935
76.066
75.124
74.107
73.011
71.836
70.578
69.235
67.805
66.287
64.678
62.978
61.185
59.3
57.321
55.25
53.086
50.83
48.485
46.051
43.532
40.93
38.248
35.49
32.66
29.764
26.805
23.79
20.724
17.614
14.464
11.283
8.0775
4.8537
1.6191
-1.6146
-4.8304
-8.0397
-8.15
-4.8967
-1.6368
1.6413
4.9203
8.1883
11.438
14.663
17.855
21.009
24.117
27.173
30.172
33.109
35.977
38.772
41.491
44.129
46.683
49.15
51.528
53.814
56.008
58.108
60.114
62.025
63.842
65.566
67.196
68.736
70.185
71.547
72.822
74.014
75.124
76.155
77.11
77.991
78.802
79.543
80.22
80.833
81.385
81.879
82.316
82.7
83.032
83.312
83.544
83.728
83.865
83.956
84.001
84.001
83.956
83.865
83.728
83.544
83.312
83.032
82.7
82.316
81.879
81.385
80.833
80.22
79.543
78.802
77.991
77.11
76.155
75.124
74.014
72.822
71.547
70.185
68.736
67.196
65.566
63.842
62.025
60.114
58.108
56.008
53.814
51.528
49.15
46.683
44.129
41.491
38.772
35.977
33.109
30.172
27.173
24.117
21.009
17.855
14.663
11.438
8.1883
4.9203
1.6413
-1.6368
-4.8967
-8.15
-8.2521
-4.9581
-1.6573
1.6619
4.9819
8.2909
11.582
14.847
18.079
21.272
24.419
27.514
30.55
33.524
36.428
39.258
42.011
44.682
47.268
49.766
52.174
54.489
56.71
58.837
60.867
62.803
64.643
66.388
68.039
69.597
71.065
72.444
73.735
74.942
76.066
77.11
78.077
78.969
79.79
80.541
81.226
81.846
82.406
82.906
83.349
83.737
84.073
84.357
84.592
84.778
84.917
85.009
85.055
85.055
85.009
84.917
84.778
84.592
84.357
84.073
83.737
83.349
82.906
82.406
81.846
81.226
80.541
79.79
78.969
78.077
77.11
76.066
74.942
73.735
72.444
71.065
69.597
68.039
66.388
64.643
62.803
60.867
58.837
56.71
54.489
52.174
49.766
47.268
44.682
42.011
39.258
36.428
33.524
30.55
27.514
24.419
21.272
18.079
14.847
11.582
8.2909
4.9819
1.6619
-1.6573
-4.9581
-8.2521
-8.3463
-5.0147
-1.6762
1.6809
5.0388
8.3856
11.714
15.016
18.285
21.515
24.698
27.828
30.899
33.906
36.844
39.707
42.491
45.193
47.808
50.335
52.77
55.111
57.358
59.509
61.563
63.52
65.381
67.146
68.816
70.393
71.877
73.272
74.578
75.798
76.935
77.991
78.969
79.872
80.702
81.462
82.154
82.782
83.347
83.853
84.302
84.695
85.034
85.322
85.559
85.747
85.888
85.981
86.027
86.027
85.981
85.888
85.747
85.559
85.322
85.034
84.695
84.302
83.853
83.347
82.782
82.154
81.462
80.702
79.872
78.969
77.991
76.935
75.798
74.578
73.272
71.877
70.393
68.816
67.146
65.381
63.52
61.563
59.509
57.358
55.111
52.77
50.335
47.808
45.193
42.491
39.707
36.844
33.906
30.899
27.828
24.698
21.515
18.285
15.016
11.714
8.3856
5.0388
1.6809
-1.6762
-5.0147
-8.3463
-8.433
-5.0667
-1.6936
1.6983
5.0912
8.4727
11.835
15.172
18.475
21.738
24.954
28.117
31.22
34.258
37.226
40.119
42.932
45.662
48.304
50.857
53.318
55.684
57.954
60.127
62.202
64.18
66.06
67.844
69.531
71.124
72.624
74.033
75.352
76.586
77.734
78.802
79.79
80.702
81.54
82.308
83.008
83.642
84.214
84.725
85.178
85.575
85.918
86.208
86.448
86.638
86.78
86.874
86.921
86.921
86.874
86.78
86.638
86.448
86.208
85.918
85.575
85.178
84.725
84.214
83.642
83.008
82.308
81.54
80.702
79.79
78.802
77.734
76.586
75.352
74.033
72.624
71.124
69.531
67.844
66.06
64.18
62.202
60.127
57.954
55.684
53.318
50.857
48.304
45.662
42.932
40.119
37.226
34.258
31.22
28.117
24.954
21.738
18.475
15.172
11.835
8.4727
5.0912
1.6983
-1.6936
-5.0667
-8.433
-8.5123
-5.1144
-1.7095
1.7143
5.139
8.5524
11.947
15.315
18.649
21.943
25.189
28.381
31.514
34.581
37.577
40.496
43.336
46.091
48.759
51.336
53.819
56.208
58.499
60.693
62.788
64.784
66.682
68.482
70.186
71.793
73.307
74.73
76.062
77.306
78.466
79.543
80.541
81.462
82.308
83.083
83.789
84.43
85.006
85.522
85.98
86.381
86.727
87.02
87.262
87.454
87.597
87.692
87.74
87.74
87.692
87.597
87.454
87.262
87.02
86.727
86.381
85.98
85.522
85.006
84.43
83.789
83.083
82.308
81.462
80.541
79.543
78.466
77.306
76.062
74.73
73.307
71.793
70.186
68.482
66.682
64.784
62.788
60.693
58.499
56.208
53.819
51.336
48.759
46.091
43.336
40.496
37.577
34.581
31.514
28.381
25.189
21.943
18.649
15.315
11.947
8.5524
5.139
1.7143
-1.7095
-5.1144
-8.5123
-8.5846
-5.1578
-1.7241
1.7288
5.1827
8.625
12.048
15.445
18.807
22.129
25.403
28.623
31.782
34.874
37.896
40.841
43.704
46.483
49.173
51.772
54.277
56.685
58.996
61.208
63.321
65.334
67.249
69.064
70.782
72.404
73.93
75.365
76.708
77.964
79.133
80.22
81.226
82.154
83.008
83.789
84.502
85.147
85.729
86.25
86.711
87.115
87.464
87.76
88.004
88.198
88.342
88.438
88.486
88.486
88.438
88.342
88.198
88.004
87.76
87.464
87.115
86.711
86.25
85.729
85.147
84.502
83.789
83.008
82.154
81.226
80.22
79.133
77.964
76.708
75.365
73.93
72.404
70.782
69.064
67.249
65.334
63.321
61.208
58.996
56.685
54.277
51.772
49.173
46.483
43.704
40.841
37.896
34.874
31.782
28.623
25.403
22.129
18.807
15.445
12.048
8.625
5.1827
1.7288
-1.7241
-5.1578
-8.5846
-8.6501
-5.1972
-1.7372
1.742
5.2223
8.6909
12.14
15.563
18.951
22.298
25.597
28.841
32.024
35.141
38.185
41.152
44.038
46.838
49.549
52.167
54.691
57.118
59.447
61.676
63.805
65.834
67.762
69.592
71.323
72.957
74.495
75.94
77.294
78.559
79.738
80.833
81.846
82.782
83.642
84.43
85.147
85.798
86.384
86.909
87.374
87.781
88.133
88.431
88.677
88.872
89.018
89.114
89.162
89.162
89.114
89.018
88.872
88.677
88.431
88.133
87.781
87.374
86.909
86.384
85.798
85.147
84.43
83.642
82.782
81.846
80.833
79.738
78.559
77.294
75.94
74.495
72.957
71.323
69.592
67.762
65.834
63.805
61.676
59.447
57.118
54.691
52.167
49.549
46.838
44.038
41.152
38.185
35.141
32.024
28.841
25.597
22.298
18.951
15.563
12.14
8.6909
5.2223
1.742
-1.7372
-5.1972
-8.6501
-8.7092
-5.2327
-1.7491
1.7539
5.2579
8.7502
12.223
15.669
19.08
22.45
25.772
29.038
32.243
35.381
38.446
41.433
44.339
47.158
49.887
52.523
55.065
57.508
59.853
62.097
64.241
66.283
68.225
70.067
71.81
73.455
75.004
76.459
77.822
79.096
80.283
81.385
82.406
83.347
84.214
85.006
85.729
86.384
86.975
87.503
87.971
88.381
88.735
89.035
89.283
89.479
89.626
89.723
89.772
89.772
89.723
89.626
89.479
89.283
89.035
88.735
88.381
87.971
87.503
86.975
86.384
85.729
85.006
84.214
83.347
82.406
81.385
80.283
79.096
77.822
76.459
75.004
73.455
71.81
70.067
68.225
66.283
64.241
62.097
59.853
57.508
55.065
52.523
49.887
47.158
44.339
41.433
38.446
35.381
32.243
29.038
25.772
22.45
19.08
15.669
12.223
8.7502
5.2579
1.7539
-1.7491
-5.2327
-8.7092
-8.762
-5.2644
-1.7597
1.7646
5.2898
8.8032
12.297
15.764
19.196
22.586
25.928
29.214
32.438
35.595
38.679
41.685
44.608
47.444
50.19
52.842
55.399
57.857
60.216
62.474
64.63
66.685
68.639
70.492
72.246
73.901
75.459
76.923
78.295
79.576
80.77
81.879
82.906
83.853
84.725
85.522
86.25
86.909
87.503
88.034
88.505
88.917
89.274
89.576
89.825
90.023
90.17
90.268
90.317
90.317
90.268
90.17
90.023
89.825
89.576
89.274
88.917
88.505
88.034
87.503
86.909
86.25
85.522
84.725
83.853
82.906
81.879
80.77
79.576
78.295
76.923
75.459
73.901
72.246
70.492
68.639
66.685
64.63
62.474
60.216
57.857
55.399
52.842
50.19
47.444
44.608
41.685
38.679
35.595
32.438
29.214
25.928
22.586
19.196
15.764
12.297
8.8032
5.2898
1.7646
-1.7597
-5.2644
-8.762
-8.8088
-5.2925
-1.7691
1.774
5.318
8.8503
12.363
15.848
19.299
22.707
26.066
29.37
32.612
35.785
38.886
41.907
44.846
47.697
50.458
53.124
55.695
58.166
60.537
62.807
64.976
67.042
69.006
70.869
72.632
74.296
75.863
77.334
78.713
80.001
81.202
82.316
83.349
84.302
85.178
85.98
86.711
87.374
87.971
88.505
88.978
89.393
89.751
90.055
90.305
90.504
90.652
90.751
90.8
90.8
90.751
90.652
90.504
90.305
90.055
89.751
89.393
88.978
88.505
87.971
87.374
86.711
85.98
85.178
84.302
83.349
82.316
81.202
80.001
78.713
77.334
75.863
74.296
72.632
70.869
69.006
67.042
64.976
62.807
60.537
58.166
55.695
53.124
50.458
47.697
44.846
41.907
38.886
35.785
32.612
29.37
26.066
22.707
19.299
15.848
12.363
8.8503
5.318
1.774
-1.7691
-5.2925
-8.8088
-8.8498
-5.3172
-1.7773
1.7823
5.3428
8.8915
12.42
15.922
19.388
22.813
26.188
29.507
32.764
35.952
39.067
42.102
45.055
47.919
50.693
53.372
55.954
58.437
60.819
63.1
65.278
67.354
69.327
71.199
72.97
74.642
76.216
77.695
79.08
80.374
81.58
82.7
83.737
84.695
85.575
86.381
87.115
87.781
88.381
88.917
89.393
89.81
90.17
90.475
90.726
90.926
91.075
91.174
91.223
91.223
91.174
91.075
90.926
90.726
90.475
90.17
89.81
89.393
88.917
88.381
87.781
87.115
86.381
85.575
84.695
83.737
82.7
81.58
80.374
79.08
77.695
76.216
74.642
72.97
71.199
69.327
67.354
65.278
63.1
60.819
58.437
55.954
53.372
50.693
47.919
45.055
42.102
39.067
35.952
32.764
29.507
26.188
22.813
19.388
15.922
12.42
8.8915
5.3428
1.7823
-1.7773
-5.3172
-8.8498
-8.8852
-5.3385
-1.7844
1.7894
5.3642
8.9271
12.47
15.986
19.466
22.904
26.293
29.625
32.895
36.096
39.223
42.271
45.235
48.111
50.896
53.586
56.178
58.671
61.063
63.353
65.54
67.624
69.605
71.484
73.262
74.941
76.521
78.006
79.397
80.696
81.907
83.032
84.073
85.034
85.918
86.727
87.464
88.133
88.735
89.274
89.751
90.17
90.531
90.837
91.09
91.291
91.44
91.539
91.589
91.589
91.539
91.44
91.291
91.09
90.837
90.531
90.17
89.751
89.274
88.735
88.133
87.464
86.727
85.918
85.034
84.073
83.032
81.907
80.696
79.397
78.006
76.521
74.941
73.262
71.484
69.605
67.624
65.54
63.353
61.063
58.671
56.178
53.586
50.896
48.111
45.235
42.271
39.223
36.096
32.895
29.625
26.293
22.904
19.466
15.986
12.47
8.9271
5.3642
1.7894
-1.7844
-5.3385
-8.8852
-8.9152
-5.3565
-1.7905
1.7954
5.3823
8.9572
12.512
16.04
19.532
22.981
26.381
29.725
33.006
36.218
39.356
42.414
45.388
48.274
51.068
53.767
56.368
58.869
61.269
63.567
65.761
67.852
69.84
71.726
73.51
75.194
76.78
78.27
79.665
80.969
82.184
83.312
84.357
85.322
86.208
87.02
87.76
88.431
89.035
89.576
90.055
90.475
90.837
91.145
91.398
91.6
91.749
91.849
91.899
91.899
91.849
91.749
91.6
91.398
91.145
90.837
90.475
90.055
89.576
89.035
88.431
87.76
87.02
86.208
85.322
84.357
83.312
82.184
80.969
79.665
78.27
76.78
75.194
73.51
71.726
69.84
67.852
65.761
63.567
61.269
58.869
56.368
53.767
51.068
48.274
45.388
42.414
39.356
36.218
33.006
29.725
26.381
22.981
19.532
16.04
12.512
8.9572
5.3823
1.7954
-1.7905
-5.3565
-8.9152
-8.94
-5.3714
-1.7954
1.8004
5.3973
8.9821
12.547
16.084
19.586
23.045
26.455
29.808
33.098
36.319
39.465
42.532
45.514
48.408
51.21
53.916
56.525
59.033
61.44
63.744
65.944
68.041
70.035
71.925
73.715
75.403
76.994
78.488
79.887
81.194
82.413
83.544
84.592
85.559
86.448
87.262
88.004
88.677
89.283
89.825
90.305
90.726
91.09
91.398
91.653
91.854
92.005
92.105
92.154
92.154
92.105
92.005
91.854
91.653
91.398
91.09
90.726
90.305
89.825
89.283
88.677
88.004
87.262
86.448
85.559
84.592
83.544
82.413
81.194
79.887
78.488
76.994
75.403
73.715
71.925
70.035
68.041
65.944
63.744
61.44
59.033
56.525
53.916
51.21
48.408
45.514
42.532
39.465
36.319
33.098
29.808
26.455
23.045
19.586
16.084
12.547
8.9821
5.3973
1.8004
-1.7954
-5.3714
-8.94
-8.9596
-5.3832
-1.7994
1.8044
5.4091
9.0019
12.575
16.12
19.629
23.096
26.513
29.873
33.17
36.398
39.552
42.625
45.614
48.514
51.322
54.035
56.649
59.163
61.575
63.884
66.089
68.191
70.189
72.084
73.877
75.569
77.163
78.66
80.063
81.373
82.594
83.728
84.778
85.747
86.638
87.454
88.198
88.872
89.479
90.023
90.504
90.926
91.291
91.6
91.854
92.057
92.207
92.307
92.357
92.357
92.307
92.207
92.057
91.854
91.6
91.291
90.926
90.504
90.023
89.479
88.872
88.198
87.454
86.638
85.747
84.778
83.728
82.594
81.373
80.063
78.66
77.163
75.569
73.877
72.084
70.189
68.191
66.089
63.884
61.575
59.163
56.649
54.035
51.322
48.514
45.614
42.625
39.552
36.398
33.17
29.873
26.513
23.096
19.629
16.12
12.575
9.0019
5.4091
1.8044
-1.7994
-5.3832
-8.9596
-8.9743
-5.392
-1.8023
1.8073
5.418
9.0166
12.595
16.146
19.661
23.134
26.556
29.922
33.225
36.458
39.616
42.695
45.689
48.594
51.406
54.123
56.742
59.26
61.676
63.988
66.197
68.302
70.303
72.202
73.998
75.693
77.289
78.789
80.194
81.506
82.729
83.865
84.917
85.888
86.78
87.597
88.342
89.018
89.626
90.17
90.652
91.075
91.44
91.749
92.005
92.207
92.358
92.459
92.508
92.508
92.459
92.358
92.207
92.005
91.749
91.44
91.075
90.652
90.17
89.626
89.018
88.342
87.597
86.78
85.888
84.917
83.865
82.729
81.506
80.194
78.789
77.289
75.693
73.998
72.202
70.303
68.302
66.197
63.988
61.676
59.26
56.742
54.123
51.406
48.594
45.689
42.695
39.616
36.458
33.225
29.922
26.556
23.134
19.661
16.146
12.595
9.0166
5.418
1.8073
-1.8023
-5.392
-8.9743
-8.984
-5.3978
-1.8043
1.8093
5.4238
9.0263
12.609
16.163
19.683
23.159
26.585
29.954
33.261
36.497
39.659
42.741
45.738
48.646
51.462
54.182
56.803
59.324
61.742
64.058
66.269
68.376
70.38
72.28
74.078
75.775
77.373
78.874
80.281
81.595
82.819
83.956
85.009
85.981
86.874
87.692
88.438
89.114
89.723
90.268
90.751
91.174
91.539
91.849
92.105
92.307
92.459
92.559
92.609
92.609
92.559
92.459
92.307
92.105
91.849
91.539
91.174
90.751
90.268
89.723
89.114
88.438
87.692
86.874
85.981
85.009
83.956
82.819
81.595
80.281
78.874
77.373
75.775
74.078
72.28
70.38
68.376
66.269
64.058
61.742
59.324
56.803
54.182
51.462
48.646
45.738
42.741
39.659
36.497
33.261
29.954
26.585
23.159
19.683
16.163
12.609
9.0263
5.4238
1.8093
-1.8043
-5.3978
-8.984
-8.9888
-5.4007
-1.8052
1.8103
5.4268
9.0312
12.616
16.172
19.693
23.171
26.599
29.971
33.279
36.517
39.681
42.764
45.763
48.673
51.49
54.211
56.834
59.356
61.776
64.092
66.305
68.413
70.418
72.319
74.118
75.816
77.415
78.917
80.324
81.639
82.863
84.001
85.055
86.027
86.921
87.74
88.486
89.162
89.772
90.317
90.8
91.223
91.589
91.899
92.154
92.357
92.508
92.609
92.659
92.659
92.609
92.508
92.357
92.154
91.899
91.589
91.223
90.8
90.317
89.772
89.162
88.486
87.74
86.921
86.027
85.055
84.001
82.863
81.639
80.324
78.917
77.415
75.816
74.118
72.319
70.418
68.413
66.305
64.092
61.776
59.356
56.834
54.211
51.49
48.673
45.763
42.764
39.681
36.517
33.279
29.971
26.599
23.171
19.693
16.172
12.616
9.0312
5.4268
1.8103
-1.8052
-5.4007
-8.9888
-8.9888
-5.4007
-1.8052
1.8103
5.4268
9.0312
12.616
16.172
19.693
23.171
26.599
29.971
33.279
36.517
39.681
42.764
45.763
48.673
51.49
54.211
56.834
59.356
61.776
64.092
66.305
68.413
70.418
72.319
74.118
75.816
77.415
78.917
80.324
81.639
82.863
84.001
85.055
86.027
86.921
87.74
88.486
89.162
89.772
90.317
90.8
91.223
91.589
91.899
92.154
92.357
92.508
92.609
92.659
92.659
92.609
92.508
92.357
92.154
91.899
91.589
91.223
90.8
90.317
89.772
89.162
88.486
87.74
86.921
86.027
85.055
84.001
82.863
81.639
80.324
78.917
77.415
75.816
74.118
72.319
70.418
68.413
66.305
64.092
61.776
59.356
56.834
54.211
51.49
48.673
45.763
42.764
39.681
36.517
33.279
29.971
26.599
23.171
19.693
16.172
12.616
9.0312
5.4268
1.8103
-1.8052
-5.4007
-8.9888
-8.984
-5.3978
-1.8043
1.8093
5.4238
9.0263
12.609
16.163
19.683
23.159
26.585
29.954
33.261
36.497
39.659
42.741
45.738
48.646
51.462
54.182
56.803
59.324
61.742
64.058
66.269
68.376
70.38
72.28
74.078
75.775
77.373
78.874
80.281
81.595
82.819
83.956
85.009
85.981
86.874
87.692
88.438
89.114
89.723
90.268
90.751
91.174
91.539
91.849
92.105
92.307
92.459
92.559
92.609
92.609
92.559
92.459
92.307
92.105
91.849
91.539
91.174
90.751
90.268
89.723
89.114
88.438
87.692
86.874
85.981
85.009
83.956
82.819
81.595
80.281
78.874
77.373
75.775
74.078
72.28
70.38
68.376
66.269
64.058
61.742
59.324
56.803
54.182
51.462
48.646
45.738
42.741
39.659
36.497
33.261
29.954
26.585
23.159
19.683
16.163
12.609
9.0263
5.4238
1.8093
-1.8043
-5.3978
-8.984
-8.9743
-5.392
-1.8023
1.8073
5.418
9.0166
12.595
16.146
19.661
23.134
26.556
29.922
33.225
36.458
39.616
42.695
45.689
48.594
51.406
54.123
56.742
59.26
61.676
63.988
66.197
68.302
70.303
72.202
73.998
75.693
77.289
78.789
80.194
81.506
82.729
83.865
84.917
85.888
86.78
87.597
88.342
89.018
89.626
90.17
90.652
91.075
91.44
91.749
92.005
92.207
92.358
92.459
92.508
92.508
92.459
92.358
92.207
92.005
91.749
91.44
91.075
90.652
90.17
89.626
89.018
88.342
87.597
86.78
85.888
84.917
83.865
82.729
81.506
80.194
78.789
77.289
75.693
73.998
72.202
70.303
68.302
66.197
63.988
61.676
59.26
56.742
54.123
51.406
48.594
45.689
42.695
39.616
36.458
33.225
29.922
26.556
23.134
19.661
16.146
12.595
9.0166
5.418
1.8073
-1.8023
-5.392
-8.9743
-8.9596
-5.3832
-1.7994
1.8044
5.4091
9.0019
12.575
16.12
19.629
23.096
26.513
29.873
33.17
36.398
39.552
42.625
45.614
48.514
51.322
54.035
56.649
59.163
61.575
63.884
66.089
68.191
70.189
72.084
73.877
75.569
77.163
78.66
80.063
81.373
82.594
83.728
84.778
85.747
86.638
87.454
88.198
88.872
89.479
90.023
90.504
90.926
91.291
91.6
91.854
92.057
92.207
92.307
92.357
92.357
92.307
92.207
92.057
91.854
91.6
91.291
90.926
90.504
90.023
89.479
88.872
88.198
87.454
86.638
85.747
84.778
83.728
82.594
81.373
80.063
78.66
77.163
75.569
73.877
72.084
70.189
68.191
66.089
63.884
61.575
59.163
56.649
54.035
51.322
48.514
45.614
42.625
39.552
36.398
33.17
29.873
26.513
23.096
19.629
16.12
12.575
9.0019
5.4091
1.8044
-1.7994
-5.3832
-8.9596
-8.94
-5.3714
-1.7954
1.8004
5.3973
8.9821
12.547
16.084
19.586
23.045
26.455
29.808
33.098
36.319
39.465
42.532
45.514
48.408
51.21
53.916
56.525
59.033
61.44
63.744
65.944
68.041
70.035
71.925
73.715
75.403
76.994
78.488
79.887
81.194
82.413
83.544
84.592
85.559
86.448
87.262
88.004
88.677
89.283
89.825
90.305
90.726
91.09
91.398
91.653
91.854
92.005
92.105
92.154
92.154
92.105
92.005
91.854
91.653
91.398
91.09
90.726
90.305
89.825
89.283
88.677
88.004
87.262
86.448
85.559
84.592
83.544
82.413
81.194
79.887
78.488
76.994
75.403
73.715
71.925
70.035
68.041
65.944
63.744
61.44
59.033
56.525
53.916
51.21
48.408
45.514
42.532
39.465
36.319
33.098
29.808
26.455
23.045
19.586
16.084
12.547
8.9821
5.3973
1.8004
-1.7954
-5.3714
-8.94
-8.9152
-5.3565
-1.7905
1.7954
5.3823
8.9572
12.512
16.04
19.532
22.981
26.381
29.725
33.006
36.218
39.356
42.414
45.388
48.274
51.068
53.767
56.368
58.869
61.269
63.567
65.761
67.852
69.84
71.726
73.51
75.194
76.78
78.27
79.665
80.969
82.184
83.312
84.357
85.322
86.208
87.02
87.76
88.431
89.035
89.576
90.055
90.475
90.837
91.145
91.398
91.6
91.749
91.849
91.899
91.899
91.849
91.749
91.6
91.398
91.145
90.837
90.475
90.055
89.576
89.035
88.431
87.76
87.02
86.208
85.322
84.357
83.312
82.184
80.969
79.665
78.27
76.78
75.194
73.51
71.726
69.84
67.852
65.761
63.567
61.269
58.869
56.368
53.767
51.068
48.274
45.388
42.414
39.356
36.218
33.006
29.725
26.381
22.981
19.532
16.04
12.512
8.9572
5.3823
1.7954
-1.7905
-5.3565
-8.9152
-8.8852
-5.3385
-1.7844
1.7894
5.3642
8.9271
12.47
15.986
19.466
22.904
26.293
29.625
32.895
36.096
39.223
42.271
45.235
48.111
50.896
53.586
56.178
58.671
61.063
63.353
65.54
67.624
69.605
71.484
73.262
74.941
76.521
78.006
79.397
80.696
81.907
83.032
84.073
85.034
85.918
86.727
87.464
88.133
88.735
89.274
89.751
90.17
90.531
90.837
91.09
91.291
91.44
91.539
91.589
91.589
91.539
91.44
91.291
91.09
90.837
90.531
90.17
89.751
89.274
88.735
88.133
87.464
86.727
85.918
85.034
84.073
83.032
81.907
80.696
79.397
78.006
76.521
74.941
73.262
71.484
69.605
67.624
65.54
63.353
61.063
58.671
56.178
53.586
50.896
48.111
45.235
42.271
39.223
36.096
32.895
29.625
26.293
22.904
19.466
15.986
12.47
8.9271
5.3642
1.7894
-1.7844
-5.3385
-8.8852
-8.8498
-5.3172
-1.7773
1.7823
5.3428
8.8915
12.42
15.922
19.388
22.813
26.188
29.507
32.764
35.952
39.067
42.102
45.055
47.919
50.693
53.372
55.954
58.437
60.819
63.1
65.278
67.354
69.327
71.199
72.97
74.642
76.216
77.695
79.08
80.374
81.58
82.7
83.737
84.695
85.575
86.381
87.115
87.781
88.381
88.917
89.393
89.81
90.17
90.475
90.726
90.926
91.075
91.174
91.223
91.223
91.174
91.075
90.926
90.726
90.475
90.17
89.81
89.393
88.917
88.381
87.781
87.115
86.381
85.575
84.695
83.737
82.7
81.58
80.374
79.08
77.695
76.216
74.642
72.97
71.199
69.327
67.354
65.278
63.1
60.819
58.437
55.954
53.372
50.693
47.919
45.055
42.102
39.067
35.952
32.764
29.507
26.188
22.813
19.388
15.922
12.42
8.8915
5.3428
1.7823
-1.7773
-5.3172
-8.8498
-8.8088
-5.2925
-1.7691
1.774
5.318
8.8503
12.363
15.848
19.299
22.707
26.066
29.37
32.612
35.785
38.886
41.907
44.846
47.697
50.458
53.124
55.695
58.166
60.537
62.807
64.976
67.042
69.006
70.869
72.632
74.296
75.863
77.334
78.713
80.001
81.202
82.316
83.349
84.302
85.178
85.98
86.711
87.374
87.971
88.505
88.978
89.393
89.751
90.055
90.305
90.504
90.652
90.751
90.8
90.8
90.751
90.652
90.504
90.305
90.055
89.751
89.393
88.978
88.505
87.971
87.374
86.711
85.98
85.178
84.302
83.349
82.316
81.202
80.001
78.713
77.334
75.863
74.296
72.632
70.869
69.006
67.042
64.976
62.807
60.537
58.166
55.695
53.124
50.458
47.697
44.846
41.907
38.886
35.785
32.612
29.37
26.066
22.707
19.299
15.848
12.363
8.8503
5.318
1.774
-1.7691
-5.2925
-8.8088
-8.762
-5.2644
-1.7597
1.7646
5.2898
8.8032
12.297
15.764
19.196
22.586
25.928
29.214
32.438
35.595
38.679
41.685
44.608
47.444
50.19
52.842
55.399
57.857
60.216
62.474
64.63
66.685
68.639
70.492
72.246
73.901
75.459
76.923
78.295
79.576
80.77
81.879
82.906
83.853
84.725
85.522
86.25
86.909
87.503
88.034
88.505
88.917
89.274
89.576
89.825
90.023
90.17
90.268
90.317
90.317
90.268
90.17
90.023
89.825
89.576
89.274
88.917
88.505
88.034
87.503
86.909
86.25
85.522
84.725
83.853
82.906
81.879
80.77
79.576
78.295
76.923
75.459
73.901
72.246
70.492
68.639
66.685
64.63
62.474
60.216
57.857
55.399
52.842
50.19
47.444
44.608
41.685
38.679
35.595
32.438
29.214
25.928
22.586
19.196
15.764
12.297
8.8032
5.2898
1.7646
-1.7597
-5.2644
-8.762
-8.7092
-5.2327
-1.7491
1.7539
5.2579
8.7502
12.223
15.669
19.08
22.45
25.772
29.038
32.243
35.381
38.446
41.433
44.339
47.158
49.887
52.523
55.065
57.508
59.853
62.097
64.241
66.283
68.225
70.067
71.81
73.455
75.004
76.459
77.822
79.096
80.283
81.385
82.406
83.347
84.214
85.006
85.729
86.384
86.975
87.503
87.971
88.381
88.735
89.035
89.283
89.479
89.626
89.723
89.772
89.772
89.723
89.626
89.479
89.283
89.035
88.735
88.381
87.971
87.503
86.975
86.384
85.729
85.006
84.214
83.347
82.406
81.385
80.283
79.096
77.822
76.459
75.004
73.455
71.81
70.067
68.225
66.283
64.241
62.097
59.853
57.508
55.065
52.523
49.887
47.158
44.339
41.433
38.446
35.381
32.243
29.038
25.772
22.45
19.08
15.669
12.223
8.7502
5.2579
1.7539
-1.7491
-5.2327
-8.7092
-8.6501
-5.1972
-1.7372
1.742
5.2223
8.6909
12.14
15.563
18.951
22.298
25.597
28.841
32.024
35.141
38.185
41.152
44.038
46.838
49.549
52.167
54.691
57.118
59.447
61.676
63.805
65.834
67.762
69.592
71.323
72.957
74.495
75.94
77.294
78.559
79.738
80.833
81.846
82.782
83.642
84.43
85.147
85.798
86.384
86.909
87.374
87.781
88.133
88.431
88.677
88.872
89.018
89.114
89.162
89.162
89.114
89.018
88.872
88.677
88.431
88.133
87.781
87.374
86.909
86.384
85.798
85.147
84.43
83.642
82.782
81.846
80.833
79.738
78.559
77.294
75.94
74.495
72.957
71.323
69.592
67.762
65.834
63.805
61.676
59.447
57.118
54.691
52.167
49.549
46.838
44.038
41.152
38.185
35.141
32.024
28.841
25.597
22.298
18.951
15.563
12.14
8.6909
5.2223
1.742
-1.7372
-5.1972
-8.6501
-8.5846
-5.1578
-1.7241
1.7288
5.1827
8.625
12.048
15.445
18.807
22.129
25.403
28.623
31.782
34.874
37.896
40.841
43.704
46.483
49.173
51.772
54.277
56.685
58.996
61.208
63.321
65.334
67.249
69.064
70.782
72.404
73.93
75.365
76.708
77.964
79.133
80.22
81.226
82.154
83.008
83.789
84.502
85.147
85.729
86.25
86.711
87.115
87.464
87.76
88.004
88.198
88.342
88.438
88.486
88.486
88.438
88.342
88.198
88.004
87.76
87.464
87.115
86.711
86.25
85.729
85.147
84.502
83.789
83.008
82.154
81.226
80.22
79.133
77.964
76.708
75.365
73.93
72.404
70.782
69.064
67.249
65.334
63.321
61.208
58.996
56.685
54.277
51.772
49.173
46.483
43.704
40.841
37.896
34.874
31.782
28.623
25.403
22.129
18.807
15.445
12.048
8.625
5.1827
1.7288
-1.7241
-5.1578
-8.5846
-8.5123
-5.1144
-1.7095
1.7143
5.139
8.5524
11.947
15.315
18.649
21.943
25.189
28.381
31.514
34.581
37.577
40.496
43.336
46.091
48.759
51.336
53.819
56.208
58.499
60.693
62.788
64.784
66.682
68.482
70.186
71.793
73.307
74.73
76.062
77.306
78.466
79.543
80.541
81.462
82.308
83.083
83.789
84.43
85.006
85.522
85.98
86.381
86.727
87.02
87.262
87.454
87.597
87.692
87.74
87.74
87.692
87.597
87.454
87.262
87.02
86.727
86.381
85.98
85.522
85.006
84.43
83.789
83.083
82.308
81.462
80.541
79.543
78.466
77.306
76.062
74.73
73.307
71.793
70.186
68.482
66.682
64.784
62.788
60.693
58.499
56.208
53.819
51.336
48.759
46.091
43.336
40.496
37.577
34.581
31.514
28.381
25.189
21.943
18.649
15.315
11.947
8.5524
5.139
1.7143
-1.7095
-5.1144
-8.5123
-8.433
-5.0667
-1.6936
1.6983
5.0912
8.4727
11.835
15.172
18.475
21.738
24.954
28.117
31.22
34.258
37.226
40.119
42.932
45.662
48.304
50.857
53.318
55.684
57.954
60.127
62.202
64.18
66.06
67.844
69.531
71.124
72.624
74.033
75.352
76.586
77.734
78.802
79.79
80.702
81.54
82.308
83.008
83.642
84.214
84.725
85.178
85.575
85.918
86.208
86.448
86.638
86.78
86.874
86.921
86.921
86.874
86.78
86.638
86.448
86.208
85.918
85.575
85.178
84.725
84.214
83.642
83.008
82.308
81.54
80.702
79.79
78.802
77.734
76.586
75.352
74.033
72.624
71.124
69.531
67.844
66.06
64.18
62.202
60.127
57.954
55.684
53.318
50.857
48.304
45.662
42.932
40.119
37.226
34.258
31.22
28.117
24.954
21.738
18.475
15.172
11.835
8.4727
5.0912
1.6983
-1.6936
-5.0667
-8.433
-8.3463
-5.0147
-1.6762
1.6809
5.0388
8.3856
11.714
15.016
18.285
21.515
24.698
27.828
30.899
33.906
36.844
39.707
42.491
45.193
47.808
50.335
52.77
55.111
57.358
59.509
61.563
63.52
65.381
67.146
68.816
70.393
71.877
73.272
74.578
75.798
76.935
77.991
78.969
79.872
80.702
81.462
82.154
82.782
83.347
83.853
84.302
84.695
85.034
85.322
85.559
85.747
85.888
85.981
86.027
86.027
85.981
85.888
85.747
85.559
85.322
85.034
84.695
84.302
83.853
83.347
82.782
82.154
81.462
80.702
79.872
78.969
77.991
76.935
75.798
74.578
73.272
71.877
70.393
68.816
67.146
65.381
63.52
61.563
59.509
57.358
55.111
52.77
50.335
47.808
45.193
42.491
39.707
36.844
33.906
30.899
27.828
24.698
21.515
18.285
15.016
11.714
8.3856
5.0388
1.6809
-1.6762
-5.0147
-8.3463
-8.2521
-4.9581
-1.6573
1.6619
4.9819
8.2909
11.582
14.847
18.079
21.272
24.419
27.514
30.55
33.524
36.428
39.258
42.011
44.682
47.268
49.766
52.174
54.489
56.71
58.837
60.867
62.803
64.643
66.388
68.039
69.597
71.065
72.444
73.735
74.942
76.066
77.11
78.077
78.969
79.79
80.541
81.226
81.846
82.406
82.906
83.349
83.737
84.073
84.357
84.592
84.778
84.917
85.009
85.055
85.055
85.009
84.917
84.778
84.592
84.357
84.073
83.737
83.349
82.906
82.406
81.846
81.226
80.541
79.79
78.969
78.077
77.11
76.066
74.942
73.735
72.444
71.065
69.597
68.039
66.388
64.643
62.803
60.867
58.837
56.71
54.489
52.174
49.766
47.268
44.682
42.011
39.258
36.428
33.524
30.55
27.514
24.419
21.272
18.079
14.847
11.582
8.2909
4.9819
1.6619
-1.6573
-4.9581
-8.2521
-8.15
-4.8967
-1.6368
1.6413
4.9203
8.1883
11.438
14.663
17.855
21.009
24.117
27.173
30.172
33.109
35.977
38.772
41.491
44.129
46.683
49.15
51.528
53.814
56.008
58.108
60.114
62.025
63.842
65.566
67.196
68.736
70.185
71.547
72.822
74.014
75.124
76.155
77.11
77.991
78.802
79.543
80.22
80.833
81.385
81.879
82.316
82.7
83.032
83.312
83.544
83.728
83.865
83.956
84.001
84.001
83.956
83.865
83.728
83.544
83.312
83.032
82.7
82.316
81.879
81.385
80.833
80.22
79.543
78.802
77.991
77.11
76.155
75.124
74.014
72.822
71.547
70.185
68.736
67.196
65.566
63.842
62.025
60.114
58.108
56.008
53.814
51.528
49.15
46.683
44.129
41.491
38.772
35.977
33.109
30.172
27.173
24.117
21.009
17.855
14.663
11.438
8.1883
4.9203
1.6413
-1.6368
-4.8967
-8.15
-8.0397
-4.8304
-1.6146
1.6191
4.8537
8.0775
11.283
14.464
17.614
20.724
23.79
26.805
29.764
32.66
35.49
38.248
40.93
43.532
46.051
48.485
50.83
53.086
55.25
57.321
59.3
61.185
62.978
64.678
66.287
67.805
69.235
70.578
71.836
73.011
74.107
75.124
76.066
76.935
77.734
78.466
79.133
79.738
80.283
80.77
81.202
81.58
81.907
82.184
82.413
82.594
82.729
82.819
82.863
82.863
82.819
82.729
82.594
82.413
82.184
81.907
81.58
81.202
80.77
80.283
79.738
79.133
78.466
77.734
76.935
76.066
75.124
74.107
73.011
71.836
70.578
69.235
67.805
66.287
64.678
62.978
61.185
59.3
57.321
55.25
53.086
50.83
48.485
46.051
43.532
40.93
38.248
35.49
32.66
29.764
26.805
23.79
20.724
17.614
14.464
11.283
8.0775
4.8537
1.6191
-1.6146
-4.8304
-8.0397
-7.9209
-4.7591
-1.5908
1.5952
4.782
7.9582
11.117
14.251
17.353
20.418
23.439
26.41
29.324
32.178
34.966
37.683
40.325
42.889
45.371
47.769
50.079
52.302
54.434
56.475
58.424
60.282
62.047
63.722
65.307
66.803
68.212
69.535
70.774
71.932
73.011
74.014
74.942
75.798
76.586
77.306
77.964
78.559
79.096
79.576
80.001
80.374
80.696
80.969
81.194
81.373
81.506
81.595
81.639
81.639
81.595
81.506
81.373
81.194
80.969
80.696
80.374
80.001
79.576
79.096
78.559
77.964
77.306
76.586
75.798
74.942
74.014
73.011
71.932
70.774
69.535
68.212
66.803
65.307
63.722
62.047
60.282
58.424
56.475
54.434
52.302
50.079
47.769
45.371
42.889
40.325
37.683
34.966
32.178
29.324
26.41
23.439
20.418
17.353
14.251
11.117
7.9582
4.782
1.5952
-1.5908
-4.7591
-7.9209
-7.7935
-4.6825
-1.5652
1.5695
4.7051
7.8301
10.938
14.021
17.074
20.09
23.062
25.985
28.852
31.66
34.403
37.076
39.676
42.199
44.641
47
49.273
51.46
53.558
55.566
57.484
59.311
61.049
62.697
64.256
65.728
67.114
68.416
69.635
70.774
71.836
72.822
73.735
74.578
75.352
76.062
76.708
77.294
77.822
78.295
78.713
79.08
79.397
79.665
79.887
80.063
80.194
80.281
80.324
80.324
80.281
80.194
80.063
79.887
79.665
79.397
79.08
78.713
78.295
77.822
77.294
76.708
76.062
75.352
74.578
73.735
72.822
71.836
70.774
69.635
68.416
67.114
65.728
64.256
62.697
61.049
59.311
57.484
55.566
53.558
51.46
49.273
47
44.641
42.199
39.676
37.076
34.403
31.66
28.852
25.985
23.062
20.09
17.074
14.021
10.938
7.8301
4.7051
1.5695
-1.5652
-4.6825
-7.7935
-7.6571
-4.6006
-1.5378
1.542
4.6227
7.6931
10.746
13.776
16.775
19.738
22.658
25.53
28.347
31.106
33.801
36.427
38.981
41.46
43.859
46.177
48.411
50.559
52.62
54.593
56.477
58.273
59.98
61.599
63.131
64.577
65.938
67.217
68.416
69.535
70.578
71.547
72.444
73.272
74.033
74.73
75.365
75.94
76.459
76.923
77.334
77.695
78.006
78.27
78.488
78.66
78.789
78.874
78.917
78.917
78.874
78.789
78.66
78.488
78.27
78.006
77.695
77.334
76.923
76.459
75.94
75.365
74.73
74.033
73.272
72.444
71.547
70.578
69.535
68.416
67.217
65.938
64.577
63.131
61.599
59.98
58.273
56.477
54.593
52.62
50.559
48.411
46.177
43.859
41.46
38.981
36.427
33.801
31.106
28.347
25.53
22.658
19.738
16.775
13.776
10.746
7.6931
4.6227
1.542
-1.5378
-4.6006
-7.6571
-7.5114
-4.5131
-1.5085
1.5127
4.5348
7.5468
10.542
13.514
16.456
19.363
22.227
25.044
27.808
30.514
33.158
35.734
38.24
40.671
43.025
45.299
47.49
49.597
51.619
53.554
55.403
57.164
58.839
60.427
61.93
63.348
64.684
65.938
67.114
68.212
69.235
70.185
71.065
71.877
72.624
73.307
73.93
74.495
75.004
75.459
75.863
76.216
76.521
76.78
76.994
77.163
77.289
77.373
77.415
77.415
77.373
77.289
77.163
76.994
76.78
76.521
76.216
75.863
75.459
75.004
74.495
73.93
73.307
72.624
71.877
71.065
70.185
69.235
68.212
67.114
65.938
64.684
63.348
61.93
60.427
58.839
57.164
55.403
53.554
51.619
49.597
47.49
45.299
43.025
40.671
38.24
35.734
33.158
30.514
27.808
25.044
22.227
19.363
16.456
13.514
10.542
7.5468
4.5348
1.5127
-1.5085
-4.5131
-7.5114
-7.3564
-4.4199
-1.4774
1.4815
4.4412
7.391
10.324
13.235
16.116
18.963
21.768
24.527
27.234
29.884
32.473
34.997
37.45
39.831
42.137
44.363
46.509
48.573
50.553
52.448
54.259
55.984
57.624
59.179
60.651
62.04
63.348
64.577
65.728
66.803
67.805
68.736
69.597
70.393
71.124
71.793
72.404
72.957
73.455
73.901
74.296
74.642
74.941
75.194
75.403
75.569
75.693
75.775
75.816
75.816
75.775
75.693
75.569
75.403
75.194
74.941
74.642
74.296
73.901
73.455
72.957
72.404
71.793
71.124
70.393
69.597
68.736
67.805
66.803
65.728
64.577
63.348
62.04
60.651
59.179
57.624
55.984
54.259
52.448
50.553
48.573
46.509
44.363
42.137
39.831
37.45
34.997
32.473
29.884
27.234
24.527
21.768
18.963
16.116
13.235
10.324
7.391
4.4412
1.4815
-1.4774
-4.4199
-7.3564
-7.1917
-4.321
-1.4443
1.4483
4.3418
7.2255
10.093
12.939
15.756
18.538
21.281
23.978
26.624
29.215
31.746
34.213
36.612
38.94
41.193
43.37
45.468
47.486
49.421
51.274
53.044
54.73
56.333
57.854
59.293
60.651
61.93
63.131
64.256
65.307
66.287
67.196
68.039
68.816
69.531
70.186
70.782
71.323
71.81
72.246
72.632
72.97
73.262
73.51
73.715
73.877
73.998
74.078
74.118
74.118
74.078
73.998
73.877
73.715
73.51
73.262
72.97
72.632
72.246
71.81
71.323
70.782
70.186
69.531
68.816
68.039
67.196
66.287
65.307
64.256
63.131
61.93
60.651
59.293
57.854
56.333
54.73
53.044
51.274
49.421
47.486
45.468
43.37
41.193
38.94
36.612
34.213
31.746
29.215
26.624
23.978
21.281
18.538
15.756
12.939
10.093
7.2255
4.3418
1.4483
-1.4443
-4.321
-7.1917
-7.0172
-4.2161
-1.4093
1.4132
4.2364
7.0502
9.8484
12.625
15.373
18.089
20.765
23.396
25.979
28.507
30.976
33.383
35.724
37.995
40.194
42.318
44.365
46.333
48.222
50.03
51.757
53.402
54.966
56.45
57.854
59.179
60.427
61.599
62.697
63.722
64.678
65.566
66.388
67.146
67.844
68.482
69.064
69.592
70.067
70.492
70.869
71.199
71.484
71.726
71.925
72.084
72.202
72.28
72.319
72.319
72.28
72.202
72.084
71.925
71.726
71.484
71.199
70.869
70.492
70.067
69.592
69.064
68.482
67.844
67.146
66.388
65.566
64.678
63.722
62.697
61.599
60.427
59.179
57.854
56.45
54.966
53.402
51.757
50.03
48.222
46.333
44.365
42.318
40.194
37.995
35.724
33.383
30.976
28.507
25.979
23.396
20.765
18.089
15.373
12.625
9.8484
7.0502
4.2364
1.4132
-1.4093
-4.2161
-7.0172
-6.8329
-4.1054
-1.3722
1.3761
4.1251
6.865
9.5896
12.293
14.97
17.613
20.219
22.782
25.296
27.758
30.162
32.506
34.785
36.997
39.138
41.206
43.199
45.116
46.955
48.715
50.397
51.999
53.522
54.966
56.333
57.624
58.839
59.98
61.049
62.047
62.978
63.842
64.643
65.381
66.06
66.682
67.249
67.762
68.225
68.639
69.006
69.327
69.605
69.84
70.035
70.189
70.303
70.38
70.418
70.418
70.38
70.303
70.189
70.035
69.84
69.605
69.327
69.006
68.639
68.225
67.762
67.249
66.682
66.06
65.381
64.643
63.842
62.978
62.047
61.049
59.98
58.839
57.624
56.333
54.966
53.522
51.999
50.397
48.715
46.955
45.116
43.199
41.206
39.138
36.997
34.785
32.506
30.162
27.758
25.296
22.782
20.219
17.613
14.97
12.293
9.5896
6.865
4.1251
1.3761
-1.3722
-4.1054
-6.8329
-6.6385
-3.9886
-1.3332
1.3369
4.0078
6.6697
9.3168
11.943
14.544
17.112
19.644
22.133
24.576
26.968
29.304
31.581
33.795
35.944
38.024
40.033
41.97
43.832
45.619
47.329
48.962
50.519
51.999
53.402
54.73
55.984
57.164
58.273
59.311
60.282
61.185
62.025
62.803
63.52
64.18
64.784
65.334
65.834
66.283
66.685
67.042
67.354
67.624
67.852
68.041
68.191
68.302
68.376
68.413
68.413
68.376
68.302
68.191
68.041
67.852
67.624
67.354
67.042
66.685
66.283
65.834
65.334
64.784
64.18
63.52
62.803
62.025
61.185
60.282
59.311
58.273
57.164
55.984
54.73
53.402
51.999
50.519
48.962
47.329
45.619
43.832
41.97
40.033
38.024
35.944
33.795
31.581
29.304
26.968
24.576
22.133
19.644
17.112
14.544
11.943
9.3168
6.6697
4.0078
1.3369
-1.3332
-3.9886
-6.6385
-6.434
-3.8657
-1.2921
1.2957
3.8843
6.4642
9.0298
11.575
14.096
16.585
19.039
21.452
23.819
26.137
28.401
30.608
32.754
34.836
36.852
38.8
40.677
42.481
44.213
45.871
47.454
48.962
50.397
51.757
53.044
54.259
55.403
56.477
57.484
58.424
59.3
60.114
60.867
61.563
62.202
62.788
63.321
63.805
64.241
64.63
64.976
65.278
65.54
65.761
65.944
66.089
66.197
66.269
66.305
66.305
66.269
66.197
66.089
65.944
65.761
65.54
65.278
64.976
64.63
64.241
63.805
63.321
62.788
62.202
61.563
60.867
60.114
59.3
58.424
57.484
56.477
55.403
54.259
53.044
51.757
50.397
48.962
47.454
45.871
44.213
42.481
40.677
38.8
36.852
34.836
32.754
30.608
28.401
26.137
23.819
21.452
19.039
16.585
14.096
11.575
9.0298
6.4642
3.8843
1.2957
-1.2921
-3.8657
-6.434
-6.2193
-3.7367
-1.249
1.2525
3.7547
6.2486
8.7286
11.189
13.625
16.032
18.404
20.736
23.025
25.265
27.454
29.587
31.661
33.674
35.623
37.505
39.32
41.064
42.738
44.34
45.871
47.329
48.715
50.03
51.274
52.448
53.554
54.593
55.566
56.475
57.321
58.108
58.837
59.509
60.127
60.693
61.208
61.676
62.097
62.474
62.807
63.1
63.353
63.567
63.744
63.884
63.988
64.058
64.092
64.092
64.058
63.988
63.884
63.744
63.567
63.353
63.1
62.807
62.474
62.097
61.676
61.208
60.693
60.127
59.509
58.837
58.108
57.321
56.475
55.566
54.593
53.554
52.448
51.274
50.03
48.715
47.329
45.871
44.34
42.738
41.064
39.32
37.505
35.623
33.674
31.661
29.587
27.454
25.265
23.025
20.736
18.404
16.032
13.625
11.189
8.7286
6.2486
3.7547
1.2525
-1.249
-3.7367
-6.2193
-5.9946
-3.6017
-1.2039
1.2072
3.6191
6.0228
8.4132
10.785
13.133
15.453
17.739
19.987
22.193
24.352
26.462
28.518
30.517
32.458
34.336
36.15
37.899
39.58
41.194
42.738
44.213
45.619
46.955
48.222
49.421
50.553
51.619
52.62
53.558
54.434
55.25
56.008
56.71
57.358
57.954
58.499
58.996
59.447
59.853
60.216
60.537
60.819
61.063
61.269
61.44
61.575
61.676
61.742
61.776
61.776
61.742
61.676
61.575
61.44
61.269
61.063
60.819
60.537
60.216
59.853
59.447
58.996
58.499
57.954
57.358
56.71
56.008
55.25
54.434
53.558
52.62
51.619
50.553
49.421
48.222
46.955
45.619
44.213
42.738
41.194
39.58
37.899
36.15
34.336
32.458
30.517
28.518
26.462
24.352
22.193
19.987
17.739
15.453
13.133
10.785
8.4132
6.0228
3.6191
1.2072
-1.2039
-3.6017
-5.9946
-5.7599
-3.4607
-1.1568
1.16
3.4773
5.7869
8.0837
10.363
12.619
14.847
17.044
19.204
21.323
23.399
25.425
27.401
29.322
31.186
32.991
34.734
36.415
38.03
39.58
41.064
42.481
43.832
45.116
46.333
47.486
48.573
49.597
50.559
51.46
52.302
53.086
53.814
54.489
55.111
55.684
56.208
56.685
57.118
57.508
57.857
58.166
58.437
58.671
58.869
59.033
59.163
59.26
59.324
59.356
59.356
59.324
59.26
59.163
59.033
58.869
58.671
58.437
58.166
57.857
57.508
57.118
56.685
56.208
55.684
55.111
54.489
53.814
53.086
52.302
51.46
50.559
49.597
48.573
47.486
46.333
45.116
43.832
42.481
41.064
39.58
38.03
36.415
34.734
32.991
31.186
29.322
27.401
25.425
23.399
21.323
19.204
17.044
14.847
12.619
10.363
8.0837
5.7869
3.4773
1.16
-1.1568
-3.4607
-5.7599
-5.5152
-3.3137
-1.1076
1.1107
3.3296
5.5411
7.7403
9.9224
12.083
14.217
16.32
18.388
20.418
22.404
24.345
26.237
28.077
29.862
31.59
33.259
34.868
36.415
37.899
39.32
40.677
41.97
43.199
44.365
45.468
46.509
47.49
48.411
49.273
50.079
50.83
51.528
52.174
52.77
53.318
53.819
54.277
54.691
55.065
55.399
55.695
55.954
56.178
56.368
56.525
56.649
56.742
56.803
56.834
56.834
56.803
56.742
56.649
56.525
56.368
56.178
55.954
55.695
55.399
55.065
54.691
54.277
53.819
53.318
52.77
52.174
51.528
50.83
50.079
49.273
48.411
47.49
46.509
45.468
44.365
43.199
41.97
40.677
39.32
37.899
36.415
34.868
33.259
31.59
29.862
28.077
26.237
24.345
22.404
20.418
18.388
16.32
14.217
12.083
9.9224
7.7403
5.5411
3.3296
1.1107
-1.1076
-3.3137
-5.5152
-5.2607
-3.1608
-1.0565
1.0595
3.176
5.2855
7.3832
9.4646
11.525
13.561
15.567
17.54
19.476
21.371
23.222
25.026
26.781
28.484
30.132
31.724
33.259
34.734
36.15
37.505
38.8
40.033
41.206
42.318
43.37
44.363
45.299
46.177
47
47.769
48.485
49.15
49.766
50.335
50.857
51.336
51.772
52.167
52.523
52.842
53.124
53.372
53.586
53.767
53.916
54.035
54.123
54.182
54.211
54.211
54.182
54.123
54.035
53.916
53.767
53.586
53.372
53.124
52.842
52.523
52.167
51.772
51.336
50.857
50.335
49.766
49.15
48.485
47.769
47
46.177
45.299
44.363
43.37
42.318
41.206
40.033
38.8
37.505
36.15
34.734
33.259
31.724
30.132
28.484
26.781
25.026
23.222
21.371
19.476
17.54
15.567
13.561
11.525
9.4646
7.3832
5.2855
3.176
1.0595
-1.0565
-3.1608
-5.2607
-4.9967
-3.0022
-1.0035
1.0063
3.0166
5.0202
7.0127
8.9896
10.947
12.88
14.786
16.66
18.498
20.298
22.057
23.77
25.437
27.054
28.62
30.132
31.59
32.991
34.336
35.623
36.852
38.024
39.138
40.194
41.193
42.137
43.025
43.859
44.641
45.371
46.051
46.683
47.268
47.808
48.304
48.759
49.173
49.549
49.887
50.19
50.458
50.693
50.896
51.068
51.21
51.322
51.406
51.462
51.49
51.49
51.462
51.406
51.322
51.21
51.068
50.896
50.693
50.458
50.19
49.887
49.549
49.173
48.759
48.304
47.808
47.268
46.683
46.051
45.371
44.641
43.859
43.025
42.137
41.193
40.194
39.138
38.024
36.852
35.623
34.336
32.991
31.59
30.132
28.62
27.054
25.437
23.77
22.057
20.298
18.498
16.66
14.786
12.88
10.947
8.9896
7.0127
5.0202
3.0166
1.0063
-1.0035
-3.0022
-4.9967
-4.7234
-2.8379
-0.9486
0.95124
2.8516
4.7456
6.6291
8.4979
10.348
12.176
13.977
15.748
17.486
19.188
20.85
22.47
24.046
25.574
27.054
28.484
29.862
31.186
32.458
33.674
34.836
35.944
36.997
37.995
38.94
39.831
40.671
41.46
42.199
42.889
43.532
44.129
44.682
45.193
45.662
46.091
46.483
46.838
47.158
47.444
47.697
47.919
48.111
48.274
48.408
48.514
48.594
48.646
48.673
48.673
48.646
48.594
48.514
48.408
48.274
48.111
47.919
47.697
47.444
47.158
46.838
46.483
46.091
45.662
45.193
44.682
44.129
43.532
42.889
42.199
41.46
40.671
39.831
38.94
37.995
36.997
35.944
34.836
33.674
32.458
31.186
29.862
28.484
27.054
25.574
24.046
22.47
20.85
19.188
17.486
15.748
13.977
12.176
10.348
8.4979
6.6291
4.7456
2.8516
0.95124
-0.9486
-2.8379
-4.7234
-4.4411
-2.6683
-0.8919
0.89438
2.6812
4.4619
6.2328
7.99
9.7295
11.448
13.141
14.807
16.441
18.041
19.604
21.127
22.608
24.046
25.437
26.781
28.077
29.322
30.517
31.661
32.754
33.795
34.785
35.724
36.612
37.45
38.24
38.981
39.676
40.325
40.93
41.491
42.011
42.491
42.932
43.336
43.704
44.038
44.339
44.608
44.846
45.055
45.235
45.388
45.514
45.614
45.689
45.738
45.763
45.763
45.738
45.689
45.614
45.514
45.388
45.235
45.055
44.846
44.608
44.339
44.038
43.704
43.336
42.932
42.491
42.011
41.491
40.93
40.325
39.676
38.981
38.24
37.45
36.612
35.724
34.785
33.795
32.754
31.661
30.517
29.322
28.077
26.781
25.437
24.046
22.608
21.127
19.604
18.041
16.441
14.807
13.141
11.448
9.7295
7.99
6.2328
4.4619
2.6812
0.89438
-0.8919
-2.6683
-4.4411
-4.1501
-2.4935
-0.83347
0.83578
2.5055
4.1696
5.8245
7.4665
9.0921
10.698
12.28
13.837
15.364
16.859
18.319
19.743
21.127
22.47
23.77
25.026
26.237
27.401
28.518
29.587
30.608
31.581
32.506
33.383
34.213
34.997
35.734
36.427
37.076
37.683
38.248
38.772
39.258
39.707
40.119
40.496
40.841
41.152
41.433
41.685
41.907
42.102
42.271
42.414
42.532
42.625
42.695
42.741
42.764
42.764
42.741
42.695
42.625
42.532
42.414
42.271
42.102
41.907
41.685
41.433
41.152
40.841
40.496
40.119
39.707
39.258
38.772
38.248
37.683
37.076
36.427
35.734
34.997
34.213
33.383
32.506
31.581
30.608
29.587
28.518
27.401
26.237
25.026
23.77
22.47
21.127
19.743
18.319
16.859
15.364
13.837
12.28
10.698
9.0921
7.4665
5.8245
4.1696
2.5055
0.83578
-0.83347
-2.4935
-4.1501
-3.8509
-2.3137
-0.77338
0.77553
2.3249
3.869
5.4046
6.9282
8.4366
9.9265
11.395
12.839
14.256
15.643
16.999
18.319
19.604
20.85
22.057
23.222
24.345
25.425
26.462
27.454
28.401
29.304
30.162
30.976
31.746
32.473
33.158
33.801
34.403
34.966
35.49
35.977
36.428
36.844
37.226
37.577
37.896
38.185
38.446
38.679
38.886
39.067
39.223
39.356
39.465
39.552
39.616
39.659
39.681
39.681
39.659
39.616
39.552
39.465
39.356
39.223
39.067
38.886
38.679
38.446
38.185
37.896
37.577
37.226
36.844
36.428
35.977
35.49
34.966
34.403
33.801
33.158
32.473
31.746
30.976
30.162
29.304
28.401
27.454
26.462
25.425
24.345
23.222
22.057
20.85
19.604
18.319
16.999
15.643
14.256
12.839
11.395
9.9265
8.4366
6.9282
5.4046
3.869
2.3249
0.77553
-0.77338
-2.3137
-3.8509
-3.5439
-2.1293
-0.71172
0.7137
2.1395
3.5606
4.9737
6.3759
7.764
9.1352
10.487
11.816
13.12
14.396
15.643
16.859
18.041
19.188
20.298
21.371
22.404
23.399
24.352
25.265
26.137
26.968
27.758
28.507
29.215
29.884
30.514
31.106
31.66
32.178
32.66
33.109
33.524
33.906
34.258
34.581
34.874
35.141
35.381
35.595
35.785
35.952
36.096
36.218
36.319
36.398
36.458
36.497
36.517
36.517
36.497
36.458
36.398
36.319
36.218
36.096
35.952
35.785
35.595
35.381
35.141
34.874
34.581
34.258
33.906
33.524
33.109
32.66
32.178
31.66
31.106
30.514
29.884
29.215
28.507
27.758
26.968
26.137
25.265
24.352
23.399
22.404
21.371
20.298
19.188
18.041
16.859
15.643
14.396
13.12
11.816
10.487
9.1352
7.764
6.3759
4.9737
3.5606
2.1395
0.7137
-0.71172
-2.1293
-3.5439
-3.2296
-1.9404
-0.64861
0.65041
1.9498
3.2448
4.5326
5.8104
7.0755
8.3251
9.5567
10.768
11.956
13.12
14.256
15.364
16.441
17.486
18.498
19.476
20.418
21.323
22.193
23.025
23.819
24.576
25.296
25.979
26.624
27.234
27.808
28.347
28.852
29.324
29.764
30.172
30.55
30.899
31.22
31.514
31.782
32.024
32.243
32.438
32.612
32.764
32.895
33.006
33.098
33.17
33.225
33.261
33.279
33.279
33.261
33.225
33.17
33.098
33.006
32.895
32.764
32.612
32.438
32.243
32.024
31.782
31.514
31.22
30.899
30.55
30.172
29.764
29.324
28.852
28.347
27.808
27.234
26.624
25.979
25.296
24.576
23.819
23.025
22.193
21.323
20.418
19.476
18.498
17.486
16.441
15.364
14.256
13.12
11.956
10.768
9.5567
8.3251
7.0755
5.8104
4.5326
3.2448
1.9498
0.65041
-0.64861
-1.9404
-3.2296
-2.9086
-1.7476
-0.58414
0.58576
1.756
2.9223
4.0821
5.2329
6.3722
7.4976
8.6068
9.6976
10.768
11.816
12.839
13.837
14.807
15.748
16.66
17.54
18.388
19.204
19.987
20.736
21.452
22.133
22.782
23.396
23.978
24.527
25.044
25.53
25.985
26.41
26.805
27.173
27.514
27.828
28.117
28.381
28.623
28.841
29.038
29.214
29.37
29.507
29.625
29.725
29.808
29.873
29.922
29.954
29.971
29.971
29.954
29.922
29.873
29.808
29.725
29.625
29.507
29.37
29.214
29.038
28.841
28.623
28.381
28.117
27.828
27.514
27.173
26.805
26.41
25.985
25.53
25.044
24.527
23.978
23.396
22.782
22.133
21.452
20.736
19.987
19.204
18.388
17.54
16.66
15.748
14.807
13.837
12.839
11.816
10.768
9.6976
8.6068
7.4976
6.3722
5.2329
4.0821
2.9223
1.756
0.58576
-0.58414
-1.7476
-2.9086
-2.5815
-1.551
-0.51844
0.51988
1.5585
2.5936
3.623
4.6443
5.6555
6.6543
7.6387
8.6068
9.5567
10.487
11.395
12.28
13.141
13.977
14.786
15.567
16.32
17.044
17.739
18.404
19.039
19.644
20.219
20.765
21.281
21.768
22.227
22.658
23.062
23.439
23.79
24.117
24.419
24.698
24.954
25.189
25.403
25.597
25.772
25.928
26.066
26.188
26.293
26.381
26.455
26.513
26.556
26.585
26.599
26.599
26.585
26.556
26.513
26.455
26.381
26.293
26.188
26.066
25.928
25.772
25.597
25.403
25.189
24.954
24.698
24.419
24.117
23.79
23.439
23.062
22.658
22.227
21.768
21.281
20.765
20.219
19.644
19.039
18.404
17.739
17.044
16.32
15.567
14.786
13.977
13.141
12.28
11.395
10.487
9.5567
8.6068
7.6387
6.6543
5.6555
4.6443
3.623
2.5936
1.5585
0.51988
-0.51844
-1.551
-2.5815
-2.2488
-1.3511
-0.45162
0.45288
1.3576
2.2594
3.1561
4.0458
4.9266
5.7967
6.6543
7.4976
8.3251
9.1352
9.9265
10.698
11.448
12.176
12.88
13.561
14.217
14.847
15.453
16.032
16.585
17.112
17.613
18.089
18.538
18.963
19.363
19.738
20.09
20.418
20.724
21.009
21.272
21.515
21.738
21.943
22.129
22.298
22.45
22.586
22.707
22.813
22.904
22.981
23.045
23.096
23.134
23.159
23.171
23.171
23.159
23.134
23.096
23.045
22.981
22.904
22.813
22.707
22.586
22.45
22.298
22.129
21.943
21.738
21.515
21.272
21.009
20.724
20.418
20.09
19.738
19.363
18.963
18.538
18.089
17.613
17.112
16.585
16.032
15.453
14.847
14.217
13.561
12.88
12.176
11.448
10.698
9.9265
9.1352
8.3251
7.4976
6.6543
5.7967
4.9266
4.0458
3.1561
2.2594
1.3576
0.45288
-0.45162
-1.3511
-2.2488
-1.9112
-1.1483
-0.38383
0.3849
1.1538
1.9202
2.6823
3.4385
4.1871
4.9266
5.6555
6.3722
7.0755
7.764
8.4366
9.0921
9.7295
10.348
10.947
11.525
12.083
12.619
13.133
13.625
14.096
14.544
14.97
15.373
15.756
16.116
16.456
16.775
17.074
17.353
17.614
17.855
18.079
18.285
18.475
18.649
18.807
18.951
19.08
19.196
19.299
19.388
19.466
19.532
19.586
19.629
19.661
19.683
19.693
19.693
19.683
19.661
19.629
19.586
19.532
19.466
19.388
19.299
19.196
19.08
18.951
18.807
18.649
18.475
18.285
18.079
17.855
17.614
17.353
17.074
16.775
16.456
16.116
15.756
15.373
14.97
14.544
14.096
13.625
13.133
12.619
12.083
11.525
10.947
10.348
9.7295
9.0921
8.4366
7.764
7.0755
6.3722
5.6555
4.9266
4.1871
3.4385
2.6823
1.9202
1.1538
0.3849
-0.38383
-1.1483
-1.9112
-1.5695
-0.94301
-0.31521
0.31608
0.94755
1.5769
2.2028
2.8237
3.4385
4.0458
4.6443
5.2329
5.8104
6.3759
6.9282
7.4665
7.99
8.4979
8.9896
9.4646
9.9224
10.363
10.785
11.189
11.575
11.943
12.293
12.625
12.939
13.235
13.514
13.776
14.021
14.251
14.464
14.663
14.847
15.016
15.172
15.315
15.445
15.563
15.669
15.764
15.848
15.922
15.986
16.04
16.084
16.12
16.146
16.163
16.172
16.172
16.163
16.146
16.12
16.084
16.04
15.986
15.922
15.848
15.764
15.669
15.563
15.445
15.315
15.172
15.016
14.847
14.663
14.464
14.251
14.021
13.776
13.514
13.235
12.939
12.625
12.293
11.943
11.575
11.189
10.785
10.363
9.9224
9.4646
8.9896
8.4979
7.99
7.4665
6.9282
6.3759
5.8104
5.2329
4.6443
4.0458
3.4385
2.8237
2.2028
1.5769
0.94755
0.31608
-0.31521
-0.94301
-1.5695
-1.2244
-0.73563
-0.24589
0.24657
0.73917
1.2301
1.7183
2.2028
2.6823
3.1561
3.623
4.0821
4.5326
4.9737
5.4046
5.8245
6.2328
6.6291
7.0127
7.3832
7.7403
8.0837
8.4132
8.7286
9.0298
9.3168
9.5896
9.8484
10.093
10.324
10.542
10.746
10.938
11.117
11.283
11.438
11.582
11.714
11.835
11.947
12.048
12.14
12.223
12.297
12.363
12.42
12.47
12.512
12.547
12.575
12.595
12.609
12.616
12.616
12.609
12.595
12.575
12.547
12.512
12.47
12.42
12.363
12.297
12.223
12.14
12.048
11.947
11.835
11.714
11.582
11.438
11.283
11.117
10.938
10.746
10.542
10.324
10.093
9.8484
9.5896
9.3168
9.0298
8.7286
8.4132
8.0837
7.7403
7.3832
7.0127
6.6291
6.2328
5.8245
5.4046
4.9737
4.5326
4.0821
3.623
3.1561
2.6823
2.2028
1.7183
1.2301
0.73917
0.24657
-0.24589
-0.73563
-1.2244
-0.8765
-0.52662
-0.17603
0.17652
0.52915
0.88061
1.2301
1.5769
1.9202
2.2594
2.5936
2.9223
3.2448
3.5606
3.869
4.1696
4.4619
4.7456
5.0202
5.2855
5.5411
5.7869
6.0228
6.2486
6.4642
6.6697
6.865
7.0502
7.2255
7.391
7.5468
7.6931
7.8301
7.9582
8.0775
8.1883
8.2909
8.3856
8.4727
8.5524
8.625
8.6909
8.7502
8.8032
8.8503
8.8915
8.9271
8.9572
8.9821
9.0019
9.0166
9.0263
9.0312
9.0312
9.0263
9.0166
9.0019
8.9821
8.9572
8.9271
8.8915
8.8503
8.8032
8.7502
8.6909
8.625
8.5524
8.4727
8.3856
8.2909
8.1883
8.0775
7.9582
7.8301
7.6931
7.5468
7.391
7.2255
7.0502
6.865
6.6697
6.4642
6.2486
6.0228
5.7869
5.5411
5.2855
5.0202
4.7456
4.4619
4.1696
3.869
3.5606
3.2448
2.9223
2.5936
2.2594
1.9202
1.5769
1.2301
0.88061
0.52915
0.17652
-0.17603
-0.52662
-0.8765
-0.52668
-0.31644
-0.10577
0.10607
0.31796
0.52915
0.73917
0.94755
1.1538
1.3576
1.5585
1.756
1.9498
2.1395
2.3249
2.5055
2.6812
2.8516
3.0166
3.176
3.3296
3.4773
3.6191
3.7547
3.8843
4.0078
4.1251
4.2364
4.3418
4.4412
4.5348
4.6227
4.7051
4.782
4.8537
4.9203
4.9819
5.0388
5.0912
5.139
5.1827
5.2223
5.2579
5.2898
5.318
5.3428
5.3642
5.3823
5.3973
5.4091
5.418
5.4238
5.4268
5.4268
5.4238
5.418
5.4091
5.3973
5.3823
5.3642
5.3428
5.318
5.2898
5.2579
5.2223
5.1827
5.139
5.0912
5.0388
4.9819
4.9203
4.8537
4.782
4.7051
4.6227
4.5348
4.4412
4.3418
4.2364
4.1251
4.0078
3.8843
3.7547
3.6191
3.4773
3.3296
3.176
3.0166
2.8516
2.6812
2.5055
2.3249
2.1395
1.9498
1.756
1.5585
1.3576
1.1538
0.94755
0.73917
0.52915
0.31796
0.10607
-0.10577
-0.31644
-0.52668
-0.17569
-0.10556
-0.035284
0.035382
0.10607
0.17652
0.24657
0.31608
0.3849
0.45288
0.51988
0.58576
0.65041
0.7137
0.77553
0.83578
0.89438
0.95124
1.0063
1.0595
1.1107
1.16
1.2072
1.2525
1.2957
1.3369
1.3761
1.4132
1.4483
1.4815
1.5127
1.542
1.5695
1.5952
1.6191
1.6413
1.6619
1.6809
1.6983
1.7143
1.7288
1.742
1.7539
1.7646
1.774
1.7823
1.7894
1.7954
1.8004
1.8044
1.8073
1.8093
1.8103
1.8103
1.8093
1.8073
1.8044
1.8004
1.7954
1.7894
1.7823
1.774
1.7646
1.7539
1.742
1.7288
1.7143
1.6983
1.6809
1.6619
1.6413
1.6191
1.5952
1.5695
1.542
1.5127
1.4815
1.4483
1.4132
1.3761
1.3369
1.2957
1.2525
1.2072
1.16
1.1107
1.0595
1.0063
0.95124
0.89438
0.83578
0.77553
0.7137
0.65041
0.58576
0.51988
0.45288
0.3849
0.31608
0.24657
0.17652
0.10607
0.035382
-0.035284
-0.10556
-0.17569
0.1752
0.10527
0.035186
-0.035284
-0.10577
-0.17603
-0.24589
-0.31521
-0.38383
-0.45162
-0.51844
-0.58414
-0.64861
-0.71172
-0.77338
-0.83347
-0.8919
-0.9486
-1.0035
-1.0565
-1.1076
-1.1568
-1.2039
-1.249
-1.2921
-1.3332
-1.3722
-1.4093
-1.4443
-1.4774
-1.5085
-1.5378
-1.5652
-1.5908
-1.6146
-1.6368
-1.6573
-1.6762
-1.6936
-1.7095
-1.7241
-1.7372
-1.7491
-1.7597
-1.7691
-1.7773
-1.7844
-1.7905
-1.7954
-1.7994
-1.8023
-1.8043
-1.8052
-1.8052
-1.8043
-1.8023
-1.7994
-1.7954
-1.7905
-1.7844
-1.7773
-1.7691
-1.7597
-1.7491
-1.7372
-1.7241
-1.7095
-1.6936
-1.6762
-1.6573
-1.6368
-1.6146
-1.5908
-1.5652
-1.5378
-1.5085
-1.4774
-1.4443
-1.4093
-1.3722
-1.3332
-1.2921
-1.249
-1.2039
-1.1568
-1.1076
-1.0565
-1.0035
-0.9486
-0.8919
-0.83347
-0.77338
-0.71172
-0.64861
-0.58414
-0.51844
-0.45162
-0.38383
-0.31521
-0.24589
-0.17603
-0.10577
-0.035284
0.035186
0.10527
0.1752
0.52571
0.31561
0.10527
-0.10556
-0.31644
-0.52662
-0.73563
-0.94301
-1.1483
-1.3511
-1.551
-1.7476
-1.9404
-2.1293
-2.3137
-2.4935
-2.6683
-2.8379
-3.0022
-3.1608
-3.3137
-3.4607
-3.6017
-3.7367
-3.8657
-3.9886
-4.1054
-4.2161
-4.321
-4.4199
-4.5131
-4.6006
-4.6825
-4.7591
-4.8304
-4.8967
-4.9581
-5.0147
-5.0667
-5.1144
-5.1578
-5.1972
-5.2327
-5.2644
-5.2925
-5.3172
-5.3385
-5.3565
-5.3714
-5.3832
-5.392
-5.3978
-5.4007
-5.4007
-5.3978
-5.392
-5.3832
-5.3714
-5.3565
-5.3385
-5.3172
-5.2925
-5.2644
-5.2327
-5.1972
-5.1578
-5.1144
-5.0667
-5.0147
-4.9581
-4.8967
-4.8304
-4.7591
-4.6825
-4.6006
-4.5131
-4.4199
-4.321
-4.2161
-4.1054
-3.9886
-3.8657
-3.7367
-3.6017
-3.4607
-3.3137
-3.1608
-3.0022
-2.8379
-2.6683
-2.4935
-2.3137
-2.1293
-1.9404
-1.7476
-1.551
-1.3511
-1.1483
-0.94301
-0.73563
-0.52662
-0.31644
-0.10556
0.10527
0.31561
0.52571
0.87581
0.52571
0.1752
-0.17569
-0.52668
-0.8765
-1.2244
-1.5695
-1.9112
-2.2488
-2.5815
-2.9086
-3.2296
-3.5439
-3.8509
-4.1501
-4.4411
-4.7234
-4.9967
-5.2607
-5.5152
-5.7599
-5.9946
-6.2193
-6.434
-6.6385
-6.8329
-7.0172
-7.1917
-7.3564
-7.5114
-7.6571
-7.7935
-7.9209
-8.0397
-8.15
-8.2521
-8.3463
-8.433
-8.5123
-8.5846
-8.6501
-8.7092
-8.762
-8.8088
-8.8498
-8.8852
-8.9152
-8.94
-8.9596
-8.9743
-8.984
-8.9888
-8.9888
-8.984
-8.9743
-8.9596
-8.94
-8.9152
-8.8852
-8.8498
-8.8088
-8.762
-8.7092
-8.6501
-8.5846
-8.5123
-8.433
-8.3463
-8.2521
-8.15
-8.0397
-7.9209
-7.7935
-7.6571
-7.5114
-7.3564
-7.1917
-7.0172
-6.8329
-6.6385
-6.434
-6.2193
-5.9946
-5.7599
-5.5152
-5.2607
-4.9967
-4.7234
-4.4411
-4.1501
-3.8509
-3.5439
-3.2296
-2.9086
-2.5815
-2.2488
-1.9112
-1.5695
-1.2244
-0.8765
-0.52668
-0.17569
0.1752
0.52571
0.87581
