1.0702
0.64261
0.21419
-0.21479
-0.64379
-1.071
-1.4954
-1.9157
-2.3308
-2.7398
-3.1416
-3.5353
-3.9199
-4.2947
-4.6589
-5.0118
-5.353
-5.6817
-5.9978
-6.3007
-6.5903
-6.8664
-7.1289
-7.3779
-7.6133
-7.8352
-8.044
-8.2397
-8.4228
-8.5936
-8.7524
-8.8997
-9.0359
-9.1614
-9.2768
-9.3826
-9.4792
-9.5671
-9.6468
-9.7188
-9.7835
-9.8415
-9.893
-9.9385
-9.9784
-10.013
-10.043
-10.067
-10.088
-10.104
-10.116
-10.124
-10.127
-10.127
-10.124
-10.116
-10.104
-10.088
-10.067
-10.043
-10.013
-9.9784
-9.9385
-9.893
-9.8415
-9.7835
-9.7188
-9.6468
-9.5671
-9.4792
-9.3826
-9.2768
-9.1614
-9.0359
-8.8997
-8.7524
-8.5936
-8.4228
-8.2397
-8.044
-7.8352
-7.6133
-7.3779
-7.1289
-6.8664
-6.5903
-6.3007
-5.9978
-5.6817
-5.353
-5.0118
-4.6589
-4.2947
-3.9199
-3.5353
-3.1416
-2.7398
-2.3308
-1.9157
-1.4954
-1.071
-0.64379
-0.21479
0.21419
0.64261
1.0702
0.64261
0.38592
0.12873
-0.12909
-0.38693
-0.64371
-0.89875
-1.1514
-1.4009
-1.6467
-1.8882
-2.1248
-2.3559
-2.5812
-2.8001
-3.0122
-3.2172
-3.4148
-3.6048
-3.7869
-3.9609
-4.1269
-4.2846
-4.4343
-4.5757
-4.7091
-4.8346
-4.9523
-5.0623
-5.1649
-5.2604
-5.3489
-5.4308
-5.5062
-5.5756
-5.6391
-5.6972
-5.75
-5.7979
-5.8412
-5.8801
-5.9149
-5.9459
-5.9733
-5.9972
-6.018
-6.0358
-6.0507
-6.063
-6.0726
-6.0797
-6.0845
-6.0868
-6.0868
-6.0845
-6.0797
-6.0726
-6.063
-6.0507
-6.0358
-6.018
-5.9972
-5.9733
-5.9459
-5.9149
-5.8801
-5.8412
-5.7979
-5.75
-5.6972
-5.6391
-5.5756
-5.5062
-5.4308
-5.3489
-5.2604
-5.1649
-5.0623
-4.9523
-4.8346
-4.7091
-4.5757
-4.4343
-4.2846
-4.1269
-3.9609
-3.7869
-3.6048
-3.4148
-3.2172
-3.0122
-2.8001
-2.5812
-2.3559
-2.1248
-1.8882
-1.6467
-1.4009
-1.1514
-0.89875
-0.64371
-0.38693
-0.12909
0.12873
0.38592
0.64261
0.21419
0.12873
0.043037
-0.043157
-0.12935
-0.2152
-0.30046
-0.38491
-0.46833
-0.55051
-0.63124
-0.71033
-0.78761
-0.86292
-0.9361
-1.007
-1.0756
-1.1416
-1.2051
-1.266
-1.3242
-1.3797
-1.4324
-1.4824
-1.5297
-1.5743
-1.6163
-1.6556
-1.6924
-1.7267
-1.7586
-1.7882
-1.8156
-1.8408
-1.864
-1.8852
-1.9046
-1.9223
-1.9383
-1.9528
-1.9658
-1.9774
-1.9878
-1.9969
-2.005
-2.0119
-2.0178
-2.0228
-2.0269
-2.0301
-2.0325
-2.0341
-2.0349
-2.0349
-2.0341
-2.0325
-2.0301
-2.0269
-2.0228
-2.0178
-2.0119
-2.005
-1.9969
-1.9878
-1.9774
-1.9658
-1.9528
-1.9383
-1.9223
-1.9046
-1.8852
-1.864
-1.8408
-1.8156
-1.7882
-1.7586
-1.7267
-1.6924
-1.6556
-1.6163
-1.5743
-1.5297
-1.4824
-1.4324
-1.3797
-1.3242
-1.266
-1.2051
-1.1416
-1.0756
-1.007
-0.9361
-0.86292
-0.78761
-0.71033
-0.63124
-0.55051
-0.46833
-0.38491
-0.30046
-0.2152
-0.12935
-0.043157
0.043037
0.12873
0.21419
-0.21479
-0.12909
-0.043157
0.043277
0.12971
0.2158
0.30129
0.38598
0.46963
0.55204
0.63299
0.71231
0.7898
0.86532
0.9387
1.0098
1.0785
1.1448
1.2085
1.2695
1.3279
1.3835
1.4364
1.4865
1.534
1.5787
1.6208
1.6602
1.6971
1.7315
1.7635
1.7932
1.8206
1.8459
1.8692
1.8905
1.9099
1.9276
1.9437
1.9582
1.9713
1.9829
1.9933
2.0025
2.0105
2.0175
2.0235
2.0285
2.0326
2.0358
2.0382
2.0398
2.0406
2.0406
2.0398
2.0382
2.0358
2.0326
2.0285
2.0235
2.0175
2.0105
2.0025
1.9933
1.9829
1.9713
1.9582
1.9437
1.9276
1.9099
1.8905
1.8692
1.8459
1.8206
1.7932
1.7635
1.7315
1.6971
1.6602
1.6208
1.5787
1.534
1.4865
1.4364
1.3835
1.3279
1.2695
1.2085
1.1448
1.0785
1.0098
0.9387
0.86532
0.7898
0.71231
0.63299
0.55204
0.46963
0.38598
0.30129
0.2158
0.12971
0.043277
-0.043157
-0.12909
-0.21479
-0.64379
-0.38693
-0.12935
0.12971
0.38879
0.6468
0.90306
1.1569
1.4076
1.6546
1.8972
2.135
2.3673
2.5936
2.8135
3.0267
3.2327
3.4312
3.6221
3.805
3.9799
4.1467
4.3052
4.4556
4.5977
4.7318
4.8578
4.9761
5.0866
5.1898
5.2857
5.3746
5.4569
5.5327
5.6024
5.6663
5.7246
5.7777
5.8258
5.8693
5.9084
5.9434
5.9745
6.002
6.0261
6.047
6.0648
6.0799
6.0921
6.1018
6.109
6.1137
6.1161
6.1161
6.1137
6.109
6.1018
6.0921
6.0799
6.0648
6.047
6.0261
6.002
5.9745
5.9434
5.9084
5.8693
5.8258
5.7777
5.7246
5.6663
5.6024
5.5327
5.4569
5.3746
5.2857
5.1898
5.0866
4.9761
4.8578
4.7318
4.5977
4.4556
4.3052
4.1467
3.9799
3.805
3.6221
3.4312
3.2327
3.0267
2.8135
2.5936
2.3673
2.135
1.8972
1.6546
1.4076
1.1569
0.90306
0.6468
0.38879
0.12971
-0.12935
-0.38693
-0.64379
-1.071
-0.64371
-0.2152
0.2158
0.6468
1.076
1.5024
1.9246
2.3418
2.7527
3.1563
3.5518
3.9383
4.3148
4.6807
5.0353
5.378
5.7083
6.0259
6.3302
6.6212
6.8986
7.1624
7.4125
7.6489
7.872
8.0817
8.2784
8.4623
8.6339
8.7935
8.9414
9.0783
9.2044
9.3204
9.4266
9.5237
9.612
9.6921
9.7645
9.8295
9.8877
9.9395
9.9852
10.025
10.06
10.09
10.115
10.135
10.151
10.163
10.171
10.175
10.175
10.171
10.163
10.151
10.135
10.115
10.09
10.06
10.025
9.9852
9.9395
9.8877
9.8295
9.7645
9.6921
9.612
9.5237
9.4266
9.3204
9.2044
9.0783
8.9414
8.7935
8.6339
8.4623
8.2784
8.0817
7.872
7.6489
7.4125
7.1624
6.8986
6.6212
6.3302
6.0259
5.7083
5.378
5.0353
4.6807
4.3148
3.9383
3.5518
3.1563
2.7527
2.3418
1.9246
1.5024
1.076
0.6468
0.2158
-0.2152
-0.64371
-1.071
-1.4954
-0.89875
-0.30046
0.30129
0.90306
1.5024
2.0976
2.6872
3.2696
3.8433
4.4069
4.9591
5.4986
6.0243
6.5352
7.0303
7.5088
7.97
8.4133
8.8382
9.2445
9.6318
10
10.349
10.679
10.991
11.284
11.558
11.815
12.055
12.277
12.484
12.675
12.851
13.013
13.161
13.297
13.42
13.532
13.633
13.724
13.805
13.878
13.941
13.997
14.046
14.087
14.122
14.151
14.173
14.19
14.201
14.206
14.206
14.201
14.19
14.173
14.151
14.122
14.087
14.046
13.997
13.941
13.878
13.805
13.724
13.633
13.532
13.42
13.297
13.161
13.013
12.851
12.675
12.484
12.277
12.055
11.815
11.558
11.284
10.991
10.679
10.349
10
9.6318
9.2445
8.8382
8.4133
7.97
7.5088
7.0303
6.5352
6.0243
5.4986
4.9591
4.4069
3.8433
3.2696
2.6872
2.0976
1.5024
0.90306
0.30129
-0.30046
-0.89875
-1.4954
-1.9157
-1.1514
-0.38491
0.38598
1.1569
1.9246
2.6872
3.4425
4.1885
4.9235
5.6455
6.3529
7.0441
7.7176
8.372
9.0063
9.6193
10.21
10.778
11.322
11.843
12.339
12.811
13.258
13.681
14.08
14.455
14.807
15.136
15.443
15.728
15.993
16.238
16.463
16.671
16.861
17.034
17.192
17.336
17.465
17.581
17.686
17.778
17.86
17.932
17.994
18.047
18.092
18.128
18.157
18.178
18.192
18.199
18.199
18.192
18.178
18.157
18.128
18.092
18.047
17.994
17.932
17.86
17.778
17.686
17.581
17.465
17.336
17.192
17.034
16.861
16.671
16.463
16.238
15.993
15.728
15.443
15.136
14.807
14.455
14.08
13.681
13.258
12.811
12.339
11.843
11.322
10.778
10.21
9.6193
9.0063
8.372
7.7176
7.0441
6.3529
5.6455
4.9235
4.1885
3.4425
2.6872
1.9246
1.1569
0.38598
-0.38491
-1.1514
-1.9157
-2.3308
-1.4009
-0.46833
0.46963
1.4076
2.3418
3.2696
4.1885
5.0963
5.9905
6.869
7.7297
8.5707
9.3902
10.186
10.958
11.704
12.423
13.114
13.776
14.41
15.013
15.587
16.132
16.646
17.132
17.588
18.016
18.416
18.79
19.137
19.459
19.757
20.031
20.284
20.515
20.726
20.919
21.093
21.25
21.392
21.519
21.631
21.731
21.818
21.894
21.958
22.013
22.057
22.092
22.118
22.135
22.144
22.144
22.135
22.118
22.092
22.057
22.013
21.958
21.894
21.818
21.731
21.631
21.519
21.392
21.25
21.093
20.919
20.726
20.515
20.284
20.031
19.757
19.459
19.137
18.79
18.416
18.016
17.588
17.132
16.646
16.132
15.587
15.013
14.41
13.776
13.114
12.423
11.704
10.958
10.186
9.3902
8.5707
7.7297
6.869
5.9905
5.0963
4.1885
3.2696
2.3418
1.4076
0.46963
-0.46833
-1.4009
-2.3308
-2.7398
-1.6467
-0.55051
0.55204
1.6546
2.7527
3.8433
4.9235
5.9905
7.0416
8.0743
9.086
10.075
11.038
11.974
12.881
13.758
14.603
15.415
16.194
16.938
17.648
18.322
18.962
19.567
20.138
20.674
21.177
21.648
22.087
22.495
22.874
23.224
23.546
23.843
24.115
24.363
24.589
24.794
24.979
25.146
25.295
25.427
25.544
25.647
25.735
25.811
25.875
25.928
25.969
25.999
26.02
26.03
26.03
26.02
25.999
25.969
25.928
25.875
25.811
25.735
25.647
25.544
25.427
25.295
25.146
24.979
24.794
24.589
24.363
24.115
23.843
23.546
23.224
22.874
22.495
22.087
21.648
21.177
20.674
20.138
19.567
18.962
18.322
17.648
16.938
16.194
15.415
14.603
13.758
12.881
11.974
11.038
10.075
9.086
8.0743
7.0416
5.9905
4.9235
3.8433
2.7527
1.6546
0.55204
-0.55051
-1.6467
-2.7398
-3.1416
-1.8882
-0.63124
0.63299
1.8972
3.1563
4.4069
5.6455
6.869
8.0743
9.2584
10.419
11.552
12.657
13.73
14.77
15.775
16.744
17.676
18.568
19.422
20.236
21.009
21.743
22.437
23.091
23.706
24.283
24.823
25.326
25.794
26.228
26.63
27
27.34
27.652
27.936
28.195
28.43
28.643
28.833
29.004
29.156
29.29
29.408
29.51
29.597
29.67
29.73
29.777
29.812
29.836
29.847
29.847
29.836
29.812
29.777
29.73
29.67
29.597
29.51
29.408
29.29
29.156
29.004
28.833
28.643
28.43
28.195
27.936
27.652
27.34
27
26.63
26.228
25.794
25.326
24.823
24.283
23.706
23.091
22.437
21.743
21.009
20.236
19.422
18.568
17.676
16.744
15.775
14.77
13.73
12.657
11.552
10.419
9.2584
8.0743
6.869
5.6455
4.4069
3.1563
1.8972
0.63299
-0.63124
-1.8882
-3.1416
-3.5353
-2.1248
-0.71033
0.71231
2.135
3.5518
4.9591
6.3529
7.7297
9.086
10.419
11.724
13
14.242
15.45
16.621
17.752
18.842
19.89
20.895
21.856
22.771
23.642
24.468
25.248
25.984
26.677
27.326
27.933
28.5
29.026
29.515
29.967
30.383
30.766
31.117
31.437
31.729
31.993
32.232
32.447
32.639
32.81
32.961
33.093
33.208
33.306
33.388
33.456
33.509
33.548
33.574
33.587
33.587
33.574
33.548
33.509
33.456
33.388
33.306
33.208
33.093
32.961
32.81
32.639
32.447
32.232
31.993
31.729
31.437
31.117
30.766
30.383
29.967
29.515
29.026
28.5
27.933
27.326
26.677
25.984
25.248
24.468
23.642
22.771
21.856
20.895
19.89
18.842
17.752
16.621
15.45
14.242
13
11.724
10.419
9.086
7.7297
6.3529
4.9591
3.5518
2.135
0.71231
-0.71033
-2.1248
-3.5353
-3.9199
-2.3559
-0.78761
0.7898
2.3673
3.9383
5.4986
7.0441
8.5707
10.075
11.552
13
14.414
15.792
17.131
18.429
19.683
20.892
22.055
23.169
24.234
25.249
26.214
27.13
27.995
28.812
29.579
30.299
30.973
31.601
32.185
32.726
33.227
33.689
34.113
34.502
34.858
35.181
35.474
35.739
35.977
36.19
36.38
36.547
36.694
36.821
36.93
37.021
37.096
37.155
37.199
37.228
37.242
37.242
37.228
37.199
37.155
37.096
37.021
36.93
36.821
36.694
36.547
36.38
36.19
35.977
35.739
35.474
35.181
34.858
34.502
34.113
33.689
33.227
32.726
32.185
31.601
30.973
30.299
29.579
28.812
27.995
27.13
26.214
25.249
24.234
23.169
22.055
20.892
19.683
18.429
17.131
15.792
14.414
13
11.552
10.075
8.5707
7.0441
5.4986
3.9383
2.3673
0.7898
-0.78761
-2.3559
-3.9199
-4.2947
-2.5812
-0.86292
0.86532
2.5936
4.3148
6.0243
7.7176
9.3902
11.038
12.657
14.242
15.792
17.302
18.769
20.191
21.565
22.89
24.163
25.384
26.551
27.663
28.721
29.724
30.672
31.567
32.408
33.196
33.934
34.622
35.262
35.856
36.404
36.91
37.375
37.802
38.191
38.545
38.866
39.156
39.417
39.651
39.859
40.042
40.203
40.342
40.461
40.561
40.643
40.708
40.756
40.788
40.803
40.803
40.788
40.756
40.708
40.643
40.561
40.461
40.342
40.203
40.042
39.859
39.651
39.417
39.156
38.866
38.545
38.191
37.802
37.375
36.91
36.404
35.856
35.262
34.622
33.934
33.196
32.408
31.567
30.672
29.724
28.721
27.663
26.551
25.384
24.163
22.89
21.565
20.191
18.769
17.302
15.792
14.242
12.657
11.038
9.3902
7.7176
6.0243
4.3148
2.5936
0.86532
-0.86292
-2.5812
-4.2947
-4.6589
-2.8001
-0.9361
0.9387
2.8135
4.6807
6.5352
8.372
10.186
11.974
13.73
15.45
17.131
18.769
20.361
21.903
23.394
24.831
26.212
27.537
28.802
30.009
31.157
32.245
33.273
34.244
35.156
36.012
36.812
37.559
38.253
38.897
39.492
40.041
40.545
41.008
41.43
41.814
42.163
42.478
42.761
43.014
43.239
43.438
43.613
43.764
43.893
44.002
44.091
44.161
44.213
44.247
44.264
44.264
44.247
44.213
44.161
44.091
44.002
43.893
43.764
43.613
43.438
43.239
43.014
42.761
42.478
42.163
41.814
41.43
41.008
40.545
40.041
39.492
38.897
38.253
37.559
36.812
36.012
35.156
34.244
33.273
32.245
31.157
30.009
28.802
27.537
26.212
24.831
23.394
21.903
20.361
18.769
17.131
15.45
13.73
11.974
10.186
8.372
6.5352
4.6807
2.8135
0.9387
-0.9361
-2.8001
-4.6589
-5.0118
-3.0122
-1.007
1.0098
3.0267
5.0353
7.0303
9.0063
10.958
12.881
14.77
16.621
18.429
20.191
21.903
23.563
25.167
26.712
28.198
29.623
30.984
32.283
33.517
34.688
35.794
36.838
37.82
38.74
39.601
40.404
41.151
41.844
42.484
43.075
43.617
44.115
44.569
44.983
45.357
45.696
46.001
46.273
46.516
46.73
46.917
47.08
47.219
47.336
47.432
47.507
47.563
47.6
47.618
47.618
47.6
47.563
47.507
47.432
47.336
47.219
47.08
46.917
46.73
46.516
46.273
46.001
45.696
45.357
44.983
44.569
44.115
43.617
43.075
42.484
41.844
41.151
40.404
39.601
38.74
37.82
36.838
35.794
34.688
33.517
32.283
30.984
29.623
28.198
26.712
25.167
23.563
21.903
20.191
18.429
16.621
14.77
12.881
10.958
9.0063
7.0303
5.0353
3.0267
1.0098
-1.007
-3.0122
-5.0118
-5.353
-3.2172
-1.0756
1.0785
3.2327
5.378
7.5088
9.6193
11.704
13.758
15.775
17.752
19.683
21.565
23.394
25.167
26.88
28.531
30.118
31.639
33.093
34.48
35.799
37.049
38.231
39.346
40.394
41.377
42.297
43.155
43.952
44.692
45.376
46.007
46.587
47.118
47.603
48.045
48.445
48.807
49.132
49.423
49.682
49.911
50.111
50.285
50.434
50.558
50.661
50.741
50.801
50.84
50.86
50.86
50.84
50.801
50.741
50.661
50.558
50.434
50.285
50.111
49.911
49.682
49.423
49.132
48.807
48.445
48.045
47.603
47.118
46.587
46.007
45.376
44.692
43.952
43.155
42.297
41.377
40.394
39.346
38.231
37.049
35.799
34.48
33.093
31.639
30.118
28.531
26.88
25.167
23.394
21.565
19.683
17.752
15.775
13.758
11.704
9.6193
7.5088
5.378
3.2327
1.0785
-1.0756
-3.2172
-5.353
-5.6817
-3.4148
-1.1416
1.1448
3.4312
5.7083
7.97
10.21
12.423
14.603
16.744
18.842
20.892
22.89
24.831
26.712
28.531
30.283
31.968
33.583
35.126
36.598
37.998
39.325
40.579
41.763
42.875
43.919
44.895
45.806
46.652
47.438
48.164
48.833
49.449
50.013
50.528
50.996
51.422
51.805
52.151
52.46
52.735
52.977
53.19
53.374
53.532
53.665
53.773
53.859
53.922
53.964
53.985
53.985
53.964
53.922
53.859
53.773
53.665
53.532
53.374
53.19
52.977
52.735
52.46
52.151
51.805
51.422
50.996
50.528
50.013
49.449
48.833
48.164
47.438
46.652
45.806
44.895
43.919
42.875
41.763
40.579
39.325
37.998
36.598
35.126
33.583
31.968
30.283
28.531
26.712
24.831
22.89
20.892
18.842
16.744
14.603
12.423
10.21
7.97
5.7083
3.4312
1.1448
-1.1416
-3.4148
-5.6817
-5.9978
-3.6048
-1.2051
1.2085
3.6221
6.0259
8.4133
10.778
13.114
15.415
17.676
19.89
22.055
24.163
26.212
28.198
30.118
31.968
33.746
35.451
37.08
38.634
40.111
41.512
42.837
44.086
45.261
46.362
47.393
48.354
49.248
50.077
50.843
51.55
52.2
52.795
53.339
53.834
54.282
54.688
55.052
55.378
55.669
55.925
56.15
56.344
56.511
56.651
56.765
56.855
56.922
56.967
56.989
56.989
56.967
56.922
56.855
56.765
56.651
56.511
56.344
56.15
55.925
55.669
55.378
55.052
54.688
54.282
53.834
53.339
52.795
52.2
51.55
50.843
50.077
49.248
48.354
47.393
46.362
45.261
44.086
42.837
41.512
40.111
38.634
37.08
35.451
33.746
31.968
30.118
28.198
26.212
24.163
22.055
19.89
17.676
15.415
13.114
10.778
8.4133
6.0259
3.6221
1.2085
-1.2051
-3.6048
-5.9978
-6.3007
-3.7869
-1.266
1.2695
3.805
6.3302
8.8382
11.322
13.776
16.194
18.568
20.895
23.169
25.384
27.537
29.623
31.639
33.583
35.451
37.241
38.953
40.586
42.138
43.609
45.001
46.313
47.547
48.705
49.787
50.797
51.736
52.607
53.412
54.155
54.837
55.463
56.034
56.554
57.025
57.451
57.834
58.177
58.481
58.751
58.987
59.191
59.366
59.513
59.633
59.728
59.799
59.845
59.868
59.868
59.845
59.799
59.728
59.633
59.513
59.366
59.191
58.987
58.751
58.481
58.177
57.834
57.451
57.025
56.554
56.034
55.463
54.837
54.155
53.412
52.607
51.736
50.797
49.787
48.705
47.547
46.313
45.001
43.609
42.138
40.586
38.953
37.241
35.451
33.583
31.639
29.623
27.537
25.384
23.169
20.895
18.568
16.194
13.776
11.322
8.8382
6.3302
3.805
1.2695
-1.266
-3.7869
-6.3007
-6.5903
-3.9609
-1.3242
1.3279
3.9799
6.6212
9.2445
11.843
14.41
16.938
19.422
21.856
24.234
26.551
28.802
30.984
33.093
35.126
37.08
38.953
40.744
42.451
44.075
45.614
47.07
48.442
49.733
50.944
52.076
53.132
54.115
55.026
55.868
56.645
57.359
58.013
58.61
59.154
59.647
60.093
60.493
60.852
61.171
61.452
61.699
61.913
62.096
62.25
62.376
62.475
62.549
62.597
62.621
62.621
62.597
62.549
62.475
62.376
62.25
62.096
61.913
61.699
61.452
61.171
60.852
60.493
60.093
59.647
59.154
58.61
58.013
57.359
56.645
55.868
55.026
54.115
53.132
52.076
50.944
49.733
48.442
47.07
45.614
44.075
42.451
40.744
38.953
37.08
35.126
33.093
30.984
28.802
26.551
24.234
21.856
19.422
16.938
14.41
11.843
9.2445
6.6212
3.9799
1.3279
-1.3242
-3.9609
-6.5903
-6.8664
-4.1269
-1.3797
1.3835
4.1467
6.8986
9.6318
12.339
15.013
17.648
20.236
22.771
25.249
27.663
30.009
32.283
34.48
36.598
38.634
40.586
42.451
44.23
45.922
47.525
49.042
50.472
51.817
53.079
54.259
55.359
56.383
57.332
58.209
59.019
59.763
60.444
61.067
61.633
62.147
62.612
63.029
63.402
63.735
64.028
64.285
64.508
64.699
64.859
64.99
65.094
65.17
65.221
65.246
65.246
65.221
65.17
65.094
64.99
64.859
64.699
64.508
64.285
64.028
63.735
63.402
63.029
62.612
62.147
61.633
61.067
60.444
59.763
59.019
58.209
57.332
56.383
55.359
54.259
53.079
51.817
50.472
49.042
47.525
45.922
44.23
42.451
40.586
38.634
36.598
34.48
32.283
30.009
27.663
25.249
22.771
20.236
17.648
15.013
12.339
9.6318
6.8986
4.1467
1.3835
-1.3797
-4.1269
-6.8664
-7.1289
-4.2846
-1.4324
1.4364
4.3052
7.1624
10
12.811
15.587
18.322
21.009
23.642
26.214
28.721
31.157
33.517
35.799
37.998
40.111
42.138
44.075
45.922
47.678
49.343
50.918
52.403
53.799
55.109
56.334
57.476
58.539
59.524
60.436
61.276
62.048
62.756
63.403
63.991
64.525
65.006
65.44
65.828
66.173
66.477
66.744
66.976
67.174
67.34
67.476
67.584
67.663
67.716
67.742
67.742
67.716
67.663
67.584
67.476
67.34
67.174
66.976
66.744
66.477
66.173
65.828
65.44
65.006
64.525
63.991
63.403
62.756
62.048
61.276
60.436
59.524
58.539
57.476
56.334
55.109
53.799
52.403
50.918
49.343
47.678
45.922
44.075
42.138
40.111
37.998
35.799
33.517
31.157
28.721
26.214
23.642
21.009
18.322
15.587
12.811
10
7.1624
4.3052
1.4364
-1.4324
-4.2846
-7.1289
-7.3779
-4.4343
-1.4824
1.4865
4.4556
7.4125
10.349
13.258
16.132
18.962
21.743
24.468
27.13
29.724
32.245
34.688
37.049
39.325
41.512
43.609
45.614
47.525
49.343
51.066
52.696
54.233
55.678
57.034
58.302
59.484
60.584
61.604
62.547
63.417
64.216
64.948
65.617
66.226
66.779
67.278
67.726
68.127
68.484
68.8
69.076
69.316
69.521
69.693
69.834
69.945
70.028
70.082
70.109
70.109
70.082
70.028
69.945
69.834
69.693
69.521
69.316
69.076
68.8
68.484
68.127
67.726
67.278
66.779
66.226
65.617
64.948
64.216
63.417
62.547
61.604
60.584
59.484
58.302
57.034
55.678
54.233
52.696
51.066
49.343
47.525
45.614
43.609
41.512
39.325
37.049
34.688
32.245
29.724
27.13
24.468
21.743
18.962
16.132
13.258
10.349
7.4125
4.4556
1.4865
-1.4824
-4.4343
-7.3779
-7.6133
-4.5757
-1.5297
1.534
4.5977
7.6489
10.679
13.681
16.646
19.567
22.437
25.248
27.995
30.672
33.273
35.794
38.231
40.579
42.837
45.001
47.07
49.042
50.918
52.696
54.378
55.964
57.455
58.854
60.162
61.383
62.517
63.57
64.543
65.441
66.266
67.022
67.712
68.34
68.91
69.425
69.888
70.302
70.671
70.996
71.282
71.529
71.74
71.918
72.063
72.178
72.263
72.319
72.347
72.347
72.319
72.263
72.178
72.063
71.918
71.74
71.529
71.282
70.996
70.671
70.302
69.888
69.425
68.91
68.34
67.712
67.022
66.266
65.441
64.543
63.57
62.517
61.383
60.162
58.854
57.455
55.964
54.378
52.696
50.918
49.042
47.07
45.001
42.837
40.579
38.231
35.794
33.273
30.672
27.995
25.248
22.437
19.567
16.646
13.681
10.679
7.6489
4.5977
1.534
-1.5297
-4.5757
-7.6133
-7.8352
-4.7091
-1.5743
1.5787
4.7318
7.872
10.991
14.08
17.132
20.138
23.091
25.984
28.812
31.567
34.244
36.838
39.346
41.763
44.086
46.313
48.442
50.472
52.403
54.233
55.964
57.596
59.131
60.571
61.917
63.173
64.341
65.424
66.426
67.35
68.199
68.977
69.687
70.334
70.921
71.451
71.927
72.353
72.733
73.068
73.361
73.616
73.834
74.016
74.166
74.284
74.372
74.43
74.458
74.458
74.43
74.372
74.284
74.166
74.016
73.834
73.616
73.361
73.068
72.733
72.353
71.927
71.451
70.921
70.334
69.687
68.977
68.199
67.35
66.426
65.424
64.341
63.173
61.917
60.571
59.131
57.596
55.964
54.233
52.403
50.472
48.442
46.313
44.086
41.763
39.346
36.838
34.244
31.567
28.812
25.984
23.091
20.138
17.132
14.08
10.991
7.872
4.7318
1.5787
-1.5743
-4.7091
-7.8352
-8.044
-4.8346
-1.6163
1.6208
4.8578
8.0817
11.284
14.455
17.588
20.674
23.706
26.677
29.579
32.408
35.156
37.82
40.394
42.875
45.261
47.547
49.733
51.817
53.799
55.678
57.455
59.131
60.707
62.185
63.567
64.857
66.056
67.168
68.197
69.145
70.017
70.816
71.545
72.209
72.812
73.356
73.845
74.282
74.672
75.016
75.317
75.579
75.802
75.99
76.144
76.265
76.355
76.414
76.444
76.444
76.414
76.355
76.265
76.144
75.99
75.802
75.579
75.317
75.016
74.672
74.282
73.845
73.356
72.812
72.209
71.545
70.816
70.017
69.145
68.197
67.168
66.056
64.857
63.567
62.185
60.707
59.131
57.455
55.678
53.799
51.817
49.733
47.547
45.261
42.875
40.394
37.82
35.156
32.408
29.579
26.677
23.706
20.674
17.588
14.455
11.284
8.0817
4.8578
1.6208
-1.6163
-4.8346
-8.044
-8.2397
-4.9523
-1.6556
1.6602
4.9761
8.2784
11.558
14.807
18.016
21.177
24.283
27.326
30.299
33.196
36.012
38.74
41.377
43.919
46.362
48.705
50.944
53.079
55.109
57.034
58.854
60.571
62.185
63.699
65.115
66.436
67.665
68.804
69.858
70.829
71.722
72.54
73.288
73.968
74.585
75.142
75.643
76.092
76.491
76.843
77.152
77.42
77.649
77.841
77.998
78.123
78.215
78.276
78.306
78.306
78.276
78.215
78.123
77.998
77.841
77.649
77.42
77.152
76.843
76.491
76.092
75.643
75.142
74.585
73.968
73.288
72.54
71.722
70.829
69.858
68.804
67.665
66.436
65.115
63.699
62.185
60.571
58.854
57.034
55.109
53.079
50.944
48.705
46.362
43.919
41.377
38.74
36.012
33.196
30.299
27.326
24.283
21.177
18.016
14.807
11.558
8.2784
4.9761
1.6602
-1.6556
-4.9523
-8.2397
-8.4228
-5.0623
-1.6924
1.6971
5.0866
8.4623
11.815
15.136
18.416
21.648
24.823
27.933
30.973
33.934
36.812
39.601
42.297
44.895
47.393
49.787
52.076
54.259
56.334
58.302
60.162
61.917
63.567
65.115
66.563
67.913
69.169
70.334
71.411
72.404
73.317
74.153
74.917
75.613
76.244
76.813
77.326
77.784
78.192
78.552
78.868
79.142
79.376
79.572
79.733
79.86
79.954
80.017
80.048
80.048
80.017
79.954
79.86
79.733
79.572
79.376
79.142
78.868
78.552
78.192
77.784
77.326
76.813
76.244
75.613
74.917
74.153
73.317
72.404
71.411
70.334
69.169
67.913
66.563
65.115
63.567
61.917
60.162
58.302
56.334
54.259
52.076
49.787
47.393
44.895
42.297
39.601
36.812
33.934
30.973
27.933
24.823
21.648
18.416
15.136
11.815
8.4623
5.0866
1.6971
-1.6924
-5.0623
-8.4228
-8.5936
-5.1649
-1.7267
1.7315
5.1898
8.6339
12.055
15.443
18.79
22.087
25.326
28.5
31.601
34.622
37.559
40.404
43.155
45.806
48.354
50.797
53.132
55.359
57.476
59.484
61.383
63.173
64.857
66.436
67.913
69.291
70.572
71.761
72.86
73.873
74.804
75.658
76.438
77.147
77.791
78.372
78.895
79.363
79.779
80.146
80.468
80.748
80.987
81.187
81.352
81.481
81.577
81.641
81.672
81.672
81.641
81.577
81.481
81.352
81.187
80.987
80.748
80.468
80.146
79.779
79.363
78.895
78.372
77.791
77.147
76.438
75.658
74.804
73.873
72.86
71.761
70.572
69.291
67.913
66.436
64.857
63.173
61.383
59.484
57.476
55.359
53.132
50.797
48.354
45.806
43.155
40.404
37.559
34.622
31.601
28.5
25.326
22.087
18.79
15.443
12.055
8.6339
5.1898
1.7315
-1.7267
-5.1649
-8.5936
-8.7524
-5.2604
-1.7586
1.7635
5.2857
8.7935
12.277
15.728
19.137
22.495
25.794
29.026
32.185
35.262
38.253
41.151
43.952
46.652
49.248
51.736
54.115
56.383
58.539
60.584
62.517
64.341
66.056
67.665
69.169
70.572
71.877
73.088
74.207
75.239
76.188
77.057
77.851
78.574
79.23
79.822
80.354
80.831
81.255
81.629
81.957
82.242
82.485
82.689
82.857
82.989
83.086
83.151
83.183
83.183
83.151
83.086
82.989
82.857
82.689
82.485
82.242
81.957
81.629
81.255
80.831
80.354
79.822
79.23
78.574
77.851
77.057
76.188
75.239
74.207
73.088
71.877
70.572
69.169
67.665
66.056
64.341
62.517
60.584
58.539
56.383
54.115
51.736
49.248
46.652
43.952
41.151
38.253
35.262
32.185
29.026
25.794
22.495
19.137
15.728
12.277
8.7935
5.2857
1.7635
-1.7586
-5.2604
-8.7524
-8.8997
-5.3489
-1.7882
1.7932
5.3746
8.9414
12.484
15.993
19.459
22.874
26.228
29.515
32.726
35.856
38.897
41.844
44.692
47.438
50.077
52.607
55.026
57.332
59.524
61.604
63.57
65.424
67.168
68.804
70.334
71.761
73.088
74.319
75.457
76.506
77.471
78.355
79.163
79.898
80.564
81.166
81.708
82.192
82.623
83.004
83.338
83.627
83.875
84.082
84.253
84.387
84.486
84.552
84.585
84.585
84.552
84.486
84.387
84.253
84.082
83.875
83.627
83.338
83.004
82.623
82.192
81.708
81.166
80.564
79.898
79.163
78.355
77.471
76.506
75.457
74.319
73.088
71.761
70.334
68.804
67.168
65.424
63.57
61.604
59.524
57.332
55.026
52.607
50.077
47.438
44.692
41.844
38.897
35.856
32.726
29.515
26.228
22.874
19.459
15.993
12.484
8.9414
5.3746
1.7932
-1.7882
-5.3489
-8.8997
-9.0359
-5.4308
-1.8156
1.8206
5.4569
9.0783
12.675
16.238
19.757
23.224
26.63
29.967
33.227
36.404
39.492
42.484
45.376
48.164
50.843
53.412
55.868
58.209
60.436
62.547
64.543
66.426
68.197
69.858
71.411
72.86
74.207
75.457
76.613
77.678
78.658
79.555
80.375
81.122
81.798
82.41
82.96
83.452
83.889
84.276
84.615
84.908
85.16
85.371
85.544
85.68
85.781
85.848
85.881
85.881
85.848
85.781
85.68
85.544
85.371
85.16
84.908
84.615
84.276
83.889
83.452
82.96
82.41
81.798
81.122
80.375
79.555
78.658
77.678
76.613
75.457
74.207
72.86
71.411
69.858
68.197
66.426
64.543
62.547
60.436
58.209
55.868
53.412
50.843
48.164
45.376
42.484
39.492
36.404
33.227
29.967
26.63
23.224
19.757
16.238
12.675
9.0783
5.4569
1.8206
-1.8156
-5.4308
-9.0359
-9.1614
-5.5062
-1.8408
1.8459
5.5327
9.2044
12.851
16.463
20.031
23.546
27
30.383
33.689
36.91
40.041
43.075
46.007
48.833
51.55
54.155
56.645
59.019
61.276
63.417
65.441
67.35
69.145
70.829
72.404
73.873
75.239
76.506
77.678
78.759
79.752
80.662
81.493
82.25
82.936
83.556
84.114
84.613
85.056
85.449
85.792
86.09
86.345
86.559
86.734
86.872
86.974
87.042
87.076
87.076
87.042
86.974
86.872
86.734
86.559
86.345
86.09
85.792
85.449
85.056
84.613
84.114
83.556
82.936
82.25
81.493
80.662
79.752
78.759
77.678
76.506
75.239
73.873
72.404
70.829
69.145
67.35
65.441
63.417
61.276
59.019
56.645
54.155
51.55
48.833
46.007
43.075
40.041
36.91
33.689
30.383
27
23.546
20.031
16.463
12.851
9.2044
5.5327
1.8459
-1.8408
-5.5062
-9.1614
-9.2768
-5.5756
-1.864
1.8692
5.6024
9.3204
13.013
16.671
20.284
23.843
27.34
30.766
34.113
37.375
40.545
43.617
46.587
49.449
52.2
54.837
57.359
59.763
62.048
64.216
66.266
68.199
70.017
71.722
73.317
74.804
76.188
77.471
78.658
79.752
80.758
81.679
82.521
83.288
83.983
84.61
85.175
85.68
86.129
86.526
86.874
87.176
87.434
87.651
87.828
87.968
88.072
88.14
88.174
88.174
88.14
88.072
87.968
87.828
87.651
87.434
87.176
86.874
86.526
86.129
85.68
85.175
84.61
83.983
83.288
82.521
81.679
80.758
79.752
78.658
77.471
76.188
74.804
73.317
71.722
70.017
68.199
66.266
64.216
62.048
59.763
57.359
54.837
52.2
49.449
46.587
43.617
40.545
37.375
34.113
30.766
27.34
23.843
20.284
16.671
13.013
9.3204
5.6024
1.8692
-1.864
-5.5756
-9.2768
-9.3826
-5.6391
-1.8852
1.8905
5.6663
9.4266
13.161
16.861
20.515
24.115
27.652
31.117
34.502
37.802
41.008
44.115
47.118
50.013
52.795
55.463
58.013
60.444
62.756
64.948
67.022
68.977
70.816
72.54
74.153
75.658
77.057
78.355
79.555
80.662
81.679
82.612
83.463
84.238
84.941
85.576
86.147
86.658
87.113
87.514
87.866
88.171
88.432
88.651
88.831
88.972
89.077
89.147
89.181
89.181
89.147
89.077
88.972
88.831
88.651
88.432
88.171
87.866
87.514
87.113
86.658
86.147
85.576
84.941
84.238
83.463
82.612
81.679
80.662
79.555
78.355
77.057
75.658
74.153
72.54
70.816
68.977
67.022
64.948
62.756
60.444
58.013
55.463
52.795
50.013
47.118
44.115
41.008
37.802
34.502
31.117
27.652
24.115
20.515
16.861
13.161
9.4266
5.6663
1.8905
-1.8852
-5.6391
-9.3826
-9.4792
-5.6972
-1.9046
1.9099
5.7246
9.5237
13.297
17.034
20.726
24.363
27.936
31.437
34.858
38.191
41.43
44.569
47.603
50.528
53.339
56.034
58.61
61.067
63.403
65.617
67.712
69.687
71.545
73.288
74.917
76.438
77.851
79.163
80.375
81.493
82.521
83.463
84.324
85.107
85.817
86.458
87.035
87.552
88.011
88.417
88.772
89.08
89.344
89.566
89.747
89.89
89.996
90.066
90.101
90.101
90.066
89.996
89.89
89.747
89.566
89.344
89.08
88.772
88.417
88.011
87.552
87.035
86.458
85.817
85.107
84.324
83.463
82.521
81.493
80.375
79.163
77.851
76.438
74.917
73.288
71.545
69.687
67.712
65.617
63.403
61.067
58.61
56.034
53.339
50.528
47.603
44.569
41.43
38.191
34.858
31.437
27.936
24.363
20.726
17.034
13.297
9.5237
5.7246
1.9099
-1.9046
-5.6972
-9.4792
-9.5671
-5.75
-1.9223
1.9276
5.7777
9.612
13.42
17.192
20.919
24.589
28.195
31.729
35.181
38.545
41.814
44.983
48.045
50.996
53.834
56.554
59.154
61.633
63.991
66.226
68.34
70.334
72.209
73.968
75.613
77.147
78.574
79.898
81.122
82.25
83.288
84.238
85.107
85.897
86.614
87.262
87.844
88.365
88.828
89.238
89.597
89.908
90.174
90.398
90.581
90.725
90.832
90.903
90.938
90.938
90.903
90.832
90.725
90.581
90.398
90.174
89.908
89.597
89.238
88.828
88.365
87.844
87.262
86.614
85.897
85.107
84.238
83.288
82.25
81.122
79.898
78.574
77.147
75.613
73.968
72.209
70.334
68.34
66.226
63.991
61.633
59.154
56.554
53.834
50.996
48.045
44.983
41.814
38.545
35.181
31.729
28.195
24.589
20.919
17.192
13.42
9.612
5.7777
1.9276
-1.9223
-5.75
-9.5671
-9.6468
-5.7979
-1.9383
1.9437
5.8258
9.6921
13.532
17.336
21.093
24.794
28.43
31.993
35.474
38.866
42.163
45.357
48.445
51.422
54.282
57.025
59.647
62.147
64.525
66.779
68.91
70.921
72.812
74.585
76.244
77.791
79.23
80.564
81.798
82.936
83.983
84.941
85.817
86.614
87.337
87.99
88.577
89.103
89.57
89.983
90.345
90.659
90.927
91.152
91.337
91.483
91.59
91.662
91.697
91.697
91.662
91.59
91.483
91.337
91.152
90.927
90.659
90.345
89.983
89.57
89.103
88.577
87.99
87.337
86.614
85.817
84.941
83.983
82.936
81.798
80.564
79.23
77.791
76.244
74.585
72.812
70.921
68.91
66.779
64.525
62.147
59.647
57.025
54.282
51.422
48.445
45.357
42.163
38.866
35.474
31.993
28.43
24.794
21.093
17.336
13.532
9.6921
5.8258
1.9437
-1.9383
-5.7979
-9.6468
-9.7188
-5.8412
-1.9528
1.9582
5.8693
9.7645
13.633
17.465
21.25
24.979
28.643
32.232
35.739
39.156
42.478
45.696
48.807
51.805
54.688
57.451
60.093
62.612
65.006
67.278
69.425
71.451
73.356
75.142
76.813
78.372
79.822
81.166
82.41
83.556
84.61
85.576
86.458
87.262
87.99
88.648
89.239
89.769
90.24
90.656
91.02
91.337
91.607
91.834
92.02
92.167
92.275
92.347
92.383
92.383
92.347
92.275
92.167
92.02
91.834
91.607
91.337
91.02
90.656
90.24
89.769
89.239
88.648
87.99
87.262
86.458
85.576
84.61
83.556
82.41
81.166
79.822
78.372
76.813
75.142
73.356
71.451
69.425
67.278
65.006
62.612
60.093
57.451
54.688
51.805
48.807
45.696
42.478
39.156
35.739
32.232
28.643
24.979
21.25
17.465
13.633
9.7645
5.8693
1.9582
-1.9528
-5.8412
-9.7188
-9.7835
-5.8801
-1.9658
1.9713
5.9084
9.8295
13.724
17.581
21.392
25.146
28.833
32.447
35.977
39.417
42.761
46.001
49.132
52.151
55.052
57.834
60.493
63.029
65.44
67.726
69.888
71.927
73.845
75.643
77.326
78.895
80.354
81.708
82.96
84.114
85.175
86.147
87.035
87.844
88.577
89.239
89.835
90.368
90.842
91.261
91.628
91.946
92.219
92.447
92.634
92.782
92.892
92.964
93
93
92.964
92.892
92.782
92.634
92.447
92.219
91.946
91.628
91.261
90.842
90.368
89.835
89.239
88.577
87.844
87.035
86.147
85.175
84.114
82.96
81.708
80.354
78.895
77.326
75.643
73.845
71.927
69.888
67.726
65.44
63.029
60.493
57.834
55.052
52.151
49.132
46.001
42.761
39.417
35.977
32.447
28.833
25.146
21.392
17.581
13.724
9.8295
5.9084
1.9713
-1.9658
-5.8801
-9.7835
-9.8415
-5.9149
-1.9774
1.9829
5.9434
9.8877
13.805
17.686
21.519
25.295
29.004
32.639
36.19
39.651
43.014
46.273
49.423
52.46
55.378
58.177
60.852
63.402
65.828
68.127
70.302
72.353
74.282
76.092
77.784
79.363
80.831
82.192
83.452
84.613
85.68
86.658
87.552
88.365
89.103
89.769
90.368
90.904
91.381
91.803
92.172
92.492
92.766
92.996
93.184
93.333
93.443
93.516
93.552
93.552
93.516
93.443
93.333
93.184
92.996
92.766
92.492
92.172
91.803
91.381
90.904
90.368
89.769
89.103
88.365
87.552
86.658
85.68
84.613
83.452
82.192
80.831
79.363
77.784
76.092
74.282
72.353
70.302
68.127
65.828
63.402
60.852
58.177
55.378
52.46
49.423
46.273
43.014
39.651
36.19
32.639
29.004
25.295
21.519
17.686
13.805
9.8877
5.9434
1.9829
-1.9774
-5.9149
-9.8415
-9.893
-5.9459
-1.9878
1.9933
5.9745
9.9395
13.878
17.778
21.631
25.427
29.156
32.81
36.38
39.859
43.239
46.516
49.682
52.735
55.669
58.481
61.171
63.735
66.173
68.484
70.671
72.733
74.672
76.491
78.192
79.779
81.255
82.623
83.889
85.056
86.129
87.113
88.011
88.828
89.57
90.24
90.842
91.381
91.861
92.284
92.655
92.977
93.253
93.484
93.673
93.823
93.933
94.006
94.043
94.043
94.006
93.933
93.823
93.673
93.484
93.253
92.977
92.655
92.284
91.861
91.381
90.842
90.24
89.57
88.828
88.011
87.113
86.129
85.056
83.889
82.623
81.255
79.779
78.192
76.491
74.672
72.733
70.671
68.484
66.173
63.735
61.171
58.481
55.669
52.735
49.682
46.516
43.239
39.859
36.38
32.81
29.156
25.427
21.631
17.778
13.878
9.9395
5.9745
1.9933
-1.9878
-5.9459
-9.893
-9.9385
-5.9733
-1.9969
2.0025
6.002
9.9852
13.941
17.86
21.731
25.544
29.29
32.961
36.547
40.042
43.438
46.73
49.911
52.977
55.925
58.751
61.452
64.028
66.477
68.8
70.996
73.068
75.016
76.843
78.552
80.146
81.629
83.004
84.276
85.449
86.526
87.514
88.417
89.238
89.983
90.656
91.261
91.803
92.284
92.71
93.083
93.406
93.683
93.915
94.105
94.255
94.367
94.44
94.477
94.477
94.44
94.367
94.255
94.105
93.915
93.683
93.406
93.083
92.71
92.284
91.803
91.261
90.656
89.983
89.238
88.417
87.514
86.526
85.449
84.276
83.004
81.629
80.146
78.552
76.843
75.016
73.068
70.996
68.8
66.477
64.028
61.452
58.751
55.925
52.977
49.911
46.73
43.438
40.042
36.547
32.961
29.29
25.544
21.731
17.86
13.941
9.9852
6.002
2.0025
-1.9969
-5.9733
-9.9385
-9.9784
-5.9972
-2.005
2.0105
6.0261
10.025
13.997
17.932
21.818
25.647
29.408
33.093
36.694
40.203
43.613
46.917
50.111
53.19
56.15
58.987
61.699
64.285
66.744
69.076
71.282
73.361
75.317
77.152
78.868
80.468
81.957
83.338
84.615
85.792
86.874
87.866
88.772
89.597
90.345
91.02
91.628
92.172
92.655
93.083
93.457
93.782
94.06
94.293
94.484
94.635
94.746
94.82
94.857
94.857
94.82
94.746
94.635
94.484
94.293
94.06
93.782
93.457
93.083
92.655
92.172
91.628
91.02
90.345
89.597
88.772
87.866
86.874
85.792
84.615
83.338
81.957
80.468
78.868
77.152
75.317
73.361
71.282
69.076
66.744
64.285
61.699
58.987
56.15
53.19
50.111
46.917
43.613
40.203
36.694
33.093
29.408
25.647
21.818
17.932
13.997
10.025
6.0261
2.0105
-2.005
-5.9972
-9.9784
-10.013
-6.018
-2.0119
2.0175
6.047
10.06
14.046
17.994
21.894
25.735
29.51
33.208
36.821
40.342
43.764
47.08
50.285
53.374
56.344
59.191
61.913
64.508
66.976
69.316
71.529
73.616
75.579
77.42
79.142
80.748
82.242
83.627
84.908
86.09
87.176
88.171
89.08
89.908
90.659
91.337
91.946
92.492
92.977
93.406
93.782
94.108
94.386
94.62
94.812
94.963
95.075
95.149
95.186
95.186
95.149
95.075
94.963
94.812
94.62
94.386
94.108
93.782
93.406
92.977
92.492
91.946
91.337
90.659
89.908
89.08
88.171
87.176
86.09
84.908
83.627
82.242
80.748
79.142
77.42
75.579
73.616
71.529
69.316
66.976
64.508
61.913
59.191
56.344
53.374
50.285
47.08
43.764
40.342
36.821
33.208
29.51
25.735
21.894
17.994
14.046
10.06
6.047
2.0175
-2.0119
-6.018
-10.013
-10.043
-6.0358
-2.0178
2.0235
6.0648
10.09
14.087
18.047
21.958
25.811
29.597
33.306
36.93
40.461
43.893
47.219
50.434
53.532
56.511
59.366
62.096
64.699
67.174
69.521
71.74
73.834
75.802
77.649
79.376
80.987
82.485
83.875
85.16
86.345
87.434
88.432
89.344
90.174
90.927
91.607
92.219
92.766
93.253
93.683
94.06
94.386
94.666
94.901
95.093
95.245
95.357
95.431
95.468
95.468
95.431
95.357
95.245
95.093
94.901
94.666
94.386
94.06
93.683
93.253
92.766
92.219
91.607
90.927
90.174
89.344
88.432
87.434
86.345
85.16
83.875
82.485
80.987
79.376
77.649
75.802
73.834
71.74
69.521
67.174
64.699
62.096
59.366
56.511
53.532
50.434
47.219
43.893
40.461
36.93
33.306
29.597
25.811
21.958
18.047
14.087
10.09
6.0648
2.0235
-2.0178
-6.0358
-10.043
-10.067
-6.0507
-2.0228
2.0285
6.0799
10.115
14.122
18.092
22.013
25.875
29.67
33.388
37.021
40.561
44.002
47.336
50.558
53.665
56.651
59.513
62.25
64.859
67.34
69.693
71.918
74.016
75.99
77.841
79.572
81.187
82.689
84.082
85.371
86.559
87.651
88.651
89.566
90.398
91.152
91.834
92.447
92.996
93.484
93.915
94.293
94.62
94.901
95.136
95.329
95.481
95.593
95.668
95.705
95.705
95.668
95.593
95.481
95.329
95.136
94.901
94.62
94.293
93.915
93.484
92.996
92.447
91.834
91.152
90.398
89.566
88.651
87.651
86.559
85.371
84.082
82.689
81.187
79.572
77.841
75.99
74.016
71.918
69.693
67.34
64.859
62.25
59.513
56.651
53.665
50.558
47.336
44.002
40.561
37.021
33.388
29.67
25.875
22.013
18.092
14.122
10.115
6.0799
2.0285
-2.0228
-6.0507
-10.067
-10.088
-6.063
-2.0269
2.0326
6.0921
10.135
14.151
18.128
22.057
25.928
29.73
33.456
37.096
40.643
44.091
47.432
50.661
53.773
56.765
59.633
62.376
64.99
67.476
69.834
72.063
74.166
76.144
77.998
79.733
81.352
82.857
84.253
85.544
86.734
87.828
88.831
89.747
90.581
91.337
92.02
92.634
93.184
93.673
94.105
94.484
94.812
95.093
95.329
95.522
95.674
95.787
95.862
95.899
95.899
95.862
95.787
95.674
95.522
95.329
95.093
94.812
94.484
94.105
93.673
93.184
92.634
92.02
91.337
90.581
89.747
88.831
87.828
86.734
85.544
84.253
82.857
81.352
79.733
77.998
76.144
74.166
72.063
69.834
67.476
64.99
62.376
59.633
56.765
53.773
50.661
47.432
44.091
40.643
37.096
33.456
29.73
25.928
22.057
18.128
14.151
10.135
6.0921
2.0326
-2.0269
-6.063
-10.088
-10.104
-6.0726
-2.0301
2.0358
6.1018
10.151
14.173
18.157
22.092
25.969
29.777
33.509
37.155
40.708
44.161
47.507
50.741
53.859
56.855
59.728
62.475
65.094
67.584
69.945
72.178
74.284
76.265
78.123
79.86
81.481
82.989
84.387
85.68
86.872
87.968
88.972
89.89
90.725
91.483
92.167
92.782
93.333
93.823
94.255
94.635
94.963
95.245
95.481
95.674
95.827
95.94
96.015
96.052
96.052
96.015
95.94
95.827
95.674
95.481
95.245
94.963
94.635
94.255
93.823
93.333
92.782
92.167
91.483
90.725
89.89
88.972
87.968
86.872
85.68
84.387
82.989
81.481
79.86
78.123
76.265
74.284
72.178
69.945
67.584
65.094
62.475
59.728
56.855
53.859
50.741
47.507
44.161
40.708
37.155
33.509
29.777
25.969
22.092
18.157
14.173
10.151
6.1018
2.0358
-2.0301
-6.0726
-10.104
-10.116
-6.0797
-2.0325
2.0382
6.109
10.163
14.19
18.178
22.118
25.999
29.812
33.548
37.199
40.756
44.213
47.563
50.801
53.922
56.922
59.799
62.549
65.17
67.663
70.028
72.263
74.372
76.355
78.215
79.954
81.577
83.086
84.486
85.781
86.974
88.072
89.077
89.996
90.832
91.59
92.275
92.892
93.443
93.933
94.367
94.746
95.075
95.357
95.593
95.787
95.94
96.053
96.128
96.165
96.165
96.128
96.053
95.94
95.787
95.593
95.357
95.075
94.746
94.367
93.933
93.443
92.892
92.275
91.59
90.832
89.996
89.077
88.072
86.974
85.781
84.486
83.086
81.577
79.954
78.215
76.355
74.372
72.263
70.028
67.663
65.17
62.549
59.799
56.922
53.922
50.801
47.563
44.213
40.756
37.199
33.548
29.812
25.999
22.118
18.178
14.19
10.163
6.109
2.0382
-2.0325
-6.0797
-10.116
-10.124
-6.0845
-2.0341
2.0398
6.1137
10.171
14.201
18.192
22.135
26.02
29.836
33.574
37.228
40.788
44.247
47.6
50.84
53.964
56.967
59.845
62.597
65.221
67.716
70.082
72.319
74.43
76.414
78.276
80.017
81.641
83.151
84.552
85.848
87.042
88.14
89.147
90.066
90.903
91.662
92.347
92.964
93.516
94.006
94.44
94.82
95.149
95.431
95.668
95.862
96.015
96.128
96.203
96.24
96.24
96.203
96.128
96.015
95.862
95.668
95.431
95.149
94.82
94.44
94.006
93.516
92.964
92.347
91.662
90.903
90.066
89.147
88.14
87.042
85.848
84.552
83.151
81.641
80.017
78.276
76.414
74.43
72.319
70.082
67.716
65.221
62.597
59.845
56.967
53.964
50.84
47.6
44.247
40.788
37.228
33.574
29.836
26.02
22.135
18.192
14.201
10.171
6.1137
2.0398
-2.0341
-6.0845
-10.124
-10.127
-6.0868
-2.0349
2.0406
6.1161
10.175
14.206
18.199
22.144
26.03
29.847
33.587
37.242
40.803
44.264
47.618
50.86
53.985
56.989
59.868
62.621
65.246
67.742
70.109
72.347
74.458
76.444
78.306
80.048
81.672
83.183
84.585
85.881
87.076
88.174
89.181
90.101
90.938
91.697
92.383
93
93.552
94.043
94.477
94.857
95.186
95.468
95.705
95.899
96.052
96.165
96.24
96.277
96.277
96.24
96.165
96.052
95.899
95.705
95.468
95.186
94.857
94.477
94.043
93.552
93
92.383
91.697
90.938
90.101
89.181
88.174
87.076
85.881
84.585
83.183
81.672
80.048
78.306
76.444
74.458
72.347
70.109
67.742
65.246
62.621
59.868
56.989
53.985
50.86
47.618
44.264
40.803
37.242
33.587
29.847
26.03
22.144
18.199
14.206
10.175
6.1161
2.0406
-2.0349
-6.0868
-10.127
-10.127
-6.0868
-2.0349
2.0406
6.1161
10.175
14.206
18.199
22.144
26.03
29.847
33.587
37.242
40.803
44.264
47.618
50.86
53.985
56.989
59.868
62.621
65.246
67.742
70.109
72.347
74.458
76.444
78.306
80.048
81.672
83.183
84.585
85.881
87.076
88.174
89.181
90.101
90.938
91.697
92.383
93
93.552
94.043
94.477
94.857
95.186
95.468
95.705
95.899
96.052
96.165
96.24
96.277
96.277
96.24
96.165
96.052
95.899
95.705
95.468
95.186
94.857
94.477
94.043
93.552
93
92.383
91.697
90.938
90.101
89.181
88.174
87.076
85.881
84.585
83.183
81.672
80.048
78.306
76.444
74.458
72.347
70.109
67.742
65.246
62.621
59.868
56.989
53.985
50.86
47.618
44.264
40.803
37.242
33.587
29.847
26.03
22.144
18.199
14.206
10.175
6.1161
2.0406
-2.0349
-6.0868
-10.127
-10.124
-6.0845
-2.0341
2.0398
6.1137
10.171
14.201
18.192
22.135
26.02
29.836
33.574
37.228
40.788
44.247
47.6
50.84
53.964
56.967
59.845
62.597
65.221
67.716
70.082
72.319
74.43
76.414
78.276
80.017
81.641
83.151
84.552
85.848
87.042
88.14
89.147
90.066
90.903
91.662
92.347
92.964
93.516
94.006
94.44
94.82
95.149
95.431
95.668
95.862
96.015
96.128
96.203
96.24
96.24
96.203
96.128
96.015
95.862
95.668
95.431
95.149
94.82
94.44
94.006
93.516
92.964
92.347
91.662
90.903
90.066
89.147
88.14
87.042
85.848
84.552
83.151
81.641
80.017
78.276
76.414
74.43
72.319
70.082
67.716
65.221
62.597
59.845
56.967
53.964
50.84
47.6
44.247
40.788
37.228
33.574
29.836
26.02
22.135
18.192
14.201
10.171
6.1137
2.0398
-2.0341
-6.0845
-10.124
-10.116
-6.0797
-2.0325
2.0382
6.109
10.163
14.19
18.178
22.118
25.999
29.812
33.548
37.199
40.756
44.213
47.563
50.801
53.922
56.922
59.799
62.549
65.17
67.663
70.028
72.263
74.372
76.355
78.215
79.954
81.577
83.086
84.486
85.781
86.974
88.072
89.077
89.996
90.832
91.59
92.275
92.892
93.443
93.933
94.367
94.746
95.075
95.357
95.593
95.787
95.94
96.053
96.128
96.165
96.165
96.128
96.053
95.94
95.787
95.593
95.357
95.075
94.746
94.367
93.933
93.443
92.892
92.275
91.59
90.832
89.996
89.077
88.072
86.974
85.781
84.486
83.086
81.577
79.954
78.215
76.355
74.372
72.263
70.028
67.663
65.17
62.549
59.799
56.922
53.922
50.801
47.563
44.213
40.756
37.199
33.548
29.812
25.999
22.118
18.178
14.19
10.163
6.109
2.0382
-2.0325
-6.0797
-10.116
-10.104
-6.0726
-2.0301
2.0358
6.1018
10.151
14.173
18.157
22.092
25.969
29.777
33.509
37.155
40.708
44.161
47.507
50.741
53.859
56.855
59.728
62.475
65.094
67.584
69.945
72.178
74.284
76.265
78.123
79.86
81.481
82.989
84.387
85.68
86.872
87.968
88.972
89.89
90.725
91.483
92.167
92.782
93.333
93.823
94.255
94.635
94.963
95.245
95.481
95.674
95.827
95.94
96.015
96.052
96.052
96.015
95.94
95.827
95.674
95.481
95.245
94.963
94.635
94.255
93.823
93.333
92.782
92.167
91.483
90.725
89.89
88.972
87.968
86.872
85.68
84.387
82.989
81.481
79.86
78.123
76.265
74.284
72.178
69.945
67.584
65.094
62.475
59.728
56.855
53.859
50.741
47.507
44.161
40.708
37.155
33.509
29.777
25.969
22.092
18.157
14.173
10.151
6.1018
2.0358
-2.0301
-6.0726
-10.104
-10.088
-6.063
-2.0269
2.0326
6.0921
10.135
14.151
18.128
22.057
25.928
29.73
33.456
37.096
40.643
44.091
47.432
50.661
53.773
56.765
59.633
62.376
64.99
67.476
69.834
72.063
74.166
76.144
77.998
79.733
81.352
82.857
84.253
85.544
86.734
87.828
88.831
89.747
90.581
91.337
92.02
92.634
93.184
93.673
94.105
94.484
94.812
95.093
95.329
95.522
95.674
95.787
95.862
95.899
95.899
95.862
95.787
95.674
95.522
95.329
95.093
94.812
94.484
94.105
93.673
93.184
92.634
92.02
91.337
90.581
89.747
88.831
87.828
86.734
85.544
84.253
82.857
81.352
79.733
77.998
76.144
74.166
72.063
69.834
67.476
64.99
62.376
59.633
56.765
53.773
50.661
47.432
44.091
40.643
37.096
33.456
29.73
25.928
22.057
18.128
14.151
10.135
6.0921
2.0326
-2.0269
-6.063
-10.088
-10.067
-6.0507
-2.0228
2.0285
6.0799
10.115
14.122
18.092
22.013
25.875
29.67
33.388
37.021
40.561
44.002
47.336
50.558
53.665
56.651
59.513
62.25
64.859
67.34
69.693
71.918
74.016
75.99
77.841
79.572
81.187
82.689
84.082
85.371
86.559
87.651
88.651
89.566
90.398
91.152
91.834
92.447
92.996
93.484
93.915
94.293
94.62
94.901
95.136
95.329
95.481
95.593
95.668
95.705
95.705
95.668
95.593
95.481
95.329
95.136
94.901
94.62
94.293
93.915
93.484
92.996
92.447
91.834
91.152
90.398
89.566
88.651
87.651
86.559
85.371
84.082
82.689
81.187
79.572
77.841
75.99
74.016
71.918
69.693
67.34
64.859
62.25
59.513
56.651
53.665
50.558
47.336
44.002
40.561
37.021
33.388
29.67
25.875
22.013
18.092
14.122
10.115
6.0799
2.0285
-2.0228
-6.0507
-10.067
-10.043
-6.0358
-2.0178
2.0235
6.0648
10.09
14.087
18.047
21.958
25.811
29.597
33.306
36.93
40.461
43.893
47.219
50.434
53.532
56.511
59.366
62.096
64.699
67.174
69.521
71.74
73.834
75.802
77.649
79.376
80.987
82.485
83.875
85.16
86.345
87.434
88.432
89.344
90.174
90.927
91.607
92.219
92.766
93.253
93.683
94.06
94.386
94.666
94.901
95.093
95.245
95.357
95.431
95.468
95.468
95.431
95.357
95.245
95.093
94.901
94.666
94.386
94.06
93.683
93.253
92.766
92.219
91.607
90.927
90.174
89.344
88.432
87.434
86.345
85.16
83.875
82.485
80.987
79.376
77.649
75.802
73.834
71.74
69.521
67.174
64.699
62.096
59.366
56.511
53.532
50.434
47.219
43.893
40.461
36.93
33.306
29.597
25.811
21.958
18.047
14.087
10.09
6.0648
2.0235
-2.0178
-6.0358
-10.043
-10.013
-6.018
-2.0119
2.0175
6.047
10.06
14.046
17.994
21.894
25.735
29.51
33.208
36.821
40.342
43.764
47.08
50.285
53.374
56.344
59.191
61.913
64.508
66.976
69.316
71.529
73.616
75.579
77.42
79.142
80.748
82.242
83.627
84.908
86.09
87.176
88.171
89.08
89.908
90.659
91.337
91.946
92.492
92.977
93.406
93.782
94.108
94.386
94.62
94.812
94.963
95.075
95.149
95.186
95.186
95.149
95.075
94.963
94.812
94.62
94.386
94.108
93.782
93.406
92.977
92.492
91.946
91.337
90.659
89.908
89.08
88.171
87.176
86.09
84.908
83.627
82.242
80.748
79.142
77.42
75.579
73.616
71.529
69.316
66.976
64.508
61.913
59.191
56.344
53.374
50.285
47.08
43.764
40.342
36.821
33.208
29.51
25.735
21.894
17.994
14.046
10.06
6.047
2.0175
-2.0119
-6.018
-10.013
-9.9784
-5.9972
-2.005
2.0105
6.0261
10.025
13.997
17.932
21.818
25.647
29.408
33.093
36.694
40.203
43.613
46.917
50.111
53.19
56.15
58.987
61.699
64.285
66.744
69.076
71.282
73.361
75.317
77.152
78.868
80.468
81.957
83.338
84.615
85.792
86.874
87.866
88.772
89.597
90.345
91.02
91.628
92.172
92.655
93.083
93.457
93.782
94.06
94.293
94.484
94.635
94.746
94.82
94.857
94.857
94.82
94.746
94.635
94.484
94.293
94.06
93.782
93.457
93.083
92.655
92.172
91.628
91.02
90.345
89.597
88.772
87.866
86.874
85.792
84.615
83.338
81.957
80.468
78.868
77.152
75.317
73.361
71.282
69.076
66.744
64.285
61.699
58.987
56.15
53.19
50.111
46.917
43.613
40.203
36.694
33.093
29.408
25.647
21.818
17.932
13.997
10.025
6.0261
2.0105
-2.005
-5.9972
-9.9784
-9.9385
-5.9733
-1.9969
2.0025
6.002
9.9852
13.941
17.86
21.731
25.544
29.29
32.961
36.547
40.042
43.438
46.73
49.911
52.977
55.925
58.751
61.452
64.028
66.477
68.8
70.996
73.068
75.016
76.843
78.552
80.146
81.629
83.004
84.276
85.449
86.526
87.514
88.417
89.238
89.983
90.656
91.261
91.803
92.284
92.71
93.083
93.406
93.683
93.915
94.105
94.255
94.367
94.44
94.477
94.477
94.44
94.367
94.255
94.105
93.915
93.683
93.406
93.083
92.71
92.284
91.803
91.261
90.656
89.983
89.238
88.417
87.514
86.526
85.449
84.276
83.004
81.629
80.146
78.552
76.843
75.016
73.068
70.996
68.8
66.477
64.028
61.452
58.751
55.925
52.977
49.911
46.73
43.438
40.042
36.547
32.961
29.29
25.544
21.731
17.86
13.941
9.9852
6.002
2.0025
-1.9969
-5.9733
-9.9385
-9.893
-5.9459
-1.9878
1.9933
5.9745
9.9395
13.878
17.778
21.631
25.427
29.156
32.81
36.38
39.859
43.239
46.516
49.682
52.735
55.669
58.481
61.171
63.735
66.173
68.484
70.671
72.733
74.672
76.491
78.192
79.779
81.255
82.623
83.889
85.056
86.129
87.113
88.011
88.828
89.57
90.24
90.842
91.381
91.861
92.284
92.655
92.977
93.253
93.484
93.673
93.823
93.933
94.006
94.043
94.043
94.006
93.933
93.823
93.673
93.484
93.253
92.977
92.655
92.284
91.861
91.381
90.842
90.24
89.57
88.828
88.011
87.113
86.129
85.056
83.889
82.623
81.255
79.779
78.192
76.491
74.672
72.733
70.671
68.484
66.173
63.735
61.171
58.481
55.669
52.735
49.682
46.516
43.239
39.859
36.38
32.81
29.156
25.427
21.631
17.778
13.878
9.9395
5.9745
1.9933
-1.9878
-5.9459
-9.893
-9.8415
-5.9149
-1.9774
1.9829
5.9434
9.8877
13.805
17.686
21.519
25.295
29.004
32.639
36.19
39.651
43.014
46.273
49.423
52.46
55.378
58.177
60.852
63.402
65.828
68.127
70.302
72.353
74.282
76.092
77.784
79.363
80.831
82.192
83.452
84.613
85.68
86.658
87.552
88.365
89.103
89.769
90.368
90.904
91.381
91.803
92.172
92.492
92.766
92.996
93.184
93.333
93.443
93.516
93.552
93.552
93.516
93.443
93.333
93.184
92.996
92.766
92.492
92.172
91.803
91.381
90.904
90.368
89.769
89.103
88.365
87.552
86.658
85.68
84.613
83.452
82.192
80.831
79.363
77.784
76.092
74.282
72.353
70.302
68.127
65.828
63.402
60.852
58.177
55.378
52.46
49.423
46.273
43.014
39.651
36.19
32.639
29.004
25.295
21.519
17.686
13.805
9.8877
5.9434
1.9829
-1.9774
-5.9149
-9.8415
-9.7835
-5.8801
-1.9658
1.9713
5.9084
9.8295
13.724
17.581
21.392
25.146
28.833
32.447
35.977
39.417
42.761
46.001
49.132
52.151
55.052
57.834
60.493
63.029
65.44
67.726
69.888
71.927
73.845
75.643
77.326
78.895
80.354
81.708
82.96
84.114
85.175
86.147
87.035
87.844
88.577
89.239
89.835
90.368
90.842
91.261
91.628
91.946
92.219
92.447
92.634
92.782
92.892
92.964
93
93
92.964
92.892
92.782
92.634
92.447
92.219
91.946
91.628
91.261
90.842
90.368
89.835
89.239
88.577
87.844
87.035
86.147
85.175
84.114
82.96
81.708
80.354
78.895
77.326
75.643
73.845
71.927
69.888
67.726
65.44
63.029
60.493
57.834
55.052
52.151
49.132
46.001
42.761
39.417
35.977
32.447
28.833
25.146
21.392
17.581
13.724
9.8295
5.9084
1.9713
-1.9658
-5.8801
-9.7835
-9.7188
-5.8412
-1.9528
1.9582
5.8693
9.7645
13.633
17.465
21.25
24.979
28.643
32.232
35.739
39.156
42.478
45.696
48.807
51.805
54.688
57.451
60.093
62.612
65.006
67.278
69.425
71.451
73.356
75.142
76.813
78.372
79.822
81.166
82.41
83.556
84.61
85.576
86.458
87.262
87.99
88.648
89.239
89.769
90.24
90.656
91.02
91.337
91.607
91.834
92.02
92.167
92.275
92.347
92.383
92.383
92.347
92.275
92.167
92.02
91.834
91.607
91.337
91.02
90.656
90.24
89.769
89.239
88.648
87.99
87.262
86.458
85.576
84.61
83.556
82.41
81.166
79.822
78.372
76.813
75.142
73.356
71.451
69.425
67.278
65.006
62.612
60.093
57.451
54.688
51.805
48.807
45.696
42.478
39.156
35.739
32.232
28.643
24.979
21.25
17.465
13.633
9.7645
5.8693
1.9582
-1.9528
-5.8412
-9.7188
-9.6468
-5.7979
-1.9383
1.9437
5.8258
9.6921
13.532
17.336
21.093
24.794
28.43
31.993
35.474
38.866
42.163
45.357
48.445
51.422
54.282
57.025
59.647
62.147
64.525
66.779
68.91
70.921
72.812
74.585
76.244
77.791
79.23
80.564
81.798
82.936
83.983
84.941
85.817
86.614
87.337
87.99
88.577
89.103
89.57
89.983
90.345
90.659
90.927
91.152
91.337
91.483
91.59
91.662
91.697
91.697
91.662
91.59
91.483
91.337
91.152
90.927
90.659
90.345
89.983
89.57
89.103
88.577
87.99
87.337
86.614
85.817
84.941
83.983
82.936
81.798
80.564
79.23
77.791
76.244
74.585
72.812
70.921
68.91
66.779
64.525
62.147
59.647
57.025
54.282
51.422
48.445
45.357
42.163
38.866
35.474
31.993
28.43
24.794
21.093
17.336
13.532
9.6921
5.8258
1.9437
-1.9383
-5.7979
-9.6468
-9.5671
-5.75
-1.9223
1.9276
5.7777
9.612
13.42
17.192
20.919
24.589
28.195
31.729
35.181
38.545
41.814
44.983
48.045
50.996
53.834
56.554
59.154
61.633
63.991
66.226
68.34
70.334
72.209
73.968
75.613
77.147
78.574
79.898
81.122
82.25
83.288
84.238
85.107
85.897
86.614
87.262
87.844
88.365
88.828
89.238
89.597
89.908
90.174
90.398
90.581
90.725
90.832
90.903
90.938
90.938
90.903
90.832
90.725
90.581
90.398
90.174
89.908
89.597
89.238
88.828
88.365
87.844
87.262
86.614
85.897
85.107
84.238
83.288
82.25
81.122
79.898
78.574
77.147
75.613
73.968
72.209
70.334
68.34
66.226
63.991
61.633
59.154
56.554
53.834
50.996
48.045
44.983
41.814
38.545
35.181
31.729
28.195
24.589
20.919
17.192
13.42
9.612
5.7777
1.9276
-1.9223
-5.75
-9.5671
-9.4792
-5.6972
-1.9046
1.9099
5.7246
9.5237
13.297
17.034
20.726
24.363
27.936
31.437
34.858
38.191
41.43
44.569
47.603
50.528
53.339
56.034
58.61
61.067
63.403
65.617
67.712
69.687
71.545
73.288
74.917
76.438
77.851
79.163
80.375
81.493
82.521
83.463
84.324
85.107
85.817
86.458
87.035
87.552
88.011
88.417
88.772
89.08
89.344
89.566
89.747
89.89
89.996
90.066
90.101
90.101
90.066
89.996
89.89
89.747
89.566
89.344
89.08
88.772
88.417
88.011
87.552
87.035
86.458
85.817
85.107
84.324
83.463
82.521
81.493
80.375
79.163
77.851
76.438
74.917
73.288
71.545
69.687
67.712
65.617
63.403
61.067
58.61
56.034
53.339
50.528
47.603
44.569
41.43
38.191
34.858
31.437
27.936
24.363
20.726
17.034
13.297
9.5237
5.7246
1.9099
-1.9046
-5.6972
-9.4792
-9.3826
-5.6391
-1.8852
1.8905
5.6663
9.4266
13.161
16.861
20.515
24.115
27.652
31.117
34.502
37.802
41.008
44.115
47.118
50.013
52.795
55.463
58.013
60.444
62.756
64.948
67.022
68.977
70.816
72.54
74.153
75.658
77.057
78.355
79.555
80.662
81.679
82.612
83.463
84.238
84.941
85.576
86.147
86.658
87.113
87.514
87.866
88.171
88.432
88.651
88.831
88.972
89.077
89.147
89.181
89.181
89.147
89.077
88.972
88.831
88.651
88.432
88.171
87.866
87.514
87.113
86.658
86.147
85.576
84.941
84.238
83.463
82.612
81.679
80.662
79.555
78.355
77.057
75.658
74.153
72.54
70.816
68.977
67.022
64.948
62.756
60.444
58.013
55.463
52.795
50.013
47.118
44.115
41.008
37.802
34.502
31.117
27.652
24.115
20.515
16.861
13.161
9.4266
5.6663
1.8905
-1.8852
-5.6391
-9.3826
-9.2768
-5.5756
-1.864
1.8692
5.6024
9.3204
13.013
16.671
20.284
23.843
27.34
30.766
34.113
37.375
40.545
43.617
46.587
49.449
52.2
54.837
57.359
59.763
62.048
64.216
66.266
68.199
70.017
71.722
73.317
74.804
76.188
77.471
78.658
79.752
80.758
81.679
82.521
83.288
83.983
84.61
85.175
85.68
86.129
86.526
86.874
87.176
87.434
87.651
87.828
87.968
88.072
88.14
88.174
88.174
88.14
88.072
87.968
87.828
87.651
87.434
87.176
86.874
86.526
86.129
85.68
85.175
84.61
83.983
83.288
82.521
81.679
80.758
79.752
78.658
77.471
76.188
74.804
73.317
71.722
70.017
68.199
66.266
64.216
62.048
59.763
57.359
54.837
52.2
49.449
46.587
43.617
40.545
37.375
34.113
30.766
27.34
23.843
20.284
16.671
13.013
9.3204
5.6024
1.8692
-1.864
-5.5756
-9.2768
-9.1614
-5.5062
-1.8408
1.8459
5.5327
9.2044
12.851
16.463
20.031
23.546
27
30.383
33.689
36.91
40.041
43.075
46.007
48.833
51.55
54.155
56.645
59.019
61.276
63.417
65.441
67.35
69.145
70.829
72.404
73.873
75.239
76.506
77.678
78.759
79.752
80.662
81.493
82.25
82.936
83.556
84.114
84.613
85.056
85.449
85.792
86.09
86.345
86.559
86.734
86.872
86.974
87.042
87.076
87.076
87.042
86.974
86.872
86.734
86.559
86.345
86.09
85.792
85.449
85.056
84.613
84.114
83.556
82.936
82.25
81.493
80.662
79.752
78.759
77.678
76.506
75.239
73.873
72.404
70.829
69.145
67.35
65.441
63.417
61.276
59.019
56.645
54.155
51.55
48.833
46.007
43.075
40.041
36.91
33.689
30.383
27
23.546
20.031
16.463
12.851
9.2044
5.5327
1.8459
-1.8408
-5.5062
-9.1614
-9.0359
-5.4308
-1.8156
1.8206
5.4569
9.0783
12.675
16.238
19.757
23.224
26.63
29.967
33.227
36.404
39.492
42.484
45.376
48.164
50.843
53.412
55.868
58.209
60.436
62.547
64.543
66.426
68.197
69.858
71.411
72.86
74.207
75.457
76.613
77.678
78.658
79.555
80.375
81.122
81.798
82.41
82.96
83.452
83.889
84.276
84.615
84.908
85.16
85.371
85.544
85.68
85.781
85.848
85.881
85.881
85.848
85.781
85.68
85.544
85.371
85.16
84.908
84.615
84.276
83.889
83.452
82.96
82.41
81.798
81.122
80.375
79.555
78.658
77.678
76.613
75.457
74.207
72.86
71.411
69.858
68.197
66.426
64.543
62.547
60.436
58.209
55.868
53.412
50.843
48.164
45.376
42.484
39.492
36.404
33.227
29.967
26.63
23.224
19.757
16.238
12.675
9.0783
5.4569
1.8206
-1.8156
-5.4308
-9.0359
-8.8997
-5.3489
-1.7882
1.7932
5.3746
8.9414
12.484
15.993
19.459
22.874
26.228
29.515
32.726
35.856
38.897
41.844
44.692
47.438
50.077
52.607
55.026
57.332
59.524
61.604
63.57
65.424
67.168
68.804
70.334
71.761
73.088
74.319
75.457
76.506
77.471
78.355
79.163
79.898
80.564
81.166
81.708
82.192
82.623
83.004
83.338
83.627
83.875
84.082
84.253
84.387
84.486
84.552
84.585
84.585
84.552
84.486
84.387
84.253
84.082
83.875
83.627
83.338
83.004
82.623
82.192
81.708
81.166
80.564
79.898
79.163
78.355
77.471
76.506
75.457
74.319
73.088
71.761
70.334
68.804
67.168
65.424
63.57
61.604
59.524
57.332
55.026
52.607
50.077
47.438
44.692
41.844
38.897
35.856
32.726
29.515
26.228
22.874
19.459
15.993
12.484
8.9414
5.3746
1.7932
-1.7882
-5.3489
-8.8997
-8.7524
-5.2604
-1.7586
1.7635
5.2857
8.7935
12.277
15.728
19.137
22.495
25.794
29.026
32.185
35.262
38.253
41.151
43.952
46.652
49.248
51.736
54.115
56.383
58.539
60.584
62.517
64.341
66.056
67.665
69.169
70.572
71.877
73.088
74.207
75.239
76.188
77.057
77.851
78.574
79.23
79.822
80.354
80.831
81.255
81.629
81.957
82.242
82.485
82.689
82.857
82.989
83.086
83.151
83.183
83.183
83.151
83.086
82.989
82.857
82.689
82.485
82.242
81.957
81.629
81.255
80.831
80.354
79.822
79.23
78.574
77.851
77.057
76.188
75.239
74.207
73.088
71.877
70.572
69.169
67.665
66.056
64.341
62.517
60.584
58.539
56.383
54.115
51.736
49.248
46.652
43.952
41.151
38.253
35.262
32.185
29.026
25.794
22.495
19.137
15.728
12.277
8.7935
5.2857
1.7635
-1.7586
-5.2604
-8.7524
-8.5936
-5.1649
-1.7267
1.7315
5.1898
8.6339
12.055
15.443
18.79
22.087
25.326
28.5
31.601
34.622
37.559
40.404
43.155
45.806
48.354
50.797
53.132
55.359
57.476
59.484
61.383
63.173
64.857
66.436
67.913
69.291
70.572
71.761
72.86
73.873
74.804
75.658
76.438
77.147
77.791
78.372
78.895
79.363
79.779
80.146
80.468
80.748
80.987
81.187
81.352
81.481
81.577
81.641
81.672
81.672
81.641
81.577
81.481
81.352
81.187
80.987
80.748
80.468
80.146
79.779
79.363
78.895
78.372
77.791
77.147
76.438
75.658
74.804
73.873
72.86
71.761
70.572
69.291
67.913
66.436
64.857
63.173
61.383
59.484
57.476
55.359
53.132
50.797
48.354
45.806
43.155
40.404
37.559
34.622
31.601
28.5
25.326
22.087
18.79
15.443
12.055
8.6339
5.1898
1.7315
-1.7267
-5.1649
-8.5936
-8.4228
-5.0623
-1.6924
1.6971
5.0866
8.4623
11.815
15.136
18.416
21.648
24.823
27.933
30.973
33.934
36.812
39.601
42.297
44.895
47.393
49.787
52.076
54.259
56.334
58.302
60.162
61.917
63.567
65.115
66.563
67.913
69.169
70.334
71.411
72.404
73.317
74.153
74.917
75.613
76.244
76.813
77.326
77.784
78.192
78.552
78.868
79.142
79.376
79.572
79.733
79.86
79.954
80.017
80.048
80.048
80.017
79.954
79.86
79.733
79.572
79.376
79.142
78.868
78.552
78.192
77.784
77.326
76.813
76.244
75.613
74.917
74.153
73.317
72.404
71.411
70.334
69.169
67.913
66.563
65.115
63.567
61.917
60.162
58.302
56.334
54.259
52.076
49.787
47.393
44.895
42.297
39.601
36.812
33.934
30.973
27.933
24.823
21.648
18.416
15.136
11.815
8.4623
5.0866
1.6971
-1.6924
-5.0623
-8.4228
-8.2397
-4.9523
-1.6556
1.6602
4.9761
8.2784
11.558
14.807
18.016
21.177
24.283
27.326
30.299
33.196
36.012
38.74
41.377
43.919
46.362
48.705
50.944
53.079
55.109
57.034
58.854
60.571
62.185
63.699
65.115
66.436
67.665
68.804
69.858
70.829
71.722
72.54
73.288
73.968
74.585
75.142
75.643
76.092
76.491
76.843
77.152
77.42
77.649
77.841
77.998
78.123
78.215
78.276
78.306
78.306
78.276
78.215
78.123
77.998
77.841
77.649
77.42
77.152
76.843
76.491
76.092
75.643
75.142
74.585
73.968
73.288
72.54
71.722
70.829
69.858
68.804
67.665
66.436
65.115
63.699
62.185
60.571
58.854
57.034
55.109
53.079
50.944
48.705
46.362
43.919
41.377
38.74
36.012
33.196
30.299
27.326
24.283
21.177
18.016
14.807
11.558
8.2784
4.9761
1.6602
-1.6556
-4.9523
-8.2397
-8.044
-4.8346
-1.6163
1.6208
4.8578
8.0817
11.284
14.455
17.588
20.674
23.706
26.677
29.579
32.408
35.156
37.82
40.394
42.875
45.261
47.547
49.733
51.817
53.799
55.678
57.455
59.131
60.707
62.185
63.567
64.857
66.056
67.168
68.197
69.145
70.017
70.816
71.545
72.209
72.812
73.356
73.845
74.282
74.672
75.016
75.317
75.579
75.802
75.99
76.144
76.265
76.355
76.414
76.444
76.444
76.414
76.355
76.265
76.144
75.99
75.802
75.579
75.317
75.016
74.672
74.282
73.845
73.356
72.812
72.209
71.545
70.816
70.017
69.145
68.197
67.168
66.056
64.857
63.567
62.185
60.707
59.131
57.455
55.678
53.799
51.817
49.733
47.547
45.261
42.875
40.394
37.82
35.156
32.408
29.579
26.677
23.706
20.674
17.588
14.455
11.284
8.0817
4.8578
1.6208
-1.6163
-4.8346
-8.044
-7.8352
-4.7091
-1.5743
1.5787
4.7318
7.872
10.991
14.08
17.132
20.138
23.091
25.984
28.812
31.567
34.244
36.838
39.346
41.763
44.086
46.313
48.442
50.472
52.403
54.233
55.964
57.596
59.131
60.571
61.917
63.173
64.341
65.424
66.426
67.35
68.199
68.977
69.687
70.334
70.921
71.451
71.927
72.353
72.733
73.068
73.361
73.616
73.834
74.016
74.166
74.284
74.372
74.43
74.458
74.458
74.43
74.372
74.284
74.166
74.016
73.834
73.616
73.361
73.068
72.733
72.353
71.927
71.451
70.921
70.334
69.687
68.977
68.199
67.35
66.426
65.424
64.341
63.173
61.917
60.571
59.131
57.596
55.964
54.233
52.403
50.472
48.442
46.313
44.086
41.763
39.346
36.838
34.244
31.567
28.812
25.984
23.091
20.138
17.132
14.08
10.991
7.872
4.7318
1.5787
-1.5743
-4.7091
-7.8352
-7.6133
-4.5757
-1.5297
1.534
4.5977
7.6489
10.679
13.681
16.646
19.567
22.437
25.248
27.995
30.672
33.273
35.794
38.231
40.579
42.837
45.001
47.07
49.042
50.918
52.696
54.378
55.964
57.455
58.854
60.162
61.383
62.517
63.57
64.543
65.441
66.266
67.022
67.712
68.34
68.91
69.425
69.888
70.302
70.671
70.996
71.282
71.529
71.74
71.918
72.063
72.178
72.263
72.319
72.347
72.347
72.319
72.263
72.178
72.063
71.918
71.74
71.529
71.282
70.996
70.671
70.302
69.888
69.425
68.91
68.34
67.712
67.022
66.266
65.441
64.543
63.57
62.517
61.383
60.162
58.854
57.455
55.964
54.378
52.696
50.918
49.042
47.07
45.001
42.837
40.579
38.231
35.794
33.273
30.672
27.995
25.248
22.437
19.567
16.646
13.681
10.679
7.6489
4.5977
1.534
-1.5297
-4.5757
-7.6133
-7.3779
-4.4343
-1.4824
1.4865
4.4556
7.4125
10.349
13.258
16.132
18.962
21.743
24.468
27.13
29.724
32.245
34.688
37.049
39.325
41.512
43.609
45.614
47.525
49.343
51.066
52.696
54.233
55.678
57.034
58.302
59.484
60.584
61.604
62.547
63.417
64.216
64.948
65.617
66.226
66.779
67.278
67.726
68.127
68.484
68.8
69.076
69.316
69.521
69.693
69.834
69.945
70.028
70.082
70.109
70.109
70.082
70.028
69.945
69.834
69.693
69.521
69.316
69.076
68.8
68.484
68.127
67.726
67.278
66.779
66.226
65.617
64.948
64.216
63.417
62.547
61.604
60.584
59.484
58.302
57.034
55.678
54.233
52.696
51.066
49.343
47.525
45.614
43.609
41.512
39.325
37.049
34.688
32.245
29.724
27.13
24.468
21.743
18.962
16.132
13.258
10.349
7.4125
4.4556
1.4865
-1.4824
-4.4343
-7.3779
-7.1289
-4.2846
-1.4324
1.4364
4.3052
7.1624
10
12.811
15.587
18.322
21.009
23.642
26.214
28.721
31.157
33.517
35.799
37.998
40.111
42.138
44.075
45.922
47.678
49.343
50.918
52.403
53.799
55.109
56.334
57.476
58.539
59.524
60.436
61.276
62.048
62.756
63.403
63.991
64.525
65.006
65.44
65.828
66.173
66.477
66.744
66.976
67.174
67.34
67.476
67.584
67.663
67.716
67.742
67.742
67.716
67.663
67.584
67.476
67.34
67.174
66.976
66.744
66.477
66.173
65.828
65.44
65.006
64.525
63.991
63.403
62.756
62.048
61.276
60.436
59.524
58.539
57.476
56.334
55.109
53.799
52.403
50.918
49.343
47.678
45.922
44.075
42.138
40.111
37.998
35.799
33.517
31.157
28.721
26.214
23.642
21.009
18.322
15.587
12.811
10
7.1624
4.3052
1.4364
-1.4324
-4.2846
-7.1289
-6.8664
-4.1269
-1.3797
1.3835
4.1467
6.8986
9.6318
12.339
15.013
17.648
20.236
22.771
25.249
27.663
30.009
32.283
34.48
36.598
38.634
40.586
42.451
44.23
45.922
47.525
49.042
50.472
51.817
53.079
54.259
55.359
56.383
57.332
58.209
59.019
59.763
60.444
61.067
61.633
62.147
62.612
63.029
63.402
63.735
64.028
64.285
64.508
64.699
64.859
64.99
65.094
65.17
65.221
65.246
65.246
65.221
65.17
65.094
64.99
64.859
64.699
64.508
64.285
64.028
63.735
63.402
63.029
62.612
62.147
61.633
61.067
60.444
59.763
59.019
58.209
57.332
56.383
55.359
54.259
53.079
51.817
50.472
49.042
47.525
45.922
44.23
42.451
40.586
38.634
36.598
34.48
32.283
30.009
27.663
25.249
22.771
20.236
17.648
15.013
12.339
9.6318
6.8986
4.1467
1.3835
-1.3797
-4.1269
-6.8664
-6.5903
-3.9609
-1.3242
1.3279
3.9799
6.6212
9.2445
11.843
14.41
16.938
19.422
21.856
24.234
26.551
28.802
30.984
33.093
35.126
37.08
38.953
40.744
42.451
44.075
45.614
47.07
48.442
49.733
50.944
52.076
53.132
54.115
55.026
55.868
56.645
57.359
58.013
58.61
59.154
59.647
60.093
60.493
60.852
61.171
61.452
61.699
61.913
62.096
62.25
62.376
62.475
62.549
62.597
62.621
62.621
62.597
62.549
62.475
62.376
62.25
62.096
61.913
61.699
61.452
61.171
60.852
60.493
60.093
59.647
59.154
58.61
58.013
57.359
56.645
55.868
55.026
54.115
53.132
52.076
50.944
49.733
48.442
47.07
45.614
44.075
42.451
40.744
38.953
37.08
35.126
33.093
30.984
28.802
26.551
24.234
21.856
19.422
16.938
14.41
11.843
9.2445
6.6212
3.9799
1.3279
-1.3242
-3.9609
-6.5903
-6.3007
-3.7869
-1.266
1.2695
3.805
6.3302
8.8382
11.322
13.776
16.194
18.568
20.895
23.169
25.384
27.537
29.623
31.639
33.583
35.451
37.241
38.953
40.586
42.138
43.609
45.001
46.313
47.547
48.705
49.787
50.797
51.736
52.607
53.412
54.155
54.837
55.463
56.034
56.554
57.025
57.451
57.834
58.177
58.481
58.751
58.987
59.191
59.366
59.513
59.633
59.728
59.799
59.845
59.868
59.868
59.845
59.799
59.728
59.633
59.513
59.366
59.191
58.987
58.751
58.481
58.177
57.834
57.451
57.025
56.554
56.034
55.463
54.837
54.155
53.412
52.607
51.736
50.797
49.787
48.705
47.547
46.313
45.001
43.609
42.138
40.586
38.953
37.241
35.451
33.583
31.639
29.623
27.537
25.384
23.169
20.895
18.568
16.194
13.776
11.322
8.8382
6.3302
3.805
1.2695
-1.266
-3.7869
-6.3007
-5.9978
-3.6048
-1.2051
1.2085
3.6221
6.0259
8.4133
10.778
13.114
15.415
17.676
19.89
22.055
24.163
26.212
28.198
30.118
31.968
33.746
35.451
37.08
38.634
40.111
41.512
42.837
44.086
45.261
46.362
47.393
48.354
49.248
50.077
50.843
51.55
52.2
52.795
53.339
53.834
54.282
54.688
55.052
55.378
55.669
55.925
56.15
56.344
56.511
56.651
56.765
56.855
56.922
56.967
56.989
56.989
56.967
56.922
56.855
56.765
56.651
56.511
56.344
56.15
55.925
55.669
55.378
55.052
54.688
54.282
53.834
53.339
52.795
52.2
51.55
50.843
50.077
49.248
48.354
47.393
46.362
45.261
44.086
42.837
41.512
40.111
38.634
37.08
35.451
33.746
31.968
30.118
28.198
26.212
24.163
22.055
19.89
17.676
15.415
13.114
10.778
8.4133
6.0259
3.6221
1.2085
-1.2051
-3.6048
-5.9978
-5.6817
-3.4148
-1.1416
1.1448
3.4312
5.7083
7.97
10.21
12.423
14.603
16.744
18.842
20.892
22.89
24.831
26.712
28.531
30.283
31.968
33.583
35.126
36.598
37.998
39.325
40.579
41.763
42.875
43.919
44.895
45.806
46.652
47.438
48.164
48.833
49.449
50.013
50.528
50.996
51.422
51.805
52.151
52.46
52.735
52.977
53.19
53.374
53.532
53.665
53.773
53.859
53.922
53.964
53.985
53.985
53.964
53.922
53.859
53.773
53.665
53.532
53.374
53.19
52.977
52.735
52.46
52.151
51.805
51.422
50.996
50.528
50.013
49.449
48.833
48.164
47.438
46.652
45.806
44.895
43.919
42.875
41.763
40.579
39.325
37.998
36.598
35.126
33.583
31.968
30.283
28.531
26.712
24.831
22.89
20.892
18.842
16.744
14.603
12.423
10.21
7.97
5.7083
3.4312
1.1448
-1.1416
-3.4148
-5.6817
-5.353
-3.2172
-1.0756
1.0785
3.2327
5.378
7.5088
9.6193
11.704
13.758
15.775
17.752
19.683
21.565
23.394
25.167
26.88
28.531
30.118
31.639
33.093
34.48
35.799
37.049
38.231
39.346
40.394
41.377
42.297
43.155
43.952
44.692
45.376
46.007
46.587
47.118
47.603
48.045
48.445
48.807
49.132
49.423
49.682
49.911
50.111
50.285
50.434
50.558
50.661
50.741
50.801
50.84
50.86
50.86
50.84
50.801
50.741
50.661
50.558
50.434
50.285
50.111
49.911
49.682
49.423
49.132
48.807
48.445
48.045
47.603
47.118
46.587
46.007
45.376
44.692
43.952
43.155
42.297
41.377
40.394
39.346
38.231
37.049
35.799
34.48
33.093
31.639
30.118
28.531
26.88
25.167
23.394
21.565
19.683
17.752
15.775
13.758
11.704
9.6193
7.5088
5.378
3.2327
1.0785
-1.0756
-3.2172
-5.353
-5.0118
-3.0122
-1.007
1.0098
3.0267
5.0353
7.0303
9.0063
10.958
12.881
14.77
16.621
18.429
20.191
21.903
23.563
25.167
26.712
28.198
29.623
30.984
32.283
33.517
34.688
35.794
36.838
37.82
38.74
39.601
40.404
41.151
41.844
42.484
43.075
43.617
44.115
44.569
44.983
45.357
45.696
46.001
46.273
46.516
46.73
46.917
47.08
47.219
47.336
47.432
47.507
47.563
47.6
47.618
47.618
47.6
47.563
47.507
47.432
47.336
47.219
47.08
46.917
46.73
46.516
46.273
46.001
45.696
45.357
44.983
44.569
44.115
43.617
43.075
42.484
41.844
41.151
40.404
39.601
38.74
37.82
36.838
35.794
34.688
33.517
32.283
30.984
29.623
28.198
26.712
25.167
23.563
21.903
20.191
18.429
16.621
14.77
12.881
10.958
9.0063
7.0303
5.0353
3.0267
1.0098
-1.007
-3.0122
-5.0118
-4.6589
-2.8001
-0.9361
0.9387
2.8135
4.6807
6.5352
8.372
10.186
11.974
13.73
15.45
17.131
18.769
20.361
21.903
23.394
24.831
26.212
27.537
28.802
30.009
31.157
32.245
33.273
34.244
35.156
36.012
36.812
37.559
38.253
38.897
39.492
40.041
40.545
41.008
41.43
41.814
42.163
42.478
42.761
43.014
43.239
43.438
43.613
43.764
43.893
44.002
44.091
44.161
44.213
44.247
44.264
44.264
44.247
44.213
44.161
44.091
44.002
43.893
43.764
43.613
43.438
43.239
43.014
42.761
42.478
42.163
41.814
41.43
41.008
40.545
40.041
39.492
38.897
38.253
37.559
36.812
36.012
35.156
34.244
33.273
32.245
31.157
30.009
28.802
27.537
26.212
24.831
23.394
21.903
20.361
18.769
17.131
15.45
13.73
11.974
10.186
8.372
6.5352
4.6807
2.8135
0.9387
-0.9361
-2.8001
-4.6589
-4.2947
-2.5812
-0.86292
0.86532
2.5936
4.3148
6.0243
7.7176
9.3902
11.038
12.657
14.242
15.792
17.302
18.769
20.191
21.565
22.89
24.163
25.384
26.551
27.663
28.721
29.724
30.672
31.567
32.408
33.196
33.934
34.622
35.262
35.856
36.404
36.91
37.375
37.802
38.191
38.545
38.866
39.156
39.417
39.651
39.859
40.042
40.203
40.342
40.461
40.561
40.643
40.708
40.756
40.788
40.803
40.803
40.788
40.756
40.708
40.643
40.561
40.461
40.342
40.203
40.042
39.859
39.651
39.417
39.156
38.866
38.545
38.191
37.802
37.375
36.91
36.404
35.856
35.262
34.622
33.934
33.196
32.408
31.567
30.672
29.724
28.721
27.663
26.551
25.384
24.163
22.89
21.565
20.191
18.769
17.302
15.792
14.242
12.657
11.038
9.3902
7.7176
6.0243
4.3148
2.5936
0.86532
-0.86292
-2.5812
-4.2947
-3.9199
-2.3559
-0.78761
0.7898
2.3673
3.9383
5.4986
7.0441
8.5707
10.075
11.552
13
14.414
15.792
17.131
18.429
19.683
20.892
22.055
23.169
24.234
25.249
26.214
27.13
27.995
28.812
29.579
30.299
30.973
31.601
32.185
32.726
33.227
33.689
34.113
34.502
34.858
35.181
35.474
35.739
35.977
36.19
36.38
36.547
36.694
36.821
36.93
37.021
37.096
37.155
37.199
37.228
37.242
37.242
37.228
37.199
37.155
37.096
37.021
36.93
36.821
36.694
36.547
36.38
36.19
35.977
35.739
35.474
35.181
34.858
34.502
34.113
33.689
33.227
32.726
32.185
31.601
30.973
30.299
29.579
28.812
27.995
27.13
26.214
25.249
24.234
23.169
22.055
20.892
19.683
18.429
17.131
15.792
14.414
13
11.552
10.075
8.5707
7.0441
5.4986
3.9383
2.3673
0.7898
-0.78761
-2.3559
-3.9199
-3.5353
-2.1248
-0.71033
0.71231
2.135
3.5518
4.9591
6.3529
7.7297
9.086
10.419
11.724
13
14.242
15.45
16.621
17.752
18.842
19.89
20.895
21.856
22.771
23.642
24.468
25.248
25.984
26.677
27.326
27.933
28.5
29.026
29.515
29.967
30.383
30.766
31.117
31.437
31.729
31.993
32.232
32.447
32.639
32.81
32.961
33.093
33.208
33.306
33.388
33.456
33.509
33.548
33.574
33.587
33.587
33.574
33.548
33.509
33.456
33.388
33.306
33.208
33.093
32.961
32.81
32.639
32.447
32.232
31.993
31.729
31.437
31.117
30.766
30.383
29.967
29.515
29.026
28.5
27.933
27.326
26.677
25.984
25.248
24.468
23.642
22.771
21.856
20.895
19.89
18.842
17.752
16.621
15.45
14.242
13
11.724
10.419
9.086
7.7297
6.3529
4.9591
3.5518
2.135
0.71231
-0.71033
-2.1248
-3.5353
-3.1416
-1.8882
-0.63124
0.63299
1.8972
3.1563
4.4069
5.6455
6.869
8.0743
9.2584
10.419
11.552
12.657
13.73
14.77
15.775
16.744
17.676
18.568
19.422
20.236
21.009
21.743
22.437
23.091
23.706
24.283
24.823
25.326
25.794
26.228
26.63
27
27.34
27.652
27.936
28.195
28.43
28.643
28.833
29.004
29.156
29.29
29.408
29.51
29.597
29.67
29.73
29.777
29.812
29.836
29.847
29.847
29.836
29.812
29.777
29.73
29.67
29.597
29.51
29.408
29.29
29.156
29.004
28.833
28.643
28.43
28.195
27.936
27.652
27.34
27
26.63
26.228
25.794
25.326
24.823
24.283
23.706
23.091
22.437
21.743
21.009
20.236
19.422
18.568
17.676
16.744
15.775
14.77
13.73
12.657
11.552
10.419
9.2584
8.0743
6.869
5.6455
4.4069
3.1563
1.8972
0.63299
-0.63124
-1.8882
-3.1416
-2.7398
-1.6467
-0.55051
0.55204
1.6546
2.7527
3.8433
4.9235
5.9905
7.0416
8.0743
9.086
10.075
11.038
11.974
12.881
13.758
14.603
15.415
16.194
16.938
17.648
18.322
18.962
19.567
20.138
20.674
21.177
21.648
22.087
22.495
22.874
23.224
23.546
23.843
24.115
24.363
24.589
24.794
24.979
25.146
25.295
25.427
25.544
25.647
25.735
25.811
25.875
25.928
25.969
25.999
26.02
26.03
26.03
26.02
25.999
25.969
25.928
25.875
25.811
25.735
25.647
25.544
25.427
25.295
25.146
24.979
24.794
24.589
24.363
24.115
23.843
23.546
23.224
22.874
22.495
22.087
21.648
21.177
20.674
20.138
19.567
18.962
18.322
17.648
16.938
16.194
15.415
14.603
13.758
12.881
11.974
11.038
10.075
9.086
8.0743
7.0416
5.9905
4.9235
3.8433
2.7527
1.6546
0.55204
-0.55051
-1.6467
-2.7398
-2.3308
-1.4009
-0.46833
0.46963
1.4076
2.3418
3.2696
4.1885
5.0963
5.9905
6.869
7.7297
8.5707
9.3902
10.186
10.958
11.704
12.423
13.114
13.776
14.41
15.013
15.587
16.132
16.646
17.132
17.588
18.016
18.416
18.79
19.137
19.459
19.757
20.031
20.284
20.515
20.726
20.919
21.093
21.25
21.392
21.519
21.631
21.731
21.818
21.894
21.958
22.013
22.057
22.092
22.118
22.135
22.144
22.144
22.135
22.118
22.092
22.057
22.013
21.958
21.894
21.818
21.731
21.631
21.519
21.392
21.25
21.093
20.919
20.726
20.515
20.284
20.031
19.757
19.459
19.137
18.79
18.416
18.016
17.588
17.132
16.646
16.132
15.587
15.013
14.41
13.776
13.114
12.423
11.704
10.958
10.186
9.3902
8.5707
7.7297
6.869
5.9905
5.0963
4.1885
3.2696
2.3418
1.4076
0.46963
-0.46833
-1.4009
-2.3308
-1.9157
-1.1514
-0.38491
0.38598
1.1569
1.9246
2.6872
3.4425
4.1885
4.9235
5.6455
6.3529
7.0441
7.7176
8.372
9.0063
9.6193
10.21
10.778
11.322
11.843
12.339
12.811
13.258
13.681
14.08
14.455
14.807
15.136
15.443
15.728
15.993
16.238
16.463
16.671
16.861
17.034
17.192
17.336
17.465
17.581
17.686
17.778
17.86
17.932
17.994
18.047
18.092
18.128
18.157
18.178
18.192
18.199
18.199
18.192
18.178
18.157
18.128
18.092
18.047
17.994
17.932
17.86
17.778
17.686
17.581
17.465
17.336
17.192
17.034
16.861
16.671
16.463
16.238
15.993
15.728
15.443
15.136
14.807
14.455
14.08
13.681
13.258
12.811
12.339
11.843
11.322
10.778
10.21
9.6193
9.0063
8.372
7.7176
7.0441
6.3529
5.6455
4.9235
4.1885
3.4425
2.6872
1.9246
1.1569
0.38598
-0.38491
-1.1514
-1.9157
-1.4954
-0.89875
-0.30046
0.30129
0.90306
1.5024
2.0976
2.6872
3.2696
3.8433
4.4069
4.9591
5.4986
6.0243
6.5352
7.0303
7.5088
7.97
8.4133
8.8382
9.2445
9.6318
10
10.349
10.679
10.991
11.284
11.558
11.815
12.055
12.277
12.484
12.675
12.851
13.013
13.161
13.297
13.42
13.532
13.633
13.724
13.805
13.878
13.941
13.997
14.046
14.087
14.122
14.151
14.173
14.19
14.201
14.206
14.206
14.201
14.19
14.173
14.151
14.122
14.087
14.046
13.997
13.941
13.878
13.805
13.724
13.633
13.532
13.42
13.297
13.161
13.013
12.851
12.675
12.484
12.277
12.055
11.815
11.558
11.284
10.991
10.679
10.349
10
9.6318
9.2445
8.8382
8.4133
7.97
7.5088
7.0303
6.5352
6.0243
5.4986
4.9591
4.4069
3.8433
3.2696
2.6872
2.0976
1.5024
0.90306
0.30129
-0.30046
-0.89875
-1.4954
-1.071
-0.64371
-0.2152
0.2158
0.6468
1.076
1.5024
1.9246
2.3418
2.7527
3.1563
3.5518
3.9383
4.3148
4.6807
5.0353
5.378
5.7083
6.0259
6.3302
6.6212
6.8986
7.1624
7.4125
7.6489
7.872
8.0817
8.2784
8.4623
8.6339
8.7935
8.9414
9.0783
9.2044
9.3204
9.4266
9.5237
9.612
9.6921
9.7645
9.8295
9.8877
9.9395
9.9852
10.025
10.06
10.09
10.115
10.135
10.151
10.163
10.171
10.175
10.175
10.171
10.163
10.151
10.135
10.115
10.09
10.06
10.025
9.9852
9.9395
9.8877
9.8295
9.7645
9.6921
9.612
9.5237
9.4266
9.3204
9.2044
9.0783
8.9414
8.7935
8.6339
8.4623
8.2784
8.0817
7.872
7.6489
7.4125
7.1624
6.8986
6.6212
6.3302
6.0259
5.7083
5.378
5.0353
4.6807
4.3148
3.9383
3.5518
3.1563
2.7527
2.3418
1.9246
1.5024
1.076
0.6468
0.2158
-0.2152
-0.64371
-1.071
-0.64379
-0.38693
-0.12935
0.12971
0.38879
0.6468
0.90306
1.1569
1.4076
1.6546
1.8972
2.135
2.3673
2.5936
2.8135
3.0267
3.2327
3.4312
3.6221
3.805
3.9799
4.1467
4.3052
4.4556
4.5977
4.7318
4.8578
4.9761
5.0866
5.1898
5.2857
5.3746
5.4569
5.5327
5.6024
5.6663
5.7246
5.7777
5.8258
5.8693
5.9084
5.9434
5.9745
6.002
6.0261
6.047
6.0648
6.0799
6.0921
6.1018
6.109
6.1137
6.1161
6.1161
6.1137
6.109
6.1018
6.0921
6.0799
6.0648
6.047
6.0261
6.002
5.9745
5.9434
5.9084
5.8693
5.8258
5.7777
5.7246
5.6663
5.6024
5.5327
5.4569
5.3746
5.2857
5.1898
5.0866
4.9761
4.8578
4.7318
4.5977
4.4556
4.3052
4.1467
3.9799
3.805
3.6221
3.4312
3.2327
3.0267
2.8135
2.5936
2.3673
2.135
1.8972
1.6546
1.4076
1.1569
0.90306
0.6468
0.38879
0.12971
-0.12935
-0.38693
-0.64379
-0.21479
-0.12909
-0.043157
0.043277
0.12971
0.2158
0.30129
0.38598
0.46963
0.55204
0.63299
0.71231
0.7898
0.86532
0.9387
1.0098
1.0785
1.1448
1.2085
1.2695
1.3279
1.3835
1.4364
1.4865
1.534
1.5787
1.6208
1.6602
1.6971
1.7315
1.7635
1.7932
1.8206
1.8459
1.8692
1.8905
1.9099
1.9276
1.9437
1.9582
1.9713
1.9829
1.9933
2.0025
2.0105
2.0175
2.0235
2.0285
2.0326
2.0358
2.0382
2.0398
2.0406
2.0406
2.0398
2.0382
2.0358
2.0326
2.0285
2.0235
2.0175
2.0105
2.0025
1.9933
1.9829
1.9713
1.9582
1.9437
1.9276
1.9099
1.8905
1.8692
1.8459
1.8206
1.7932
1.7635
1.7315
1.6971
1.6602
1.6208
1.5787
1.534
1.4865
1.4364
1.3835
1.3279
1.2695
1.2085
1.1448
1.0785
1.0098
0.9387
0.86532
0.7898
0.71231
0.63299
0.55204
0.46963
0.38598
0.30129
0.2158
0.12971
0.043277
-0.043157
-0.12909
-0.21479
0.21419
0.12873
0.043037
-0.043157
-0.12935
-0.2152
-0.30046
-0.38491
-0.46833
-0.55051
-0.63124
-0.71033
-0.78761
-0.86292
-0.9361
-1.007
-1.0756
-1.1416
-1.2051
-1.266
-1.3242
-1.3797
-1.4324
-1.4824
-1.5297
-1.5743
-1.6163
-1.6556
-1.6924
-1.7267
-1.7586
-1.7882
-1.8156
-1.8408
-1.864
-1.8852
-1.9046
-1.9223
-1.9383
-1.9528
-1.9658
-1.9774
-1.9878
-1.9969
-2.005
-2.0119
-2.0178
-2.0228
-2.0269
-2.0301
-2.0325
-2.0341
-2.0349
-2.0349
-2.0341
-2.0325
-2.0301
-2.0269
-2.0228
-2.0178
-2.0119
-2.005
-1.9969
-1.9878
-1.9774
-1.9658
-1.9528
-1.9383
-1.9223
-1.9046
-1.8852
-1.864
-1.8408
-1.8156
-1.7882
-1.7586
-1.7267
-1.6924
-1.6556
-1.6163
-1.5743
-1.5297
-1.4824
-1.4324
-1.3797
-1.3242
-1.266
-1.2051
-1.1416
-1.0756
-1.007
-0.9361
-0.86292
-0.78761
-0.71033
-0.63124
-0.55051
-0.46833
-0.38491
-0.30046
-0.2152
-0.12935
-0.043157
0.043037
0.12873
0.21419
0.64261
0.38592
0.12873
-0.12909
-0.38693
-0.64371
-0.89875
-1.1514
-1.4009
-1.6467
-1.8882
-2.1248
-2.3559
-2.5812
-2.8001
-3.0122
-3.2172
-3.4148
-3.6048
-3.7869
-3.9609
-4.1269
-4.2846
-4.4343
-4.5757
-4.7091
-4.8346
-4.9523
-5.0623
-5.1649
-5.2604
-5.3489
-5.4308
-5.5062
-5.5756
-5.6391
-5.6972
-5.75
-5.7979
-5.8412
-5.8801
-5.9149
-5.9459
-5.9733
-5.9972
-6.018
-6.0358
-6.0507
-6.063
-6.0726
-6.0797
-6.0845
-6.0868
-6.0868
-6.0845
-6.0797
-6.0726
-6.063
-6.0507
-6.0358
-6.018
-5.9972
-5.9733
-5.9459
-5.9149
-5.8801
-5.8412
-5.7979
-5.75
-5.6972
-5.6391
-5.5756
-5.5062
-5.4308
-5.3489
-5.2604
-5.1649
-5.0623
-4.9523
-4.8346
-4.7091
-4.5757
-4.4343
-4.2846
-4.1269
-3.9609
-3.7869
-3.6048
-3.4148
-3.2172
-3.0122
-2.8001
-2.5812
-2.3559
-2.1248
-1.8882
-1.6467
-1.4009
-1.1514
-0.89875
-0.64371
-0.38693
-0.12909
0.12873
0.38592
0.64261
1.0702
0.64261
0.21419
-0.21479
-0.64379
-1.071
-1.4954
-1.9157
-2.3308
-2.7398
-3.1416
-3.5353
-3.9199
-4.2947
-4.6589
-5.0118
-5.353
-5.6817
-5.9978
-6.3007
-6.5903
-6.8664
-7.1289
-7.3779
-7.6133
-7.8352
-8.044
-8.2397
-8.4228
-8.5936
-8.7524
-8.8997
-9.0359
-9.1614
-9.2768
-9.3826
-9.4792
-9.5671
-9.6468
-9.7188
-9.7835
-9.8415
-9.893
-9.9385
-9.9784
-10.013
-10.043
-10.067
-10.088
-10.104
-10.116
-10.124
-10.127
-10.127
-10.124
-10.116
-10.104
-10.088
-10.067
-10.043
-10.013
-9.9784
-9.9385
-9.893
-9.8415
-9.7835
-9.7188
-9.6468
-9.5671
-9.4792
-9.3826
-9.2768
-9.1614
-9.0359
-8.8997
-8.7524
-8.5936
-8.4228
-8.2397
-8.044
-7.8352
-7.6133
-7.3779
-7.1289
-6.8664
-6.5903
-6.3007
-5.9978
-5.6817
-5.353
-5.0118
-4.6589
-4.2947
-3.9199
-3.5353
-3.1416
-2.7398
-2.3308
-1.9157
-1.4954
-1.071
-0.64379
-0.21479
0.21419
0.64261
1.0702
