0.56518
0.33909
0.11298
-0.11329
-0.33971
-0.56563
-0.79072
-1.0146
-1.2371
-1.4578
-1.6763
-1.8924
-2.1059
-2.3163
-2.5235
-2.7272
-2.9271
-3.123
-3.3147
-3.502
-3.6847
-3.8626
-4.0355
-4.2034
-4.366
-4.5233
-4.6751
-4.8214
-4.9621
-5.0972
-5.2265
-5.3501
-5.4679
-5.5799
-5.6861
-5.7866
-5.8812
-5.97
-6.0531
-6.1305
-6.2021
-6.2681
-6.3284
-6.3831
-6.4322
-6.4758
-6.5138
-6.5464
-6.5735
-6.5951
-6.6114
-6.6222
-6.6276
-6.6276
-6.6222
-6.6114
-6.5951
-6.5735
-6.5464
-6.5138
-6.4758
-6.4322
-6.3831
-6.3284
-6.2681
-6.2021
-6.1305
-6.0531
-5.97
-5.8812
-5.7866
-5.6861
-5.5799
-5.4679
-5.3501
-5.2265
-5.0972
-4.9621
-4.8214
-4.6751
-4.5233
-4.366
-4.2034
-4.0355
-3.8626
-3.6847
-3.502
-3.3147
-3.123
-2.9271
-2.7272
-2.5235
-2.3163
-2.1059
-1.8924
-1.6763
-1.4578
-1.2371
-1.0146
-0.79072
-0.56563
-0.33971
-0.11329
0.11298
0.33909
0.56518
0.33909
0.20347
0.067845
-0.068035
-0.204
-0.33967
-0.47485
-0.60932
-0.74291
-0.87542
-1.0067
-1.1365
-1.2646
-1.391
-1.5154
-1.6377
-1.7578
-1.8755
-1.9906
-2.103
-2.2127
-2.3196
-2.4234
-2.5242
-2.6219
-2.7163
-2.8075
-2.8954
-2.9799
-3.061
-3.1387
-3.2129
-3.2836
-3.3509
-3.4147
-3.475
-3.5318
-3.5852
-3.635
-3.6815
-3.7245
-3.7641
-3.8004
-3.8332
-3.8627
-3.8889
-3.9117
-3.9313
-3.9476
-3.9606
-3.9703
-3.9768
-3.98
-3.98
-3.9768
-3.9703
-3.9606
-3.9476
-3.9313
-3.9117
-3.8889
-3.8627
-3.8332
-3.8004
-3.7641
-3.7245
-3.6815
-3.635
-3.5852
-3.5318
-3.475
-3.4147
-3.3509
-3.2836
-3.2129
-3.1387
-3.061
-2.9799
-2.8954
-2.8075
-2.7163
-2.6219
-2.5242
-2.4234
-2.3196
-2.2127
-2.103
-1.9906
-1.8755
-1.7578
-1.6377
-1.5154
-1.391
-1.2646
-1.1365
-1.0067
-0.87542
-0.74291
-0.60932
-0.47485
-0.33967
-0.204
-0.068035
0.067845
0.20347
0.33909
0.11298
0.067845
0.022672
-0.022736
-0.068173
-0.11351
-0.15868
-0.20362
-0.24826
-0.29254
-0.3364
-0.37978
-0.42261
-0.46484
-0.50642
-0.54729
-0.58741
-0.62673
-0.6652
-0.70279
-0.73945
-0.77515
-0.80985
-0.84354
-0.87617
-0.90774
-0.93821
-0.96757
-0.99581
-1.0229
-1.0489
-1.0737
-1.0973
-1.1198
-1.1411
-1.1613
-1.1802
-1.1981
-1.2147
-1.2303
-1.2446
-1.2579
-1.27
-1.281
-1.2908
-1.2996
-1.3072
-1.3137
-1.3192
-1.3235
-1.3268
-1.3289
-1.33
-1.33
-1.3289
-1.3268
-1.3235
-1.3192
-1.3137
-1.3072
-1.2996
-1.2908
-1.281
-1.27
-1.2579
-1.2446
-1.2303
-1.2147
-1.1981
-1.1802
-1.1613
-1.1411
-1.1198
-1.0973
-1.0737
-1.0489
-1.0229
-0.99581
-0.96757
-0.93821
-0.90774
-0.87617
-0.84354
-0.80985
-0.77515
-0.73945
-0.70279
-0.6652
-0.62673
-0.58741
-0.54729
-0.50642
-0.46484
-0.42261
-0.37978
-0.3364
-0.29254
-0.24826
-0.20362
-0.15868
-0.11351
-0.068173
-0.022736
0.022672
0.067845
0.11298
-0.11329
-0.068035
-0.022736
0.022799
0.068363
0.11383
0.15912
0.20419
0.24895
0.29336
0.33734
0.38083
0.42378
0.46614
0.50783
0.54882
0.58905
0.62848
0.66706
0.70475
0.74151
0.7773
0.81211
0.84589
0.87861
0.91026
0.94082
0.97027
0.99858
1.0258
1.0518
1.0767
1.1004
1.1229
1.1443
1.1645
1.1835
1.2014
1.2181
1.2337
1.2481
1.2614
1.2735
1.2845
1.2944
1.3032
1.3109
1.3174
1.3229
1.3272
1.3305
1.3327
1.3337
1.3337
1.3327
1.3305
1.3272
1.3229
1.3174
1.3109
1.3032
1.2944
1.2845
1.2735
1.2614
1.2481
1.2337
1.2181
1.2014
1.1835
1.1645
1.1443
1.1229
1.1004
1.0767
1.0518
1.0258
0.99858
0.97027
0.94082
0.91026
0.87861
0.84589
0.81211
0.7773
0.74151
0.70475
0.66706
0.62848
0.58905
0.54882
0.50783
0.46614
0.42378
0.38083
0.33734
0.29336
0.24895
0.20419
0.15912
0.11383
0.068363
0.022799
-0.022736
-0.068035
-0.11329
-0.33971
-0.204
-0.068173
0.068363
0.20499
0.34131
0.47714
0.61226
0.7465
0.87964
1.0115
1.1419
1.2707
1.3977
1.5227
1.6457
1.7663
1.8845
2.0002
2.1132
2.2234
2.3308
2.4351
2.5364
2.6345
2.7295
2.8211
2.9094
2.9943
3.0758
3.1538
3.2284
3.2995
3.3671
3.4312
3.4918
3.5489
3.6025
3.6526
3.6993
3.7425
3.7823
3.8187
3.8517
3.8814
3.9077
3.9306
3.9503
3.9666
3.9797
3.9895
3.996
3.9993
3.9993
3.996
3.9895
3.9797
3.9666
3.9503
3.9306
3.9077
3.8814
3.8517
3.8187
3.7823
3.7425
3.6993
3.6526
3.6025
3.5489
3.4918
3.4312
3.3671
3.2995
3.2284
3.1538
3.0758
2.9943
2.9094
2.8211
2.7295
2.6345
2.5364
2.4351
2.3308
2.2234
2.1132
2.0002
1.8845
1.7663
1.6457
1.5227
1.3977
1.2707
1.1419
1.0115
0.87964
0.7465
0.61226
0.47714
0.34131
0.20499
0.068363
-0.068173
-0.204
-0.33971
-0.56563
-0.33967
-0.11351
0.11383
0.34131
0.5683
0.79445
1.0194
1.2429
1.4646
1.6842
1.9014
2.1158
2.3273
2.5354
2.7401
2.9409
3.1378
3.3304
3.5185
3.7021
3.8808
4.0546
4.2232
4.3866
4.5446
4.6972
4.8442
4.9856
5.1213
5.2512
5.3754
5.4938
5.6063
5.713
5.8139
5.909
5.9982
6.0817
6.1594
6.2314
6.2977
6.3583
6.4132
6.4626
6.5064
6.5446
6.5773
6.6046
6.6263
6.6426
6.6535
6.6589
6.6589
6.6535
6.6426
6.6263
6.6046
6.5773
6.5446
6.5064
6.4626
6.4132
6.3583
6.2977
6.2314
6.1594
6.0817
5.9982
5.909
5.8139
5.713
5.6063
5.4938
5.3754
5.2512
5.1213
4.9856
4.8442
4.6972
4.5446
4.3866
4.2232
4.0546
3.8808
3.7021
3.5185
3.3304
3.1378
2.9409
2.7401
2.5354
2.3273
2.1158
1.9014
1.6842
1.4646
1.2429
1.0194
0.79445
0.5683
0.34131
0.11383
-0.11351
-0.33967
-0.56563
-0.79072
-0.47485
-0.15868
0.15912
0.47714
0.79445
1.1106
1.4251
1.7376
2.0475
2.3544
2.658
2.9578
3.2534
3.5444
3.8305
4.1112
4.3864
4.6557
4.9187
5.1753
5.4252
5.6681
5.9038
6.1322
6.3531
6.5664
6.7719
6.9696
7.1592
7.3409
7.5145
7.68
7.8373
7.9865
8.1275
8.2604
8.3852
8.5019
8.6105
8.7112
8.8038
8.8885
8.9654
9.0344
9.0956
9.149
9.1948
9.2328
9.2632
9.286
9.3012
9.3088
9.3088
9.3012
9.286
9.2632
9.2328
9.1948
9.149
9.0956
9.0344
8.9654
8.8885
8.8038
8.7112
8.6105
8.5019
8.3852
8.2604
8.1275
7.9865
7.8373
7.68
7.5145
7.3409
7.1592
6.9696
6.7719
6.5664
6.3531
6.1322
5.9038
5.6681
5.4252
5.1753
4.9187
4.6557
4.3864
4.1112
3.8305
3.5444
3.2534
2.9578
2.658
2.3544
2.0475
1.7376
1.4251
1.1106
0.79445
0.47714
0.15912
-0.15868
-0.47485
-0.79072
-1.0146
-0.60932
-0.20362
0.20419
0.61226
1.0194
1.4251
1.8287
2.2296
2.6273
3.0212
3.4108
3.7954
4.1747
4.5481
4.9152
5.2755
5.6287
5.9742
6.3117
6.641
6.9616
7.2733
7.5758
7.8689
8.1524
8.426
8.6897
8.9433
9.1867
9.4199
9.6426
9.8549
10.057
10.248
10.429
10.6
10.76
10.91
11.049
11.178
11.297
11.406
11.504
11.593
11.671
11.74
11.799
11.848
11.887
11.916
11.935
11.945
11.945
11.935
11.916
11.887
11.848
11.799
11.74
11.671
11.593
11.504
11.406
11.297
11.178
11.049
10.91
10.76
10.6
10.429
10.248
10.057
9.8549
9.6426
9.4199
9.1867
8.9433
8.6897
8.426
8.1524
7.8689
7.5758
7.2733
6.9616
6.641
6.3117
5.9742
5.6287
5.2755
4.9152
4.5481
4.1747
3.7954
3.4108
3.0212
2.6273
2.2296
1.8287
1.4251
1.0194
0.61226
0.20419
-0.20362
-0.60932
-1.0146
-1.2371
-0.74291
-0.24826
0.24895
0.7465
1.2429
1.7376
2.2296
2.7185
3.2033
3.6836
4.1585
4.6275
5.09
5.5453
5.9929
6.4322
6.8627
7.2839
7.6955
8.0969
8.4878
8.8678
9.2367
9.594
9.9397
10.273
10.595
10.904
11.201
11.485
11.757
12.016
12.262
12.495
12.716
12.924
13.119
13.301
13.471
13.629
13.774
13.906
14.027
14.135
14.23
14.314
14.385
14.445
14.493
14.528
14.552
14.564
14.564
14.552
14.528
14.493
14.445
14.385
14.314
14.23
14.135
14.027
13.906
13.774
13.629
13.471
13.301
13.119
12.924
12.716
12.495
12.262
12.016
11.757
11.485
11.201
10.904
10.595
10.273
9.9397
9.594
9.2367
8.8678
8.4878
8.0969
7.6955
7.2839
6.8627
6.4322
5.9929
5.5453
5.09
4.6275
4.1585
3.6836
3.2033
2.7185
2.2296
1.7376
1.2429
0.7465
0.24895
-0.24826
-0.74291
-1.2371
-1.4578
-0.87542
-0.29254
0.29336
0.87964
1.4646
2.0475
2.6273
3.2033
3.7747
4.3406
4.9003
5.4529
5.9979
6.5344
7.0618
7.5794
8.0867
8.5831
9.0681
9.5411
10.002
10.45
10.884
11.305
11.713
12.106
12.485
12.849
13.199
13.534
13.854
14.159
14.449
14.724
14.984
15.229
15.459
15.674
15.874
16.06
16.231
16.387
16.528
16.656
16.768
16.867
16.951
17.021
17.078
17.12
17.148
17.162
17.162
17.148
17.12
17.078
17.021
16.951
16.867
16.768
16.656
16.528
16.387
16.231
16.06
15.874
15.674
15.459
15.229
14.984
14.724
14.449
14.159
13.854
13.534
13.199
12.849
12.485
12.106
11.713
11.305
10.884
10.45
10.002
9.5411
9.0681
8.5831
8.0867
7.5794
7.0618
6.5344
5.9979
5.4529
4.9003
4.3406
3.7747
3.2033
2.6273
2.0475
1.4646
0.87964
0.29336
-0.29254
-0.87542
-1.4578
-1.6763
-1.0067
-0.3364
0.33734
1.0115
1.6842
2.3544
3.0212
3.6836
4.3406
4.9913
5.6349
6.2704
6.897
7.514
8.1205
8.7157
9.2991
9.8699
10.428
10.972
11.501
12.016
12.516
13
13.468
13.921
14.356
14.775
15.177
15.563
15.931
16.281
16.615
16.931
17.23
17.512
17.776
18.024
18.254
18.467
18.664
18.843
19.006
19.153
19.282
19.396
19.493
19.573
19.638
19.686
19.718
19.734
19.734
19.718
19.686
19.638
19.573
19.493
19.396
19.282
19.153
19.006
18.843
18.664
18.467
18.254
18.024
17.776
17.512
17.23
16.931
16.615
16.281
15.931
15.563
15.177
14.775
14.356
13.921
13.468
13
12.516
12.016
11.501
10.972
10.428
9.8699
9.2991
8.7157
8.1205
7.514
6.897
6.2704
5.6349
4.9913
4.3406
3.6836
3.0212
2.3544
1.6842
1.0115
0.33734
-0.3364
-1.0067
-1.6763
-1.8924
-1.1365
-0.37978
0.38083
1.1419
1.9014
2.658
3.4108
4.1585
4.9003
5.6349
6.3614
7.0789
7.7863
8.4828
9.1675
9.8395
10.498
11.143
11.772
12.386
12.984
13.565
14.13
14.676
15.205
15.716
16.207
16.68
17.134
17.569
17.985
18.381
18.757
19.114
19.452
19.77
20.068
20.348
20.608
20.849
21.07
21.273
21.457
21.622
21.769
21.897
22.006
22.097
22.17
22.224
22.261
22.279
22.279
22.261
22.224
22.17
22.097
22.006
21.897
21.769
21.622
21.457
21.273
21.07
20.849
20.608
20.348
20.068
19.77
19.452
19.114
18.757
18.381
17.985
17.569
17.134
16.68
16.207
15.716
15.205
14.676
14.13
13.565
12.984
12.386
11.772
11.143
10.498
9.8395
9.1675
8.4828
7.7863
7.0789
6.3614
5.6349
4.9003
4.1585
3.4108
2.658
1.9014
1.1419
0.38083
-0.37978
-1.1365
-1.8924
-2.1059
-1.2646
-0.42261
0.42378
1.2707
2.1158
2.9578
3.7954
4.6275
5.4529
6.2704
7.0789
7.8773
8.6645
9.4395
10.201
10.949
11.682
12.399
13.1
13.783
14.449
15.095
15.723
16.332
16.92
17.488
18.035
18.562
19.067
19.551
20.013
20.454
20.873
21.27
21.646
22
22.332
22.643
22.932
23.2
23.447
23.672
23.877
24.061
24.224
24.366
24.488
24.589
24.67
24.731
24.771
24.792
24.792
24.771
24.731
24.67
24.589
24.488
24.366
24.224
24.061
23.877
23.672
23.447
23.2
22.932
22.643
22.332
22
21.646
21.27
20.873
20.454
20.013
19.551
19.067
18.562
18.035
17.488
16.92
16.332
15.723
15.095
14.449
13.783
13.1
12.399
11.682
10.949
10.201
9.4395
8.6645
7.8773
7.0789
6.2704
5.4529
4.6275
3.7954
2.9578
2.1158
1.2707
0.42378
-0.42261
-1.2646
-2.1059
-2.3163
-1.391
-0.46484
0.46614
1.3977
2.3273
3.2534
4.1747
5.09
5.9979
6.897
7.7863
8.6645
9.5304
10.383
11.221
12.043
12.85
13.638
14.409
15.16
15.892
16.604
17.295
17.964
18.611
19.236
19.838
20.417
20.972
21.504
22.013
22.498
22.959
23.396
23.809
24.198
24.564
24.905
25.224
25.519
25.79
26.038
26.263
26.465
26.645
26.801
26.935
27.047
27.136
27.203
27.247
27.269
27.269
27.247
27.203
27.136
27.047
26.935
26.801
26.645
26.465
26.263
26.038
25.79
25.519
25.224
24.905
24.564
24.198
23.809
23.396
22.959
22.498
22.013
21.504
20.972
20.417
19.838
19.236
18.611
17.964
17.295
16.604
15.892
15.16
14.409
13.638
12.85
12.043
11.221
10.383
9.5304
8.6645
7.7863
6.897
5.9979
5.09
4.1747
3.2534
2.3273
1.3977
0.46614
-0.46484
-1.391
-2.3163
-2.5235
-1.5154
-0.50642
0.50783
1.5227
2.5354
3.5444
4.5481
5.5453
6.5344
7.514
8.4828
9.4395
10.383
11.312
12.225
13.121
13.999
14.858
15.698
16.517
17.314
18.089
18.842
19.571
20.276
20.956
21.612
22.243
22.848
23.428
23.982
24.51
25.012
25.488
25.938
26.363
26.761
27.133
27.48
27.801
28.097
28.367
28.612
28.833
29.028
29.199
29.345
29.466
29.563
29.636
29.684
29.708
29.708
29.684
29.636
29.563
29.466
29.345
29.199
29.028
28.833
28.612
28.367
28.097
27.801
27.48
27.133
26.761
26.363
25.938
25.488
25.012
24.51
23.982
23.428
22.848
22.243
21.612
20.956
20.276
19.571
18.842
18.089
17.314
16.517
15.698
14.858
13.999
13.121
12.225
11.312
10.383
9.4395
8.4828
7.514
6.5344
5.5453
4.5481
3.5444
2.5354
1.5227
0.50783
-0.50642
-1.5154
-2.5235
-2.7272
-1.6377
-0.54729
0.54882
1.6457
2.7401
3.8305
4.9152
5.9929
7.0618
8.1205
9.1675
10.201
11.221
12.225
13.211
14.18
15.129
16.058
16.965
17.85
18.711
19.549
20.362
21.15
21.912
22.648
23.357
24.038
24.692
25.319
25.918
26.488
27.031
27.546
28.032
28.49
28.921
29.323
29.698
30.045
30.365
30.657
30.922
31.16
31.371
31.555
31.713
31.844
31.949
32.028
32.08
32.106
32.106
32.08
32.028
31.949
31.844
31.713
31.555
31.371
31.16
30.922
30.657
30.365
30.045
29.698
29.323
28.921
28.49
28.032
27.546
27.031
26.488
25.918
25.319
24.692
24.038
23.357
22.648
21.912
21.15
20.362
19.549
18.711
17.85
16.965
16.058
15.129
14.18
13.211
12.225
11.221
10.201
9.1675
8.1205
7.0618
5.9929
4.9152
3.8305
2.7401
1.6457
0.54882
-0.54729
-1.6377
-2.7272
-2.9271
-1.7578
-0.58741
0.58905
1.7663
2.9409
4.1112
5.2755
6.4322
7.5794
8.7157
9.8395
10.949
12.043
13.121
14.18
15.219
16.238
17.235
18.208
19.158
20.083
20.982
21.855
22.701
23.518
24.308
25.069
25.8
26.503
27.175
27.818
28.43
29.013
29.565
30.087
30.579
31.041
31.473
31.875
32.248
32.591
32.904
33.189
33.444
33.671
33.869
34.038
34.179
34.291
34.376
34.432
34.46
34.46
34.432
34.376
34.291
34.179
34.038
33.869
33.671
33.444
33.189
32.904
32.591
32.248
31.875
31.473
31.041
30.579
30.087
29.565
29.013
28.43
27.818
27.175
26.503
25.8
25.069
24.308
23.518
22.701
21.855
20.982
20.083
19.158
18.208
17.235
16.238
15.219
14.18
13.121
12.043
10.949
9.8395
8.7157
7.5794
6.4322
5.2755
4.1112
2.9409
1.7663
0.58905
-0.58741
-1.7578
-2.9271
-3.123
-1.8755
-0.62673
0.62848
1.8845
3.1378
4.3864
5.6287
6.8627
8.0867
9.2991
10.498
11.682
12.85
13.999
15.129
16.238
17.325
18.388
19.427
20.441
21.427
22.387
23.318
24.22
25.093
25.935
26.747
27.527
28.276
28.994
29.68
30.333
30.955
31.544
32.101
32.626
33.119
33.58
34.009
34.406
34.772
35.107
35.41
35.683
35.924
36.136
36.316
36.467
36.587
36.677
36.737
36.767
36.767
36.737
36.677
36.587
36.467
36.316
36.136
35.924
35.683
35.41
35.107
34.772
34.406
34.009
33.58
33.119
32.626
32.101
31.544
30.955
30.333
29.68
28.994
28.276
27.527
26.747
25.935
25.093
24.22
23.318
22.387
21.427
20.441
19.427
18.388
17.325
16.238
15.129
13.999
12.85
11.682
10.498
9.2991
8.0867
6.8627
5.6287
4.3864
3.1378
1.8845
0.62848
-0.62673
-1.8755
-3.123
-3.3147
-1.9906
-0.6652
0.66706
2.0002
3.3304
4.6557
5.9742
7.2839
8.5831
9.8699
11.143
12.399
13.638
14.858
16.058
17.235
18.388
19.517
20.62
21.695
22.743
23.761
24.749
25.707
26.633
27.527
28.389
29.217
30.012
30.774
31.501
32.195
32.855
33.48
34.071
34.629
35.152
35.641
36.096
36.518
36.907
37.262
37.584
37.873
38.13
38.354
38.546
38.705
38.833
38.928
38.992
39.024
39.024
38.992
38.928
38.833
38.705
38.546
38.354
38.13
37.873
37.584
37.262
36.907
36.518
36.096
35.641
35.152
34.629
34.071
33.48
32.855
32.195
31.501
30.774
30.012
29.217
28.389
27.527
26.633
25.707
24.749
23.761
22.743
21.695
20.62
19.517
18.388
17.235
16.058
14.858
13.638
12.399
11.143
9.8699
8.5831
7.2839
5.9742
4.6557
3.3304
2.0002
0.66706
-0.6652
-1.9906
-3.3147
-3.502
-2.103
-0.70279
0.70475
2.1132
3.5185
4.9187
6.3117
7.6955
9.0681
10.428
11.772
13.1
14.409
15.698
16.965
18.208
19.427
20.62
21.785
22.921
24.028
25.103
26.148
27.159
28.138
29.082
29.993
30.868
31.708
32.513
33.281
34.014
34.711
35.372
35.997
36.585
37.138
37.655
38.136
38.582
38.992
39.367
39.708
40.013
40.284
40.521
40.724
40.892
41.027
41.128
41.195
41.229
41.229
41.195
41.128
41.027
40.892
40.724
40.521
40.284
40.013
39.708
39.367
38.992
38.582
38.136
37.655
37.138
36.585
35.997
35.372
34.711
34.014
33.281
32.513
31.708
30.868
29.993
29.082
28.138
27.159
26.148
25.103
24.028
22.921
21.785
20.62
19.427
18.208
16.965
15.698
14.409
13.1
11.772
10.428
9.0681
7.6955
6.3117
4.9187
3.5185
2.1132
0.70475
-0.70279
-2.103
-3.502
-3.6847
-2.2127
-0.73945
0.74151
2.2234
3.7021
5.1753
6.641
8.0969
9.5411
10.972
12.386
13.783
15.16
16.517
17.85
19.158
20.441
21.695
22.921
24.117
25.281
26.413
27.512
28.576
29.605
30.599
31.557
32.478
33.362
34.209
35.017
35.789
36.522
37.217
37.874
38.494
39.075
39.619
40.125
40.594
41.026
41.421
41.779
42.1
42.386
42.635
42.848
43.025
43.167
43.273
43.344
43.379
43.379
43.344
43.273
43.167
43.025
42.848
42.635
42.386
42.1
41.779
41.421
41.026
40.594
40.125
39.619
39.075
38.494
37.874
37.217
36.522
35.789
35.017
34.209
33.362
32.478
31.557
30.599
29.605
28.576
27.512
26.413
25.281
24.117
22.921
21.695
20.441
19.158
17.85
16.517
15.16
13.783
12.386
10.972
9.5411
8.0969
6.641
5.1753
3.7021
2.2234
0.74151
-0.73945
-2.2127
-3.6847
-3.8626
-2.3196
-0.77515
0.7773
2.3308
3.8808
5.4252
6.9616
8.4878
10.002
11.501
12.984
14.449
15.892
17.314
18.711
20.083
21.427
22.743
24.028
25.281
26.502
27.688
28.84
29.956
31.035
32.077
33.081
34.046
34.973
35.86
36.708
37.516
38.285
39.014
39.703
40.352
40.962
41.532
42.063
42.554
43.007
43.421
43.796
44.133
44.432
44.693
44.917
45.103
45.251
45.362
45.437
45.474
45.474
45.437
45.362
45.251
45.103
44.917
44.693
44.432
44.133
43.796
43.421
43.007
42.554
42.063
41.532
40.962
40.352
39.703
39.014
38.285
37.516
36.708
35.86
34.973
34.046
33.081
32.077
31.035
29.956
28.84
27.688
26.502
25.281
24.028
22.743
21.427
20.083
18.711
17.314
15.892
14.449
12.984
11.501
10.002
8.4878
6.9616
5.4252
3.8808
2.3308
0.7773
-0.77515
-2.3196
-3.8626
-4.0355
-2.4234
-0.80985
0.81211
2.4351
4.0546
5.6681
7.2733
8.8678
10.45
12.016
13.565
15.095
16.604
18.089
19.549
20.982
22.387
23.761
25.103
26.413
27.688
28.928
30.131
31.297
32.424
33.513
34.562
35.57
36.539
37.466
38.352
39.196
39.999
40.761
41.481
42.159
42.796
43.391
43.946
44.459
44.932
45.365
45.757
46.109
46.422
46.694
46.928
47.122
47.277
47.394
47.471
47.51
47.51
47.471
47.394
47.277
47.122
46.928
46.694
46.422
46.109
45.757
45.365
44.932
44.459
43.946
43.391
42.796
42.159
41.481
40.761
39.999
39.196
38.352
37.466
36.539
35.57
34.562
33.513
32.424
31.297
30.131
28.928
27.688
26.413
25.103
23.761
22.387
20.982
19.549
18.089
16.604
15.095
13.565
12.016
10.45
8.8678
7.2733
5.6681
4.0546
2.4351
0.81211
-0.80985
-2.4234
-4.0355
-4.2034
-2.5242
-0.84354
0.84589
2.5364
4.2232
5.9038
7.5758
9.2367
10.884
12.516
14.13
15.723
17.295
18.842
20.362
21.855
23.318
24.749
26.148
27.512
28.84
30.131
31.384
32.599
33.773
34.907
35.999
37.05
38.058
39.024
39.947
40.827
41.663
42.456
43.206
43.912
44.576
45.196
45.774
46.309
46.801
47.252
47.66
48.027
48.353
48.637
48.88
49.082
49.244
49.365
49.446
49.486
49.486
49.446
49.365
49.244
49.082
48.88
48.637
48.353
48.027
47.66
47.252
46.801
46.309
45.774
45.196
44.576
43.912
43.206
42.456
41.663
40.827
39.947
39.024
38.058
37.05
35.999
34.907
33.773
32.599
31.384
30.131
28.84
27.512
26.148
24.749
23.318
21.855
20.362
18.842
17.295
15.723
14.13
12.516
10.884
9.2367
7.5758
5.9038
4.2232
2.5364
0.84589
-0.84354
-2.5242
-4.2034
-4.366
-2.6219
-0.87617
0.87861
2.6345
4.3866
6.1322
7.8689
9.594
11.305
13
14.676
16.332
17.964
19.571
21.15
22.701
24.22
25.707
27.159
28.576
29.956
31.297
32.599
33.86
35.08
36.257
37.392
38.484
39.531
40.534
41.493
42.406
43.275
44.099
44.878
45.612
46.301
46.945
47.545
48.101
48.612
49.08
49.504
49.885
50.223
50.519
50.771
50.981
51.149
51.275
51.359
51.401
51.401
51.359
51.275
51.149
50.981
50.771
50.519
50.223
49.885
49.504
49.08
48.612
48.101
47.545
46.945
46.301
45.612
44.878
44.099
43.275
42.406
41.493
40.534
39.531
38.484
37.392
36.257
35.08
33.86
32.599
31.297
29.956
28.576
27.159
25.707
24.22
22.701
21.15
19.571
17.964
16.332
14.676
13
11.305
9.594
7.8689
6.1322
4.3866
2.6345
0.87861
-0.87617
-2.6219
-4.366
-4.5233
-2.7163
-0.90774
0.91026
2.7295
4.5446
6.3531
8.1524
9.9397
11.713
13.468
15.205
16.92
18.611
20.276
21.912
23.518
25.093
26.633
28.138
29.605
31.035
32.424
33.773
35.08
36.344
37.564
38.739
39.87
40.955
41.994
42.987
43.934
44.834
45.688
46.494
47.255
47.969
48.636
49.258
49.834
50.364
50.848
51.288
51.683
52.033
52.339
52.6
52.818
52.992
53.122
53.209
53.253
53.253
53.209
53.122
52.992
52.818
52.6
52.339
52.033
51.683
51.288
50.848
50.364
49.834
49.258
48.636
47.969
47.255
46.494
45.688
44.834
43.934
42.987
41.994
40.955
39.87
38.739
37.564
36.344
35.08
33.773
32.424
31.035
29.605
28.138
26.633
25.093
23.518
21.912
20.276
18.611
16.92
15.205
13.468
11.713
9.9397
8.1524
6.3531
4.5446
2.7295
0.91026
-0.90774
-2.7163
-4.5233
-4.6751
-2.8075
-0.93821
0.94082
2.8211
4.6972
6.5664
8.426
10.273
12.106
13.921
15.716
17.488
19.236
20.956
22.648
24.308
25.935
27.527
29.082
30.599
32.077
33.513
34.907
36.257
37.564
38.825
40.04
41.208
42.33
43.404
44.431
45.409
46.339
47.221
48.055
48.841
49.579
50.269
50.912
51.507
52.054
52.555
53.01
53.418
53.78
54.096
54.366
54.591
54.771
54.906
54.996
55.04
55.04
54.996
54.906
54.771
54.591
54.366
54.096
53.78
53.418
53.01
52.555
52.054
51.507
50.912
50.269
49.579
48.841
48.055
47.221
46.339
45.409
44.431
43.404
42.33
41.208
40.04
38.825
37.564
36.257
34.907
33.513
32.077
30.599
29.082
27.527
25.935
24.308
22.648
20.956
19.236
17.488
15.716
13.921
12.106
10.273
8.426
6.5664
4.6972
2.8211
0.94082
-0.93821
-2.8075
-4.6751
-4.8214
-2.8954
-0.96757
0.97027
2.9094
4.8442
6.7719
8.6897
10.595
12.485
14.356
16.207
18.035
19.838
21.612
23.357
25.069
26.747
28.389
29.993
31.557
33.081
34.562
35.999
37.392
38.739
40.04
41.293
42.498
43.655
44.763
45.821
46.83
47.79
48.699
49.559
50.37
51.131
51.843
52.505
53.119
53.684
54.2
54.669
55.09
55.463
55.789
56.068
56.3
56.485
56.624
56.717
56.763
56.763
56.717
56.624
56.485
56.3
56.068
55.789
55.463
55.09
54.669
54.2
53.684
53.119
52.505
51.843
51.131
50.37
49.559
48.699
47.79
46.83
45.821
44.763
43.655
42.498
41.293
40.04
38.739
37.392
35.999
34.562
33.081
31.557
29.993
28.389
26.747
25.069
23.357
21.612
19.838
18.035
16.207
14.356
12.485
10.595
8.6897
6.7719
4.8442
2.9094
0.97027
-0.96757
-2.8954
-4.8214
-4.9621
-2.9799
-0.99581
0.99858
2.9943
4.9856
6.9696
8.9433
10.904
12.849
14.775
16.68
18.562
20.417
22.243
24.038
25.8
27.527
29.217
30.868
32.478
34.046
35.57
37.05
38.484
39.87
41.208
42.498
43.739
44.929
46.069
47.159
48.197
49.185
50.121
51.006
51.84
52.623
53.356
54.038
54.669
55.251
55.782
56.265
56.698
57.082
57.417
57.704
57.943
58.134
58.277
58.372
58.42
58.42
58.372
58.277
58.134
57.943
57.704
57.417
57.082
56.698
56.265
55.782
55.251
54.669
54.038
53.356
52.623
51.84
51.006
50.121
49.185
48.197
47.159
46.069
44.929
43.739
42.498
41.208
39.87
38.484
37.05
35.57
34.046
32.478
30.868
29.217
27.527
25.8
24.038
22.243
20.417
18.562
16.68
14.775
12.849
10.904
8.9433
6.9696
4.9856
2.9943
0.99858
-0.99581
-2.9799
-4.9621
-5.0972
-3.061
-1.0229
1.0258
3.0758
5.1213
7.1592
9.1867
11.201
13.199
15.177
17.134
19.067
20.972
22.848
24.692
26.503
28.276
30.012
31.708
33.362
34.973
36.539
38.058
39.531
40.955
42.33
43.655
44.929
46.152
47.323
48.442
49.509
50.523
51.485
52.394
53.251
54.056
54.808
55.508
56.157
56.754
57.301
57.796
58.241
58.636
58.98
59.275
59.52
59.717
59.863
59.961
60.01
60.01
59.961
59.863
59.717
59.52
59.275
58.98
58.636
58.241
57.796
57.301
56.754
56.157
55.508
54.808
54.056
53.251
52.394
51.485
50.523
49.509
48.442
47.323
46.152
44.929
43.655
42.33
40.955
39.531
38.058
36.539
34.973
33.362
31.708
30.012
28.276
26.503
24.692
22.848
20.972
19.067
17.134
15.177
13.199
11.201
9.1867
7.1592
5.1213
3.0758
1.0258
-1.0229
-3.061
-5.0972
-5.2265
-3.1387
-1.0489
1.0518
3.1538
5.2512
7.3409
9.4199
11.485
13.534
15.563
17.569
19.551
21.504
23.428
25.319
27.175
28.994
30.774
32.513
34.209
35.86
37.466
39.024
40.534
41.994
43.404
44.763
46.069
47.323
48.524
49.671
50.765
51.805
52.792
53.724
54.602
55.427
56.199
56.917
57.582
58.195
58.755
59.263
59.719
60.124
60.477
60.779
61.031
61.232
61.383
61.483
61.533
61.533
61.483
61.383
61.232
61.031
60.779
60.477
60.124
59.719
59.263
58.755
58.195
57.582
56.917
56.199
55.427
54.602
53.724
52.792
51.805
50.765
49.671
48.524
47.323
46.069
44.763
43.404
41.994
40.534
39.024
37.466
35.86
34.209
32.513
30.774
28.994
27.175
25.319
23.428
21.504
19.551
17.569
15.563
13.534
11.485
9.4199
7.3409
5.2512
3.1538
1.0518
-1.0489
-3.1387
-5.2265
-5.3501
-3.2129
-1.0737
1.0767
3.2284
5.3754
7.5145
9.6426
11.757
13.854
15.931
17.985
20.013
22.013
23.982
25.918
27.818
29.68
31.501
33.281
35.017
36.708
38.352
39.947
41.493
42.987
44.431
45.821
47.159
48.442
49.671
50.846
51.966
53.03
54.04
54.994
55.894
56.738
57.528
58.263
58.944
59.571
60.144
60.664
61.131
61.545
61.907
62.217
62.474
62.68
62.834
62.937
62.988
62.988
62.937
62.834
62.68
62.474
62.217
61.907
61.545
61.131
60.664
60.144
59.571
58.944
58.263
57.528
56.738
55.894
54.994
54.04
53.03
51.966
50.846
49.671
48.442
47.159
45.821
44.431
42.987
41.493
39.947
38.352
36.708
35.017
33.281
31.501
29.68
27.818
25.918
23.982
22.013
20.013
17.985
15.931
13.854
11.757
9.6426
7.5145
5.3754
3.2284
1.0767
-1.0737
-3.2129
-5.3501
-5.4679
-3.2836
-1.0973
1.1004
3.2995
5.4938
7.68
9.8549
12.016
14.159
16.281
18.381
20.454
22.498
24.51
26.488
28.43
30.333
32.195
34.014
35.789
37.516
39.196
40.827
42.406
43.934
45.409
46.83
48.197
49.509
50.765
51.966
53.11
54.198
55.23
56.205
57.125
57.988
58.795
59.546
60.242
60.883
61.469
62
62.478
62.901
63.271
63.587
63.85
64.06
64.218
64.323
64.375
64.375
64.323
64.218
64.06
63.85
63.587
63.271
62.901
62.478
62
61.469
60.883
60.242
59.546
58.795
57.988
57.125
56.205
55.23
54.198
53.11
51.966
50.765
49.509
48.197
46.83
45.409
43.934
42.406
40.827
39.196
37.516
35.789
34.014
32.195
30.333
28.43
26.488
24.51
22.498
20.454
18.381
16.281
14.159
12.016
9.8549
7.68
5.4938
3.2995
1.1004
-1.0973
-3.2836
-5.4679
-5.5799
-3.3509
-1.1198
1.1229
3.3671
5.6063
7.8373
10.057
12.262
14.449
16.615
18.757
20.873
22.959
25.012
27.031
29.013
30.955
32.855
34.711
36.522
38.285
39.999
41.663
43.275
44.834
46.339
47.79
49.185
50.523
51.805
53.03
54.198
55.309
56.362
57.357
58.295
59.176
59.999
60.766
61.476
62.13
62.728
63.271
63.758
64.19
64.567
64.89
65.158
65.373
65.534
65.641
65.694
65.694
65.641
65.534
65.373
65.158
64.89
64.567
64.19
63.758
63.271
62.728
62.13
61.476
60.766
59.999
59.176
58.295
57.357
56.362
55.309
54.198
53.03
51.805
50.523
49.185
47.79
46.339
44.834
43.275
41.663
39.999
38.285
36.522
34.711
32.855
30.955
29.013
27.031
25.012
22.959
20.873
18.757
16.615
14.449
12.262
10.057
7.8373
5.6063
3.3671
1.1229
-1.1198
-3.3509
-5.5799
-5.6861
-3.4147
-1.1411
1.1443
3.4312
5.713
7.9865
10.248
12.495
14.724
16.931
19.114
21.27
23.396
25.488
27.546
29.565
31.544
33.48
35.372
37.217
39.014
40.761
42.456
44.099
45.688
47.221
48.699
50.121
51.485
52.792
54.04
55.23
56.362
57.434
58.449
59.405
60.302
61.142
61.923
62.647
63.313
63.922
64.475
64.971
65.412
65.796
66.125
66.399
66.618
66.781
66.891
66.945
66.945
66.891
66.781
66.618
66.399
66.125
65.796
65.412
64.971
64.475
63.922
63.313
62.647
61.923
61.142
60.302
59.405
58.449
57.434
56.362
55.23
54.04
52.792
51.485
50.121
48.699
47.221
45.688
44.099
42.456
40.761
39.014
37.217
35.372
33.48
31.544
29.565
27.546
25.488
23.396
21.27
19.114
16.931
14.724
12.495
10.248
7.9865
5.713
3.4312
1.1443
-1.1411
-3.4147
-5.6861
-5.7866
-3.475
-1.1613
1.1645
3.4918
5.8139
8.1275
10.429
12.716
14.984
17.23
19.452
21.646
23.809
25.938
28.032
30.087
32.101
34.071
35.997
37.874
39.703
41.481
43.206
44.878
46.494
48.055
49.559
51.006
52.394
53.724
54.994
56.205
57.357
58.449
59.481
60.454
61.367
62.221
63.017
63.753
64.431
65.051
65.614
66.119
66.567
66.958
67.293
67.572
67.794
67.961
68.072
68.128
68.128
68.072
67.961
67.794
67.572
67.293
66.958
66.567
66.119
65.614
65.051
64.431
63.753
63.017
62.221
61.367
60.454
59.481
58.449
57.357
56.205
54.994
53.724
52.394
51.006
49.559
48.055
46.494
44.878
43.206
41.481
39.703
37.874
35.997
34.071
32.101
30.087
28.032
25.938
23.809
21.646
19.452
17.23
14.984
12.716
10.429
8.1275
5.8139
3.4918
1.1645
-1.1613
-3.475
-5.7866
-5.8812
-3.5318
-1.1802
1.1835
3.5489
5.909
8.2604
10.6
12.924
15.229
17.512
19.77
22
24.198
26.363
28.49
30.579
32.626
34.629
36.585
38.494
40.352
42.159
43.912
45.612
47.255
48.841
50.37
51.84
53.251
54.602
55.894
57.125
58.295
59.405
60.454
61.443
62.371
63.239
64.047
64.796
65.485
66.115
66.687
67.2
67.656
68.053
68.394
68.677
68.903
69.072
69.185
69.242
69.242
69.185
69.072
68.903
68.677
68.394
68.053
67.656
67.2
66.687
66.115
65.485
64.796
64.047
63.239
62.371
61.443
60.454
59.405
58.295
57.125
55.894
54.602
53.251
51.84
50.37
48.841
47.255
45.612
43.912
42.159
40.352
38.494
36.585
34.629
32.626
30.579
28.49
26.363
24.198
22
19.77
17.512
15.229
12.924
10.6
8.2604
5.909
3.5489
1.1835
-1.1802
-3.5318
-5.8812
-5.97
-3.5852
-1.1981
1.2014
3.6025
5.9982
8.3852
10.76
13.119
15.459
17.776
20.068
22.332
24.564
26.761
28.921
31.041
33.119
35.152
37.138
39.075
40.962
42.796
44.576
46.301
47.969
49.579
51.131
52.623
54.056
55.427
56.738
57.988
59.176
60.302
61.367
62.371
63.313
64.194
65.015
65.775
66.474
67.114
67.694
68.216
68.678
69.081
69.427
69.714
69.944
70.116
70.231
70.288
70.288
70.231
70.116
69.944
69.714
69.427
69.081
68.678
68.216
67.694
67.114
66.474
65.775
65.015
64.194
63.313
62.371
61.367
60.302
59.176
57.988
56.738
55.427
54.056
52.623
51.131
49.579
47.969
46.301
44.576
42.796
40.962
39.075
37.138
35.152
33.119
31.041
28.921
26.761
24.564
22.332
20.068
17.776
15.459
13.119
10.76
8.3852
5.9982
3.6025
1.2014
-1.1981
-3.5852
-5.97
-6.0531
-3.635
-1.2147
1.2181
3.6526
6.0817
8.5019
10.91
13.301
15.674
18.024
20.348
22.643
24.905
27.133
29.323
31.473
33.58
35.641
37.655
39.619
41.532
43.391
45.196
46.945
48.636
50.269
51.843
53.356
54.808
56.199
57.528
58.795
59.999
61.142
62.221
63.239
64.194
65.088
65.92
66.69
67.4
68.048
68.637
69.165
69.634
70.043
70.393
70.685
70.917
71.092
71.208
71.266
71.266
71.208
71.092
70.917
70.685
70.393
70.043
69.634
69.165
68.637
68.048
67.4
66.69
65.92
65.088
64.194
63.239
62.221
61.142
59.999
58.795
57.528
56.199
54.808
53.356
51.843
50.269
48.636
46.945
45.196
43.391
41.532
39.619
37.655
35.641
33.58
31.473
29.323
27.133
24.905
22.643
20.348
18.024
15.674
13.301
10.91
8.5019
6.0817
3.6526
1.2181
-1.2147
-3.635
-6.0531
-6.1305
-3.6815
-1.2303
1.2337
3.6993
6.1594
8.6105
11.049
13.471
15.874
18.254
20.608
22.932
25.224
27.48
29.698
31.875
34.009
36.096
38.136
40.125
42.063
43.946
45.774
47.545
49.258
50.912
52.505
54.038
55.508
56.917
58.263
59.546
60.766
61.923
63.017
64.047
65.015
65.92
66.762
67.543
68.261
68.918
69.514
70.049
70.524
70.938
71.293
71.588
71.824
72.001
72.118
72.177
72.177
72.118
72.001
71.824
71.588
71.293
70.938
70.524
70.049
69.514
68.918
68.261
67.543
66.762
65.92
65.015
64.047
63.017
61.923
60.766
59.546
58.263
56.917
55.508
54.038
52.505
50.912
49.258
47.545
45.774
43.946
42.063
40.125
38.136
36.096
34.009
31.875
29.698
27.48
25.224
22.932
20.608
18.254
15.874
13.471
11.049
8.6105
6.1594
3.6993
1.2337
-1.2303
-3.6815
-6.1305
-6.2021
-3.7245
-1.2446
1.2481
3.7425
6.2314
8.7112
11.178
13.629
16.06
18.467
20.849
23.2
25.519
27.801
30.045
32.248
34.406
36.518
38.582
40.594
42.554
44.459
46.309
48.101
49.834
51.507
53.119
54.669
56.157
57.582
58.944
60.242
61.476
62.647
63.753
64.796
65.775
66.69
67.543
68.332
69.059
69.724
70.326
70.868
71.348
71.767
72.126
72.425
72.663
72.842
72.961
73.021
73.021
72.961
72.842
72.663
72.425
72.126
71.767
71.348
70.868
70.326
69.724
69.059
68.332
67.543
66.69
65.775
64.796
63.753
62.647
61.476
60.242
58.944
57.582
56.157
54.669
53.119
51.507
49.834
48.101
46.309
44.459
42.554
40.594
38.582
36.518
34.406
32.248
30.045
27.801
25.519
23.2
20.849
18.467
16.06
13.629
11.178
8.7112
6.2314
3.7425
1.2481
-1.2446
-3.7245
-6.2021
-6.2681
-3.7641
-1.2579
1.2614
3.7823
6.2977
8.8038
11.297
13.774
16.231
18.664
21.07
23.447
25.79
28.097
30.365
32.591
34.772
36.907
38.992
41.026
43.007
44.932
46.801
48.612
50.364
52.054
53.684
55.251
56.754
58.195
59.571
60.883
62.13
63.313
64.431
65.485
66.474
67.4
68.261
69.059
69.794
70.465
71.075
71.622
72.107
72.531
72.894
73.195
73.436
73.617
73.737
73.798
73.798
73.737
73.617
73.436
73.195
72.894
72.531
72.107
71.622
71.075
70.465
69.794
69.059
68.261
67.4
66.474
65.485
64.431
63.313
62.13
60.883
59.571
58.195
56.754
55.251
53.684
52.054
50.364
48.612
46.801
44.932
43.007
41.026
38.992
36.907
34.772
32.591
30.365
28.097
25.79
23.447
21.07
18.664
16.231
13.774
11.297
8.8038
6.2977
3.7823
1.2614
-1.2579
-3.7641
-6.2681
-6.3284
-3.8004
-1.27
1.2735
3.8187
6.3583
8.8885
11.406
13.906
16.387
18.843
21.273
23.672
26.038
28.367
30.657
32.904
35.107
37.262
39.367
41.421
43.421
45.365
47.252
49.08
50.848
52.555
54.2
55.782
57.301
58.755
60.144
61.469
62.728
63.922
65.051
66.115
67.114
68.048
68.918
69.724
70.465
71.144
71.759
72.311
72.801
73.229
73.595
73.9
74.143
74.326
74.447
74.508
74.508
74.447
74.326
74.143
73.9
73.595
73.229
72.801
72.311
71.759
71.144
70.465
69.724
68.918
68.048
67.114
66.115
65.051
63.922
62.728
61.469
60.144
58.755
57.301
55.782
54.2
52.555
50.848
49.08
47.252
45.365
43.421
41.421
39.367
37.262
35.107
32.904
30.657
28.367
26.038
23.672
21.273
18.843
16.387
13.906
11.406
8.8885
6.3583
3.8187
1.2735
-1.27
-3.8004
-6.3284
-6.3831
-3.8332
-1.281
1.2845
3.8517
6.4132
8.9654
11.504
14.027
16.528
19.006
21.457
23.877
26.263
28.612
30.922
33.189
35.41
37.584
39.708
41.779
43.796
45.757
47.66
49.504
51.288
53.01
54.669
56.265
57.796
59.263
60.664
62
63.271
64.475
65.614
66.687
67.694
68.637
69.514
70.326
71.075
71.759
72.379
72.936
73.431
73.862
74.231
74.539
74.784
74.968
75.091
75.152
75.152
75.091
74.968
74.784
74.539
74.231
73.862
73.431
72.936
72.379
71.759
71.075
70.326
69.514
68.637
67.694
66.687
65.614
64.475
63.271
62
60.664
59.263
57.796
56.265
54.669
53.01
51.288
49.504
47.66
45.757
43.796
41.779
39.708
37.584
35.41
33.189
30.922
28.612
26.263
23.877
21.457
19.006
16.528
14.027
11.504
8.9654
6.4132
3.8517
1.2845
-1.281
-3.8332
-6.3831
-6.4322
-3.8627
-1.2908
1.2944
3.8814
6.4626
9.0344
11.593
14.135
16.656
19.153
21.622
24.061
26.465
28.833
31.16
33.444
35.683
37.873
40.013
42.1
44.133
46.109
48.027
49.885
51.683
53.418
55.09
56.698
58.241
59.719
61.131
62.478
63.758
64.971
66.119
67.2
68.216
69.165
70.049
70.868
71.622
72.311
72.936
73.498
73.996
74.431
74.803
75.113
75.36
75.545
75.669
75.731
75.731
75.669
75.545
75.36
75.113
74.803
74.431
73.996
73.498
72.936
72.311
71.622
70.868
70.049
69.165
68.216
67.2
66.119
64.971
63.758
62.478
61.131
59.719
58.241
56.698
55.09
53.418
51.683
49.885
48.027
46.109
44.133
42.1
40.013
37.873
35.683
33.444
31.16
28.833
26.465
24.061
21.622
19.153
16.656
14.135
11.593
9.0344
6.4626
3.8814
1.2944
-1.2908
-3.8627
-6.4322
-6.4758
-3.8889
-1.2996
1.3032
3.9077
6.5064
9.0956
11.671
14.23
16.768
19.282
21.769
24.224
26.645
29.028
31.371
33.671
35.924
38.13
40.284
42.386
44.432
46.422
48.353
50.223
52.033
53.78
55.463
57.082
58.636
60.124
61.545
62.901
64.19
65.412
66.567
67.656
68.678
69.634
70.524
71.348
72.107
72.801
73.431
73.996
74.497
74.935
75.31
75.622
75.871
76.057
76.182
76.244
76.244
76.182
76.057
75.871
75.622
75.31
74.935
74.497
73.996
73.431
72.801
72.107
71.348
70.524
69.634
68.678
67.656
66.567
65.412
64.19
62.901
61.545
60.124
58.636
57.082
55.463
53.78
52.033
50.223
48.353
46.422
44.432
42.386
40.284
38.13
35.924
33.671
31.371
29.028
26.645
24.224
21.769
19.282
16.768
14.23
11.671
9.0956
6.5064
3.9077
1.3032
-1.2996
-3.8889
-6.4758
-6.5138
-3.9117
-1.3072
1.3109
3.9306
6.5446
9.149
11.74
14.314
16.867
19.396
21.897
24.366
26.801
29.199
31.555
33.869
36.136
38.354
40.521
42.635
44.693
46.694
48.637
50.519
52.339
54.096
55.789
57.417
58.98
60.477
61.907
63.271
64.567
65.796
66.958
68.053
69.081
70.043
70.938
71.767
72.531
73.229
73.862
74.431
74.935
75.376
75.752
76.066
76.317
76.504
76.629
76.692
76.692
76.629
76.504
76.317
76.066
75.752
75.376
74.935
74.431
73.862
73.229
72.531
71.767
70.938
70.043
69.081
68.053
66.958
65.796
64.567
63.271
61.907
60.477
58.98
57.417
55.789
54.096
52.339
50.519
48.637
46.694
44.693
42.635
40.521
38.354
36.136
33.869
31.555
29.199
26.801
24.366
21.897
19.396
16.867
14.314
11.74
9.149
6.5446
3.9306
1.3109
-1.3072
-3.9117
-6.5138
-6.5464
-3.9313
-1.3137
1.3174
3.9503
6.5773
9.1948
11.799
14.385
16.951
19.493
22.006
24.488
26.935
29.345
31.713
34.038
36.316
38.546
40.724
42.848
44.917
46.928
48.88
50.771
52.6
54.366
56.068
57.704
59.275
60.779
62.217
63.587
64.89
66.125
67.293
68.394
69.427
70.393
71.293
72.126
72.894
73.595
74.231
74.803
75.31
75.752
76.131
76.446
76.698
76.887
77.013
77.075
77.075
77.013
76.887
76.698
76.446
76.131
75.752
75.31
74.803
74.231
73.595
72.894
72.126
71.293
70.393
69.427
68.394
67.293
66.125
64.89
63.587
62.217
60.779
59.275
57.704
56.068
54.366
52.6
50.771
48.88
46.928
44.917
42.848
40.724
38.546
36.316
34.038
31.713
29.345
26.935
24.488
22.006
19.493
16.951
14.385
11.799
9.1948
6.5773
3.9503
1.3174
-1.3137
-3.9313
-6.5464
-6.5735
-3.9476
-1.3192
1.3229
3.9666
6.6046
9.2328
11.848
14.445
17.021
19.573
22.097
24.589
27.047
29.466
31.844
34.179
36.467
38.705
40.892
43.025
45.103
47.122
49.082
50.981
52.818
54.591
56.3
57.943
59.52
61.031
62.474
63.85
65.158
66.399
67.572
68.677
69.714
70.685
71.588
72.425
73.195
73.9
74.539
75.113
75.622
76.066
76.446
76.763
77.016
77.205
77.331
77.395
77.395
77.331
77.205
77.016
76.763
76.446
76.066
75.622
75.113
74.539
73.9
73.195
72.425
71.588
70.685
69.714
68.677
67.572
66.399
65.158
63.85
62.474
61.031
59.52
57.943
56.3
54.591
52.818
50.981
49.082
47.122
45.103
43.025
40.892
38.705
36.467
34.179
31.844
29.466
27.047
24.589
22.097
19.573
17.021
14.445
11.848
9.2328
6.6046
3.9666
1.3229
-1.3192
-3.9476
-6.5735
-6.5951
-3.9606
-1.3235
1.3272
3.9797
6.6263
9.2632
11.887
14.493
17.078
19.638
22.17
24.67
27.136
29.563
31.949
34.291
36.587
38.833
41.027
43.167
45.251
47.277
49.244
51.149
52.992
54.771
56.485
58.134
59.717
61.232
62.68
64.06
65.373
66.618
67.794
68.903
69.944
70.917
71.824
72.663
73.436
74.143
74.784
75.36
75.871
76.317
76.698
77.016
77.269
77.46
77.586
77.649
77.649
77.586
77.46
77.269
77.016
76.698
76.317
75.871
75.36
74.784
74.143
73.436
72.663
71.824
70.917
69.944
68.903
67.794
66.618
65.373
64.06
62.68
61.232
59.717
58.134
56.485
54.771
52.992
51.149
49.244
47.277
45.251
43.167
41.027
38.833
36.587
34.291
31.949
29.563
27.136
24.67
22.17
19.638
17.078
14.493
11.887
9.2632
6.6263
3.9797
1.3272
-1.3235
-3.9606
-6.5951
-6.6114
-3.9703
-1.3268
1.3305
3.9895
6.6426
9.286
11.916
14.528
17.12
19.686
22.224
24.731
27.203
29.636
32.028
34.376
36.677
38.928
41.128
43.273
45.362
47.394
49.365
51.275
53.122
54.906
56.624
58.277
59.863
61.383
62.834
64.218
65.534
66.781
67.961
69.072
70.116
71.092
72.001
72.842
73.617
74.326
74.968
75.545
76.057
76.504
76.887
77.205
77.46
77.65
77.777
77.841
77.841
77.777
77.65
77.46
77.205
76.887
76.504
76.057
75.545
74.968
74.326
73.617
72.842
72.001
71.092
70.116
69.072
67.961
66.781
65.534
64.218
62.834
61.383
59.863
58.277
56.624
54.906
53.122
51.275
49.365
47.394
45.362
43.273
41.128
38.928
36.677
34.376
32.028
29.636
27.203
24.731
22.224
19.686
17.12
14.528
11.916
9.286
6.6426
3.9895
1.3305
-1.3268
-3.9703
-6.6114
-6.6222
-3.9768
-1.3289
1.3327
3.996
6.6535
9.3012
11.935
14.552
17.148
19.718
22.261
24.771
27.247
29.684
32.08
34.432
36.737
38.992
41.195
43.344
45.437
47.471
49.446
51.359
53.209
54.996
56.717
58.372
59.961
61.483
62.937
64.323
65.641
66.891
68.072
69.185
70.231
71.208
72.118
72.961
73.737
74.447
75.091
75.669
76.182
76.629
77.013
77.331
77.586
77.777
77.904
77.968
77.968
77.904
77.777
77.586
77.331
77.013
76.629
76.182
75.669
75.091
74.447
73.737
72.961
72.118
71.208
70.231
69.185
68.072
66.891
65.641
64.323
62.937
61.483
59.961
58.372
56.717
54.996
53.209
51.359
49.446
47.471
45.437
43.344
41.195
38.992
36.737
34.432
32.08
29.684
27.247
24.771
22.261
19.718
17.148
14.552
11.935
9.3012
6.6535
3.996
1.3327
-1.3289
-3.9768
-6.6222
-6.6276
-3.98
-1.33
1.3337
3.9993
6.6589
9.3088
11.945
14.564
17.162
19.734
22.279
24.792
27.269
29.708
32.106
34.46
36.767
39.024
41.229
43.379
45.474
47.51
49.486
51.401
53.253
55.04
56.763
58.42
60.01
61.533
62.988
64.375
65.694
66.945
68.128
69.242
70.288
71.266
72.177
73.021
73.798
74.508
75.152
75.731
76.244
76.692
77.075
77.395
77.649
77.841
77.968
78.031
78.031
77.968
77.841
77.649
77.395
77.075
76.692
76.244
75.731
75.152
74.508
73.798
73.021
72.177
71.266
70.288
69.242
68.128
66.945
65.694
64.375
62.988
61.533
60.01
58.42
56.763
55.04
53.253
51.401
49.486
47.51
45.474
43.379
41.229
39.024
36.767
34.46
32.106
29.708
27.269
24.792
22.279
19.734
17.162
14.564
11.945
9.3088
6.6589
3.9993
1.3337
-1.33
-3.98
-6.6276
-6.6276
-3.98
-1.33
1.3337
3.9993
6.6589
9.3088
11.945
14.564
17.162
19.734
22.279
24.792
27.269
29.708
32.106
34.46
36.767
39.024
41.229
43.379
45.474
47.51
49.486
51.401
53.253
55.04
56.763
58.42
60.01
61.533
62.988
64.375
65.694
66.945
68.128
69.242
70.288
71.266
72.177
73.021
73.798
74.508
75.152
75.731
76.244
76.692
77.075
77.395
77.649
77.841
77.968
78.031
78.031
77.968
77.841
77.649
77.395
77.075
76.692
76.244
75.731
75.152
74.508
73.798
73.021
72.177
71.266
70.288
69.242
68.128
66.945
65.694
64.375
62.988
61.533
60.01
58.42
56.763
55.04
53.253
51.401
49.486
47.51
45.474
43.379
41.229
39.024
36.767
34.46
32.106
29.708
27.269
24.792
22.279
19.734
17.162
14.564
11.945
9.3088
6.6589
3.9993
1.3337
-1.33
-3.98
-6.6276
-6.6222
-3.9768
-1.3289
1.3327
3.996
6.6535
9.3012
11.935
14.552
17.148
19.718
22.261
24.771
27.247
29.684
32.08
34.432
36.737
38.992
41.195
43.344
45.437
47.471
49.446
51.359
53.209
54.996
56.717
58.372
59.961
61.483
62.937
64.323
65.641
66.891
68.072
69.185
70.231
71.208
72.118
72.961
73.737
74.447
75.091
75.669
76.182
76.629
77.013
77.331
77.586
77.777
77.904
77.968
77.968
77.904
77.777
77.586
77.331
77.013
76.629
76.182
75.669
75.091
74.447
73.737
72.961
72.118
71.208
70.231
69.185
68.072
66.891
65.641
64.323
62.937
61.483
59.961
58.372
56.717
54.996
53.209
51.359
49.446
47.471
45.437
43.344
41.195
38.992
36.737
34.432
32.08
29.684
27.247
24.771
22.261
19.718
17.148
14.552
11.935
9.3012
6.6535
3.996
1.3327
-1.3289
-3.9768
-6.6222
-6.6114
-3.9703
-1.3268
1.3305
3.9895
6.6426
9.286
11.916
14.528
17.12
19.686
22.224
24.731
27.203
29.636
32.028
34.376
36.677
38.928
41.128
43.273
45.362
47.394
49.365
51.275
53.122
54.906
56.624
58.277
59.863
61.383
62.834
64.218
65.534
66.781
67.961
69.072
70.116
71.092
72.001
72.842
73.617
74.326
74.968
75.545
76.057
76.504
76.887
77.205
77.46
77.65
77.777
77.841
77.841
77.777
77.65
77.46
77.205
76.887
76.504
76.057
75.545
74.968
74.326
73.617
72.842
72.001
71.092
70.116
69.072
67.961
66.781
65.534
64.218
62.834
61.383
59.863
58.277
56.624
54.906
53.122
51.275
49.365
47.394
45.362
43.273
41.128
38.928
36.677
34.376
32.028
29.636
27.203
24.731
22.224
19.686
17.12
14.528
11.916
9.286
6.6426
3.9895
1.3305
-1.3268
-3.9703
-6.6114
-6.5951
-3.9606
-1.3235
1.3272
3.9797
6.6263
9.2632
11.887
14.493
17.078
19.638
22.17
24.67
27.136
29.563
31.949
34.291
36.587
38.833
41.027
43.167
45.251
47.277
49.244
51.149
52.992
54.771
56.485
58.134
59.717
61.232
62.68
64.06
65.373
66.618
67.794
68.903
69.944
70.917
71.824
72.663
73.436
74.143
74.784
75.36
75.871
76.317
76.698
77.016
77.269
77.46
77.586
77.649
77.649
77.586
77.46
77.269
77.016
76.698
76.317
75.871
75.36
74.784
74.143
73.436
72.663
71.824
70.917
69.944
68.903
67.794
66.618
65.373
64.06
62.68
61.232
59.717
58.134
56.485
54.771
52.992
51.149
49.244
47.277
45.251
43.167
41.027
38.833
36.587
34.291
31.949
29.563
27.136
24.67
22.17
19.638
17.078
14.493
11.887
9.2632
6.6263
3.9797
1.3272
-1.3235
-3.9606
-6.5951
-6.5735
-3.9476
-1.3192
1.3229
3.9666
6.6046
9.2328
11.848
14.445
17.021
19.573
22.097
24.589
27.047
29.466
31.844
34.179
36.467
38.705
40.892
43.025
45.103
47.122
49.082
50.981
52.818
54.591
56.3
57.943
59.52
61.031
62.474
63.85
65.158
66.399
67.572
68.677
69.714
70.685
71.588
72.425
73.195
73.9
74.539
75.113
75.622
76.066
76.446
76.763
77.016
77.205
77.331
77.395
77.395
77.331
77.205
77.016
76.763
76.446
76.066
75.622
75.113
74.539
73.9
73.195
72.425
71.588
70.685
69.714
68.677
67.572
66.399
65.158
63.85
62.474
61.031
59.52
57.943
56.3
54.591
52.818
50.981
49.082
47.122
45.103
43.025
40.892
38.705
36.467
34.179
31.844
29.466
27.047
24.589
22.097
19.573
17.021
14.445
11.848
9.2328
6.6046
3.9666
1.3229
-1.3192
-3.9476
-6.5735
-6.5464
-3.9313
-1.3137
1.3174
3.9503
6.5773
9.1948
11.799
14.385
16.951
19.493
22.006
24.488
26.935
29.345
31.713
34.038
36.316
38.546
40.724
42.848
44.917
46.928
48.88
50.771
52.6
54.366
56.068
57.704
59.275
60.779
62.217
63.587
64.89
66.125
67.293
68.394
69.427
70.393
71.293
72.126
72.894
73.595
74.231
74.803
75.31
75.752
76.131
76.446
76.698
76.887
77.013
77.075
77.075
77.013
76.887
76.698
76.446
76.131
75.752
75.31
74.803
74.231
73.595
72.894
72.126
71.293
70.393
69.427
68.394
67.293
66.125
64.89
63.587
62.217
60.779
59.275
57.704
56.068
54.366
52.6
50.771
48.88
46.928
44.917
42.848
40.724
38.546
36.316
34.038
31.713
29.345
26.935
24.488
22.006
19.493
16.951
14.385
11.799
9.1948
6.5773
3.9503
1.3174
-1.3137
-3.9313
-6.5464
-6.5138
-3.9117
-1.3072
1.3109
3.9306
6.5446
9.149
11.74
14.314
16.867
19.396
21.897
24.366
26.801
29.199
31.555
33.869
36.136
38.354
40.521
42.635
44.693
46.694
48.637
50.519
52.339
54.096
55.789
57.417
58.98
60.477
61.907
63.271
64.567
65.796
66.958
68.053
69.081
70.043
70.938
71.767
72.531
73.229
73.862
74.431
74.935
75.376
75.752
76.066
76.317
76.504
76.629
76.692
76.692
76.629
76.504
76.317
76.066
75.752
75.376
74.935
74.431
73.862
73.229
72.531
71.767
70.938
70.043
69.081
68.053
66.958
65.796
64.567
63.271
61.907
60.477
58.98
57.417
55.789
54.096
52.339
50.519
48.637
46.694
44.693
42.635
40.521
38.354
36.136
33.869
31.555
29.199
26.801
24.366
21.897
19.396
16.867
14.314
11.74
9.149
6.5446
3.9306
1.3109
-1.3072
-3.9117
-6.5138
-6.4758
-3.8889
-1.2996
1.3032
3.9077
6.5064
9.0956
11.671
14.23
16.768
19.282
21.769
24.224
26.645
29.028
31.371
33.671
35.924
38.13
40.284
42.386
44.432
46.422
48.353
50.223
52.033
53.78
55.463
57.082
58.636
60.124
61.545
62.901
64.19
65.412
66.567
67.656
68.678
69.634
70.524
71.348
72.107
72.801
73.431
73.996
74.497
74.935
75.31
75.622
75.871
76.057
76.182
76.244
76.244
76.182
76.057
75.871
75.622
75.31
74.935
74.497
73.996
73.431
72.801
72.107
71.348
70.524
69.634
68.678
67.656
66.567
65.412
64.19
62.901
61.545
60.124
58.636
57.082
55.463
53.78
52.033
50.223
48.353
46.422
44.432
42.386
40.284
38.13
35.924
33.671
31.371
29.028
26.645
24.224
21.769
19.282
16.768
14.23
11.671
9.0956
6.5064
3.9077
1.3032
-1.2996
-3.8889
-6.4758
-6.4322
-3.8627
-1.2908
1.2944
3.8814
6.4626
9.0344
11.593
14.135
16.656
19.153
21.622
24.061
26.465
28.833
31.16
33.444
35.683
37.873
40.013
42.1
44.133
46.109
48.027
49.885
51.683
53.418
55.09
56.698
58.241
59.719
61.131
62.478
63.758
64.971
66.119
67.2
68.216
69.165
70.049
70.868
71.622
72.311
72.936
73.498
73.996
74.431
74.803
75.113
75.36
75.545
75.669
75.731
75.731
75.669
75.545
75.36
75.113
74.803
74.431
73.996
73.498
72.936
72.311
71.622
70.868
70.049
69.165
68.216
67.2
66.119
64.971
63.758
62.478
61.131
59.719
58.241
56.698
55.09
53.418
51.683
49.885
48.027
46.109
44.133
42.1
40.013
37.873
35.683
33.444
31.16
28.833
26.465
24.061
21.622
19.153
16.656
14.135
11.593
9.0344
6.4626
3.8814
1.2944
-1.2908
-3.8627
-6.4322
-6.3831
-3.8332
-1.281
1.2845
3.8517
6.4132
8.9654
11.504
14.027
16.528
19.006
21.457
23.877
26.263
28.612
30.922
33.189
35.41
37.584
39.708
41.779
43.796
45.757
47.66
49.504
51.288
53.01
54.669
56.265
57.796
59.263
60.664
62
63.271
64.475
65.614
66.687
67.694
68.637
69.514
70.326
71.075
71.759
72.379
72.936
73.431
73.862
74.231
74.539
74.784
74.968
75.091
75.152
75.152
75.091
74.968
74.784
74.539
74.231
73.862
73.431
72.936
72.379
71.759
71.075
70.326
69.514
68.637
67.694
66.687
65.614
64.475
63.271
62
60.664
59.263
57.796
56.265
54.669
53.01
51.288
49.504
47.66
45.757
43.796
41.779
39.708
37.584
35.41
33.189
30.922
28.612
26.263
23.877
21.457
19.006
16.528
14.027
11.504
8.9654
6.4132
3.8517
1.2845
-1.281
-3.8332
-6.3831
-6.3284
-3.8004
-1.27
1.2735
3.8187
6.3583
8.8885
11.406
13.906
16.387
18.843
21.273
23.672
26.038
28.367
30.657
32.904
35.107
37.262
39.367
41.421
43.421
45.365
47.252
49.08
50.848
52.555
54.2
55.782
57.301
58.755
60.144
61.469
62.728
63.922
65.051
66.115
67.114
68.048
68.918
69.724
70.465
71.144
71.759
72.311
72.801
73.229
73.595
73.9
74.143
74.326
74.447
74.508
74.508
74.447
74.326
74.143
73.9
73.595
73.229
72.801
72.311
71.759
71.144
70.465
69.724
68.918
68.048
67.114
66.115
65.051
63.922
62.728
61.469
60.144
58.755
57.301
55.782
54.2
52.555
50.848
49.08
47.252
45.365
43.421
41.421
39.367
37.262
35.107
32.904
30.657
28.367
26.038
23.672
21.273
18.843
16.387
13.906
11.406
8.8885
6.3583
3.8187
1.2735
-1.27
-3.8004
-6.3284
-6.2681
-3.7641
-1.2579
1.2614
3.7823
6.2977
8.8038
11.297
13.774
16.231
18.664
21.07
23.447
25.79
28.097
30.365
32.591
34.772
36.907
38.992
41.026
43.007
44.932
46.801
48.612
50.364
52.054
53.684
55.251
56.754
58.195
59.571
60.883
62.13
63.313
64.431
65.485
66.474
67.4
68.261
69.059
69.794
70.465
71.075
71.622
72.107
72.531
72.894
73.195
73.436
73.617
73.737
73.798
73.798
73.737
73.617
73.436
73.195
72.894
72.531
72.107
71.622
71.075
70.465
69.794
69.059
68.261
67.4
66.474
65.485
64.431
63.313
62.13
60.883
59.571
58.195
56.754
55.251
53.684
52.054
50.364
48.612
46.801
44.932
43.007
41.026
38.992
36.907
34.772
32.591
30.365
28.097
25.79
23.447
21.07
18.664
16.231
13.774
11.297
8.8038
6.2977
3.7823
1.2614
-1.2579
-3.7641
-6.2681
-6.2021
-3.7245
-1.2446
1.2481
3.7425
6.2314
8.7112
11.178
13.629
16.06
18.467
20.849
23.2
25.519
27.801
30.045
32.248
34.406
36.518
38.582
40.594
42.554
44.459
46.309
48.101
49.834
51.507
53.119
54.669
56.157
57.582
58.944
60.242
61.476
62.647
63.753
64.796
65.775
66.69
67.543
68.332
69.059
69.724
70.326
70.868
71.348
71.767
72.126
72.425
72.663
72.842
72.961
73.021
73.021
72.961
72.842
72.663
72.425
72.126
71.767
71.348
70.868
70.326
69.724
69.059
68.332
67.543
66.69
65.775
64.796
63.753
62.647
61.476
60.242
58.944
57.582
56.157
54.669
53.119
51.507
49.834
48.101
46.309
44.459
42.554
40.594
38.582
36.518
34.406
32.248
30.045
27.801
25.519
23.2
20.849
18.467
16.06
13.629
11.178
8.7112
6.2314
3.7425
1.2481
-1.2446
-3.7245
-6.2021
-6.1305
-3.6815
-1.2303
1.2337
3.6993
6.1594
8.6105
11.049
13.471
15.874
18.254
20.608
22.932
25.224
27.48
29.698
31.875
34.009
36.096
38.136
40.125
42.063
43.946
45.774
47.545
49.258
50.912
52.505
54.038
55.508
56.917
58.263
59.546
60.766
61.923
63.017
64.047
65.015
65.92
66.762
67.543
68.261
68.918
69.514
70.049
70.524
70.938
71.293
71.588
71.824
72.001
72.118
72.177
72.177
72.118
72.001
71.824
71.588
71.293
70.938
70.524
70.049
69.514
68.918
68.261
67.543
66.762
65.92
65.015
64.047
63.017
61.923
60.766
59.546
58.263
56.917
55.508
54.038
52.505
50.912
49.258
47.545
45.774
43.946
42.063
40.125
38.136
36.096
34.009
31.875
29.698
27.48
25.224
22.932
20.608
18.254
15.874
13.471
11.049
8.6105
6.1594
3.6993
1.2337
-1.2303
-3.6815
-6.1305
-6.0531
-3.635
-1.2147
1.2181
3.6526
6.0817
8.5019
10.91
13.301
15.674
18.024
20.348
22.643
24.905
27.133
29.323
31.473
33.58
35.641
37.655
39.619
41.532
43.391
45.196
46.945
48.636
50.269
51.843
53.356
54.808
56.199
57.528
58.795
59.999
61.142
62.221
63.239
64.194
65.088
65.92
66.69
67.4
68.048
68.637
69.165
69.634
70.043
70.393
70.685
70.917
71.092
71.208
71.266
71.266
71.208
71.092
70.917
70.685
70.393
70.043
69.634
69.165
68.637
68.048
67.4
66.69
65.92
65.088
64.194
63.239
62.221
61.142
59.999
58.795
57.528
56.199
54.808
53.356
51.843
50.269
48.636
46.945
45.196
43.391
41.532
39.619
37.655
35.641
33.58
31.473
29.323
27.133
24.905
22.643
20.348
18.024
15.674
13.301
10.91
8.5019
6.0817
3.6526
1.2181
-1.2147
-3.635
-6.0531
-5.97
-3.5852
-1.1981
1.2014
3.6025
5.9982
8.3852
10.76
13.119
15.459
17.776
20.068
22.332
24.564
26.761
28.921
31.041
33.119
35.152
37.138
39.075
40.962
42.796
44.576
46.301
47.969
49.579
51.131
52.623
54.056
55.427
56.738
57.988
59.176
60.302
61.367
62.371
63.313
64.194
65.015
65.775
66.474
67.114
67.694
68.216
68.678
69.081
69.427
69.714
69.944
70.116
70.231
70.288
70.288
70.231
70.116
69.944
69.714
69.427
69.081
68.678
68.216
67.694
67.114
66.474
65.775
65.015
64.194
63.313
62.371
61.367
60.302
59.176
57.988
56.738
55.427
54.056
52.623
51.131
49.579
47.969
46.301
44.576
42.796
40.962
39.075
37.138
35.152
33.119
31.041
28.921
26.761
24.564
22.332
20.068
17.776
15.459
13.119
10.76
8.3852
5.9982
3.6025
1.2014
-1.1981
-3.5852
-5.97
-5.8812
-3.5318
-1.1802
1.1835
3.5489
5.909
8.2604
10.6
12.924
15.229
17.512
19.77
22
24.198
26.363
28.49
30.579
32.626
34.629
36.585
38.494
40.352
42.159
43.912
45.612
47.255
48.841
50.37
51.84
53.251
54.602
55.894
57.125
58.295
59.405
60.454
61.443
62.371
63.239
64.047
64.796
65.485
66.115
66.687
67.2
67.656
68.053
68.394
68.677
68.903
69.072
69.185
69.242
69.242
69.185
69.072
68.903
68.677
68.394
68.053
67.656
67.2
66.687
66.115
65.485
64.796
64.047
63.239
62.371
61.443
60.454
59.405
58.295
57.125
55.894
54.602
53.251
51.84
50.37
48.841
47.255
45.612
43.912
42.159
40.352
38.494
36.585
34.629
32.626
30.579
28.49
26.363
24.198
22
19.77
17.512
15.229
12.924
10.6
8.2604
5.909
3.5489
1.1835
-1.1802
-3.5318
-5.8812
-5.7866
-3.475
-1.1613
1.1645
3.4918
5.8139
8.1275
10.429
12.716
14.984
17.23
19.452
21.646
23.809
25.938
28.032
30.087
32.101
34.071
35.997
37.874
39.703
41.481
43.206
44.878
46.494
48.055
49.559
51.006
52.394
53.724
54.994
56.205
57.357
58.449
59.481
60.454
61.367
62.221
63.017
63.753
64.431
65.051
65.614
66.119
66.567
66.958
67.293
67.572
67.794
67.961
68.072
68.128
68.128
68.072
67.961
67.794
67.572
67.293
66.958
66.567
66.119
65.614
65.051
64.431
63.753
63.017
62.221
61.367
60.454
59.481
58.449
57.357
56.205
54.994
53.724
52.394
51.006
49.559
48.055
46.494
44.878
43.206
41.481
39.703
37.874
35.997
34.071
32.101
30.087
28.032
25.938
23.809
21.646
19.452
17.23
14.984
12.716
10.429
8.1275
5.8139
3.4918
1.1645
-1.1613
-3.475
-5.7866
-5.6861
-3.4147
-1.1411
1.1443
3.4312
5.713
7.9865
10.248
12.495
14.724
16.931
19.114
21.27
23.396
25.488
27.546
29.565
31.544
33.48
35.372
37.217
39.014
40.761
42.456
44.099
45.688
47.221
48.699
50.121
51.485
52.792
54.04
55.23
56.362
57.434
58.449
59.405
60.302
61.142
61.923
62.647
63.313
63.922
64.475
64.971
65.412
65.796
66.125
66.399
66.618
66.781
66.891
66.945
66.945
66.891
66.781
66.618
66.399
66.125
65.796
65.412
64.971
64.475
63.922
63.313
62.647
61.923
61.142
60.302
59.405
58.449
57.434
56.362
55.23
54.04
52.792
51.485
50.121
48.699
47.221
45.688
44.099
42.456
40.761
39.014
37.217
35.372
33.48
31.544
29.565
27.546
25.488
23.396
21.27
19.114
16.931
14.724
12.495
10.248
7.9865
5.713
3.4312
1.1443
-1.1411
-3.4147
-5.6861
-5.5799
-3.3509
-1.1198
1.1229
3.3671
5.6063
7.8373
10.057
12.262
14.449
16.615
18.757
20.873
22.959
25.012
27.031
29.013
30.955
32.855
34.711
36.522
38.285
39.999
41.663
43.275
44.834
46.339
47.79
49.185
50.523
51.805
53.03
54.198
55.309
56.362
57.357
58.295
59.176
59.999
60.766
61.476
62.13
62.728
63.271
63.758
64.19
64.567
64.89
65.158
65.373
65.534
65.641
65.694
65.694
65.641
65.534
65.373
65.158
64.89
64.567
64.19
63.758
63.271
62.728
62.13
61.476
60.766
59.999
59.176
58.295
57.357
56.362
55.309
54.198
53.03
51.805
50.523
49.185
47.79
46.339
44.834
43.275
41.663
39.999
38.285
36.522
34.711
32.855
30.955
29.013
27.031
25.012
22.959
20.873
18.757
16.615
14.449
12.262
10.057
7.8373
5.6063
3.3671
1.1229
-1.1198
-3.3509
-5.5799
-5.4679
-3.2836
-1.0973
1.1004
3.2995
5.4938
7.68
9.8549
12.016
14.159
16.281
18.381
20.454
22.498
24.51
26.488
28.43
30.333
32.195
34.014
35.789
37.516
39.196
40.827
42.406
43.934
45.409
46.83
48.197
49.509
50.765
51.966
53.11
54.198
55.23
56.205
57.125
57.988
58.795
59.546
60.242
60.883
61.469
62
62.478
62.901
63.271
63.587
63.85
64.06
64.218
64.323
64.375
64.375
64.323
64.218
64.06
63.85
63.587
63.271
62.901
62.478
62
61.469
60.883
60.242
59.546
58.795
57.988
57.125
56.205
55.23
54.198
53.11
51.966
50.765
49.509
48.197
46.83
45.409
43.934
42.406
40.827
39.196
37.516
35.789
34.014
32.195
30.333
28.43
26.488
24.51
22.498
20.454
18.381
16.281
14.159
12.016
9.8549
7.68
5.4938
3.2995
1.1004
-1.0973
-3.2836
-5.4679
-5.3501
-3.2129
-1.0737
1.0767
3.2284
5.3754
7.5145
9.6426
11.757
13.854
15.931
17.985
20.013
22.013
23.982
25.918
27.818
29.68
31.501
33.281
35.017
36.708
38.352
39.947
41.493
42.987
44.431
45.821
47.159
48.442
49.671
50.846
51.966
53.03
54.04
54.994
55.894
56.738
57.528
58.263
58.944
59.571
60.144
60.664
61.131
61.545
61.907
62.217
62.474
62.68
62.834
62.937
62.988
62.988
62.937
62.834
62.68
62.474
62.217
61.907
61.545
61.131
60.664
60.144
59.571
58.944
58.263
57.528
56.738
55.894
54.994
54.04
53.03
51.966
50.846
49.671
48.442
47.159
45.821
44.431
42.987
41.493
39.947
38.352
36.708
35.017
33.281
31.501
29.68
27.818
25.918
23.982
22.013
20.013
17.985
15.931
13.854
11.757
9.6426
7.5145
5.3754
3.2284
1.0767
-1.0737
-3.2129
-5.3501
-5.2265
-3.1387
-1.0489
1.0518
3.1538
5.2512
7.3409
9.4199
11.485
13.534
15.563
17.569
19.551
21.504
23.428
25.319
27.175
28.994
30.774
32.513
34.209
35.86
37.466
39.024
40.534
41.994
43.404
44.763
46.069
47.323
48.524
49.671
50.765
51.805
52.792
53.724
54.602
55.427
56.199
56.917
57.582
58.195
58.755
59.263
59.719
60.124
60.477
60.779
61.031
61.232
61.383
61.483
61.533
61.533
61.483
61.383
61.232
61.031
60.779
60.477
60.124
59.719
59.263
58.755
58.195
57.582
56.917
56.199
55.427
54.602
53.724
52.792
51.805
50.765
49.671
48.524
47.323
46.069
44.763
43.404
41.994
40.534
39.024
37.466
35.86
34.209
32.513
30.774
28.994
27.175
25.319
23.428
21.504
19.551
17.569
15.563
13.534
11.485
9.4199
7.3409
5.2512
3.1538
1.0518
-1.0489
-3.1387
-5.2265
-5.0972
-3.061
-1.0229
1.0258
3.0758
5.1213
7.1592
9.1867
11.201
13.199
15.177
17.134
19.067
20.972
22.848
24.692
26.503
28.276
30.012
31.708
33.362
34.973
36.539
38.058
39.531
40.955
42.33
43.655
44.929
46.152
47.323
48.442
49.509
50.523
51.485
52.394
53.251
54.056
54.808
55.508
56.157
56.754
57.301
57.796
58.241
58.636
58.98
59.275
59.52
59.717
59.863
59.961
60.01
60.01
59.961
59.863
59.717
59.52
59.275
58.98
58.636
58.241
57.796
57.301
56.754
56.157
55.508
54.808
54.056
53.251
52.394
51.485
50.523
49.509
48.442
47.323
46.152
44.929
43.655
42.33
40.955
39.531
38.058
36.539
34.973
33.362
31.708
30.012
28.276
26.503
24.692
22.848
20.972
19.067
17.134
15.177
13.199
11.201
9.1867
7.1592
5.1213
3.0758
1.0258
-1.0229
-3.061
-5.0972
-4.9621
-2.9799
-0.99581
0.99858
2.9943
4.9856
6.9696
8.9433
10.904
12.849
14.775
16.68
18.562
20.417
22.243
24.038
25.8
27.527
29.217
30.868
32.478
34.046
35.57
37.05
38.484
39.87
41.208
42.498
43.739
44.929
46.069
47.159
48.197
49.185
50.121
51.006
51.84
52.623
53.356
54.038
54.669
55.251
55.782
56.265
56.698
57.082
57.417
57.704
57.943
58.134
58.277
58.372
58.42
58.42
58.372
58.277
58.134
57.943
57.704
57.417
57.082
56.698
56.265
55.782
55.251
54.669
54.038
53.356
52.623
51.84
51.006
50.121
49.185
48.197
47.159
46.069
44.929
43.739
42.498
41.208
39.87
38.484
37.05
35.57
34.046
32.478
30.868
29.217
27.527
25.8
24.038
22.243
20.417
18.562
16.68
14.775
12.849
10.904
8.9433
6.9696
4.9856
2.9943
0.99858
-0.99581
-2.9799
-4.9621
-4.8214
-2.8954
-0.96757
0.97027
2.9094
4.8442
6.7719
8.6897
10.595
12.485
14.356
16.207
18.035
19.838
21.612
23.357
25.069
26.747
28.389
29.993
31.557
33.081
34.562
35.999
37.392
38.739
40.04
41.293
42.498
43.655
44.763
45.821
46.83
47.79
48.699
49.559
50.37
51.131
51.843
52.505
53.119
53.684
54.2
54.669
55.09
55.463
55.789
56.068
56.3
56.485
56.624
56.717
56.763
56.763
56.717
56.624
56.485
56.3
56.068
55.789
55.463
55.09
54.669
54.2
53.684
53.119
52.505
51.843
51.131
50.37
49.559
48.699
47.79
46.83
45.821
44.763
43.655
42.498
41.293
40.04
38.739
37.392
35.999
34.562
33.081
31.557
29.993
28.389
26.747
25.069
23.357
21.612
19.838
18.035
16.207
14.356
12.485
10.595
8.6897
6.7719
4.8442
2.9094
0.97027
-0.96757
-2.8954
-4.8214
-4.6751
-2.8075
-0.93821
0.94082
2.8211
4.6972
6.5664
8.426
10.273
12.106
13.921
15.716
17.488
19.236
20.956
22.648
24.308
25.935
27.527
29.082
30.599
32.077
33.513
34.907
36.257
37.564
38.825
40.04
41.208
42.33
43.404
44.431
45.409
46.339
47.221
48.055
48.841
49.579
50.269
50.912
51.507
52.054
52.555
53.01
53.418
53.78
54.096
54.366
54.591
54.771
54.906
54.996
55.04
55.04
54.996
54.906
54.771
54.591
54.366
54.096
53.78
53.418
53.01
52.555
52.054
51.507
50.912
50.269
49.579
48.841
48.055
47.221
46.339
45.409
44.431
43.404
42.33
41.208
40.04
38.825
37.564
36.257
34.907
33.513
32.077
30.599
29.082
27.527
25.935
24.308
22.648
20.956
19.236
17.488
15.716
13.921
12.106
10.273
8.426
6.5664
4.6972
2.8211
0.94082
-0.93821
-2.8075
-4.6751
-4.5233
-2.7163
-0.90774
0.91026
2.7295
4.5446
6.3531
8.1524
9.9397
11.713
13.468
15.205
16.92
18.611
20.276
21.912
23.518
25.093
26.633
28.138
29.605
31.035
32.424
33.773
35.08
36.344
37.564
38.739
39.87
40.955
41.994
42.987
43.934
44.834
45.688
46.494
47.255
47.969
48.636
49.258
49.834
50.364
50.848
51.288
51.683
52.033
52.339
52.6
52.818
52.992
53.122
53.209
53.253
53.253
53.209
53.122
52.992
52.818
52.6
52.339
52.033
51.683
51.288
50.848
50.364
49.834
49.258
48.636
47.969
47.255
46.494
45.688
44.834
43.934
42.987
41.994
40.955
39.87
38.739
37.564
36.344
35.08
33.773
32.424
31.035
29.605
28.138
26.633
25.093
23.518
21.912
20.276
18.611
16.92
15.205
13.468
11.713
9.9397
8.1524
6.3531
4.5446
2.7295
0.91026
-0.90774
-2.7163
-4.5233
-4.366
-2.6219
-0.87617
0.87861
2.6345
4.3866
6.1322
7.8689
9.594
11.305
13
14.676
16.332
17.964
19.571
21.15
22.701
24.22
25.707
27.159
28.576
29.956
31.297
32.599
33.86
35.08
36.257
37.392
38.484
39.531
40.534
41.493
42.406
43.275
44.099
44.878
45.612
46.301
46.945
47.545
48.101
48.612
49.08
49.504
49.885
50.223
50.519
50.771
50.981
51.149
51.275
51.359
51.401
51.401
51.359
51.275
51.149
50.981
50.771
50.519
50.223
49.885
49.504
49.08
48.612
48.101
47.545
46.945
46.301
45.612
44.878
44.099
43.275
42.406
41.493
40.534
39.531
38.484
37.392
36.257
35.08
33.86
32.599
31.297
29.956
28.576
27.159
25.707
24.22
22.701
21.15
19.571
17.964
16.332
14.676
13
11.305
9.594
7.8689
6.1322
4.3866
2.6345
0.87861
-0.87617
-2.6219
-4.366
-4.2034
-2.5242
-0.84354
0.84589
2.5364
4.2232
5.9038
7.5758
9.2367
10.884
12.516
14.13
15.723
17.295
18.842
20.362
21.855
23.318
24.749
26.148
27.512
28.84
30.131
31.384
32.599
33.773
34.907
35.999
37.05
38.058
39.024
39.947
40.827
41.663
42.456
43.206
43.912
44.576
45.196
45.774
46.309
46.801
47.252
47.66
48.027
48.353
48.637
48.88
49.082
49.244
49.365
49.446
49.486
49.486
49.446
49.365
49.244
49.082
48.88
48.637
48.353
48.027
47.66
47.252
46.801
46.309
45.774
45.196
44.576
43.912
43.206
42.456
41.663
40.827
39.947
39.024
38.058
37.05
35.999
34.907
33.773
32.599
31.384
30.131
28.84
27.512
26.148
24.749
23.318
21.855
20.362
18.842
17.295
15.723
14.13
12.516
10.884
9.2367
7.5758
5.9038
4.2232
2.5364
0.84589
-0.84354
-2.5242
-4.2034
-4.0355
-2.4234
-0.80985
0.81211
2.4351
4.0546
5.6681
7.2733
8.8678
10.45
12.016
13.565
15.095
16.604
18.089
19.549
20.982
22.387
23.761
25.103
26.413
27.688
28.928
30.131
31.297
32.424
33.513
34.562
35.57
36.539
37.466
38.352
39.196
39.999
40.761
41.481
42.159
42.796
43.391
43.946
44.459
44.932
45.365
45.757
46.109
46.422
46.694
46.928
47.122
47.277
47.394
47.471
47.51
47.51
47.471
47.394
47.277
47.122
46.928
46.694
46.422
46.109
45.757
45.365
44.932
44.459
43.946
43.391
42.796
42.159
41.481
40.761
39.999
39.196
38.352
37.466
36.539
35.57
34.562
33.513
32.424
31.297
30.131
28.928
27.688
26.413
25.103
23.761
22.387
20.982
19.549
18.089
16.604
15.095
13.565
12.016
10.45
8.8678
7.2733
5.6681
4.0546
2.4351
0.81211
-0.80985
-2.4234
-4.0355
-3.8626
-2.3196
-0.77515
0.7773
2.3308
3.8808
5.4252
6.9616
8.4878
10.002
11.501
12.984
14.449
15.892
17.314
18.711
20.083
21.427
22.743
24.028
25.281
26.502
27.688
28.84
29.956
31.035
32.077
33.081
34.046
34.973
35.86
36.708
37.516
38.285
39.014
39.703
40.352
40.962
41.532
42.063
42.554
43.007
43.421
43.796
44.133
44.432
44.693
44.917
45.103
45.251
45.362
45.437
45.474
45.474
45.437
45.362
45.251
45.103
44.917
44.693
44.432
44.133
43.796
43.421
43.007
42.554
42.063
41.532
40.962
40.352
39.703
39.014
38.285
37.516
36.708
35.86
34.973
34.046
33.081
32.077
31.035
29.956
28.84
27.688
26.502
25.281
24.028
22.743
21.427
20.083
18.711
17.314
15.892
14.449
12.984
11.501
10.002
8.4878
6.9616
5.4252
3.8808
2.3308
0.7773
-0.77515
-2.3196
-3.8626
-3.6847
-2.2127
-0.73945
0.74151
2.2234
3.7021
5.1753
6.641
8.0969
9.5411
10.972
12.386
13.783
15.16
16.517
17.85
19.158
20.441
21.695
22.921
24.117
25.281
26.413
27.512
28.576
29.605
30.599
31.557
32.478
33.362
34.209
35.017
35.789
36.522
37.217
37.874
38.494
39.075
39.619
40.125
40.594
41.026
41.421
41.779
42.1
42.386
42.635
42.848
43.025
43.167
43.273
43.344
43.379
43.379
43.344
43.273
43.167
43.025
42.848
42.635
42.386
42.1
41.779
41.421
41.026
40.594
40.125
39.619
39.075
38.494
37.874
37.217
36.522
35.789
35.017
34.209
33.362
32.478
31.557
30.599
29.605
28.576
27.512
26.413
25.281
24.117
22.921
21.695
20.441
19.158
17.85
16.517
15.16
13.783
12.386
10.972
9.5411
8.0969
6.641
5.1753
3.7021
2.2234
0.74151
-0.73945
-2.2127
-3.6847
-3.502
-2.103
-0.70279
0.70475
2.1132
3.5185
4.9187
6.3117
7.6955
9.0681
10.428
11.772
13.1
14.409
15.698
16.965
18.208
19.427
20.62
21.785
22.921
24.028
25.103
26.148
27.159
28.138
29.082
29.993
30.868
31.708
32.513
33.281
34.014
34.711
35.372
35.997
36.585
37.138
37.655
38.136
38.582
38.992
39.367
39.708
40.013
40.284
40.521
40.724
40.892
41.027
41.128
41.195
41.229
41.229
41.195
41.128
41.027
40.892
40.724
40.521
40.284
40.013
39.708
39.367
38.992
38.582
38.136
37.655
37.138
36.585
35.997
35.372
34.711
34.014
33.281
32.513
31.708
30.868
29.993
29.082
28.138
27.159
26.148
25.103
24.028
22.921
21.785
20.62
19.427
18.208
16.965
15.698
14.409
13.1
11.772
10.428
9.0681
7.6955
6.3117
4.9187
3.5185
2.1132
0.70475
-0.70279
-2.103
-3.502
-3.3147
-1.9906
-0.6652
0.66706
2.0002
3.3304
4.6557
5.9742
7.2839
8.5831
9.8699
11.143
12.399
13.638
14.858
16.058
17.235
18.388
19.517
20.62
21.695
22.743
23.761
24.749
25.707
26.633
27.527
28.389
29.217
30.012
30.774
31.501
32.195
32.855
33.48
34.071
34.629
35.152
35.641
36.096
36.518
36.907
37.262
37.584
37.873
38.13
38.354
38.546
38.705
38.833
38.928
38.992
39.024
39.024
38.992
38.928
38.833
38.705
38.546
38.354
38.13
37.873
37.584
37.262
36.907
36.518
36.096
35.641
35.152
34.629
34.071
33.48
32.855
32.195
31.501
30.774
30.012
29.217
28.389
27.527
26.633
25.707
24.749
23.761
22.743
21.695
20.62
19.517
18.388
17.235
16.058
14.858
13.638
12.399
11.143
9.8699
8.5831
7.2839
5.9742
4.6557
3.3304
2.0002
0.66706
-0.6652
-1.9906
-3.3147
-3.123
-1.8755
-0.62673
0.62848
1.8845
3.1378
4.3864
5.6287
6.8627
8.0867
9.2991
10.498
11.682
12.85
13.999
15.129
16.238
17.325
18.388
19.427
20.441
21.427
22.387
23.318
24.22
25.093
25.935
26.747
27.527
28.276
28.994
29.68
30.333
30.955
31.544
32.101
32.626
33.119
33.58
34.009
34.406
34.772
35.107
35.41
35.683
35.924
36.136
36.316
36.467
36.587
36.677
36.737
36.767
36.767
36.737
36.677
36.587
36.467
36.316
36.136
35.924
35.683
35.41
35.107
34.772
34.406
34.009
33.58
33.119
32.626
32.101
31.544
30.955
30.333
29.68
28.994
28.276
27.527
26.747
25.935
25.093
24.22
23.318
22.387
21.427
20.441
19.427
18.388
17.325
16.238
15.129
13.999
12.85
11.682
10.498
9.2991
8.0867
6.8627
5.6287
4.3864
3.1378
1.8845
0.62848
-0.62673
-1.8755
-3.123
-2.9271
-1.7578
-0.58741
0.58905
1.7663
2.9409
4.1112
5.2755
6.4322
7.5794
8.7157
9.8395
10.949
12.043
13.121
14.18
15.219
16.238
17.235
18.208
19.158
20.083
20.982
21.855
22.701
23.518
24.308
25.069
25.8
26.503
27.175
27.818
28.43
29.013
29.565
30.087
30.579
31.041
31.473
31.875
32.248
32.591
32.904
33.189
33.444
33.671
33.869
34.038
34.179
34.291
34.376
34.432
34.46
34.46
34.432
34.376
34.291
34.179
34.038
33.869
33.671
33.444
33.189
32.904
32.591
32.248
31.875
31.473
31.041
30.579
30.087
29.565
29.013
28.43
27.818
27.175
26.503
25.8
25.069
24.308
23.518
22.701
21.855
20.982
20.083
19.158
18.208
17.235
16.238
15.219
14.18
13.121
12.043
10.949
9.8395
8.7157
7.5794
6.4322
5.2755
4.1112
2.9409
1.7663
0.58905
-0.58741
-1.7578
-2.9271
-2.7272
-1.6377
-0.54729
0.54882
1.6457
2.7401
3.8305
4.9152
5.9929
7.0618
8.1205
9.1675
10.201
11.221
12.225
13.211
14.18
15.129
16.058
16.965
17.85
18.711
19.549
20.362
21.15
21.912
22.648
23.357
24.038
24.692
25.319
25.918
26.488
27.031
27.546
28.032
28.49
28.921
29.323
29.698
30.045
30.365
30.657
30.922
31.16
31.371
31.555
31.713
31.844
31.949
32.028
32.08
32.106
32.106
32.08
32.028
31.949
31.844
31.713
31.555
31.371
31.16
30.922
30.657
30.365
30.045
29.698
29.323
28.921
28.49
28.032
27.546
27.031
26.488
25.918
25.319
24.692
24.038
23.357
22.648
21.912
21.15
20.362
19.549
18.711
17.85
16.965
16.058
15.129
14.18
13.211
12.225
11.221
10.201
9.1675
8.1205
7.0618
5.9929
4.9152
3.8305
2.7401
1.6457
0.54882
-0.54729
-1.6377
-2.7272
-2.5235
-1.5154
-0.50642
0.50783
1.5227
2.5354
3.5444
4.5481
5.5453
6.5344
7.514
8.4828
9.4395
10.383
11.312
12.225
13.121
13.999
14.858
15.698
16.517
17.314
18.089
18.842
19.571
20.276
20.956
21.612
22.243
22.848
23.428
23.982
24.51
25.012
25.488
25.938
26.363
26.761
27.133
27.48
27.801
28.097
28.367
28.612
28.833
29.028
29.199
29.345
29.466
29.563
29.636
29.684
29.708
29.708
29.684
29.636
29.563
29.466
29.345
29.199
29.028
28.833
28.612
28.367
28.097
27.801
27.48
27.133
26.761
26.363
25.938
25.488
25.012
24.51
23.982
23.428
22.848
22.243
21.612
20.956
20.276
19.571
18.842
18.089
17.314
16.517
15.698
14.858
13.999
13.121
12.225
11.312
10.383
9.4395
8.4828
7.514
6.5344
5.5453
4.5481
3.5444
2.5354
1.5227
0.50783
-0.50642
-1.5154
-2.5235
-2.3163
-1.391
-0.46484
0.46614
1.3977
2.3273
3.2534
4.1747
5.09
5.9979
6.897
7.7863
8.6645
9.5304
10.383
11.221
12.043
12.85
13.638
14.409
15.16
15.892
16.604
17.295
17.964
18.611
19.236
19.838
20.417
20.972
21.504
22.013
22.498
22.959
23.396
23.809
24.198
24.564
24.905
25.224
25.519
25.79
26.038
26.263
26.465
26.645
26.801
26.935
27.047
27.136
27.203
27.247
27.269
27.269
27.247
27.203
27.136
27.047
26.935
26.801
26.645
26.465
26.263
26.038
25.79
25.519
25.224
24.905
24.564
24.198
23.809
23.396
22.959
22.498
22.013
21.504
20.972
20.417
19.838
19.236
18.611
17.964
17.295
16.604
15.892
15.16
14.409
13.638
12.85
12.043
11.221
10.383
9.5304
8.6645
7.7863
6.897
5.9979
5.09
4.1747
3.2534
2.3273
1.3977
0.46614
-0.46484
-1.391
-2.3163
-2.1059
-1.2646
-0.42261
0.42378
1.2707
2.1158
2.9578
3.7954
4.6275
5.4529
6.2704
7.0789
7.8773
8.6645
9.4395
10.201
10.949
11.682
12.399
13.1
13.783
14.449
15.095
15.723
16.332
16.92
17.488
18.035
18.562
19.067
19.551
20.013
20.454
20.873
21.27
21.646
22
22.332
22.643
22.932
23.2
23.447
23.672
23.877
24.061
24.224
24.366
24.488
24.589
24.67
24.731
24.771
24.792
24.792
24.771
24.731
24.67
24.589
24.488
24.366
24.224
24.061
23.877
23.672
23.447
23.2
22.932
22.643
22.332
22
21.646
21.27
20.873
20.454
20.013
19.551
19.067
18.562
18.035
17.488
16.92
16.332
15.723
15.095
14.449
13.783
13.1
12.399
11.682
10.949
10.201
9.4395
8.6645
7.8773
7.0789
6.2704
5.4529
4.6275
3.7954
2.9578
2.1158
1.2707
0.42378
-0.42261
-1.2646
-2.1059
-1.8924
-1.1365
-0.37978
0.38083
1.1419
1.9014
2.658
3.4108
4.1585
4.9003
5.6349
6.3614
7.0789
7.7863
8.4828
9.1675
9.8395
10.498
11.143
11.772
12.386
12.984
13.565
14.13
14.676
15.205
15.716
16.207
16.68
17.134
17.569
17.985
18.381
18.757
19.114
19.452
19.77
20.068
20.348
20.608
20.849
21.07
21.273
21.457
21.622
21.769
21.897
22.006
22.097
22.17
22.224
22.261
22.279
22.279
22.261
22.224
22.17
22.097
22.006
21.897
21.769
21.622
21.457
21.273
21.07
20.849
20.608
20.348
20.068
19.77
19.452
19.114
18.757
18.381
17.985
17.569
17.134
16.68
16.207
15.716
15.205
14.676
14.13
13.565
12.984
12.386
11.772
11.143
10.498
9.8395
9.1675
8.4828
7.7863
7.0789
6.3614
5.6349
4.9003
4.1585
3.4108
2.658
1.9014
1.1419
0.38083
-0.37978
-1.1365
-1.8924
-1.6763
-1.0067
-0.3364
0.33734
1.0115
1.6842
2.3544
3.0212
3.6836
4.3406
4.9913
5.6349
6.2704
6.897
7.514
8.1205
8.7157
9.2991
9.8699
10.428
10.972
11.501
12.016
12.516
13
13.468
13.921
14.356
14.775
15.177
15.563
15.931
16.281
16.615
16.931
17.23
17.512
17.776
18.024
18.254
18.467
18.664
18.843
19.006
19.153
19.282
19.396
19.493
19.573
19.638
19.686
19.718
19.734
19.734
19.718
19.686
19.638
19.573
19.493
19.396
19.282
19.153
19.006
18.843
18.664
18.467
18.254
18.024
17.776
17.512
17.23
16.931
16.615
16.281
15.931
15.563
15.177
14.775
14.356
13.921
13.468
13
12.516
12.016
11.501
10.972
10.428
9.8699
9.2991
8.7157
8.1205
7.514
6.897
6.2704
5.6349
4.9913
4.3406
3.6836
3.0212
2.3544
1.6842
1.0115
0.33734
-0.3364
-1.0067
-1.6763
-1.4578
-0.87542
-0.29254
0.29336
0.87964
1.4646
2.0475
2.6273
3.2033
3.7747
4.3406
4.9003
5.4529
5.9979
6.5344
7.0618
7.5794
8.0867
8.5831
9.0681
9.5411
10.002
10.45
10.884
11.305
11.713
12.106
12.485
12.849
13.199
13.534
13.854
14.159
14.449
14.724
14.984
15.229
15.459
15.674
15.874
16.06
16.231
16.387
16.528
16.656
16.768
16.867
16.951
17.021
17.078
17.12
17.148
17.162
17.162
17.148
17.12
17.078
17.021
16.951
16.867
16.768
16.656
16.528
16.387
16.231
16.06
15.874
15.674
15.459
15.229
14.984
14.724
14.449
14.159
13.854
13.534
13.199
12.849
12.485
12.106
11.713
11.305
10.884
10.45
10.002
9.5411
9.0681
8.5831
8.0867
7.5794
7.0618
6.5344
5.9979
5.4529
4.9003
4.3406
3.7747
3.2033
2.6273
2.0475
1.4646
0.87964
0.29336
-0.29254
-0.87542
-1.4578
-1.2371
-0.74291
-0.24826
0.24895
0.7465
1.2429
1.7376
2.2296
2.7185
3.2033
3.6836
4.1585
4.6275
5.09
5.5453
5.9929
6.4322
6.8627
7.2839
7.6955
8.0969
8.4878
8.8678
9.2367
9.594
9.9397
10.273
10.595
10.904
11.201
11.485
11.757
12.016
12.262
12.495
12.716
12.924
13.119
13.301
13.471
13.629
13.774
13.906
14.027
14.135
14.23
14.314
14.385
14.445
14.493
14.528
14.552
14.564
14.564
14.552
14.528
14.493
14.445
14.385
14.314
14.23
14.135
14.027
13.906
13.774
13.629
13.471
13.301
13.119
12.924
12.716
12.495
12.262
12.016
11.757
11.485
11.201
10.904
10.595
10.273
9.9397
9.594
9.2367
8.8678
8.4878
8.0969
7.6955
7.2839
6.8627
6.4322
5.9929
5.5453
5.09
4.6275
4.1585
3.6836
3.2033
2.7185
2.2296
1.7376
1.2429
0.7465
0.24895
-0.24826
-0.74291
-1.2371
-1.0146
-0.60932
-0.20362
0.20419
0.61226
1.0194
1.4251
1.8287
2.2296
2.6273
3.0212
3.4108
3.7954
4.1747
4.5481
4.9152
5.2755
5.6287
5.9742
6.3117
6.641
6.9616
7.2733
7.5758
7.8689
8.1524
8.426
8.6897
8.9433
9.1867
9.4199
9.6426
9.8549
10.057
10.248
10.429
10.6
10.76
10.91
11.049
11.178
11.297
11.406
11.504
11.593
11.671
11.74
11.799
11.848
11.887
11.916
11.935
11.945
11.945
11.935
11.916
11.887
11.848
11.799
11.74
11.671
11.593
11.504
11.406
11.297
11.178
11.049
10.91
10.76
10.6
10.429
10.248
10.057
9.8549
9.6426
9.4199
9.1867
8.9433
8.6897
8.426
8.1524
7.8689
7.5758
7.2733
6.9616
6.641
6.3117
5.9742
5.6287
5.2755
4.9152
4.5481
4.1747
3.7954
3.4108
3.0212
2.6273
2.2296
1.8287
1.4251
1.0194
0.61226
0.20419
-0.20362
-0.60932
-1.0146
-0.79072
-0.47485
-0.15868
0.15912
0.47714
0.79445
1.1106
1.4251
1.7376
2.0475
2.3544
2.658
2.9578
3.2534
3.5444
3.8305
4.1112
4.3864
4.6557
4.9187
5.1753
5.4252
5.6681
5.9038
6.1322
6.3531
6.5664
6.7719
6.9696
7.1592
7.3409
7.5145
7.68
7.8373
7.9865
8.1275
8.2604
8.3852
8.5019
8.6105
8.7112
8.8038
8.8885
8.9654
9.0344
9.0956
9.149
9.1948
9.2328
9.2632
9.286
9.3012
9.3088
9.3088
9.3012
9.286
9.2632
9.2328
9.1948
9.149
9.0956
9.0344
8.9654
8.8885
8.8038
8.7112
8.6105
8.5019
8.3852
8.2604
8.1275
7.9865
7.8373
7.68
7.5145
7.3409
7.1592
6.9696
6.7719
6.5664
6.3531
6.1322
5.9038
5.6681
5.4252
5.1753
4.9187
4.6557
4.3864
4.1112
3.8305
3.5444
3.2534
2.9578
2.658
2.3544
2.0475
1.7376
1.4251
1.1106
0.79445
0.47714
0.15912
-0.15868
-0.47485
-0.79072
-0.56563
-0.33967
-0.11351
0.11383
0.34131
0.5683
0.79445
1.0194
1.2429
1.4646
1.6842
1.9014
2.1158
2.3273
2.5354
2.7401
2.9409
3.1378
3.3304
3.5185
3.7021
3.8808
4.0546
4.2232
4.3866
4.5446
4.6972
4.8442
4.9856
5.1213
5.2512
5.3754
5.4938
5.6063
5.713
5.8139
5.909
5.9982
6.0817
6.1594
6.2314
6.2977
6.3583
6.4132
6.4626
6.5064
6.5446
6.5773
6.6046
6.6263
6.6426
6.6535
6.6589
6.6589
6.6535
6.6426
6.6263
6.6046
6.5773
6.5446
6.5064
6.4626
6.4132
6.3583
6.2977
6.2314
6.1594
6.0817
5.9982
5.909
5.8139
5.713
5.6063
5.4938
5.3754
5.2512
5.1213
4.9856
4.8442
4.6972
4.5446
4.3866
4.2232
4.0546
3.8808
3.7021
3.5185
3.3304
3.1378
2.9409
2.7401
2.5354
2.3273
2.1158
1.9014
1.6842
1.4646
1.2429
1.0194
0.79445
0.5683
0.34131
0.11383
-0.11351
-0.33967
-0.56563
-0.33971
-0.204
-0.068173
0.068363
0.20499
0.34131
0.47714
0.61226
0.7465
0.87964
1.0115
1.1419
1.2707
1.3977
1.5227
1.6457
1.7663
1.8845
2.0002
2.1132
2.2234
2.3308
2.4351
2.5364
2.6345
2.7295
2.8211
2.9094
2.9943
3.0758
3.1538
3.2284
3.2995
3.3671
3.4312
3.4918
3.5489
3.6025
3.6526
3.6993
3.7425
3.7823
3.8187
3.8517
3.8814
3.9077
3.9306
3.9503
3.9666
3.9797
3.9895
3.996
3.9993
3.9993
3.996
3.9895
3.9797
3.9666
3.9503
3.9306
3.9077
3.8814
3.8517
3.8187
3.7823
3.7425
3.6993
3.6526
3.6025
3.5489
3.4918
3.4312
3.3671
3.2995
3.2284
3.1538
3.0758
2.9943
2.9094
2.8211
2.7295
2.6345
2.5364
2.4351
2.3308
2.2234
2.1132
2.0002
1.8845
1.7663
1.6457
1.5227
1.3977
1.2707
1.1419
1.0115
0.87964
0.7465
0.61226
0.47714
0.34131
0.20499
0.068363
-0.068173
-0.204
-0.33971
-0.11329
-0.068035
-0.022736
0.022799
0.068363
0.11383
0.15912
0.20419
0.24895
0.29336
0.33734
0.38083
0.42378
0.46614
0.50783
0.54882
0.58905
0.62848
0.66706
0.70475
0.74151
0.7773
0.81211
0.84589
0.87861
0.91026
0.94082
0.97027
0.99858
1.0258
1.0518
1.0767
1.1004
1.1229
1.1443
1.1645
1.1835
1.2014
1.2181
1.2337
1.2481
1.2614
1.2735
1.2845
1.2944
1.3032
1.3109
1.3174
1.3229
1.3272
1.3305
1.3327
1.3337
1.3337
1.3327
1.3305
1.3272
1.3229
1.3174
1.3109
1.3032
1.2944
1.2845
1.2735
1.2614
1.2481
1.2337
1.2181
1.2014
1.1835
1.1645
1.1443
1.1229
1.1004
1.0767
1.0518
1.0258
0.99858
0.97027
0.94082
0.91026
0.87861
0.84589
0.81211
0.7773
0.74151
0.70475
0.66706
0.62848
0.58905
0.54882
0.50783
0.46614
0.42378
0.38083
0.33734
0.29336
0.24895
0.20419
0.15912
0.11383
0.068363
0.022799
-0.022736
-0.068035
-0.11329
0.11298
0.067845
0.022672
-0.022736
-0.068173
-0.11351
-0.15868
-0.20362
-0.24826
-0.29254
-0.3364
-0.37978
-0.42261
-0.46484
-0.50642
-0.54729
-0.58741
-0.62673
-0.6652
-0.70279
-0.73945
-0.77515
-0.80985
-0.84354
-0.87617
-0.90774
-0.93821
-0.96757
-0.99581
-1.0229
-1.0489
-1.0737
-1.0973
-1.1198
-1.1411
-1.1613
-1.1802
-1.1981
-1.2147
-1.2303
-1.2446
-1.2579
-1.27
-1.281
-1.2908
-1.2996
-1.3072
-1.3137
-1.3192
-1.3235
-1.3268
-1.3289
-1.33
-1.33
-1.3289
-1.3268
-1.3235
-1.3192
-1.3137
-1.3072
-1.2996
-1.2908
-1.281
-1.27
-1.2579
-1.2446
-1.2303
-1.2147
-1.1981
-1.1802
-1.1613
-1.1411
-1.1198
-1.0973
-1.0737
-1.0489
-1.0229
-0.99581
-0.96757
-0.93821
-0.90774
-0.87617
-0.84354
-0.80985
-0.77515
-0.73945
-0.70279
-0.6652
-0.62673
-0.58741
-0.54729
-0.50642
-0.46484
-0.42261
-0.37978
-0.3364
-0.29254
-0.24826
-0.20362
-0.15868
-0.11351
-0.068173
-0.022736
0.022672
0.067845
0.11298
0.33909
0.20347
0.067845
-0.068035
-0.204
-0.33967
-0.47485
-0.60932
-0.74291
-0.87542
-1.0067
-1.1365
-1.2646
-1.391
-1.5154
-1.6377
-1.7578
-1.8755
-1.9906
-2.103
-2.2127
-2.3196
-2.4234
-2.5242
-2.6219
-2.7163
-2.8075
-2.8954
-2.9799
-3.061
-3.1387
-3.2129
-3.2836
-3.3509
-3.4147
-3.475
-3.5318
-3.5852
-3.635
-3.6815
-3.7245
-3.7641
-3.8004
-3.8332
-3.8627
-3.8889
-3.9117
-3.9313
-3.9476
-3.9606
-3.9703
-3.9768
-3.98
-3.98
-3.9768
-3.9703
-3.9606
-3.9476
-3.9313
-3.9117
-3.8889
-3.8627
-3.8332
-3.8004
-3.7641
-3.7245
-3.6815
-3.635
-3.5852
-3.5318
-3.475
-3.4147
-3.3509
-3.2836
-3.2129
-3.1387
-3.061
-2.9799
-2.8954
-2.8075
-2.7163
-2.6219
-2.5242
-2.4234
-2.3196
-2.2127
-2.103
-1.9906
-1.8755
-1.7578
-1.6377
-1.5154
-1.391
-1.2646
-1.1365
-1.0067
-0.87542
-0.74291
-0.60932
-0.47485
-0.33967
-0.204
-0.068035
0.067845
0.20347
0.33909
0.56518
0.33909
0.11298
-0.11329
-0.33971
-0.56563
-0.79072
-1.0146
-1.2371
-1.4578
-1.6763
-1.8924
-2.1059
-2.3163
-2.5235
-2.7272
-2.9271
-3.123
-3.3147
-3.502
-3.6847
-3.8626
-4.0355
-4.2034
-4.366
-4.5233
-4.6751
-4.8214
-4.9621
-5.0972
-5.2265
-5.3501
-5.4679
-5.5799
-5.6861
-5.7866
-5.8812
-5.97
-6.0531
-6.1305
-6.2021
-6.2681
-6.3284
-6.3831
-6.4322
-6.4758
-6.5138
-6.5464
-6.5735
-6.5951
-6.6114
-6.6222
-6.6276
-6.6276
-6.6222
-6.6114
-6.5951
-6.5735
-6.5464
-6.5138
-6.4758
-6.4322
-6.3831
-6.3284
-6.2681
-6.2021
-6.1305
-6.0531
-5.97
-5.8812
-5.7866
-5.6861
-5.5799
-5.4679
-5.3501
-5.2265
-5.0972
-4.9621
-4.8214
-4.6751
-4.5233
-4.366
-4.2034
-4.0355
-3.8626
-3.6847
-3.502
-3.3147
-3.123
-2.9271
-2.7272
-2.5235
-2.3163
-2.1059
-1.8924
-1.6763
-1.4578
-1.2371
-1.0146
-0.79072
-0.56563
-0.33971
-0.11329
0.11298
0.33909
0.56518
