9.5033
5.7948
1.9467
-1.9518
-5.8045
-9.5085
-12.978
-16.145
-18.962
-21.406
-23.475
-25.185
-26.563
-27.65
-28.488
-29.119
-29.585
-29.921
-30.159
-30.324
-30.437
-30.512
-30.562
-30.593
-30.614
-30.626
-30.634
-30.639
-30.641
-30.643
-30.644
-30.644
-30.645
-30.645
-30.645
-30.645
-30.645
-30.645
-30.645
-30.645
-30.645
-30.645
-30.645
-30.645
-30.645
-30.645
-30.645
-30.645
-30.645
-30.645
-30.645
-30.645
-30.645
-30.645
-30.645
-30.645
-30.645
-30.645
-30.645
-30.645
-30.645
-30.645
-30.645
-30.645
-30.645
-30.645
-30.645
-30.645
-30.645
-30.645
-30.645
-30.645
-30.645
-30.645
-30.644
-30.644
-30.643
-30.641
-30.639
-30.634
-30.626
-30.614
-30.593
-30.562
-30.512
-30.437
-30.324
-30.159
-29.921
-29.585
-29.119
-28.488
-27.65
-26.563
-25.185
-23.475
-21.406
-18.962
-16.145
-12.978
-9.5085
-5.8045
-1.9518
1.9467
5.7948
9.5033
5.7948
3.5338
1.1879
-1.1911
-3.5421
-5.8024
-7.9195
-9.8517
-11.571
-13.062
-14.324
-15.367
-16.208
-16.871
-17.381
-17.766
-18.05
-18.255
-18.401
-18.501
-18.57
-18.616
-18.646
-18.665
-18.678
-18.685
-18.69
-18.693
-18.694
-18.695
-18.696
-18.696
-18.697
-18.697
-18.697
-18.697
-18.697
-18.697
-18.697
-18.697
-18.697
-18.697
-18.697
-18.697
-18.697
-18.697
-18.697
-18.697
-18.697
-18.697
-18.697
-18.697
-18.697
-18.697
-18.697
-18.697
-18.697
-18.697
-18.697
-18.697
-18.697
-18.697
-18.697
-18.697
-18.697
-18.697
-18.697
-18.697
-18.697
-18.697
-18.697
-18.697
-18.697
-18.697
-18.696
-18.696
-18.695
-18.694
-18.693
-18.69
-18.685
-18.678
-18.665
-18.646
-18.616
-18.57
-18.501
-18.401
-18.255
-18.05
-17.766
-17.381
-16.871
-16.208
-15.367
-14.324
-13.062
-11.571
-9.8517
-7.9195
-5.8024
-3.5421
-1.1911
1.1879
3.5338
5.7948
1.9467
1.1879
0.40013
-0.40119
-1.1931
-1.9544
-2.6675
-3.3183
-3.8973
-4.3996
-4.8248
-5.1759
-5.4592
-5.6824
-5.8545
-5.9841
-6.0797
-6.1488
-6.1977
-6.2317
-6.2548
-6.2702
-6.2803
-6.2869
-6.291
-6.2936
-6.2952
-6.2961
-6.2967
-6.297
-6.2972
-6.2973
-6.2974
-6.2974
-6.2974
-6.2974
-6.2974
-6.2975
-6.2975
-6.2975
-6.2975
-6.2975
-6.2975
-6.2975
-6.2975
-6.2975
-6.2975
-6.2975
-6.2975
-6.2975
-6.2975
-6.2975
-6.2975
-6.2975
-6.2975
-6.2975
-6.2975
-6.2975
-6.2975
-6.2975
-6.2975
-6.2975
-6.2975
-6.2975
-6.2975
-6.2975
-6.2975
-6.2975
-6.2975
-6.2974
-6.2974
-6.2974
-6.2974
-6.2974
-6.2973
-6.2972
-6.297
-6.2967
-6.2961
-6.2952
-6.2936
-6.291
-6.2869
-6.2803
-6.2702
-6.2548
-6.2317
-6.1977
-6.1488
-6.0797
-5.9841
-5.8545
-5.6824
-5.4592
-5.1759
-4.8248
-4.3996
-3.8973
-3.3183
-2.6675
-1.9544
-1.1931
-0.40119
0.40013
1.1879
1.9467
-1.9518
-1.1911
-0.40119
0.40224
1.1962
1.9596
2.6745
3.327
3.9076
4.4112
4.8375
5.1896
5.4736
5.6974
5.8699
5.9999
6.0957
6.165
6.214
6.2481
6.2712
6.2867
6.2969
6.3034
6.3076
6.3102
6.3118
6.3127
6.3133
6.3136
6.3138
6.3139
6.314
6.314
6.314
6.314
6.314
6.314
6.314
6.314
6.3141
6.3141
6.3141
6.3141
6.3141
6.3141
6.3141
6.3141
6.3141
6.3141
6.3141
6.3141
6.3141
6.3141
6.3141
6.3141
6.3141
6.3141
6.3141
6.3141
6.3141
6.3141
6.3141
6.3141
6.3141
6.3141
6.314
6.314
6.314
6.314
6.314
6.314
6.314
6.314
6.3139
6.3138
6.3136
6.3133
6.3127
6.3118
6.3102
6.3076
6.3034
6.2969
6.2867
6.2712
6.2481
6.214
6.165
6.0957
5.9999
5.8699
5.6974
5.4736
5.1896
4.8375
4.4112
3.9076
3.327
2.6745
1.9596
1.1962
0.40224
-0.40119
-1.1911
-1.9518
-5.8045
-3.5421
-1.1931
1.1962
3.5575
5.8276
7.9538
9.8946
11.621
13.119
14.387
15.435
16.279
16.945
17.459
17.845
18.131
18.337
18.483
18.584
18.653
18.699
18.729
18.749
18.761
18.769
18.774
18.776
18.778
18.779
18.78
18.78
18.78
18.78
18.78
18.78
18.78
18.78
18.78
18.78
18.78
18.78
18.78
18.78
18.78
18.78
18.78
18.78
18.78
18.78
18.78
18.78
18.78
18.78
18.78
18.78
18.78
18.78
18.78
18.78
18.78
18.78
18.78
18.78
18.78
18.78
18.78
18.78
18.78
18.78
18.78
18.78
18.78
18.78
18.78
18.78
18.779
18.778
18.776
18.774
18.769
18.761
18.749
18.729
18.699
18.653
18.584
18.483
18.337
18.131
17.845
17.459
16.945
16.279
15.435
14.387
13.119
11.621
9.8946
7.9538
5.8276
3.5575
1.1962
-1.1931
-3.5421
-5.8045
-9.5085
-5.8024
-1.9544
1.9596
5.8276
9.5464
13.03
16.209
19.038
21.493
23.571
25.288
26.673
27.764
28.606
29.24
29.708
30.046
30.286
30.452
30.565
30.641
30.69
30.722
30.743
30.755
30.763
30.768
30.771
30.772
30.773
30.774
30.774
30.774
30.774
30.774
30.774
30.774
30.774
30.774
30.774
30.774
30.774
30.774
30.774
30.774
30.774
30.774
30.774
30.774
30.774
30.774
30.774
30.774
30.774
30.774
30.774
30.774
30.774
30.774
30.774
30.774
30.774
30.774
30.774
30.774
30.774
30.774
30.774
30.774
30.774
30.774
30.774
30.774
30.774
30.773
30.772
30.771
30.768
30.763
30.755
30.743
30.722
30.69
30.641
30.565
30.452
30.286
30.046
29.708
29.24
28.606
27.764
26.673
25.288
23.571
21.493
19.038
16.209
13.03
9.5464
5.8276
1.9596
-1.9544
-5.8024
-9.5085
-12.978
-7.9195
-2.6675
2.6745
7.9538
13.03
17.785
22.125
25.988
29.34
32.177
34.522
36.414
37.906
39.056
39.923
40.563
41.026
41.353
41.58
41.735
41.839
41.907
41.951
41.979
41.996
42.007
42.013
42.017
42.019
42.02
42.021
42.021
42.022
42.022
42.022
42.022
42.022
42.022
42.022
42.022
42.022
42.022
42.022
42.022
42.022
42.022
42.022
42.022
42.022
42.022
42.022
42.022
42.022
42.022
42.022
42.022
42.022
42.022
42.022
42.022
42.022
42.022
42.022
42.022
42.022
42.022
42.022
42.022
42.022
42.022
42.022
42.022
42.021
42.021
42.02
42.019
42.017
42.013
42.007
41.996
41.979
41.951
41.907
41.839
41.735
41.58
41.353
41.026
40.563
39.923
39.056
37.906
36.414
34.522
32.177
29.34
25.988
22.125
17.785
13.03
7.9538
2.6745
-2.6675
-7.9195
-12.978
-16.145
-9.8517
-3.3183
3.327
9.8946
16.209
22.125
27.526
32.333
36.505
40.038
42.958
45.314
47.173
48.606
49.687
50.485
51.061
51.47
51.754
51.947
52.076
52.161
52.216
52.251
52.273
52.286
52.294
52.299
52.301
52.303
52.304
52.304
52.305
52.305
52.305
52.305
52.305
52.305
52.305
52.305
52.305
52.305
52.305
52.305
52.305
52.305
52.305
52.305
52.305
52.305
52.305
52.305
52.305
52.305
52.305
52.305
52.305
52.305
52.305
52.305
52.305
52.305
52.305
52.305
52.305
52.305
52.305
52.305
52.305
52.305
52.305
52.305
52.304
52.304
52.303
52.301
52.299
52.294
52.286
52.273
52.251
52.216
52.161
52.076
51.947
51.754
51.47
51.061
50.485
49.687
48.606
47.173
45.314
42.958
40.038
36.505
32.333
27.526
22.125
16.209
9.8946
3.327
-3.3183
-9.8517
-16.145
-18.962
-11.571
-3.8973
3.9076
11.621
19.038
25.988
32.333
37.982
42.885
47.038
50.471
53.243
55.429
57.115
58.388
59.327
60.007
60.488
60.823
61.051
61.203
61.303
61.368
61.409
61.435
61.45
61.46
61.466
61.469
61.471
61.472
61.472
61.473
61.473
61.473
61.473
61.473
61.473
61.473
61.473
61.473
61.473
61.473
61.473
61.473
61.473
61.473
61.473
61.473
61.473
61.473
61.473
61.473
61.473
61.473
61.473
61.473
61.473
61.473
61.473
61.473
61.473
61.473
61.473
61.473
61.473
61.473
61.473
61.473
61.473
61.473
61.473
61.472
61.472
61.471
61.469
61.466
61.46
61.45
61.435
61.409
61.368
61.303
61.203
61.051
60.823
60.488
60.007
59.327
58.388
57.115
55.429
53.243
50.471
47.038
42.885
37.982
32.333
25.988
19.038
11.621
3.9076
-3.8973
-11.571
-18.962
-21.406
-13.062
-4.3996
4.4112
13.119
21.493
29.34
36.505
42.885
48.424
53.117
56.997
60.131
62.604
64.512
65.951
67.015
67.784
68.33
68.709
68.968
69.141
69.254
69.328
69.374
69.403
69.421
69.432
69.438
69.442
69.444
69.446
69.446
69.447
69.447
69.447
69.447
69.447
69.447
69.447
69.447
69.447
69.447
69.447
69.447
69.447
69.447
69.447
69.447
69.447
69.447
69.447
69.447
69.447
69.447
69.447
69.447
69.447
69.447
69.447
69.447
69.447
69.447
69.447
69.447
69.447
69.447
69.447
69.447
69.447
69.447
69.447
69.447
69.446
69.446
69.444
69.442
69.438
69.432
69.421
69.403
69.374
69.328
69.254
69.141
68.968
68.709
68.33
67.784
67.015
65.951
64.512
62.604
60.131
56.997
53.117
48.424
42.885
36.505
29.34
21.493
13.119
4.4112
-4.3996
-13.062
-21.406
-23.475
-14.324
-4.8248
4.8375
14.387
23.571
32.177
40.038
47.038
53.117
58.268
62.529
65.97
68.687
70.784
72.367
73.537
74.384
74.984
75.402
75.686
75.877
76.002
76.083
76.135
76.167
76.187
76.199
76.206
76.21
76.212
76.214
76.214
76.215
76.215
76.215
76.215
76.215
76.215
76.215
76.215
76.215
76.215
76.215
76.215
76.215
76.215
76.215
76.215
76.215
76.215
76.215
76.215
76.215
76.215
76.215
76.215
76.215
76.215
76.215
76.215
76.215
76.215
76.215
76.215
76.215
76.215
76.215
76.215
76.215
76.215
76.215
76.215
76.214
76.214
76.212
76.21
76.206
76.199
76.187
76.167
76.135
76.083
76.002
75.877
75.686
75.402
74.984
74.384
73.537
72.367
70.784
68.687
65.97
62.529
58.268
53.117
47.038
40.038
32.177
23.571
14.387
4.8375
-4.8248
-14.324
-23.475
-25.185
-15.367
-5.1759
5.1896
15.435
25.288
34.522
42.958
50.471
56.997
62.529
67.105
70.803
73.723
75.978
77.681
78.939
79.851
80.497
80.947
81.254
81.459
81.595
81.682
81.737
81.772
81.793
81.806
81.814
81.818
81.821
81.823
81.823
81.824
81.824
81.824
81.824
81.824
81.824
81.824
81.824
81.824
81.824
81.824
81.824
81.824
81.824
81.824
81.824
81.824
81.824
81.824
81.824
81.824
81.824
81.824
81.824
81.824
81.824
81.824
81.824
81.824
81.824
81.824
81.824
81.824
81.824
81.824
81.824
81.824
81.824
81.824
81.824
81.823
81.823
81.821
81.818
81.814
81.806
81.793
81.772
81.737
81.682
81.595
81.459
81.254
80.947
80.497
79.851
78.939
77.681
75.978
73.723
70.803
67.105
62.529
56.997
50.471
42.958
34.522
25.288
15.435
5.1896
-5.1759
-15.367
-25.185
-26.563
-16.208
-5.4592
5.4736
16.279
26.673
36.414
45.314
53.243
60.131
65.97
70.803
74.71
77.795
80.178
81.979
83.31
84.274
84.959
85.435
85.76
85.978
86.121
86.214
86.273
86.309
86.332
86.346
86.354
86.359
86.362
86.363
86.364
86.365
86.365
86.365
86.365
86.365
86.365
86.365
86.365
86.365
86.365
86.365
86.365
86.365
86.365
86.365
86.365
86.365
86.365
86.365
86.365
86.365
86.365
86.365
86.365
86.365
86.365
86.365
86.365
86.365
86.365
86.365
86.365
86.365
86.365
86.365
86.365
86.365
86.365
86.365
86.365
86.364
86.363
86.362
86.359
86.354
86.346
86.332
86.309
86.273
86.214
86.121
85.978
85.76
85.435
84.959
84.274
83.31
81.979
80.178
77.795
74.71
70.803
65.97
60.131
53.243
45.314
36.414
26.673
16.279
5.4736
-5.4592
-16.208
-26.563
-27.65
-16.871
-5.6824
5.6974
16.945
27.764
37.906
47.173
55.429
62.604
68.687
73.723
77.795
81.012
83.498
85.376
86.766
87.772
88.487
88.985
89.324
89.552
89.702
89.799
89.861
89.899
89.923
89.937
89.946
89.951
89.954
89.955
89.956
89.957
89.957
89.957
89.957
89.958
89.958
89.958
89.958
89.958
89.958
89.958
89.958
89.958
89.958
89.958
89.958
89.958
89.958
89.958
89.958
89.958
89.958
89.958
89.958
89.958
89.958
89.958
89.958
89.958
89.958
89.958
89.958
89.958
89.958
89.958
89.958
89.957
89.957
89.957
89.957
89.956
89.955
89.954
89.951
89.946
89.937
89.923
89.899
89.861
89.799
89.702
89.552
89.324
88.985
88.487
87.772
86.766
85.376
83.498
81.012
77.795
73.723
68.687
62.604
55.429
47.173
37.906
27.764
16.945
5.6974
-5.6824
-16.871
-27.65
-28.488
-17.381
-5.8545
5.8699
17.459
28.606
39.056
48.606
57.115
64.512
70.784
75.978
80.178
83.498
86.063
88.002
89.437
90.477
91.216
91.73
92.082
92.317
92.472
92.573
92.637
92.676
92.701
92.716
92.725
92.73
92.733
92.735
92.736
92.736
92.737
92.737
92.737
92.737
92.737
92.737
92.737
92.737
92.737
92.737
92.737
92.737
92.737
92.737
92.737
92.737
92.737
92.737
92.737
92.737
92.737
92.737
92.737
92.737
92.737
92.737
92.737
92.737
92.737
92.737
92.737
92.737
92.737
92.737
92.737
92.737
92.737
92.737
92.736
92.736
92.735
92.733
92.73
92.725
92.716
92.701
92.676
92.637
92.573
92.472
92.317
92.082
91.73
91.216
90.477
89.437
88.002
86.063
83.498
80.178
75.978
70.784
64.512
57.115
48.606
39.056
28.606
17.459
5.8699
-5.8545
-17.381
-28.488
-29.119
-17.766
-5.9841
5.9999
17.845
29.24
39.923
49.687
58.388
65.951
72.367
77.681
81.979
85.376
88.002
89.988
91.458
92.523
93.28
93.808
94.168
94.41
94.569
94.672
94.737
94.778
94.804
94.819
94.828
94.834
94.837
94.838
94.839
94.84
94.84
94.84
94.841
94.841
94.841
94.841
94.841
94.841
94.841
94.841
94.841
94.841
94.841
94.841
94.841
94.841
94.841
94.841
94.841
94.841
94.841
94.841
94.841
94.841
94.841
94.841
94.841
94.841
94.841
94.841
94.841
94.841
94.841
94.841
94.841
94.841
94.84
94.84
94.84
94.839
94.838
94.837
94.834
94.828
94.819
94.804
94.778
94.737
94.672
94.569
94.41
94.168
93.808
93.28
92.523
91.458
89.988
88.002
85.376
81.979
77.681
72.367
65.951
58.388
49.687
39.923
29.24
17.845
5.9999
-5.9841
-17.766
-29.119
-29.585
-18.05
-6.0797
6.0957
18.131
29.708
40.563
50.485
59.327
67.015
73.537
78.939
83.31
86.766
89.437
91.458
92.954
94.038
94.809
95.346
95.714
95.96
96.122
96.227
96.294
96.336
96.362
96.377
96.387
96.392
96.395
96.397
96.398
96.399
96.399
96.399
96.399
96.399
96.399
96.399
96.399
96.399
96.399
96.399
96.399
96.399
96.399
96.399
96.399
96.399
96.399
96.399
96.399
96.399
96.399
96.399
96.399
96.399
96.399
96.399
96.399
96.399
96.399
96.399
96.399
96.399
96.399
96.399
96.399
96.399
96.399
96.399
96.399
96.398
96.397
96.395
96.392
96.387
96.377
96.362
96.336
96.294
96.227
96.122
95.96
95.714
95.346
94.809
94.038
92.954
91.458
89.437
86.766
83.31
78.939
73.537
67.015
59.327
50.485
40.563
29.708
18.131
6.0957
-6.0797
-18.05
-29.585
-29.921
-18.255
-6.1488
6.165
18.337
30.046
41.026
51.061
60.007
67.784
74.384
79.851
84.274
87.772
90.477
92.523
94.038
95.137
95.919
96.463
96.835
97.085
97.25
97.356
97.424
97.466
97.493
97.508
97.518
97.523
97.527
97.529
97.53
97.53
97.53
97.531
97.531
97.531
97.531
97.531
97.531
97.531
97.531
97.531
97.531
97.531
97.531
97.531
97.531
97.531
97.531
97.531
97.531
97.531
97.531
97.531
97.531
97.531
97.531
97.531
97.531
97.531
97.531
97.531
97.531
97.531
97.531
97.531
97.531
97.531
97.531
97.53
97.53
97.53
97.529
97.527
97.523
97.518
97.508
97.493
97.466
97.424
97.356
97.25
97.085
96.835
96.463
95.919
95.137
94.038
92.523
90.477
87.772
84.274
79.851
74.384
67.784
60.007
51.061
41.026
30.046
18.337
6.165
-6.1488
-18.255
-29.921
-30.159
-18.401
-6.1977
6.214
18.483
30.286
41.353
51.47
60.488
68.33
74.984
80.497
84.959
88.487
91.216
93.28
94.809
95.919
96.707
97.257
97.633
97.885
98.051
98.159
98.227
98.27
98.297
98.313
98.322
98.328
98.331
98.333
98.334
98.335
98.335
98.335
98.335
98.335
98.335
98.335
98.335
98.335
98.336
98.336
98.336
98.336
98.336
98.336
98.336
98.336
98.336
98.336
98.336
98.336
98.336
98.336
98.336
98.336
98.336
98.336
98.336
98.336
98.336
98.336
98.335
98.335
98.335
98.335
98.335
98.335
98.335
98.335
98.335
98.334
98.333
98.331
98.328
98.322
98.313
98.297
98.27
98.227
98.159
98.051
97.885
97.633
97.257
96.707
95.919
94.809
93.28
91.216
88.487
84.959
80.497
74.984
68.33
60.488
51.47
41.353
30.286
18.483
6.214
-6.1977
-18.401
-30.159
-30.324
-18.501
-6.2317
6.2481
18.584
30.452
41.58
51.754
60.823
68.709
75.402
80.947
85.435
88.985
91.73
93.808
95.346
96.463
97.257
97.81
98.189
98.443
98.61
98.719
98.788
98.831
98.858
98.874
98.883
98.889
98.892
98.894
98.895
98.896
98.896
98.897
98.897
98.897
98.897
98.897
98.897
98.897
98.897
98.897
98.897
98.897
98.897
98.897
98.897
98.897
98.897
98.897
98.897
98.897
98.897
98.897
98.897
98.897
98.897
98.897
98.897
98.897
98.897
98.897
98.897
98.897
98.897
98.897
98.897
98.897
98.897
98.896
98.896
98.895
98.894
98.892
98.889
98.883
98.874
98.858
98.831
98.788
98.719
98.61
98.443
98.189
97.81
97.257
96.463
95.346
93.808
91.73
88.985
85.435
80.947
75.402
68.709
60.823
51.754
41.58
30.452
18.584
6.2481
-6.2317
-18.501
-30.324
-30.437
-18.57
-6.2548
6.2712
18.653
30.565
41.735
51.947
61.051
68.968
75.686
81.254
85.76
89.324
92.082
94.168
95.714
96.835
97.633
98.189
98.569
98.824
98.993
99.102
99.171
99.215
99.241
99.258
99.267
99.273
99.276
99.278
99.279
99.28
99.28
99.28
99.281
99.281
99.281
99.281
99.281
99.281
99.281
99.281
99.281
99.281
99.281
99.281
99.281
99.281
99.281
99.281
99.281
99.281
99.281
99.281
99.281
99.281
99.281
99.281
99.281
99.281
99.281
99.281
99.281
99.281
99.281
99.281
99.281
99.281
99.28
99.28
99.28
99.279
99.278
99.276
99.273
99.267
99.258
99.241
99.215
99.171
99.102
98.993
98.824
98.569
98.189
97.633
96.835
95.714
94.168
92.082
89.324
85.76
81.254
75.686
68.968
61.051
51.947
41.735
30.565
18.653
6.2712
-6.2548
-18.57
-30.437
-30.512
-18.616
-6.2702
6.2867
18.699
30.641
41.839
52.076
61.203
69.141
75.877
81.459
85.978
89.552
92.317
94.41
95.96
97.085
97.885
98.443
98.824
99.08
99.249
99.359
99.429
99.472
99.499
99.515
99.525
99.531
99.534
99.536
99.537
99.538
99.538
99.538
99.538
99.539
99.539
99.539
99.539
99.539
99.539
99.539
99.539
99.539
99.539
99.539
99.539
99.539
99.539
99.539
99.539
99.539
99.539
99.539
99.539
99.539
99.539
99.539
99.539
99.539
99.539
99.539
99.539
99.539
99.539
99.539
99.539
99.538
99.538
99.538
99.538
99.537
99.536
99.534
99.531
99.525
99.515
99.499
99.472
99.429
99.359
99.249
99.08
98.824
98.443
97.885
97.085
95.96
94.41
92.317
89.552
85.978
81.459
75.877
69.141
61.203
52.076
41.839
30.641
18.699
6.2867
-6.2702
-18.616
-30.512
-30.562
-18.646
-6.2803
6.2969
18.729
30.69
41.907
52.161
61.303
69.254
76.002
81.595
86.121
89.702
92.472
94.569
96.122
97.25
98.051
98.61
98.993
99.249
99.419
99.528
99.598
99.642
99.669
99.685
99.695
99.701
99.704
99.706
99.707
99.708
99.708
99.708
99.709
99.709
99.709
99.709
99.709
99.709
99.709
99.709
99.709
99.709
99.709
99.709
99.709
99.709
99.709
99.709
99.709
99.709
99.709
99.709
99.709
99.709
99.709
99.709
99.709
99.709
99.709
99.709
99.709
99.709
99.709
99.709
99.709
99.709
99.708
99.708
99.708
99.707
99.706
99.704
99.701
99.695
99.685
99.669
99.642
99.598
99.528
99.419
99.249
98.993
98.61
98.051
97.25
96.122
94.569
92.472
89.702
86.121
81.595
76.002
69.254
61.303
52.161
41.907
30.69
18.729
6.2969
-6.2803
-18.646
-30.562
-30.593
-18.665
-6.2869
6.3034
18.749
30.722
41.951
52.216
61.368
69.328
76.083
81.682
86.214
89.799
92.573
94.672
96.227
97.356
98.159
98.719
99.102
99.359
99.528
99.638
99.708
99.752
99.779
99.796
99.805
99.811
99.815
99.816
99.818
99.818
99.819
99.819
99.819
99.819
99.819
99.819
99.819
99.819
99.819
99.819
99.819
99.819
99.819
99.819
99.819
99.819
99.819
99.819
99.819
99.819
99.819
99.819
99.819
99.819
99.819
99.819
99.819
99.819
99.819
99.819
99.819
99.819
99.819
99.819
99.819
99.819
99.819
99.819
99.818
99.818
99.816
99.815
99.811
99.805
99.796
99.779
99.752
99.708
99.638
99.528
99.359
99.102
98.719
98.159
97.356
96.227
94.672
92.573
89.799
86.214
81.682
76.083
69.328
61.368
52.216
41.951
30.722
18.749
6.3034
-6.2869
-18.665
-30.593
-30.614
-18.678
-6.291
6.3076
18.761
30.743
41.979
52.251
61.409
69.374
76.135
81.737
86.273
89.861
92.637
94.737
96.294
97.424
98.227
98.788
99.171
99.429
99.598
99.708
99.778
99.822
99.849
99.866
99.876
99.881
99.885
99.887
99.888
99.888
99.889
99.889
99.889
99.889
99.889
99.889
99.889
99.889
99.889
99.889
99.889
99.889
99.889
99.889
99.889
99.889
99.889
99.889
99.889
99.889
99.889
99.889
99.889
99.889
99.889
99.889
99.889
99.889
99.889
99.889
99.889
99.889
99.889
99.889
99.889
99.889
99.889
99.889
99.888
99.888
99.887
99.885
99.881
99.876
99.866
99.849
99.822
99.778
99.708
99.598
99.429
99.171
98.788
98.227
97.424
96.294
94.737
92.637
89.861
86.273
81.737
76.135
69.374
61.409
52.251
41.979
30.743
18.761
6.3076
-6.291
-18.678
-30.614
-30.626
-18.685
-6.2936
6.3102
18.769
30.755
41.996
52.273
61.435
69.403
76.167
81.772
86.309
89.899
92.676
94.778
96.336
97.466
98.27
98.831
99.215
99.472
99.642
99.752
99.822
99.866
99.893
99.91
99.92
99.925
99.929
99.931
99.932
99.932
99.933
99.933
99.933
99.933
99.933
99.933
99.933
99.933
99.933
99.933
99.933
99.933
99.933
99.933
99.933
99.933
99.933
99.933
99.933
99.933
99.933
99.933
99.933
99.933
99.933
99.933
99.933
99.933
99.933
99.933
99.933
99.933
99.933
99.933
99.933
99.933
99.933
99.933
99.932
99.932
99.931
99.929
99.925
99.92
99.91
99.893
99.866
99.822
99.752
99.642
99.472
99.215
98.831
98.27
97.466
96.336
94.778
92.676
89.899
86.309
81.772
76.167
69.403
61.435
52.273
41.996
30.755
18.769
6.3102
-6.2936
-18.685
-30.626
-30.634
-18.69
-6.2952
6.3118
18.774
30.763
42.007
52.286
61.45
69.421
76.187
81.793
86.332
89.923
92.701
94.804
96.362
97.493
98.297
98.858
99.241
99.499
99.669
99.779
99.849
99.893
99.921
99.937
99.947
99.953
99.956
99.958
99.959
99.96
99.96
99.96
99.96
99.96
99.96
99.96
99.96
99.96
99.96
99.96
99.96
99.96
99.96
99.96
99.96
99.96
99.96
99.96
99.96
99.96
99.96
99.96
99.96
99.96
99.96
99.96
99.96
99.96
99.96
99.96
99.96
99.96
99.96
99.96
99.96
99.96
99.96
99.96
99.96
99.959
99.958
99.956
99.953
99.947
99.937
99.921
99.893
99.849
99.779
99.669
99.499
99.241
98.858
98.297
97.493
96.362
94.804
92.701
89.923
86.332
81.793
76.187
69.421
61.45
52.286
42.007
30.763
18.774
6.3118
-6.2952
-18.69
-30.634
-30.639
-18.693
-6.2961
6.3127
18.776
30.768
42.013
52.294
61.46
69.432
76.199
81.806
86.346
89.937
92.716
94.819
96.377
97.508
98.313
98.874
99.258
99.515
99.685
99.796
99.866
99.91
99.937
99.953
99.963
99.969
99.972
99.974
99.975
99.976
99.976
99.976
99.977
99.977
99.977
99.977
99.977
99.977
99.977
99.977
99.977
99.977
99.977
99.977
99.977
99.977
99.977
99.977
99.977
99.977
99.977
99.977
99.977
99.977
99.977
99.977
99.977
99.977
99.977
99.977
99.977
99.977
99.977
99.977
99.977
99.977
99.976
99.976
99.976
99.975
99.974
99.972
99.969
99.963
99.953
99.937
99.91
99.866
99.796
99.685
99.515
99.258
98.874
98.313
97.508
96.377
94.819
92.716
89.937
86.346
81.806
76.199
69.432
61.46
52.294
42.013
30.768
18.776
6.3127
-6.2961
-18.693
-30.639
-30.641
-18.694
-6.2967
6.3133
18.778
30.771
42.017
52.299
61.466
69.438
76.206
81.814
86.354
89.946
92.725
94.828
96.387
97.518
98.322
98.883
99.267
99.525
99.695
99.805
99.876
99.92
99.947
99.963
99.973
99.979
99.982
99.984
99.985
99.986
99.986
99.986
99.986
99.986
99.986
99.987
99.987
99.987
99.987
99.987
99.987
99.987
99.987
99.987
99.987
99.987
99.987
99.987
99.987
99.987
99.987
99.987
99.987
99.987
99.987
99.987
99.987
99.987
99.987
99.987
99.987
99.987
99.987
99.986
99.986
99.986
99.986
99.986
99.986
99.985
99.984
99.982
99.979
99.973
99.963
99.947
99.92
99.876
99.805
99.695
99.525
99.267
98.883
98.322
97.518
96.387
94.828
92.725
89.946
86.354
81.814
76.206
69.438
61.466
52.299
42.017
30.771
18.778
6.3133
-6.2967
-18.694
-30.641
-30.643
-18.695
-6.297
6.3136
18.779
30.772
42.019
52.301
61.469
69.442
76.21
81.818
86.359
89.951
92.73
94.834
96.392
97.523
98.328
98.889
99.273
99.531
99.701
99.811
99.881
99.925
99.953
99.969
99.979
99.985
99.988
99.99
99.991
99.992
99.992
99.992
99.992
99.992
99.992
99.992
99.992
99.992
99.992
99.992
99.992
99.992
99.992
99.992
99.992
99.992
99.992
99.992
99.992
99.992
99.992
99.992
99.992
99.992
99.992
99.992
99.992
99.992
99.992
99.992
99.992
99.992
99.992
99.992
99.992
99.992
99.992
99.992
99.992
99.991
99.99
99.988
99.985
99.979
99.969
99.953
99.925
99.881
99.811
99.701
99.531
99.273
98.889
98.328
97.523
96.392
94.834
92.73
89.951
86.359
81.818
76.21
69.442
61.469
52.301
42.019
30.772
18.779
6.3136
-6.297
-18.695
-30.643
-30.644
-18.696
-6.2972
6.3138
18.78
30.773
42.02
52.303
61.471
69.444
76.212
81.821
86.362
89.954
92.733
94.837
96.395
97.527
98.331
98.892
99.276
99.534
99.704
99.815
99.885
99.929
99.956
99.972
99.982
99.988
99.991
99.993
99.994
99.995
99.995
99.995
99.996
99.996
99.996
99.996
99.996
99.996
99.996
99.996
99.996
99.996
99.996
99.996
99.996
99.996
99.996
99.996
99.996
99.996
99.996
99.996
99.996
99.996
99.996
99.996
99.996
99.996
99.996
99.996
99.996
99.996
99.996
99.996
99.996
99.996
99.995
99.995
99.995
99.994
99.993
99.991
99.988
99.982
99.972
99.956
99.929
99.885
99.815
99.704
99.534
99.276
98.892
98.331
97.527
96.395
94.837
92.733
89.954
86.362
81.821
76.212
69.444
61.471
52.303
42.02
30.773
18.78
6.3138
-6.2972
-18.696
-30.644
-30.644
-18.696
-6.2973
6.3139
18.78
30.774
42.021
52.304
61.472
69.446
76.214
81.823
86.363
89.955
92.735
94.838
96.397
97.529
98.333
98.894
99.278
99.536
99.706
99.816
99.887
99.931
99.958
99.974
99.984
99.99
99.993
99.995
99.996
99.997
99.997
99.997
99.997
99.998
99.998
99.998
99.998
99.998
99.998
99.998
99.998
99.998
99.998
99.998
99.998
99.998
99.998
99.998
99.998
99.998
99.998
99.998
99.998
99.998
99.998
99.998
99.998
99.998
99.998
99.998
99.998
99.998
99.998
99.998
99.998
99.997
99.997
99.997
99.997
99.996
99.995
99.993
99.99
99.984
99.974
99.958
99.931
99.887
99.816
99.706
99.536
99.278
98.894
98.333
97.529
96.397
94.838
92.735
89.955
86.363
81.823
76.214
69.446
61.472
52.304
42.021
30.774
18.78
6.3139
-6.2973
-18.696
-30.644
-30.645
-18.697
-6.2974
6.314
18.78
30.774
42.021
52.304
61.472
69.446
76.214
81.823
86.364
89.956
92.736
94.839
96.398
97.53
98.334
98.895
99.279
99.537
99.707
99.818
99.888
99.932
99.959
99.975
99.985
99.991
99.994
99.996
99.997
99.998
99.998
99.998
99.999
99.999
99.999
99.999
99.999
99.999
99.999
99.999
99.999
99.999
99.999
99.999
99.999
99.999
99.999
99.999
99.999
99.999
99.999
99.999
99.999
99.999
99.999
99.999
99.999
99.999
99.999
99.999
99.999
99.999
99.999
99.999
99.999
99.999
99.998
99.998
99.998
99.997
99.996
99.994
99.991
99.985
99.975
99.959
99.932
99.888
99.818
99.707
99.537
99.279
98.895
98.334
97.53
96.398
94.839
92.736
89.956
86.364
81.823
76.214
69.446
61.472
52.304
42.021
30.774
18.78
6.314
-6.2974
-18.697
-30.645
-30.645
-18.697
-6.2974
6.314
18.78
30.774
42.022
52.305
61.473
69.447
76.215
81.824
86.365
89.957
92.736
94.84
96.399
97.53
98.335
98.896
99.28
99.538
99.708
99.818
99.888
99.932
99.96
99.976
99.986
99.992
99.995
99.997
99.998
99.999
99.999
99.999
99.999
99.999
99.999
99.999
99.999
99.999
99.999
99.999
99.999
99.999
99.999
99.999
99.999
99.999
99.999
99.999
99.999
99.999
99.999
99.999
99.999
99.999
99.999
99.999
99.999
99.999
99.999
99.999
99.999
99.999
99.999
99.999
99.999
99.999
99.999
99.999
99.999
99.998
99.997
99.995
99.992
99.986
99.976
99.96
99.932
99.888
99.818
99.708
99.538
99.28
98.896
98.335
97.53
96.399
94.84
92.736
89.957
86.365
81.824
76.215
69.447
61.473
52.305
42.022
30.774
18.78
6.314
-6.2974
-18.697
-30.645
-30.645
-18.697
-6.2974
6.314
18.78
30.774
42.022
52.305
61.473
69.447
76.215
81.824
86.365
89.957
92.737
94.84
96.399
97.53
98.335
98.896
99.28
99.538
99.708
99.819
99.889
99.933
99.96
99.976
99.986
99.992
99.995
99.997
99.998
99.999
99.999
99.999
100
100
100
100
100
100
100
100
100
100
100
100
100
100
100
100
100
100
100
100
100
100
100
100
100
100
100
100
100
100
100
100
100
100
99.999
99.999
99.999
99.998
99.997
99.995
99.992
99.986
99.976
99.96
99.933
99.889
99.819
99.708
99.538
99.28
98.896
98.335
97.53
96.399
94.84
92.737
89.957
86.365
81.824
76.215
69.447
61.473
52.305
42.022
30.774
18.78
6.314
-6.2974
-18.697
-30.645
-30.645
-18.697
-6.2974
6.314
18.78
30.774
42.022
52.305
61.473
69.447
76.215
81.824
86.365
89.957
92.737
94.84
96.399
97.531
98.335
98.897
99.28
99.538
99.708
99.819
99.889
99.933
99.96
99.976
99.986
99.992
99.995
99.997
99.998
99.999
99.999
100
100
100
100
100
100
100
100
100
100
100
100
100
100
100
100
100
100
100
100
100
100
100
100
100
100
100
100
100
100
100
100
100
100
100
100
99.999
99.999
99.998
99.997
99.995
99.992
99.986
99.976
99.96
99.933
99.889
99.819
99.708
99.538
99.28
98.897
98.335
97.531
96.399
94.84
92.737
89.957
86.365
81.824
76.215
69.447
61.473
52.305
42.022
30.774
18.78
6.314
-6.2974
-18.697
-30.645
-30.645
-18.697
-6.2974
6.314
18.78
30.774
42.022
52.305
61.473
69.447
76.215
81.824
86.365
89.957
92.737
94.841
96.399
97.531
98.335
98.897
99.281
99.538
99.709
99.819
99.889
99.933
99.96
99.977
99.986
99.992
99.996
99.997
99.999
99.999
100
100
100
100
100
100
100
100
100
100
100
100
100
100
100
100
100
100
100
100
100
100
100
100
100
100
100
100
100
100
100
100
100
100
100
100
100
100
99.999
99.999
99.997
99.996
99.992
99.986
99.977
99.96
99.933
99.889
99.819
99.709
99.538
99.281
98.897
98.335
97.531
96.399
94.841
92.737
89.957
86.365
81.824
76.215
69.447
61.473
52.305
42.022
30.774
18.78
6.314
-6.2974
-18.697
-30.645
-30.645
-18.697
-6.2975
6.314
18.78
30.774
42.022
52.305
61.473
69.447
76.215
81.824
86.365
89.958
92.737
94.841
96.399
97.531
98.335
98.897
99.281
99.539
99.709
99.819
99.889
99.933
99.96
99.977
99.986
99.992
99.996
99.998
99.999
99.999
100
100
100
100
100
100
100
100
100
100
100
100
100
100
100
100
100
100
100
100
100
100
100
100
100
100
100
100
100
100
100
100
100
100
100
100
100
100
99.999
99.999
99.998
99.996
99.992
99.986
99.977
99.96
99.933
99.889
99.819
99.709
99.539
99.281
98.897
98.335
97.531
96.399
94.841
92.737
89.958
86.365
81.824
76.215
69.447
61.473
52.305
42.022
30.774
18.78
6.314
-6.2975
-18.697
-30.645
-30.645
-18.697
-6.2975
6.314
18.78
30.774
42.022
52.305
61.473
69.447
76.215
81.824
86.365
89.958
92.737
94.841
96.399
97.531
98.335
98.897
99.281
99.539
99.709
99.819
99.889
99.933
99.96
99.977
99.986
99.992
99.996
99.998
99.999
99.999
100
100
100
100
100
100
100
100
100
100
100
100
100
100
100
100
100
100
100
100
100
100
100
100
100
100
100
100
100
100
100
100
100
100
100
100
100
100
99.999
99.999
99.998
99.996
99.992
99.986
99.977
99.96
99.933
99.889
99.819
99.709
99.539
99.281
98.897
98.335
97.531
96.399
94.841
92.737
89.958
86.365
81.824
76.215
69.447
61.473
52.305
42.022
30.774
18.78
6.314
-6.2975
-18.697
-30.645
-30.645
-18.697
-6.2975
6.314
18.78
30.774
42.022
52.305
61.473
69.447
76.215
81.824
86.365
89.958
92.737
94.841
96.399
97.531
98.335
98.897
99.281
99.539
99.709
99.819
99.889
99.933
99.96
99.977
99.987
99.992
99.996
99.998
99.999
99.999
100
100
100
100
100
100
100
100
100
100
100
100
100
100
100
100
100
100
100
100
100
100
100
100
100
100
100
100
100
100
100
100
100
100
100
100
100
100
99.999
99.999
99.998
99.996
99.992
99.987
99.977
99.96
99.933
99.889
99.819
99.709
99.539
99.281
98.897
98.335
97.531
96.399
94.841
92.737
89.958
86.365
81.824
76.215
69.447
61.473
52.305
42.022
30.774
18.78
6.314
-6.2975
-18.697
-30.645
-30.645
-18.697
-6.2975
6.3141
18.78
30.774
42.022
52.305
61.473
69.447
76.215
81.824
86.365
89.958
92.737
94.841
96.399
97.531
98.335
98.897
99.281
99.539
99.709
99.819
99.889
99.933
99.96
99.977
99.987
99.992
99.996
99.998
99.999
99.999
100
100
100
100
100
100
100
100
100
100
100
100
100
100
100
100
100
100
100
100
100
100
100
100
100
100
100
100
100
100
100
100
100
100
100
100
100
100
99.999
99.999
99.998
99.996
99.992
99.987
99.977
99.96
99.933
99.889
99.819
99.709
99.539
99.281
98.897
98.335
97.531
96.399
94.841
92.737
89.958
86.365
81.824
76.215
69.447
61.473
52.305
42.022
30.774
18.78
6.3141
-6.2975
-18.697
-30.645
-30.645
-18.697
-6.2975
6.3141
18.78
30.774
42.022
52.305
61.473
69.447
76.215
81.824
86.365
89.958
92.737
94.841
96.399
97.531
98.335
98.897
99.281
99.539
99.709
99.819
99.889
99.933
99.96
99.977
99.987
99.992
99.996
99.998
99.999
99.999
100
100
100
100
100
100
100
100
100
100
100
100
100
100
100
100
100
100
100
100
100
100
100
100
100
100
100
100
100
100
100
100
100
100
100
100
100
100
99.999
99.999
99.998
99.996
99.992
99.987
99.977
99.96
99.933
99.889
99.819
99.709
99.539
99.281
98.897
98.335
97.531
96.399
94.841
92.737
89.958
86.365
81.824
76.215
69.447
61.473
52.305
42.022
30.774
18.78
6.3141
-6.2975
-18.697
-30.645
-30.645
-18.697
-6.2975
6.3141
18.78
30.774
42.022
52.305
61.473
69.447
76.215
81.824
86.365
89.958
92.737
94.841
96.399
97.531
98.336
98.897
99.281
99.539
99.709
99.819
99.889
99.933
99.96
99.977
99.987
99.992
99.996
99.998
99.999
99.999
100
100
100
100
100
100
100
100
100
100
100
100
100
100
100
100
100
100
100
100
100
100
100
100
100
100
100
100
100
100
100
100
100
100
100
100
100
100
99.999
99.999
99.998
99.996
99.992
99.987
99.977
99.96
99.933
99.889
99.819
99.709
99.539
99.281
98.897
98.336
97.531
96.399
94.841
92.737
89.958
86.365
81.824
76.215
69.447
61.473
52.305
42.022
30.774
18.78
6.3141
-6.2975
-18.697
-30.645
-30.645
-18.697
-6.2975
6.3141
18.78
30.774
42.022
52.305
61.473
69.447
76.215
81.824
86.365
89.958
92.737
94.841
96.399
97.531
98.336
98.897
99.281
99.539
99.709
99.819
99.889
99.933
99.96
99.977
99.987
99.992
99.996
99.998
99.999
99.999
100
100
100
100
100
100
100
100
100
100
100
100
100
100
100
100
100
100
100
100
100
100
100
100
100
100
100
100
100
100
100
100
100
100
100
100
100
100
99.999
99.999
99.998
99.996
99.992
99.987
99.977
99.96
99.933
99.889
99.819
99.709
99.539
99.281
98.897
98.336
97.531
96.399
94.841
92.737
89.958
86.365
81.824
76.215
69.447
61.473
52.305
42.022
30.774
18.78
6.3141
-6.2975
-18.697
-30.645
-30.645
-18.697
-6.2975
6.3141
18.78
30.774
42.022
52.305
61.473
69.447
76.215
81.824
86.365
89.958
92.737
94.841
96.399
97.531
98.336
98.897
99.281
99.539
99.709
99.819
99.889
99.933
99.96
99.977
99.987
99.992
99.996
99.998
99.999
99.999
100
100
100
100
100
100
100
100
100
100
100
100
100
100
100
100
100
100
100
100
100
100
100
100
100
100
100
100
100
100
100
100
100
100
100
100
100
100
99.999
99.999
99.998
99.996
99.992
99.987
99.977
99.96
99.933
99.889
99.819
99.709
99.539
99.281
98.897
98.336
97.531
96.399
94.841
92.737
89.958
86.365
81.824
76.215
69.447
61.473
52.305
42.022
30.774
18.78
6.3141
-6.2975
-18.697
-30.645
-30.645
-18.697
-6.2975
6.3141
18.78
30.774
42.022
52.305
61.473
69.447
76.215
81.824
86.365
89.958
92.737
94.841
96.399
97.531
98.336
98.897
99.281
99.539
99.709
99.819
99.889
99.933
99.96
99.977
99.987
99.992
99.996
99.998
99.999
99.999
100
100
100
100
100
100
100
100
100
100
100
100
100
100
100
100
100
100
100
100
100
100
100
100
100
100
100
100
100
100
100
100
100
100
100
100
100
100
99.999
99.999
99.998
99.996
99.992
99.987
99.977
99.96
99.933
99.889
99.819
99.709
99.539
99.281
98.897
98.336
97.531
96.399
94.841
92.737
89.958
86.365
81.824
76.215
69.447
61.473
52.305
42.022
30.774
18.78
6.3141
-6.2975
-18.697
-30.645
-30.645
-18.697
-6.2975
6.3141
18.78
30.774
42.022
52.305
61.473
69.447
76.215
81.824
86.365
89.958
92.737
94.841
96.399
97.531
98.336
98.897
99.281
99.539
99.709
99.819
99.889
99.933
99.96
99.977
99.987
99.992
99.996
99.998
99.999
99.999
100
100
100
100
100
100
100
100
100
100
100
100
100
100
100
100
100
100
100
100
100
100
100
100
100
100
100
100
100
100
100
100
100
100
100
100
100
100
99.999
99.999
99.998
99.996
99.992
99.987
99.977
99.96
99.933
99.889
99.819
99.709
99.539
99.281
98.897
98.336
97.531
96.399
94.841
92.737
89.958
86.365
81.824
76.215
69.447
61.473
52.305
42.022
30.774
18.78
6.3141
-6.2975
-18.697
-30.645
-30.645
-18.697
-6.2975
6.3141
18.78
30.774
42.022
52.305
61.473
69.447
76.215
81.824
86.365
89.958
92.737
94.841
96.399
97.531
98.336
98.897
99.281
99.539
99.709
99.819
99.889
99.933
99.96
99.977
99.987
99.992
99.996
99.998
99.999
99.999
100
100
100
100
100
100
100
100
100
100
100
100
100
100
100
100
100
100
100
100
100
100
100
100
100
100
100
100
100
100
100
100
100
100
100
100
100
100
99.999
99.999
99.998
99.996
99.992
99.987
99.977
99.96
99.933
99.889
99.819
99.709
99.539
99.281
98.897
98.336
97.531
96.399
94.841
92.737
89.958
86.365
81.824
76.215
69.447
61.473
52.305
42.022
30.774
18.78
6.3141
-6.2975
-18.697
-30.645
-30.645
-18.697
-6.2975
6.3141
18.78
30.774
42.022
52.305
61.473
69.447
76.215
81.824
86.365
89.958
92.737
94.841
96.399
97.531
98.336
98.897
99.281
99.539
99.709
99.819
99.889
99.933
99.96
99.977
99.987
99.992
99.996
99.998
99.999
99.999
100
100
100
100
100
100
100
100
100
100
100
100
100
100
100
100
100
100
100
100
100
100
100
100
100
100
100
100
100
100
100
100
100
100
100
100
100
100
99.999
99.999
99.998
99.996
99.992
99.987
99.977
99.96
99.933
99.889
99.819
99.709
99.539
99.281
98.897
98.336
97.531
96.399
94.841
92.737
89.958
86.365
81.824
76.215
69.447
61.473
52.305
42.022
30.774
18.78
6.3141
-6.2975
-18.697
-30.645
-30.645
-18.697
-6.2975
6.3141
18.78
30.774
42.022
52.305
61.473
69.447
76.215
81.824
86.365
89.958
92.737
94.841
96.399
97.531
98.336
98.897
99.281
99.539
99.709
99.819
99.889
99.933
99.96
99.977
99.987
99.992
99.996
99.998
99.999
99.999
100
100
100
100
100
100
100
100
100
100
100
100
100
100
100
100
100
100
100
100
100
100
100
100
100
100
100
100
100
100
100
100
100
100
100
100
100
100
99.999
99.999
99.998
99.996
99.992
99.987
99.977
99.96
99.933
99.889
99.819
99.709
99.539
99.281
98.897
98.336
97.531
96.399
94.841
92.737
89.958
86.365
81.824
76.215
69.447
61.473
52.305
42.022
30.774
18.78
6.3141
-6.2975
-18.697
-30.645
-30.645
-18.697
-6.2975
6.3141
18.78
30.774
42.022
52.305
61.473
69.447
76.215
81.824
86.365
89.958
92.737
94.841
96.399
97.531
98.336
98.897
99.281
99.539
99.709
99.819
99.889
99.933
99.96
99.977
99.987
99.992
99.996
99.998
99.999
99.999
100
100
100
100
100
100
100
100
100
100
100
100
100
100
100
100
100
100
100
100
100
100
100
100
100
100
100
100
100
100
100
100
100
100
100
100
100
100
99.999
99.999
99.998
99.996
99.992
99.987
99.977
99.96
99.933
99.889
99.819
99.709
99.539
99.281
98.897
98.336
97.531
96.399
94.841
92.737
89.958
86.365
81.824
76.215
69.447
61.473
52.305
42.022
30.774
18.78
6.3141
-6.2975
-18.697
-30.645
-30.645
-18.697
-6.2975
6.3141
18.78
30.774
42.022
52.305
61.473
69.447
76.215
81.824
86.365
89.958
92.737
94.841
96.399
97.531
98.336
98.897
99.281
99.539
99.709
99.819
99.889
99.933
99.96
99.977
99.987
99.992
99.996
99.998
99.999
99.999
100
100
100
100
100
100
100
100
100
100
100
100
100
100
100
100
100
100
100
100
100
100
100
100
100
100
100
100
100
100
100
100
100
100
100
100
100
100
99.999
99.999
99.998
99.996
99.992
99.987
99.977
99.96
99.933
99.889
99.819
99.709
99.539
99.281
98.897
98.336
97.531
96.399
94.841
92.737
89.958
86.365
81.824
76.215
69.447
61.473
52.305
42.022
30.774
18.78
6.3141
-6.2975
-18.697
-30.645
-30.645
-18.697
-6.2975
6.3141
18.78
30.774
42.022
52.305
61.473
69.447
76.215
81.824
86.365
89.958
92.737
94.841
96.399
97.531
98.336
98.897
99.281
99.539
99.709
99.819
99.889
99.933
99.96
99.977
99.987
99.992
99.996
99.998
99.999
99.999
100
100
100
100
100
100
100
100
100
100
100
100
100
100
100
100
100
100
100
100
100
100
100
100
100
100
100
100
100
100
100
100
100
100
100
100
100
100
99.999
99.999
99.998
99.996
99.992
99.987
99.977
99.96
99.933
99.889
99.819
99.709
99.539
99.281
98.897
98.336
97.531
96.399
94.841
92.737
89.958
86.365
81.824
76.215
69.447
61.473
52.305
42.022
30.774
18.78
6.3141
-6.2975
-18.697
-30.645
-30.645
-18.697
-6.2975
6.3141
18.78
30.774
42.022
52.305
61.473
69.447
76.215
81.824
86.365
89.958
92.737
94.841
96.399
97.531
98.336
98.897
99.281
99.539
99.709
99.819
99.889
99.933
99.96
99.977
99.987
99.992
99.996
99.998
99.999
99.999
100
100
100
100
100
100
100
100
100
100
100
100
100
100
100
100
100
100
100
100
100
100
100
100
100
100
100
100
100
100
100
100
100
100
100
100
100
100
99.999
99.999
99.998
99.996
99.992
99.987
99.977
99.96
99.933
99.889
99.819
99.709
99.539
99.281
98.897
98.336
97.531
96.399
94.841
92.737
89.958
86.365
81.824
76.215
69.447
61.473
52.305
42.022
30.774
18.78
6.3141
-6.2975
-18.697
-30.645
-30.645
-18.697
-6.2975
6.3141
18.78
30.774
42.022
52.305
61.473
69.447
76.215
81.824
86.365
89.958
92.737
94.841
96.399
97.531
98.336
98.897
99.281
99.539
99.709
99.819
99.889
99.933
99.96
99.977
99.987
99.992
99.996
99.998
99.999
99.999
100
100
100
100
100
100
100
100
100
100
100
100
100
100
100
100
100
100
100
100
100
100
100
100
100
100
100
100
100
100
100
100
100
100
100
100
100
100
99.999
99.999
99.998
99.996
99.992
99.987
99.977
99.96
99.933
99.889
99.819
99.709
99.539
99.281
98.897
98.336
97.531
96.399
94.841
92.737
89.958
86.365
81.824
76.215
69.447
61.473
52.305
42.022
30.774
18.78
6.3141
-6.2975
-18.697
-30.645
-30.645
-18.697
-6.2975
6.3141
18.78
30.774
42.022
52.305
61.473
69.447
76.215
81.824
86.365
89.958
92.737
94.841
96.399
97.531
98.336
98.897
99.281
99.539
99.709
99.819
99.889
99.933
99.96
99.977
99.987
99.992
99.996
99.998
99.999
99.999
100
100
100
100
100
100
100
100
100
100
100
100
100
100
100
100
100
100
100
100
100
100
100
100
100
100
100
100
100
100
100
100
100
100
100
100
100
100
99.999
99.999
99.998
99.996
99.992
99.987
99.977
99.96
99.933
99.889
99.819
99.709
99.539
99.281
98.897
98.336
97.531
96.399
94.841
92.737
89.958
86.365
81.824
76.215
69.447
61.473
52.305
42.022
30.774
18.78
6.3141
-6.2975
-18.697
-30.645
-30.645
-18.697
-6.2975
6.3141
18.78
30.774
42.022
52.305
61.473
69.447
76.215
81.824
86.365
89.958
92.737
94.841
96.399
97.531
98.336
98.897
99.281
99.539
99.709
99.819
99.889
99.933
99.96
99.977
99.987
99.992
99.996
99.998
99.999
99.999
100
100
100
100
100
100
100
100
100
100
100
100
100
100
100
100
100
100
100
100
100
100
100
100
100
100
100
100
100
100
100
100
100
100
100
100
100
100
99.999
99.999
99.998
99.996
99.992
99.987
99.977
99.96
99.933
99.889
99.819
99.709
99.539
99.281
98.897
98.336
97.531
96.399
94.841
92.737
89.958
86.365
81.824
76.215
69.447
61.473
52.305
42.022
30.774
18.78
6.3141
-6.2975
-18.697
-30.645
-30.645
-18.697
-6.2975
6.3141
18.78
30.774
42.022
52.305
61.473
69.447
76.215
81.824
86.365
89.958
92.737
94.841
96.399
97.531
98.336
98.897
99.281
99.539
99.709
99.819
99.889
99.933
99.96
99.977
99.987
99.992
99.996
99.998
99.999
99.999
100
100
100
100
100
100
100
100
100
100
100
100
100
100
100
100
100
100
100
100
100
100
100
100
100
100
100
100
100
100
100
100
100
100
100
100
100
100
99.999
99.999
99.998
99.996
99.992
99.987
99.977
99.96
99.933
99.889
99.819
99.709
99.539
99.281
98.897
98.336
97.531
96.399
94.841
92.737
89.958
86.365
81.824
76.215
69.447
61.473
52.305
42.022
30.774
18.78
6.3141
-6.2975
-18.697
-30.645
-30.645
-18.697
-6.2975
6.3141
18.78
30.774
42.022
52.305
61.473
69.447
76.215
81.824
86.365
89.958
92.737
94.841
96.399
97.531
98.336
98.897
99.281
99.539
99.709
99.819
99.889
99.933
99.96
99.977
99.987
99.992
99.996
99.998
99.999
99.999
100
100
100
100
100
100
100
100
100
100
100
100
100
100
100
100
100
100
100
100
100
100
100
100
100
100
100
100
100
100
100
100
100
100
100
100
100
100
99.999
99.999
99.998
99.996
99.992
99.987
99.977
99.96
99.933
99.889
99.819
99.709
99.539
99.281
98.897
98.336
97.531
96.399
94.841
92.737
89.958
86.365
81.824
76.215
69.447
61.473
52.305
42.022
30.774
18.78
6.3141
-6.2975
-18.697
-30.645
-30.645
-18.697
-6.2975
6.3141
18.78
30.774
42.022
52.305
61.473
69.447
76.215
81.824
86.365
89.958
92.737
94.841
96.399
97.531
98.336
98.897
99.281
99.539
99.709
99.819
99.889
99.933
99.96
99.977
99.987
99.992
99.996
99.998
99.999
99.999
100
100
100
100
100
100
100
100
100
100
100
100
100
100
100
100
100
100
100
100
100
100
100
100
100
100
100
100
100
100
100
100
100
100
100
100
100
100
99.999
99.999
99.998
99.996
99.992
99.987
99.977
99.96
99.933
99.889
99.819
99.709
99.539
99.281
98.897
98.336
97.531
96.399
94.841
92.737
89.958
86.365
81.824
76.215
69.447
61.473
52.305
42.022
30.774
18.78
6.3141
-6.2975
-18.697
-30.645
-30.645
-18.697
-6.2975
6.3141
18.78
30.774
42.022
52.305
61.473
69.447
76.215
81.824
86.365
89.958
92.737
94.841
96.399
97.531
98.336
98.897
99.281
99.539
99.709
99.819
99.889
99.933
99.96
99.977
99.987
99.992
99.996
99.998
99.999
99.999
100
100
100
100
100
100
100
100
100
100
100
100
100
100
100
100
100
100
100
100
100
100
100
100
100
100
100
100
100
100
100
100
100
100
100
100
100
100
99.999
99.999
99.998
99.996
99.992
99.987
99.977
99.96
99.933
99.889
99.819
99.709
99.539
99.281
98.897
98.336
97.531
96.399
94.841
92.737
89.958
86.365
81.824
76.215
69.447
61.473
52.305
42.022
30.774
18.78
6.3141
-6.2975
-18.697
-30.645
-30.645
-18.697
-6.2975
6.3141
18.78
30.774
42.022
52.305
61.473
69.447
76.215
81.824
86.365
89.958
92.737
94.841
96.399
97.531
98.336
98.897
99.281
99.539
99.709
99.819
99.889
99.933
99.96
99.977
99.987
99.992
99.996
99.998
99.999
99.999
100
100
100
100
100
100
100
100
100
100
100
100
100
100
100
100
100
100
100
100
100
100
100
100
100
100
100
100
100
100
100
100
100
100
100
100
100
100
99.999
99.999
99.998
99.996
99.992
99.987
99.977
99.96
99.933
99.889
99.819
99.709
99.539
99.281
98.897
98.336
97.531
96.399
94.841
92.737
89.958
86.365
81.824
76.215
69.447
61.473
52.305
42.022
30.774
18.78
6.3141
-6.2975
-18.697
-30.645
-30.645
-18.697
-6.2975
6.3141
18.78
30.774
42.022
52.305
61.473
69.447
76.215
81.824
86.365
89.958
92.737
94.841
96.399
97.531
98.336
98.897
99.281
99.539
99.709
99.819
99.889
99.933
99.96
99.977
99.987
99.992
99.996
99.998
99.999
99.999
100
100
100
100
100
100
100
100
100
100
100
100
100
100
100
100
100
100
100
100
100
100
100
100
100
100
100
100
100
100
100
100
100
100
100
100
100
100
99.999
99.999
99.998
99.996
99.992
99.987
99.977
99.96
99.933
99.889
99.819
99.709
99.539
99.281
98.897
98.336
97.531
96.399
94.841
92.737
89.958
86.365
81.824
76.215
69.447
61.473
52.305
42.022
30.774
18.78
6.3141
-6.2975
-18.697
-30.645
-30.645
-18.697
-6.2975
6.3141
18.78
30.774
42.022
52.305
61.473
69.447
76.215
81.824
86.365
89.958
92.737
94.841
96.399
97.531
98.336
98.897
99.281
99.539
99.709
99.819
99.889
99.933
99.96
99.977
99.987
99.992
99.996
99.998
99.999
99.999
100
100
100
100
100
100
100
100
100
100
100
100
100
100
100
100
100
100
100
100
100
100
100
100
100
100
100
100
100
100
100
100
100
100
100
100
100
100
99.999
99.999
99.998
99.996
99.992
99.987
99.977
99.96
99.933
99.889
99.819
99.709
99.539
99.281
98.897
98.336
97.531
96.399
94.841
92.737
89.958
86.365
81.824
76.215
69.447
61.473
52.305
42.022
30.774
18.78
6.3141
-6.2975
-18.697
-30.645
-30.645
-18.697
-6.2975
6.3141
18.78
30.774
42.022
52.305
61.473
69.447
76.215
81.824
86.365
89.958
92.737
94.841
96.399
97.531
98.335
98.897
99.281
99.539
99.709
99.819
99.889
99.933
99.96
99.977
99.987
99.992
99.996
99.998
99.999
99.999
100
100
100
100
100
100
100
100
100
100
100
100
100
100
100
100
100
100
100
100
100
100
100
100
100
100
100
100
100
100
100
100
100
100
100
100
100
100
99.999
99.999
99.998
99.996
99.992
99.987
99.977
99.96
99.933
99.889
99.819
99.709
99.539
99.281
98.897
98.335
97.531
96.399
94.841
92.737
89.958
86.365
81.824
76.215
69.447
61.473
52.305
42.022
30.774
18.78
6.3141
-6.2975
-18.697
-30.645
-30.645
-18.697
-6.2975
6.3141
18.78
30.774
42.022
52.305
61.473
69.447
76.215
81.824
86.365
89.958
92.737
94.841
96.399
97.531
98.335
98.897
99.281
99.539
99.709
99.819
99.889
99.933
99.96
99.977
99.987
99.992
99.996
99.998
99.999
99.999
100
100
100
100
100
100
100
100
100
100
100
100
100
100
100
100
100
100
100
100
100
100
100
100
100
100
100
100
100
100
100
100
100
100
100
100
100
100
99.999
99.999
99.998
99.996
99.992
99.987
99.977
99.96
99.933
99.889
99.819
99.709
99.539
99.281
98.897
98.335
97.531
96.399
94.841
92.737
89.958
86.365
81.824
76.215
69.447
61.473
52.305
42.022
30.774
18.78
6.3141
-6.2975
-18.697
-30.645
-30.645
-18.697
-6.2975
6.314
18.78
30.774
42.022
52.305
61.473
69.447
76.215
81.824
86.365
89.958
92.737
94.841
96.399
97.531
98.335
98.897
99.281
99.539
99.709
99.819
99.889
99.933
99.96
99.977
99.987
99.992
99.996
99.998
99.999
99.999
100
100
100
100
100
100
100
100
100
100
100
100
100
100
100
100
100
100
100
100
100
100
100
100
100
100
100
100
100
100
100
100
100
100
100
100
100
100
99.999
99.999
99.998
99.996
99.992
99.987
99.977
99.96
99.933
99.889
99.819
99.709
99.539
99.281
98.897
98.335
97.531
96.399
94.841
92.737
89.958
86.365
81.824
76.215
69.447
61.473
52.305
42.022
30.774
18.78
6.314
-6.2975
-18.697
-30.645
-30.645
-18.697
-6.2975
6.314
18.78
30.774
42.022
52.305
61.473
69.447
76.215
81.824
86.365
89.958
92.737
94.841
96.399
97.531
98.335
98.897
99.281
99.539
99.709
99.819
99.889
99.933
99.96
99.977
99.986
99.992
99.996
99.998
99.999
99.999
100
100
100
100
100
100
100
100
100
100
100
100
100
100
100
100
100
100
100
100
100
100
100
100
100
100
100
100
100
100
100
100
100
100
100
100
100
100
99.999
99.999
99.998
99.996
99.992
99.986
99.977
99.96
99.933
99.889
99.819
99.709
99.539
99.281
98.897
98.335
97.531
96.399
94.841
92.737
89.958
86.365
81.824
76.215
69.447
61.473
52.305
42.022
30.774
18.78
6.314
-6.2975
-18.697
-30.645
-30.645
-18.697
-6.2975
6.314
18.78
30.774
42.022
52.305
61.473
69.447
76.215
81.824
86.365
89.958
92.737
94.841
96.399
97.531
98.335
98.897
99.281
99.539
99.709
99.819
99.889
99.933
99.96
99.977
99.986
99.992
99.996
99.998
99.999
99.999
100
100
100
100
100
100
100
100
100
100
100
100
100
100
100
100
100
100
100
100
100
100
100
100
100
100
100
100
100
100
100
100
100
100
100
100
100
100
99.999
99.999
99.998
99.996
99.992
99.986
99.977
99.96
99.933
99.889
99.819
99.709
99.539
99.281
98.897
98.335
97.531
96.399
94.841
92.737
89.958
86.365
81.824
76.215
69.447
61.473
52.305
42.022
30.774
18.78
6.314
-6.2975
-18.697
-30.645
-30.645
-18.697
-6.2974
6.314
18.78
30.774
42.022
52.305
61.473
69.447
76.215
81.824
86.365
89.957
92.737
94.841
96.399
97.531
98.335
98.897
99.281
99.538
99.709
99.819
99.889
99.933
99.96
99.977
99.986
99.992
99.996
99.997
99.999
99.999
100
100
100
100
100
100
100
100
100
100
100
100
100
100
100
100
100
100
100
100
100
100
100
100
100
100
100
100
100
100
100
100
100
100
100
100
100
100
99.999
99.999
99.997
99.996
99.992
99.986
99.977
99.96
99.933
99.889
99.819
99.709
99.538
99.281
98.897
98.335
97.531
96.399
94.841
92.737
89.957
86.365
81.824
76.215
69.447
61.473
52.305
42.022
30.774
18.78
6.314
-6.2974
-18.697
-30.645
-30.645
-18.697
-6.2974
6.314
18.78
30.774
42.022
52.305
61.473
69.447
76.215
81.824
86.365
89.957
92.737
94.84
96.399
97.531
98.335
98.897
99.28
99.538
99.708
99.819
99.889
99.933
99.96
99.976
99.986
99.992
99.995
99.997
99.998
99.999
99.999
100
100
100
100
100
100
100
100
100
100
100
100
100
100
100
100
100
100
100
100
100
100
100
100
100
100
100
100
100
100
100
100
100
100
100
100
99.999
99.999
99.998
99.997
99.995
99.992
99.986
99.976
99.96
99.933
99.889
99.819
99.708
99.538
99.28
98.897
98.335
97.531
96.399
94.84
92.737
89.957
86.365
81.824
76.215
69.447
61.473
52.305
42.022
30.774
18.78
6.314
-6.2974
-18.697
-30.645
-30.645
-18.697
-6.2974
6.314
18.78
30.774
42.022
52.305
61.473
69.447
76.215
81.824
86.365
89.957
92.737
94.84
96.399
97.53
98.335
98.896
99.28
99.538
99.708
99.819
99.889
99.933
99.96
99.976
99.986
99.992
99.995
99.997
99.998
99.999
99.999
99.999
100
100
100
100
100
100
100
100
100
100
100
100
100
100
100
100
100
100
100
100
100
100
100
100
100
100
100
100
100
100
100
100
100
100
99.999
99.999
99.999
99.998
99.997
99.995
99.992
99.986
99.976
99.96
99.933
99.889
99.819
99.708
99.538
99.28
98.896
98.335
97.53
96.399
94.84
92.737
89.957
86.365
81.824
76.215
69.447
61.473
52.305
42.022
30.774
18.78
6.314
-6.2974
-18.697
-30.645
-30.645
-18.697
-6.2974
6.314
18.78
30.774
42.022
52.305
61.473
69.447
76.215
81.824
86.365
89.957
92.736
94.84
96.399
97.53
98.335
98.896
99.28
99.538
99.708
99.818
99.888
99.932
99.96
99.976
99.986
99.992
99.995
99.997
99.998
99.999
99.999
99.999
99.999
99.999
99.999
99.999
99.999
99.999
99.999
99.999
99.999
99.999
99.999
99.999
99.999
99.999
99.999
99.999
99.999
99.999
99.999
99.999
99.999
99.999
99.999
99.999
99.999
99.999
99.999
99.999
99.999
99.999
99.999
99.999
99.999
99.999
99.999
99.999
99.999
99.998
99.997
99.995
99.992
99.986
99.976
99.96
99.932
99.888
99.818
99.708
99.538
99.28
98.896
98.335
97.53
96.399
94.84
92.736
89.957
86.365
81.824
76.215
69.447
61.473
52.305
42.022
30.774
18.78
6.314
-6.2974
-18.697
-30.645
-30.645
-18.697
-6.2974
6.314
18.78
30.774
42.021
52.304
61.472
69.446
76.214
81.823
86.364
89.956
92.736
94.839
96.398
97.53
98.334
98.895
99.279
99.537
99.707
99.818
99.888
99.932
99.959
99.975
99.985
99.991
99.994
99.996
99.997
99.998
99.998
99.998
99.999
99.999
99.999
99.999
99.999
99.999
99.999
99.999
99.999
99.999
99.999
99.999
99.999
99.999
99.999
99.999
99.999
99.999
99.999
99.999
99.999
99.999
99.999
99.999
99.999
99.999
99.999
99.999
99.999
99.999
99.999
99.999
99.999
99.999
99.998
99.998
99.998
99.997
99.996
99.994
99.991
99.985
99.975
99.959
99.932
99.888
99.818
99.707
99.537
99.279
98.895
98.334
97.53
96.398
94.839
92.736
89.956
86.364
81.823
76.214
69.446
61.472
52.304
42.021
30.774
18.78
6.314
-6.2974
-18.697
-30.645
-30.644
-18.696
-6.2973
6.3139
18.78
30.774
42.021
52.304
61.472
69.446
76.214
81.823
86.363
89.955
92.735
94.838
96.397
97.529
98.333
98.894
99.278
99.536
99.706
99.816
99.887
99.931
99.958
99.974
99.984
99.99
99.993
99.995
99.996
99.997
99.997
99.997
99.997
99.998
99.998
99.998
99.998
99.998
99.998
99.998
99.998
99.998
99.998
99.998
99.998
99.998
99.998
99.998
99.998
99.998
99.998
99.998
99.998
99.998
99.998
99.998
99.998
99.998
99.998
99.998
99.998
99.998
99.998
99.998
99.998
99.997
99.997
99.997
99.997
99.996
99.995
99.993
99.99
99.984
99.974
99.958
99.931
99.887
99.816
99.706
99.536
99.278
98.894
98.333
97.529
96.397
94.838
92.735
89.955
86.363
81.823
76.214
69.446
61.472
52.304
42.021
30.774
18.78
6.3139
-6.2973
-18.696
-30.644
-30.644
-18.696
-6.2972
6.3138
18.78
30.773
42.02
52.303
61.471
69.444
76.212
81.821
86.362
89.954
92.733
94.837
96.395
97.527
98.331
98.892
99.276
99.534
99.704
99.815
99.885
99.929
99.956
99.972
99.982
99.988
99.991
99.993
99.994
99.995
99.995
99.995
99.996
99.996
99.996
99.996
99.996
99.996
99.996
99.996
99.996
99.996
99.996
99.996
99.996
99.996
99.996
99.996
99.996
99.996
99.996
99.996
99.996
99.996
99.996
99.996
99.996
99.996
99.996
99.996
99.996
99.996
99.996
99.996
99.996
99.996
99.995
99.995
99.995
99.994
99.993
99.991
99.988
99.982
99.972
99.956
99.929
99.885
99.815
99.704
99.534
99.276
98.892
98.331
97.527
96.395
94.837
92.733
89.954
86.362
81.821
76.212
69.444
61.471
52.303
42.02
30.773
18.78
6.3138
-6.2972
-18.696
-30.644
-30.643
-18.695
-6.297
6.3136
18.779
30.772
42.019
52.301
61.469
69.442
76.21
81.818
86.359
89.951
92.73
94.834
96.392
97.523
98.328
98.889
99.273
99.531
99.701
99.811
99.881
99.925
99.953
99.969
99.979
99.985
99.988
99.99
99.991
99.992
99.992
99.992
99.992
99.992
99.992
99.992
99.992
99.992
99.992
99.992
99.992
99.992
99.992
99.992
99.992
99.992
99.992
99.992
99.992
99.992
99.992
99.992
99.992
99.992
99.992
99.992
99.992
99.992
99.992
99.992
99.992
99.992
99.992
99.992
99.992
99.992
99.992
99.992
99.992
99.991
99.99
99.988
99.985
99.979
99.969
99.953
99.925
99.881
99.811
99.701
99.531
99.273
98.889
98.328
97.523
96.392
94.834
92.73
89.951
86.359
81.818
76.21
69.442
61.469
52.301
42.019
30.772
18.779
6.3136
-6.297
-18.695
-30.643
-30.641
-18.694
-6.2967
6.3133
18.778
30.771
42.017
52.299
61.466
69.438
76.206
81.814
86.354
89.946
92.725
94.828
96.387
97.518
98.322
98.883
99.267
99.525
99.695
99.805
99.876
99.92
99.947
99.963
99.973
99.979
99.982
99.984
99.985
99.986
99.986
99.986
99.986
99.986
99.986
99.987
99.987
99.987
99.987
99.987
99.987
99.987
99.987
99.987
99.987
99.987
99.987
99.987
99.987
99.987
99.987
99.987
99.987
99.987
99.987
99.987
99.987
99.987
99.987
99.987
99.987
99.987
99.987
99.986
99.986
99.986
99.986
99.986
99.986
99.985
99.984
99.982
99.979
99.973
99.963
99.947
99.92
99.876
99.805
99.695
99.525
99.267
98.883
98.322
97.518
96.387
94.828
92.725
89.946
86.354
81.814
76.206
69.438
61.466
52.299
42.017
30.771
18.778
6.3133
-6.2967
-18.694
-30.641
-30.639
-18.693
-6.2961
6.3127
18.776
30.768
42.013
52.294
61.46
69.432
76.199
81.806
86.346
89.937
92.716
94.819
96.377
97.508
98.313
98.874
99.258
99.515
99.685
99.796
99.866
99.91
99.937
99.953
99.963
99.969
99.972
99.974
99.975
99.976
99.976
99.976
99.977
99.977
99.977
99.977
99.977
99.977
99.977
99.977
99.977
99.977
99.977
99.977
99.977
99.977
99.977
99.977
99.977
99.977
99.977
99.977
99.977
99.977
99.977
99.977
99.977
99.977
99.977
99.977
99.977
99.977
99.977
99.977
99.977
99.977
99.976
99.976
99.976
99.975
99.974
99.972
99.969
99.963
99.953
99.937
99.91
99.866
99.796
99.685
99.515
99.258
98.874
98.313
97.508
96.377
94.819
92.716
89.937
86.346
81.806
76.199
69.432
61.46
52.294
42.013
30.768
18.776
6.3127
-6.2961
-18.693
-30.639
-30.634
-18.69
-6.2952
6.3118
18.774
30.763
42.007
52.286
61.45
69.421
76.187
81.793
86.332
89.923
92.701
94.804
96.362
97.493
98.297
98.858
99.241
99.499
99.669
99.779
99.849
99.893
99.921
99.937
99.947
99.953
99.956
99.958
99.959
99.96
99.96
99.96
99.96
99.96
99.96
99.96
99.96
99.96
99.96
99.96
99.96
99.96
99.96
99.96
99.96
99.96
99.96
99.96
99.96
99.96
99.96
99.96
99.96
99.96
99.96
99.96
99.96
99.96
99.96
99.96
99.96
99.96
99.96
99.96
99.96
99.96
99.96
99.96
99.96
99.959
99.958
99.956
99.953
99.947
99.937
99.921
99.893
99.849
99.779
99.669
99.499
99.241
98.858
98.297
97.493
96.362
94.804
92.701
89.923
86.332
81.793
76.187
69.421
61.45
52.286
42.007
30.763
18.774
6.3118
-6.2952
-18.69
-30.634
-30.626
-18.685
-6.2936
6.3102
18.769
30.755
41.996
52.273
61.435
69.403
76.167
81.772
86.309
89.899
92.676
94.778
96.336
97.466
98.27
98.831
99.215
99.472
99.642
99.752
99.822
99.866
99.893
99.91
99.92
99.925
99.929
99.931
99.932
99.932
99.933
99.933
99.933
99.933
99.933
99.933
99.933
99.933
99.933
99.933
99.933
99.933
99.933
99.933
99.933
99.933
99.933
99.933
99.933
99.933
99.933
99.933
99.933
99.933
99.933
99.933
99.933
99.933
99.933
99.933
99.933
99.933
99.933
99.933
99.933
99.933
99.933
99.933
99.932
99.932
99.931
99.929
99.925
99.92
99.91
99.893
99.866
99.822
99.752
99.642
99.472
99.215
98.831
98.27
97.466
96.336
94.778
92.676
89.899
86.309
81.772
76.167
69.403
61.435
52.273
41.996
30.755
18.769
6.3102
-6.2936
-18.685
-30.626
-30.614
-18.678
-6.291
6.3076
18.761
30.743
41.979
52.251
61.409
69.374
76.135
81.737
86.273
89.861
92.637
94.737
96.294
97.424
98.227
98.788
99.171
99.429
99.598
99.708
99.778
99.822
99.849
99.866
99.876
99.881
99.885
99.887
99.888
99.888
99.889
99.889
99.889
99.889
99.889
99.889
99.889
99.889
99.889
99.889
99.889
99.889
99.889
99.889
99.889
99.889
99.889
99.889
99.889
99.889
99.889
99.889
99.889
99.889
99.889
99.889
99.889
99.889
99.889
99.889
99.889
99.889
99.889
99.889
99.889
99.889
99.889
99.889
99.888
99.888
99.887
99.885
99.881
99.876
99.866
99.849
99.822
99.778
99.708
99.598
99.429
99.171
98.788
98.227
97.424
96.294
94.737
92.637
89.861
86.273
81.737
76.135
69.374
61.409
52.251
41.979
30.743
18.761
6.3076
-6.291
-18.678
-30.614
-30.593
-18.665
-6.2869
6.3034
18.749
30.722
41.951
52.216
61.368
69.328
76.083
81.682
86.214
89.799
92.573
94.672
96.227
97.356
98.159
98.719
99.102
99.359
99.528
99.638
99.708
99.752
99.779
99.796
99.805
99.811
99.815
99.816
99.818
99.818
99.819
99.819
99.819
99.819
99.819
99.819
99.819
99.819
99.819
99.819
99.819
99.819
99.819
99.819
99.819
99.819
99.819
99.819
99.819
99.819
99.819
99.819
99.819
99.819
99.819
99.819
99.819
99.819
99.819
99.819
99.819
99.819
99.819
99.819
99.819
99.819
99.819
99.819
99.818
99.818
99.816
99.815
99.811
99.805
99.796
99.779
99.752
99.708
99.638
99.528
99.359
99.102
98.719
98.159
97.356
96.227
94.672
92.573
89.799
86.214
81.682
76.083
69.328
61.368
52.216
41.951
30.722
18.749
6.3034
-6.2869
-18.665
-30.593
-30.562
-18.646
-6.2803
6.2969
18.729
30.69
41.907
52.161
61.303
69.254
76.002
81.595
86.121
89.702
92.472
94.569
96.122
97.25
98.051
98.61
98.993
99.249
99.419
99.528
99.598
99.642
99.669
99.685
99.695
99.701
99.704
99.706
99.707
99.708
99.708
99.708
99.709
99.709
99.709
99.709
99.709
99.709
99.709
99.709
99.709
99.709
99.709
99.709
99.709
99.709
99.709
99.709
99.709
99.709
99.709
99.709
99.709
99.709
99.709
99.709
99.709
99.709
99.709
99.709
99.709
99.709
99.709
99.709
99.709
99.709
99.708
99.708
99.708
99.707
99.706
99.704
99.701
99.695
99.685
99.669
99.642
99.598
99.528
99.419
99.249
98.993
98.61
98.051
97.25
96.122
94.569
92.472
89.702
86.121
81.595
76.002
69.254
61.303
52.161
41.907
30.69
18.729
6.2969
-6.2803
-18.646
-30.562
-30.512
-18.616
-6.2702
6.2867
18.699
30.641
41.839
52.076
61.203
69.141
75.877
81.459
85.978
89.552
92.317
94.41
95.96
97.085
97.885
98.443
98.824
99.08
99.249
99.359
99.429
99.472
99.499
99.515
99.525
99.531
99.534
99.536
99.537
99.538
99.538
99.538
99.538
99.539
99.539
99.539
99.539
99.539
99.539
99.539
99.539
99.539
99.539
99.539
99.539
99.539
99.539
99.539
99.539
99.539
99.539
99.539
99.539
99.539
99.539
99.539
99.539
99.539
99.539
99.539
99.539
99.539
99.539
99.539
99.539
99.538
99.538
99.538
99.538
99.537
99.536
99.534
99.531
99.525
99.515
99.499
99.472
99.429
99.359
99.249
99.08
98.824
98.443
97.885
97.085
95.96
94.41
92.317
89.552
85.978
81.459
75.877
69.141
61.203
52.076
41.839
30.641
18.699
6.2867
-6.2702
-18.616
-30.512
-30.437
-18.57
-6.2548
6.2712
18.653
30.565
41.735
51.947
61.051
68.968
75.686
81.254
85.76
89.324
92.082
94.168
95.714
96.835
97.633
98.189
98.569
98.824
98.993
99.102
99.171
99.215
99.241
99.258
99.267
99.273
99.276
99.278
99.279
99.28
99.28
99.28
99.281
99.281
99.281
99.281
99.281
99.281
99.281
99.281
99.281
99.281
99.281
99.281
99.281
99.281
99.281
99.281
99.281
99.281
99.281
99.281
99.281
99.281
99.281
99.281
99.281
99.281
99.281
99.281
99.281
99.281
99.281
99.281
99.281
99.281
99.28
99.28
99.28
99.279
99.278
99.276
99.273
99.267
99.258
99.241
99.215
99.171
99.102
98.993
98.824
98.569
98.189
97.633
96.835
95.714
94.168
92.082
89.324
85.76
81.254
75.686
68.968
61.051
51.947
41.735
30.565
18.653
6.2712
-6.2548
-18.57
-30.437
-30.324
-18.501
-6.2317
6.2481
18.584
30.452
41.58
51.754
60.823
68.709
75.402
80.947
85.435
88.985
91.73
93.808
95.346
96.463
97.257
97.81
98.189
98.443
98.61
98.719
98.788
98.831
98.858
98.874
98.883
98.889
98.892
98.894
98.895
98.896
98.896
98.897
98.897
98.897
98.897
98.897
98.897
98.897
98.897
98.897
98.897
98.897
98.897
98.897
98.897
98.897
98.897
98.897
98.897
98.897
98.897
98.897
98.897
98.897
98.897
98.897
98.897
98.897
98.897
98.897
98.897
98.897
98.897
98.897
98.897
98.897
98.897
98.896
98.896
98.895
98.894
98.892
98.889
98.883
98.874
98.858
98.831
98.788
98.719
98.61
98.443
98.189
97.81
97.257
96.463
95.346
93.808
91.73
88.985
85.435
80.947
75.402
68.709
60.823
51.754
41.58
30.452
18.584
6.2481
-6.2317
-18.501
-30.324
-30.159
-18.401
-6.1977
6.214
18.483
30.286
41.353
51.47
60.488
68.33
74.984
80.497
84.959
88.487
91.216
93.28
94.809
95.919
96.707
97.257
97.633
97.885
98.051
98.159
98.227
98.27
98.297
98.313
98.322
98.328
98.331
98.333
98.334
98.335
98.335
98.335
98.335
98.335
98.335
98.335
98.335
98.335
98.336
98.336
98.336
98.336
98.336
98.336
98.336
98.336
98.336
98.336
98.336
98.336
98.336
98.336
98.336
98.336
98.336
98.336
98.336
98.336
98.336
98.336
98.335
98.335
98.335
98.335
98.335
98.335
98.335
98.335
98.335
98.334
98.333
98.331
98.328
98.322
98.313
98.297
98.27
98.227
98.159
98.051
97.885
97.633
97.257
96.707
95.919
94.809
93.28
91.216
88.487
84.959
80.497
74.984
68.33
60.488
51.47
41.353
30.286
18.483
6.214
-6.1977
-18.401
-30.159
-29.921
-18.255
-6.1488
6.165
18.337
30.046
41.026
51.061
60.007
67.784
74.384
79.851
84.274
87.772
90.477
92.523
94.038
95.137
95.919
96.463
96.835
97.085
97.25
97.356
97.424
97.466
97.493
97.508
97.518
97.523
97.527
97.529
97.53
97.53
97.53
97.531
97.531
97.531
97.531
97.531
97.531
97.531
97.531
97.531
97.531
97.531
97.531
97.531
97.531
97.531
97.531
97.531
97.531
97.531
97.531
97.531
97.531
97.531
97.531
97.531
97.531
97.531
97.531
97.531
97.531
97.531
97.531
97.531
97.531
97.531
97.531
97.53
97.53
97.53
97.529
97.527
97.523
97.518
97.508
97.493
97.466
97.424
97.356
97.25
97.085
96.835
96.463
95.919
95.137
94.038
92.523
90.477
87.772
84.274
79.851
74.384
67.784
60.007
51.061
41.026
30.046
18.337
6.165
-6.1488
-18.255
-29.921
-29.585
-18.05
-6.0797
6.0957
18.131
29.708
40.563
50.485
59.327
67.015
73.537
78.939
83.31
86.766
89.437
91.458
92.954
94.038
94.809
95.346
95.714
95.96
96.122
96.227
96.294
96.336
96.362
96.377
96.387
96.392
96.395
96.397
96.398
96.399
96.399
96.399
96.399
96.399
96.399
96.399
96.399
96.399
96.399
96.399
96.399
96.399
96.399
96.399
96.399
96.399
96.399
96.399
96.399
96.399
96.399
96.399
96.399
96.399
96.399
96.399
96.399
96.399
96.399
96.399
96.399
96.399
96.399
96.399
96.399
96.399
96.399
96.399
96.399
96.398
96.397
96.395
96.392
96.387
96.377
96.362
96.336
96.294
96.227
96.122
95.96
95.714
95.346
94.809
94.038
92.954
91.458
89.437
86.766
83.31
78.939
73.537
67.015
59.327
50.485
40.563
29.708
18.131
6.0957
-6.0797
-18.05
-29.585
-29.119
-17.766
-5.9841
5.9999
17.845
29.24
39.923
49.687
58.388
65.951
72.367
77.681
81.979
85.376
88.002
89.988
91.458
92.523
93.28
93.808
94.168
94.41
94.569
94.672
94.737
94.778
94.804
94.819
94.828
94.834
94.837
94.838
94.839
94.84
94.84
94.84
94.841
94.841
94.841
94.841
94.841
94.841
94.841
94.841
94.841
94.841
94.841
94.841
94.841
94.841
94.841
94.841
94.841
94.841
94.841
94.841
94.841
94.841
94.841
94.841
94.841
94.841
94.841
94.841
94.841
94.841
94.841
94.841
94.841
94.841
94.84
94.84
94.84
94.839
94.838
94.837
94.834
94.828
94.819
94.804
94.778
94.737
94.672
94.569
94.41
94.168
93.808
93.28
92.523
91.458
89.988
88.002
85.376
81.979
77.681
72.367
65.951
58.388
49.687
39.923
29.24
17.845
5.9999
-5.9841
-17.766
-29.119
-28.488
-17.381
-5.8545
5.8699
17.459
28.606
39.056
48.606
57.115
64.512
70.784
75.978
80.178
83.498
86.063
88.002
89.437
90.477
91.216
91.73
92.082
92.317
92.472
92.573
92.637
92.676
92.701
92.716
92.725
92.73
92.733
92.735
92.736
92.736
92.737
92.737
92.737
92.737
92.737
92.737
92.737
92.737
92.737
92.737
92.737
92.737
92.737
92.737
92.737
92.737
92.737
92.737
92.737
92.737
92.737
92.737
92.737
92.737
92.737
92.737
92.737
92.737
92.737
92.737
92.737
92.737
92.737
92.737
92.737
92.737
92.737
92.737
92.736
92.736
92.735
92.733
92.73
92.725
92.716
92.701
92.676
92.637
92.573
92.472
92.317
92.082
91.73
91.216
90.477
89.437
88.002
86.063
83.498
80.178
75.978
70.784
64.512
57.115
48.606
39.056
28.606
17.459
5.8699
-5.8545
-17.381
-28.488
-27.65
-16.871
-5.6824
5.6974
16.945
27.764
37.906
47.173
55.429
62.604
68.687
73.723
77.795
81.012
83.498
85.376
86.766
87.772
88.487
88.985
89.324
89.552
89.702
89.799
89.861
89.899
89.923
89.937
89.946
89.951
89.954
89.955
89.956
89.957
89.957
89.957
89.957
89.958
89.958
89.958
89.958
89.958
89.958
89.958
89.958
89.958
89.958
89.958
89.958
89.958
89.958
89.958
89.958
89.958
89.958
89.958
89.958
89.958
89.958
89.958
89.958
89.958
89.958
89.958
89.958
89.958
89.958
89.958
89.958
89.957
89.957
89.957
89.957
89.956
89.955
89.954
89.951
89.946
89.937
89.923
89.899
89.861
89.799
89.702
89.552
89.324
88.985
88.487
87.772
86.766
85.376
83.498
81.012
77.795
73.723
68.687
62.604
55.429
47.173
37.906
27.764
16.945
5.6974
-5.6824
-16.871
-27.65
-26.563
-16.208
-5.4592
5.4736
16.279
26.673
36.414
45.314
53.243
60.131
65.97
70.803
74.71
77.795
80.178
81.979
83.31
84.274
84.959
85.435
85.76
85.978
86.121
86.214
86.273
86.309
86.332
86.346
86.354
86.359
86.362
86.363
86.364
86.365
86.365
86.365
86.365
86.365
86.365
86.365
86.365
86.365
86.365
86.365
86.365
86.365
86.365
86.365
86.365
86.365
86.365
86.365
86.365
86.365
86.365
86.365
86.365
86.365
86.365
86.365
86.365
86.365
86.365
86.365
86.365
86.365
86.365
86.365
86.365
86.365
86.365
86.365
86.365
86.364
86.363
86.362
86.359
86.354
86.346
86.332
86.309
86.273
86.214
86.121
85.978
85.76
85.435
84.959
84.274
83.31
81.979
80.178
77.795
74.71
70.803
65.97
60.131
53.243
45.314
36.414
26.673
16.279
5.4736
-5.4592
-16.208
-26.563
-25.185
-15.367
-5.1759
5.1896
15.435
25.288
34.522
42.958
50.471
56.997
62.529
67.105
70.803
73.723
75.978
77.681
78.939
79.851
80.497
80.947
81.254
81.459
81.595
81.682
81.737
81.772
81.793
81.806
81.814
81.818
81.821
81.823
81.823
81.824
81.824
81.824
81.824
81.824
81.824
81.824
81.824
81.824
81.824
81.824
81.824
81.824
81.824
81.824
81.824
81.824
81.824
81.824
81.824
81.824
81.824
81.824
81.824
81.824
81.824
81.824
81.824
81.824
81.824
81.824
81.824
81.824
81.824
81.824
81.824
81.824
81.824
81.824
81.824
81.823
81.823
81.821
81.818
81.814
81.806
81.793
81.772
81.737
81.682
81.595
81.459
81.254
80.947
80.497
79.851
78.939
77.681
75.978
73.723
70.803
67.105
62.529
56.997
50.471
42.958
34.522
25.288
15.435
5.1896
-5.1759
-15.367
-25.185
-23.475
-14.324
-4.8248
4.8375
14.387
23.571
32.177
40.038
47.038
53.117
58.268
62.529
65.97
68.687
70.784
72.367
73.537
74.384
74.984
75.402
75.686
75.877
76.002
76.083
76.135
76.167
76.187
76.199
76.206
76.21
76.212
76.214
76.214
76.215
76.215
76.215
76.215
76.215
76.215
76.215
76.215
76.215
76.215
76.215
76.215
76.215
76.215
76.215
76.215
76.215
76.215
76.215
76.215
76.215
76.215
76.215
76.215
76.215
76.215
76.215
76.215
76.215
76.215
76.215
76.215
76.215
76.215
76.215
76.215
76.215
76.215
76.215
76.215
76.214
76.214
76.212
76.21
76.206
76.199
76.187
76.167
76.135
76.083
76.002
75.877
75.686
75.402
74.984
74.384
73.537
72.367
70.784
68.687
65.97
62.529
58.268
53.117
47.038
40.038
32.177
23.571
14.387
4.8375
-4.8248
-14.324
-23.475
-21.406
-13.062
-4.3996
4.4112
13.119
21.493
29.34
36.505
42.885
48.424
53.117
56.997
60.131
62.604
64.512
65.951
67.015
67.784
68.33
68.709
68.968
69.141
69.254
69.328
69.374
69.403
69.421
69.432
69.438
69.442
69.444
69.446
69.446
69.447
69.447
69.447
69.447
69.447
69.447
69.447
69.447
69.447
69.447
69.447
69.447
69.447
69.447
69.447
69.447
69.447
69.447
69.447
69.447
69.447
69.447
69.447
69.447
69.447
69.447
69.447
69.447
69.447
69.447
69.447
69.447
69.447
69.447
69.447
69.447
69.447
69.447
69.447
69.447
69.446
69.446
69.444
69.442
69.438
69.432
69.421
69.403
69.374
69.328
69.254
69.141
68.968
68.709
68.33
67.784
67.015
65.951
64.512
62.604
60.131
56.997
53.117
48.424
42.885
36.505
29.34
21.493
13.119
4.4112
-4.3996
-13.062
-21.406
-18.962
-11.571
-3.8973
3.9076
11.621
19.038
25.988
32.333
37.982
42.885
47.038
50.471
53.243
55.429
57.115
58.388
59.327
60.007
60.488
60.823
61.051
61.203
61.303
61.368
61.409
61.435
61.45
61.46
61.466
61.469
61.471
61.472
61.472
61.473
61.473
61.473
61.473
61.473
61.473
61.473
61.473
61.473
61.473
61.473
61.473
61.473
61.473
61.473
61.473
61.473
61.473
61.473
61.473
61.473
61.473
61.473
61.473
61.473
61.473
61.473
61.473
61.473
61.473
61.473
61.473
61.473
61.473
61.473
61.473
61.473
61.473
61.473
61.473
61.472
61.472
61.471
61.469
61.466
61.46
61.45
61.435
61.409
61.368
61.303
61.203
61.051
60.823
60.488
60.007
59.327
58.388
57.115
55.429
53.243
50.471
47.038
42.885
37.982
32.333
25.988
19.038
11.621
3.9076
-3.8973
-11.571
-18.962
-16.145
-9.8517
-3.3183
3.327
9.8946
16.209
22.125
27.526
32.333
36.505
40.038
42.958
45.314
47.173
48.606
49.687
50.485
51.061
51.47
51.754
51.947
52.076
52.161
52.216
52.251
52.273
52.286
52.294
52.299
52.301
52.303
52.304
52.304
52.305
52.305
52.305
52.305
52.305
52.305
52.305
52.305
52.305
52.305
52.305
52.305
52.305
52.305
52.305
52.305
52.305
52.305
52.305
52.305
52.305
52.305
52.305
52.305
52.305
52.305
52.305
52.305
52.305
52.305
52.305
52.305
52.305
52.305
52.305
52.305
52.305
52.305
52.305
52.305
52.304
52.304
52.303
52.301
52.299
52.294
52.286
52.273
52.251
52.216
52.161
52.076
51.947
51.754
51.47
51.061
50.485
49.687
48.606
47.173
45.314
42.958
40.038
36.505
32.333
27.526
22.125
16.209
9.8946
3.327
-3.3183
-9.8517
-16.145
-12.978
-7.9195
-2.6675
2.6745
7.9538
13.03
17.785
22.125
25.988
29.34
32.177
34.522
36.414
37.906
39.056
39.923
40.563
41.026
41.353
41.58
41.735
41.839
41.907
41.951
41.979
41.996
42.007
42.013
42.017
42.019
42.02
42.021
42.021
42.022
42.022
42.022
42.022
42.022
42.022
42.022
42.022
42.022
42.022
42.022
42.022
42.022
42.022
42.022
42.022
42.022
42.022
42.022
42.022
42.022
42.022
42.022
42.022
42.022
42.022
42.022
42.022
42.022
42.022
42.022
42.022
42.022
42.022
42.022
42.022
42.022
42.022
42.022
42.022
42.021
42.021
42.02
42.019
42.017
42.013
42.007
41.996
41.979
41.951
41.907
41.839
41.735
41.58
41.353
41.026
40.563
39.923
39.056
37.906
36.414
34.522
32.177
29.34
25.988
22.125
17.785
13.03
7.9538
2.6745
-2.6675
-7.9195
-12.978
-9.5085
-5.8024
-1.9544
1.9596
5.8276
9.5464
13.03
16.209
19.038
21.493
23.571
25.288
26.673
27.764
28.606
29.24
29.708
30.046
30.286
30.452
30.565
30.641
30.69
30.722
30.743
30.755
30.763
30.768
30.771
30.772
30.773
30.774
30.774
30.774
30.774
30.774
30.774
30.774
30.774
30.774
30.774
30.774
30.774
30.774
30.774
30.774
30.774
30.774
30.774
30.774
30.774
30.774
30.774
30.774
30.774
30.774
30.774
30.774
30.774
30.774
30.774
30.774
30.774
30.774
30.774
30.774
30.774
30.774
30.774
30.774
30.774
30.774
30.774
30.774
30.774
30.773
30.772
30.771
30.768
30.763
30.755
30.743
30.722
30.69
30.641
30.565
30.452
30.286
30.046
29.708
29.24
28.606
27.764
26.673
25.288
23.571
21.493
19.038
16.209
13.03
9.5464
5.8276
1.9596
-1.9544
-5.8024
-9.5085
-5.8045
-3.5421
-1.1931
1.1962
3.5575
5.8276
7.9538
9.8946
11.621
13.119
14.387
15.435
16.279
16.945
17.459
17.845
18.131
18.337
18.483
18.584
18.653
18.699
18.729
18.749
18.761
18.769
18.774
18.776
18.778
18.779
18.78
18.78
18.78
18.78
18.78
18.78
18.78
18.78
18.78
18.78
18.78
18.78
18.78
18.78
18.78
18.78
18.78
18.78
18.78
18.78
18.78
18.78
18.78
18.78
18.78
18.78
18.78
18.78
18.78
18.78
18.78
18.78
18.78
18.78
18.78
18.78
18.78
18.78
18.78
18.78
18.78
18.78
18.78
18.78
18.78
18.78
18.779
18.778
18.776
18.774
18.769
18.761
18.749
18.729
18.699
18.653
18.584
18.483
18.337
18.131
17.845
17.459
16.945
16.279
15.435
14.387
13.119
11.621
9.8946
7.9538
5.8276
3.5575
1.1962
-1.1931
-3.5421
-5.8045
-1.9518
-1.1911
-0.40119
0.40224
1.1962
1.9596
2.6745
3.327
3.9076
4.4112
4.8375
5.1896
5.4736
5.6974
5.8699
5.9999
6.0957
6.165
6.214
6.2481
6.2712
6.2867
6.2969
6.3034
6.3076
6.3102
6.3118
6.3127
6.3133
6.3136
6.3138
6.3139
6.314
6.314
6.314
6.314
6.314
6.314
6.314
6.314
6.3141
6.3141
6.3141
6.3141
6.3141
6.3141
6.3141
6.3141
6.3141
6.3141
6.3141
6.3141
6.3141
6.3141
6.3141
6.3141
6.3141
6.3141
6.3141
6.3141
6.3141
6.3141
6.3141
6.3141
6.3141
6.3141
6.314
6.314
6.314
6.314
6.314
6.314
6.314
6.314
6.3139
6.3138
6.3136
6.3133
6.3127
6.3118
6.3102
6.3076
6.3034
6.2969
6.2867
6.2712
6.2481
6.214
6.165
6.0957
5.9999
5.8699
5.6974
5.4736
5.1896
4.8375
4.4112
3.9076
3.327
2.6745
1.9596
1.1962
0.40224
-0.40119
-1.1911
-1.9518
1.9467
1.1879
0.40013
-0.40119
-1.1931
-1.9544
-2.6675
-3.3183
-3.8973
-4.3996
-4.8248
-5.1759
-5.4592
-5.6824
-5.8545
-5.9841
-6.0797
-6.1488
-6.1977
-6.2317
-6.2548
-6.2702
-6.2803
-6.2869
-6.291
-6.2936
-6.2952
-6.2961
-6.2967
-6.297
-6.2972
-6.2973
-6.2974
-6.2974
-6.2974
-6.2974
-6.2974
-6.2975
-6.2975
-6.2975
-6.2975
-6.2975
-6.2975
-6.2975
-6.2975
-6.2975
-6.2975
-6.2975
-6.2975
-6.2975
-6.2975
-6.2975
-6.2975
-6.2975
-6.2975
-6.2975
-6.2975
-6.2975
-6.2975
-6.2975
-6.2975
-6.2975
-6.2975
-6.2975
-6.2975
-6.2975
-6.2975
-6.2975
-6.2975
-6.2974
-6.2974
-6.2974
-6.2974
-6.2974
-6.2973
-6.2972
-6.297
-6.2967
-6.2961
-6.2952
-6.2936
-6.291
-6.2869
-6.2803
-6.2702
-6.2548
-6.2317
-6.1977
-6.1488
-6.0797
-5.9841
-5.8545
-5.6824
-5.4592
-5.1759
-4.8248
-4.3996
-3.8973
-3.3183
-2.6675
-1.9544
-1.1931
-0.40119
0.40013
1.1879
1.9467
5.7948
3.5338
1.1879
-1.1911
-3.5421
-5.8024
-7.9195
-9.8517
-11.571
-13.062
-14.324
-15.367
-16.208
-16.871
-17.381
-17.766
-18.05
-18.255
-18.401
-18.501
-18.57
-18.616
-18.646
-18.665
-18.678
-18.685
-18.69
-18.693
-18.694
-18.695
-18.696
-18.696
-18.697
-18.697
-18.697
-18.697
-18.697
-18.697
-18.697
-18.697
-18.697
-18.697
-18.697
-18.697
-18.697
-18.697
-18.697
-18.697
-18.697
-18.697
-18.697
-18.697
-18.697
-18.697
-18.697
-18.697
-18.697
-18.697
-18.697
-18.697
-18.697
-18.697
-18.697
-18.697
-18.697
-18.697
-18.697
-18.697
-18.697
-18.697
-18.697
-18.697
-18.697
-18.697
-18.696
-18.696
-18.695
-18.694
-18.693
-18.69
-18.685
-18.678
-18.665
-18.646
-18.616
-18.57
-18.501
-18.401
-18.255
-18.05
-17.766
-17.381
-16.871
-16.208
-15.367
-14.324
-13.062
-11.571
-9.8517
-7.9195
-5.8024
-3.5421
-1.1911
1.1879
3.5338
5.7948
9.5033
5.7948
1.9467
-1.9518
-5.8045
-9.5085
-12.978
-16.145
-18.962
-21.406
-23.475
-25.185
-26.563
-27.65
-28.488
-29.119
-29.585
-29.921
-30.159
-30.324
-30.437
-30.512
-30.562
-30.593
-30.614
-30.626
-30.634
-30.639
-30.641
-30.643
-30.644
-30.644
-30.645
-30.645
-30.645
-30.645
-30.645
-30.645
-30.645
-30.645
-30.645
-30.645
-30.645
-30.645
-30.645
-30.645
-30.645
-30.645
-30.645
-30.645
-30.645
-30.645
-30.645
-30.645
-30.645
-30.645
-30.645
-30.645
-30.645
-30.645
-30.645
-30.645
-30.645
-30.645
-30.645
-30.645
-30.645
-30.645
-30.645
-30.645
-30.645
-30.645
-30.645
-30.645
-30.644
-30.644
-30.643
-30.641
-30.639
-30.634
-30.626
-30.614
-30.593
-30.562
-30.512
-30.437
-30.324
-30.159
-29.921
-29.585
-29.119
-28.488
-27.65
-26.563
-25.185
-23.475
-21.406
-18.962
-16.145
-12.978
-9.5085
-5.8045
-1.9518
1.9467
5.7948
9.5033
