2.4032
1.4463
0.48264
-0.48398
-1.4489
-2.405
-3.3463
-4.2674
-5.1632
-6.0289
-6.8605
-7.6544
-8.4076
-9.1178
-9.7833
-10.403
-10.977
-11.505
-11.988
-12.427
-12.823
-13.179
-13.497
-13.779
-14.028
-14.246
-14.435
-14.6
-14.742
-14.863
-14.966
-15.054
-15.127
-15.189
-15.24
-15.282
-15.317
-15.345
-15.368
-15.387
-15.402
-15.414
-15.423
-15.431
-15.437
-15.441
-15.445
-15.447
-15.449
-15.451
-15.452
-15.453
-15.453
-15.453
-15.453
-15.452
-15.451
-15.449
-15.447
-15.445
-15.441
-15.437
-15.431
-15.423
-15.414
-15.402
-15.387
-15.368
-15.345
-15.317
-15.282
-15.24
-15.189
-15.127
-15.054
-14.966
-14.863
-14.742
-14.6
-14.435
-14.246
-14.028
-13.779
-13.497
-13.179
-12.823
-12.427
-11.988
-11.505
-10.977
-10.403
-9.7833
-9.1178
-8.4076
-7.6544
-6.8605
-6.0289
-5.1632
-4.2674
-3.3463
-2.405
-1.4489
-0.48398
0.48264
1.4463
2.4032
1.4463
0.87057
0.29074
-0.29154
-0.87282
-1.4487
-2.0157
-2.5706
-3.1102
-3.6317
-4.1327
-4.6109
-5.0646
-5.4924
-5.8933
-6.2667
-6.6124
-6.9305
-7.2213
-7.4857
-7.7245
-7.939
-8.1304
-8.3002
-8.45
-8.5813
-8.6958
-8.7949
-8.8802
-8.9533
-9.0155
-9.0681
-9.1124
-9.1494
-9.1802
-9.2056
-9.2265
-9.2436
-9.2575
-9.2688
-9.2778
-9.285
-9.2907
-9.2952
-9.2988
-9.3015
-9.3037
-9.3053
-9.3065
-9.3074
-9.308
-9.3084
-9.3086
-9.3086
-9.3084
-9.308
-9.3074
-9.3065
-9.3053
-9.3037
-9.3015
-9.2988
-9.2952
-9.2907
-9.285
-9.2778
-9.2688
-9.2575
-9.2436
-9.2265
-9.2056
-9.1802
-9.1494
-9.1124
-9.0681
-9.0155
-8.9533
-8.8802
-8.7949
-8.6958
-8.5813
-8.45
-8.3002
-8.1304
-7.939
-7.7245
-7.4857
-7.2213
-6.9305
-6.6124
-6.2667
-5.8933
-5.4924
-5.0646
-4.6109
-4.1327
-3.6317
-3.1102
-2.5706
-2.0157
-1.4487
-0.87282
-0.29154
0.29074
0.87057
1.4463
0.48264
0.29074
0.097304
-0.097573
-0.29211
-0.48485
-0.67463
-0.86033
-1.0409
-1.2155
-1.3831
-1.5432
-1.695
-1.8382
-1.9724
-2.0974
-2.2131
-2.3195
-2.4169
-2.5053
-2.5853
-2.6571
-2.7211
-2.778
-2.8281
-2.872
-2.9103
-2.9435
-2.9721
-2.9965
-3.0174
-3.035
-3.0498
-3.0622
-3.0725
-3.081
-3.088
-3.0937
-3.0984
-3.1021
-3.1052
-3.1076
-3.1095
-3.111
-3.1122
-3.1131
-3.1138
-3.1144
-3.1148
-3.1151
-3.1153
-3.1154
-3.1155
-3.1155
-3.1154
-3.1153
-3.1151
-3.1148
-3.1144
-3.1138
-3.1131
-3.1122
-3.111
-3.1095
-3.1076
-3.1052
-3.1021
-3.0984
-3.0937
-3.088
-3.081
-3.0725
-3.0622
-3.0498
-3.035
-3.0174
-2.9965
-2.9721
-2.9435
-2.9103
-2.872
-2.8281
-2.778
-2.7211
-2.6571
-2.5853
-2.5053
-2.4169
-2.3195
-2.2131
-2.0974
-1.9724
-1.8382
-1.695
-1.5432
-1.3831
-1.2155
-1.0409
-0.86033
-0.67463
-0.48485
-0.29211
-0.097573
0.097304
0.29074
0.48264
-0.48398
-0.29154
-0.097573
0.097842
0.29292
0.48619
0.67649
0.8627
1.0438
1.2188
1.3869
1.5474
1.6997
1.8433
1.9778
2.1031
2.2192
2.3259
2.4235
2.5122
2.5924
2.6644
2.7286
2.7856
2.8359
2.88
2.9184
2.9516
2.9803
3.0048
3.0257
3.0433
3.0582
3.0706
3.081
3.0895
3.0965
3.1023
3.1069
3.1107
3.1137
3.1161
3.1181
3.1196
3.1208
3.1217
3.1224
3.1229
3.1234
3.1237
3.1239
3.124
3.1241
3.1241
3.124
3.1239
3.1237
3.1234
3.1229
3.1224
3.1217
3.1208
3.1196
3.1181
3.1161
3.1137
3.1107
3.1069
3.1023
3.0965
3.0895
3.081
3.0706
3.0582
3.0433
3.0257
3.0048
2.9803
2.9516
2.9184
2.88
2.8359
2.7856
2.7286
2.6644
2.5924
2.5122
2.4235
2.3259
2.2192
2.1031
1.9778
1.8433
1.6997
1.5474
1.3869
1.2188
1.0438
0.8627
0.67649
0.48619
0.29292
0.097842
-0.097573
-0.29154
-0.48398
-1.4489
-0.87282
-0.29211
0.29292
0.87694
1.4556
2.0253
2.5828
3.1249
3.6489
4.1522
4.6327
5.0886
5.5184
5.9212
6.2964
6.6437
6.9633
7.2556
7.5212
7.7612
7.9767
8.169
8.3397
8.4902
8.6221
8.7371
8.8367
8.9224
8.9959
9.0584
9.1112
9.1557
9.1929
9.2239
9.2494
9.2705
9.2876
9.3016
9.3129
9.322
9.3292
9.3349
9.3395
9.343
9.3458
9.348
9.3496
9.3508
9.3517
9.3523
9.3527
9.3529
9.3529
9.3527
9.3523
9.3517
9.3508
9.3496
9.348
9.3458
9.343
9.3395
9.3349
9.3292
9.322
9.3129
9.3016
9.2876
9.2705
9.2494
9.2239
9.1929
9.1557
9.1112
9.0584
8.9959
8.9224
8.8367
8.7371
8.6221
8.4902
8.3397
8.169
7.9767
7.7612
7.5212
7.2556
6.9633
6.6437
6.2964
5.9212
5.5184
5.0886
4.6327
4.1522
3.6489
3.1249
2.5828
2.0253
1.4556
0.87694
0.29292
-0.29211
-0.87282
-1.4489
-2.405
-1.4487
-0.48485
0.48619
1.4556
2.416
3.3616
4.2869
5.1868
6.0565
6.8919
7.6894
8.4461
9.1595
9.8282
10.451
11.027
11.558
12.043
12.484
12.882
13.24
13.559
13.842
14.092
14.311
14.502
14.667
14.81
14.932
15.035
15.123
15.197
15.259
15.31
15.353
15.387
15.416
15.439
15.458
15.473
15.485
15.495
15.502
15.508
15.513
15.516
15.519
15.521
15.522
15.523
15.524
15.524
15.524
15.524
15.523
15.522
15.521
15.519
15.516
15.513
15.508
15.502
15.495
15.485
15.473
15.458
15.439
15.416
15.387
15.353
15.31
15.259
15.197
15.123
15.035
14.932
14.81
14.667
14.502
14.311
14.092
13.842
13.559
13.24
12.882
12.484
12.043
11.558
11.027
10.451
9.8282
9.1595
8.4461
7.6894
6.8919
6.0565
5.1868
4.2869
3.3616
2.416
1.4556
0.48619
-0.48485
-1.4487
-2.405
-3.3463
-2.0157
-0.67463
0.67649
2.0253
3.3616
4.6773
5.9648
7.2169
8.4271
9.5895
10.699
11.752
12.745
13.675
14.542
15.344
16.082
16.757
17.37
17.925
18.422
18.867
19.261
19.608
19.913
20.179
20.409
20.607
20.776
20.921
21.043
21.146
21.232
21.303
21.362
21.411
21.45
21.483
21.509
21.53
21.546
21.56
21.57
21.578
21.585
21.59
21.594
21.596
21.598
21.6
21.601
21.601
21.601
21.601
21.6
21.598
21.596
21.594
21.59
21.585
21.578
21.57
21.56
21.546
21.53
21.509
21.483
21.45
21.411
21.362
21.303
21.232
21.146
21.043
20.921
20.776
20.607
20.409
20.179
19.913
19.608
19.261
18.867
18.422
17.925
17.37
16.757
16.082
15.344
14.542
13.675
12.745
11.752
10.699
9.5895
8.4271
7.2169
5.9648
4.6773
3.3616
2.0253
0.67649
-0.67463
-2.0157
-3.3463
-4.2674
-2.5706
-0.86033
0.8627
2.5828
4.2869
5.9648
7.6068
9.2035
10.747
12.229
13.644
14.987
16.253
17.439
18.545
19.568
20.509
21.37
22.152
22.859
23.494
24.06
24.563
25.006
25.395
25.734
26.027
26.28
26.496
26.68
26.836
26.967
27.077
27.168
27.243
27.305
27.356
27.397
27.43
27.457
27.478
27.495
27.509
27.519
27.527
27.534
27.538
27.542
27.545
27.546
27.548
27.548
27.548
27.548
27.546
27.545
27.542
27.538
27.534
27.527
27.519
27.509
27.495
27.478
27.457
27.43
27.397
27.356
27.305
27.243
27.168
27.077
26.967
26.836
26.68
26.496
26.28
26.027
25.734
25.395
25.006
24.563
24.06
23.494
22.859
22.152
21.37
20.509
19.568
18.545
17.439
16.253
14.987
13.644
12.229
10.747
9.2035
7.6068
5.9648
4.2869
2.5828
0.8627
-0.86033
-2.5706
-4.2674
-5.1632
-3.1102
-1.0409
1.0438
3.1249
5.1868
7.2169
9.2035
11.136
13.003
14.796
16.509
18.133
19.665
21.1
22.438
23.675
24.814
25.856
26.803
27.658
28.426
29.112
29.72
30.256
30.727
31.137
31.492
31.797
32.059
32.282
32.47
32.629
32.762
32.872
32.963
33.038
33.099
33.149
33.19
33.222
33.248
33.268
33.284
33.297
33.307
33.315
33.32
33.325
33.328
33.33
33.332
33.332
33.332
33.332
33.33
33.328
33.325
33.32
33.315
33.307
33.297
33.284
33.268
33.248
33.222
33.19
33.149
33.099
33.038
32.963
32.872
32.762
32.629
32.47
32.282
32.059
31.797
31.492
31.137
30.727
30.256
29.72
29.112
28.426
27.658
26.803
25.856
24.814
23.675
22.438
21.1
19.665
18.133
16.509
14.796
13.003
11.136
9.2035
7.2169
5.1868
3.1249
1.0438
-1.0409
-3.1102
-5.1632
-6.0289
-3.6317
-1.2155
1.2188
3.6489
6.0565
8.4271
10.747
13.003
15.183
17.278
19.277
21.174
22.963
24.639
26.2
27.646
28.976
30.192
31.298
32.296
33.193
33.994
34.704
35.331
35.88
36.359
36.773
37.131
37.436
37.697
37.917
38.102
38.257
38.386
38.492
38.58
38.651
38.71
38.757
38.794
38.825
38.848
38.867
38.882
38.894
38.903
38.91
38.915
38.918
38.921
38.923
38.923
38.923
38.923
38.921
38.918
38.915
38.91
38.903
38.894
38.882
38.867
38.848
38.825
38.794
38.757
38.71
38.651
38.58
38.492
38.386
38.257
38.102
37.917
37.697
37.436
37.131
36.773
36.359
35.88
35.331
34.704
33.994
33.193
32.296
31.298
30.192
28.976
27.646
26.2
24.639
22.963
21.174
19.277
17.278
15.183
13.003
10.747
8.4271
6.0565
3.6489
1.2188
-1.2155
-3.6317
-6.0289
-6.8605
-4.1327
-1.3831
1.3869
4.1522
6.8919
9.5895
12.229
14.796
17.278
19.661
21.936
24.095
26.13
28.038
29.815
31.46
32.973
34.357
35.615
36.752
37.773
38.684
39.493
40.206
40.831
41.376
41.848
42.254
42.602
42.898
43.149
43.36
43.536
43.683
43.804
43.904
43.985
44.051
44.105
44.148
44.182
44.209
44.231
44.248
44.261
44.271
44.279
44.285
44.289
44.292
44.294
44.295
44.295
44.294
44.292
44.289
44.285
44.279
44.271
44.261
44.248
44.231
44.209
44.182
44.148
44.105
44.051
43.985
43.904
43.804
43.683
43.536
43.36
43.149
42.898
42.602
42.254
41.848
41.376
40.831
40.206
39.493
38.684
37.773
36.752
35.615
34.357
32.973
31.46
29.815
28.038
26.13
24.095
21.936
19.661
17.278
14.796
12.229
9.5895
6.8919
4.1522
1.3869
-1.3831
-4.1327
-6.8605
-7.6544
-4.6109
-1.5432
1.5474
4.6327
7.6894
10.699
13.644
16.509
19.277
21.936
24.475
26.883
29.154
31.283
33.265
35.101
36.789
38.334
39.738
41.006
42.145
43.162
44.064
44.86
45.557
46.165
46.692
47.146
47.534
47.865
48.144
48.38
48.576
48.74
48.875
48.987
49.078
49.152
49.211
49.259
49.298
49.328
49.352
49.371
49.386
49.397
49.406
49.412
49.417
49.42
49.422
49.423
49.423
49.422
49.42
49.417
49.412
49.406
49.397
49.386
49.371
49.352
49.328
49.298
49.259
49.211
49.152
49.078
48.987
48.875
48.74
48.576
48.38
48.144
47.865
47.534
47.146
46.692
46.165
45.557
44.86
44.064
43.162
42.145
41.006
39.738
38.334
36.789
35.101
33.265
31.283
29.154
26.883
24.475
21.936
19.277
16.509
13.644
10.699
7.6894
4.6327
1.5474
-1.5432
-4.6109
-7.6544
-8.4076
-5.0646
-1.695
1.6997
5.0886
8.4461
11.752
14.987
18.133
21.174
24.095
26.883
29.529
32.023
34.361
36.539
38.555
40.411
42.107
43.649
45.043
46.294
47.411
48.402
49.276
50.043
50.71
51.289
51.787
52.214
52.577
52.885
53.143
53.36
53.539
53.688
53.81
53.91
53.991
54.057
54.11
54.152
54.186
54.212
54.233
54.249
54.261
54.271
54.278
54.283
54.287
54.289
54.29
54.29
54.289
54.287
54.283
54.278
54.271
54.261
54.249
54.233
54.212
54.186
54.152
54.11
54.057
53.991
53.91
53.81
53.688
53.539
53.36
53.143
52.885
52.577
52.214
51.787
51.289
50.71
50.043
49.276
48.402
47.411
46.294
45.043
43.649
42.107
40.411
38.555
36.539
34.361
32.023
29.529
26.883
24.095
21.174
18.133
14.987
11.752
8.4461
5.0886
1.6997
-1.695
-5.0646
-8.4076
-9.1178
-5.4924
-1.8382
1.8433
5.5184
9.1595
12.745
16.253
19.665
22.963
26.13
29.154
32.023
34.729
37.265
39.627
41.813
43.825
45.665
47.338
48.849
50.206
51.418
52.493
53.441
54.272
54.997
55.625
56.165
56.628
57.022
57.355
57.636
57.871
58.066
58.227
58.36
58.468
58.556
58.627
58.685
58.73
58.767
58.795
58.818
58.835
58.849
58.859
58.867
58.873
58.877
58.879
58.88
58.88
58.879
58.877
58.873
58.867
58.859
58.849
58.835
58.818
58.795
58.767
58.73
58.685
58.627
58.556
58.468
58.36
58.227
58.066
57.871
57.636
57.355
57.022
56.628
56.165
55.625
54.997
54.272
53.441
52.493
51.418
50.206
48.849
47.338
45.665
43.825
41.813
39.627
37.265
34.729
32.023
29.154
26.13
22.963
19.665
16.253
12.745
9.1595
5.5184
1.8433
-1.8382
-5.4924
-9.1178
-9.7833
-5.8933
-1.9724
1.9778
5.9212
9.8282
13.675
17.439
21.1
24.639
28.038
31.283
34.361
37.265
39.986
42.52
44.867
47.026
49
50.795
52.417
53.874
55.174
56.327
57.345
58.237
59.015
59.688
60.269
60.765
61.188
61.546
61.847
62.099
62.309
62.482
62.624
62.741
62.835
62.912
62.973
63.022
63.061
63.092
63.116
63.135
63.149
63.161
63.169
63.175
63.179
63.182
63.183
63.183
63.182
63.179
63.175
63.169
63.161
63.149
63.135
63.116
63.092
63.061
63.022
62.973
62.912
62.835
62.741
62.624
62.482
62.309
62.099
61.847
61.546
61.188
60.765
60.269
59.688
59.015
58.237
57.345
56.327
55.174
53.874
52.417
50.795
49
47.026
44.867
42.52
39.986
37.265
34.361
31.283
28.038
24.639
21.1
17.439
13.675
9.8282
5.9212
1.9778
-1.9724
-5.8933
-9.7833
-10.403
-6.2667
-2.0974
2.1031
6.2964
10.451
14.542
18.545
22.438
26.2
29.815
33.265
36.539
39.627
42.52
45.215
47.711
50.007
52.107
54.016
55.741
57.29
58.672
59.899
60.982
61.931
62.758
63.474
64.091
64.62
65.07
65.45
65.771
66.039
66.261
66.446
66.597
66.721
66.822
66.903
66.968
67.021
67.062
67.095
67.121
67.141
67.156
67.168
67.177
67.183
67.188
67.191
67.192
67.192
67.191
67.188
67.183
67.177
67.168
67.156
67.141
67.121
67.095
67.062
67.021
66.968
66.903
66.822
66.721
66.597
66.446
66.261
66.039
65.771
65.45
65.07
64.62
64.091
63.474
62.758
61.931
60.982
59.899
58.672
57.29
55.741
54.016
52.107
50.007
47.711
45.215
42.52
39.627
36.539
33.265
29.815
26.2
22.438
18.545
14.542
10.451
6.2964
2.1031
-2.0974
-6.2667
-10.403
-10.977
-6.6124
-2.2131
2.2192
6.6437
11.027
15.344
19.568
23.675
27.646
31.46
35.101
38.555
41.813
44.867
47.711
50.344
52.767
54.983
56.997
58.818
60.452
61.912
63.207
64.349
65.351
66.223
66.98
67.631
68.189
68.664
69.066
69.404
69.687
69.922
70.116
70.276
70.407
70.513
70.599
70.668
70.723
70.767
70.802
70.829
70.85
70.866
70.879
70.888
70.895
70.9
70.903
70.904
70.904
70.903
70.9
70.895
70.888
70.879
70.866
70.85
70.829
70.802
70.767
70.723
70.668
70.599
70.513
70.407
70.276
70.116
69.922
69.687
69.404
69.066
68.664
68.189
67.631
66.98
66.223
65.351
64.349
63.207
61.912
60.452
58.818
56.997
54.983
52.767
50.344
47.711
44.867
41.813
38.555
35.101
31.46
27.646
23.675
19.568
15.344
11.027
6.6437
2.2192
-2.2131
-6.6124
-10.977
-11.505
-6.9305
-2.3195
2.3259
6.9633
11.558
16.082
20.509
24.814
28.976
32.973
36.789
40.411
43.825
47.026
50.007
52.767
55.307
57.63
59.741
61.649
63.363
64.893
66.25
67.448
68.498
69.413
70.206
70.889
71.474
71.972
72.393
72.747
73.044
73.291
73.495
73.662
73.799
73.911
74.001
74.073
74.131
74.177
74.214
74.242
74.264
74.281
74.294
74.304
74.311
74.316
74.319
74.321
74.321
74.319
74.316
74.311
74.304
74.294
74.281
74.264
74.242
74.214
74.177
74.131
74.073
74.001
73.911
73.799
73.662
73.495
73.291
73.044
72.747
72.393
71.972
71.474
70.889
70.206
69.413
68.498
67.448
66.25
64.893
63.363
61.649
59.741
57.63
55.307
52.767
50.007
47.026
43.825
40.411
36.789
32.973
28.976
24.814
20.509
16.082
11.558
6.9633
2.3259
-2.3195
-6.9305
-11.505
-11.988
-7.2213
-2.4169
2.4235
7.2556
12.043
16.757
21.37
25.856
30.192
34.357
38.334
42.107
45.665
49
52.107
54.983
57.63
60.05
62.251
64.239
66.025
67.62
69.034
70.282
71.377
72.331
73.157
73.869
74.478
74.997
75.437
75.806
76.115
76.372
76.585
76.76
76.903
77.019
77.113
77.189
77.249
77.297
77.335
77.364
77.387
77.405
77.419
77.429
77.437
77.442
77.445
77.447
77.447
77.445
77.442
77.437
77.429
77.419
77.405
77.387
77.364
77.335
77.297
77.249
77.189
77.113
77.019
76.903
76.76
76.585
76.372
76.115
75.806
75.437
74.997
74.478
73.869
73.157
72.331
71.377
70.282
69.034
67.62
66.025
64.239
62.251
60.05
57.63
54.983
52.107
49
45.665
42.107
38.334
34.357
30.192
25.856
21.37
16.757
12.043
7.2556
2.4235
-2.4169
-7.2213
-11.988
-12.427
-7.4857
-2.5053
2.5122
7.5212
12.484
17.37
22.152
26.803
31.298
35.615
39.738
43.649
47.338
50.795
54.016
56.997
59.741
62.251
64.532
66.594
68.446
70.099
71.566
72.86
73.994
74.983
75.84
76.578
77.21
77.749
78.204
78.587
78.908
79.175
79.395
79.576
79.725
79.845
79.943
80.021
80.084
80.133
80.173
80.203
80.227
80.246
80.26
80.271
80.278
80.284
80.287
80.289
80.289
80.287
80.284
80.278
80.271
80.26
80.246
80.227
80.203
80.173
80.133
80.084
80.021
79.943
79.845
79.725
79.576
79.395
79.175
78.908
78.587
78.204
77.749
77.21
76.578
75.84
74.983
73.994
72.86
71.566
70.099
68.446
66.594
64.532
62.251
59.741
56.997
54.016
50.795
47.338
43.649
39.738
35.615
31.298
26.803
22.152
17.37
12.484
7.5212
2.5122
-2.5053
-7.4857
-12.427
-12.823
-7.7245
-2.5853
2.5924
7.7612
12.882
17.925
22.859
27.658
32.296
36.752
41.006
45.043
48.849
52.417
55.741
58.818
61.649
64.239
66.594
68.722
70.633
72.339
73.853
75.188
76.359
77.38
78.265
79.027
79.679
80.235
80.705
81.101
81.432
81.707
81.935
82.122
82.275
82.399
82.5
82.581
82.646
82.697
82.737
82.769
82.794
82.813
82.828
82.839
82.847
82.852
82.856
82.858
82.858
82.856
82.852
82.847
82.839
82.828
82.813
82.794
82.769
82.737
82.697
82.646
82.581
82.5
82.399
82.275
82.122
81.935
81.707
81.432
81.101
80.705
80.235
79.679
79.027
78.265
77.38
76.359
75.188
73.853
72.339
70.633
68.722
66.594
64.239
61.649
58.818
55.741
52.417
48.849
45.043
41.006
36.752
32.296
27.658
22.859
17.925
12.882
7.7612
2.5924
-2.5853
-7.7245
-12.823
-13.179
-7.939
-2.6571
2.6644
7.9767
13.24
18.422
23.494
28.426
33.193
37.773
42.145
46.294
50.206
53.874
57.29
60.452
63.363
66.025
68.446
70.633
72.597
74.351
75.907
77.28
78.484
79.534
80.443
81.226
81.897
82.468
82.952
83.359
83.699
83.982
84.216
84.409
84.566
84.694
84.798
84.881
84.947
85
85.042
85.074
85.1
85.12
85.135
85.146
85.154
85.16
85.163
85.165
85.165
85.163
85.16
85.154
85.146
85.135
85.12
85.1
85.074
85.042
85
84.947
84.881
84.798
84.694
84.566
84.409
84.216
83.982
83.699
83.359
82.952
82.468
81.897
81.226
80.443
79.534
78.484
77.28
75.907
74.351
72.597
70.633
68.446
66.025
63.363
60.452
57.29
53.874
50.206
46.294
42.145
37.773
33.193
28.426
23.494
18.422
13.24
7.9767
2.6644
-2.6571
-7.939
-13.179
-13.497
-8.1304
-2.7211
2.7286
8.169
13.559
18.867
24.06
29.112
33.994
38.684
43.162
47.411
51.418
55.174
58.672
61.912
64.893
67.62
70.099
72.339
74.351
76.147
77.741
79.148
80.381
81.456
82.388
83.19
83.877
84.463
84.958
85.375
85.723
86.013
86.253
86.451
86.612
86.743
86.849
86.934
87.002
87.057
87.099
87.133
87.159
87.179
87.195
87.206
87.215
87.22
87.224
87.226
87.226
87.224
87.22
87.215
87.206
87.195
87.179
87.159
87.133
87.099
87.057
87.002
86.934
86.849
86.743
86.612
86.451
86.253
86.013
85.723
85.375
84.958
84.463
83.877
83.19
82.388
81.456
80.381
79.148
77.741
76.147
74.351
72.339
70.099
67.62
64.893
61.912
58.672
55.174
51.418
47.411
43.162
38.684
33.994
29.112
24.06
18.867
13.559
8.169
2.7286
-2.7211
-8.1304
-13.497
-13.779
-8.3002
-2.778
2.7856
8.3397
13.842
19.261
24.563
29.72
34.704
39.493
44.064
48.402
52.493
56.327
59.899
63.207
66.25
69.034
71.566
73.853
75.907
77.741
79.369
80.805
82.065
83.162
84.114
84.933
85.635
86.233
86.738
87.164
87.52
87.817
88.062
88.263
88.428
88.562
88.67
88.757
88.827
88.882
88.926
88.96
88.987
89.007
89.023
89.035
89.043
89.049
89.053
89.055
89.055
89.053
89.049
89.043
89.035
89.023
89.007
88.987
88.96
88.926
88.882
88.827
88.757
88.67
88.562
88.428
88.263
88.062
87.817
87.52
87.164
86.738
86.233
85.635
84.933
84.114
83.162
82.065
80.805
79.369
77.741
75.907
73.853
71.566
69.034
66.25
63.207
59.899
56.327
52.493
48.402
44.064
39.493
34.704
29.72
24.563
19.261
13.842
8.3397
2.7856
-2.778
-8.3002
-13.779
-14.028
-8.45
-2.8281
2.8359
8.4902
14.092
19.608
25.006
30.256
35.331
40.206
44.86
49.276
53.441
57.345
60.982
64.349
67.448
70.282
72.86
75.188
77.28
79.148
80.805
82.268
83.55
84.668
85.637
86.471
87.186
87.794
88.309
88.743
89.106
89.407
89.657
89.862
90.03
90.167
90.277
90.366
90.436
90.493
90.537
90.572
90.599
90.62
90.636
90.648
90.657
90.663
90.667
90.669
90.669
90.667
90.663
90.657
90.648
90.636
90.62
90.599
90.572
90.537
90.493
90.436
90.366
90.277
90.167
90.03
89.862
89.657
89.407
89.106
88.743
88.309
87.794
87.186
86.471
85.637
84.668
83.55
82.268
80.805
79.148
77.28
75.188
72.86
70.282
67.448
64.349
60.982
57.345
53.441
49.276
44.86
40.206
35.331
30.256
25.006
19.608
14.092
8.4902
2.8359
-2.8281
-8.45
-14.028
-14.246
-8.5813
-2.872
2.88
8.6221
14.311
19.913
25.395
30.727
35.88
40.831
45.557
50.043
54.272
58.237
61.931
65.351
68.498
71.377
73.994
76.359
78.484
80.381
82.065
83.55
84.852
85.988
86.972
87.82
88.546
89.164
89.687
90.128
90.496
90.803
91.056
91.265
91.435
91.574
91.686
91.776
91.848
91.906
91.951
91.986
92.014
92.035
92.051
92.064
92.073
92.079
92.083
92.085
92.085
92.083
92.079
92.073
92.064
92.051
92.035
92.014
91.986
91.951
91.906
91.848
91.776
91.686
91.574
91.435
91.265
91.056
90.803
90.496
90.128
89.687
89.164
88.546
87.82
86.972
85.988
84.852
83.55
82.065
80.381
78.484
76.359
73.994
71.377
68.498
65.351
61.931
58.237
54.272
50.043
45.557
40.831
35.88
30.727
25.395
19.913
14.311
8.6221
2.88
-2.872
-8.5813
-14.246
-14.435
-8.6958
-2.9103
2.9184
8.7371
14.502
20.179
25.734
31.137
36.359
41.376
46.165
50.71
54.997
59.015
62.758
66.223
69.413
72.331
74.983
77.38
79.534
81.456
83.162
84.668
85.988
87.139
88.136
88.996
89.731
90.358
90.889
91.335
91.709
92.019
92.276
92.488
92.661
92.801
92.915
93.006
93.079
93.137
93.183
93.219
93.247
93.269
93.285
93.298
93.307
93.313
93.317
93.319
93.319
93.317
93.313
93.307
93.298
93.285
93.269
93.247
93.219
93.183
93.137
93.079
93.006
92.915
92.801
92.661
92.488
92.276
92.019
91.709
91.335
90.889
90.358
89.731
88.996
88.136
87.139
85.988
84.668
83.162
81.456
79.534
77.38
74.983
72.331
69.413
66.223
62.758
59.015
54.997
50.71
46.165
41.376
36.359
31.137
25.734
20.179
14.502
8.7371
2.9184
-2.9103
-8.6958
-14.435
-14.6
-8.7949
-2.9435
2.9516
8.8367
14.667
20.409
26.027
31.492
36.773
41.848
46.692
51.289
55.625
59.688
63.474
66.98
70.206
73.157
75.84
78.265
80.443
82.388
84.114
85.637
86.972
88.136
89.145
90.015
90.759
91.393
91.93
92.381
92.759
93.074
93.334
93.548
93.723
93.865
93.98
94.072
94.146
94.205
94.251
94.288
94.316
94.338
94.355
94.367
94.376
94.383
94.387
94.389
94.389
94.387
94.383
94.376
94.367
94.355
94.338
94.316
94.288
94.251
94.205
94.146
94.072
93.98
93.865
93.723
93.548
93.334
93.074
92.759
92.381
91.93
91.393
90.759
90.015
89.145
88.136
86.972
85.637
84.114
82.388
80.443
78.265
75.84
73.157
70.206
66.98
63.474
59.688
55.625
51.289
46.692
41.848
36.773
31.492
26.027
20.409
14.667
8.8367
2.9516
-2.9435
-8.7949
-14.6
-14.742
-8.8802
-2.9721
2.9803
8.9224
14.81
20.607
26.28
31.797
37.131
42.254
47.146
51.787
56.165
60.269
64.091
67.631
70.889
73.869
76.578
79.027
81.226
83.19
84.933
86.471
87.82
88.996
90.015
90.892
91.644
92.285
92.827
93.283
93.665
93.982
94.245
94.461
94.638
94.781
94.898
94.991
95.066
95.125
95.172
95.209
95.237
95.259
95.276
95.289
95.298
95.305
95.309
95.311
95.311
95.309
95.305
95.298
95.289
95.276
95.259
95.237
95.209
95.172
95.125
95.066
94.991
94.898
94.781
94.638
94.461
94.245
93.982
93.665
93.283
92.827
92.285
91.644
90.892
90.015
88.996
87.82
86.471
84.933
83.19
81.226
79.027
76.578
73.869
70.889
67.631
64.091
60.269
56.165
51.787
47.146
42.254
37.131
31.797
26.28
20.607
14.81
8.9224
2.9803
-2.9721
-8.8802
-14.742
-14.863
-8.9533
-2.9965
3.0048
8.9959
14.932
20.776
26.496
32.059
37.436
42.602
47.534
52.214
56.628
60.765
64.62
68.189
71.474
74.478
77.21
79.679
81.897
83.877
85.635
87.186
88.546
89.731
90.759
91.644
92.403
93.048
93.595
94.055
94.44
94.76
95.025
95.243
95.422
95.566
95.684
95.778
95.853
95.913
95.96
95.997
96.026
96.049
96.066
96.078
96.088
96.094
96.098
96.1
96.1
96.098
96.094
96.088
96.078
96.066
96.049
96.026
95.997
95.96
95.913
95.853
95.778
95.684
95.566
95.422
95.243
95.025
94.76
94.44
94.055
93.595
93.048
92.403
91.644
90.759
89.731
88.546
87.186
85.635
83.877
81.897
79.679
77.21
74.478
71.474
68.189
64.62
60.765
56.628
52.214
47.534
42.602
37.436
32.059
26.496
20.776
14.932
8.9959
3.0048
-2.9965
-8.9533
-14.863
-14.966
-9.0155
-3.0174
3.0257
9.0584
15.035
20.921
26.68
32.282
37.697
42.898
47.865
52.577
57.022
61.188
65.07
68.664
71.972
74.997
77.749
80.235
82.468
84.463
86.233
87.794
89.164
90.358
91.393
92.285
93.048
93.699
94.249
94.713
95.1
95.423
95.69
95.909
96.089
96.235
96.353
96.448
96.524
96.584
96.632
96.669
96.698
96.721
96.738
96.751
96.76
96.767
96.771
96.773
96.773
96.771
96.767
96.76
96.751
96.738
96.721
96.698
96.669
96.632
96.584
96.524
96.448
96.353
96.235
96.089
95.909
95.69
95.423
95.1
94.713
94.249
93.699
93.048
92.285
91.393
90.358
89.164
87.794
86.233
84.463
82.468
80.235
77.749
74.997
71.972
68.664
65.07
61.188
57.022
52.577
47.865
42.898
37.697
32.282
26.68
20.921
15.035
9.0584
3.0257
-3.0174
-9.0155
-14.966
-15.054
-9.0681
-3.035
3.0433
9.1112
15.123
21.043
26.836
32.47
37.917
43.149
48.144
52.885
57.355
61.546
65.45
69.066
72.393
75.437
78.204
80.705
82.952
84.958
86.738
88.309
89.687
90.889
91.93
92.827
93.595
94.249
94.803
95.269
95.66
95.984
96.253
96.473
96.654
96.801
96.92
97.015
97.092
97.152
97.2
97.238
97.267
97.29
97.307
97.32
97.329
97.336
97.34
97.342
97.342
97.34
97.336
97.329
97.32
97.307
97.29
97.267
97.238
97.2
97.152
97.092
97.015
96.92
96.801
96.654
96.473
96.253
95.984
95.66
95.269
94.803
94.249
93.595
92.827
91.93
90.889
89.687
88.309
86.738
84.958
82.952
80.705
78.204
75.437
72.393
69.066
65.45
61.546
57.355
52.885
48.144
43.149
37.917
32.47
26.836
21.043
15.123
9.1112
3.0433
-3.035
-9.0681
-15.054
-15.127
-9.1124
-3.0498
3.0582
9.1557
15.197
21.146
26.967
32.629
38.102
43.36
48.38
53.143
57.636
61.847
65.771
69.404
72.747
75.806
78.587
81.101
83.359
85.375
87.164
88.743
90.128
91.335
92.381
93.283
94.055
94.713
95.269
95.738
96.13
96.456
96.726
96.948
97.13
97.277
97.397
97.493
97.57
97.631
97.679
97.717
97.746
97.769
97.786
97.799
97.809
97.815
97.819
97.821
97.821
97.819
97.815
97.809
97.799
97.786
97.769
97.746
97.717
97.679
97.631
97.57
97.493
97.397
97.277
97.13
96.948
96.726
96.456
96.13
95.738
95.269
94.713
94.055
93.283
92.381
91.335
90.128
88.743
87.164
85.375
83.359
81.101
78.587
75.806
72.747
69.404
65.771
61.847
57.636
53.143
48.38
43.36
38.102
32.629
26.967
21.146
15.197
9.1557
3.0582
-3.0498
-9.1124
-15.127
-15.189
-9.1494
-3.0622
3.0706
9.1929
15.259
21.232
27.077
32.762
38.257
43.536
48.576
53.36
57.871
62.099
66.039
69.687
73.044
76.115
78.908
81.432
83.699
85.723
87.52
89.106
90.496
91.709
92.759
93.665
94.44
95.1
95.66
96.13
96.524
96.852
97.123
97.346
97.528
97.676
97.796
97.893
97.97
98.031
98.079
98.117
98.147
98.17
98.187
98.2
98.21
98.216
98.221
98.223
98.223
98.221
98.216
98.21
98.2
98.187
98.17
98.147
98.117
98.079
98.031
97.97
97.893
97.796
97.676
97.528
97.346
97.123
96.852
96.524
96.13
95.66
95.1
94.44
93.665
92.759
91.709
90.496
89.106
87.52
85.723
83.699
81.432
78.908
76.115
73.044
69.687
66.039
62.099
57.871
53.36
48.576
43.536
38.257
32.762
27.077
21.232
15.259
9.1929
3.0706
-3.0622
-9.1494
-15.189
-15.24
-9.1802
-3.0725
3.081
9.2239
15.31
21.303
27.168
32.872
38.386
43.683
48.74
53.539
58.066
62.309
66.261
69.922
73.291
76.372
79.175
81.707
83.982
86.013
87.817
89.407
90.803
92.019
93.074
93.982
94.76
95.423
95.984
96.456
96.852
97.18
97.452
97.676
97.859
98.008
98.128
98.225
98.302
98.364
98.412
98.451
98.48
98.503
98.521
98.534
98.543
98.55
98.554
98.556
98.556
98.554
98.55
98.543
98.534
98.521
98.503
98.48
98.451
98.412
98.364
98.302
98.225
98.128
98.008
97.859
97.676
97.452
97.18
96.852
96.456
95.984
95.423
94.76
93.982
93.074
92.019
90.803
89.407
87.817
86.013
83.982
81.707
79.175
76.372
73.291
69.922
66.261
62.309
58.066
53.539
48.74
43.683
38.386
32.872
27.168
21.303
15.31
9.2239
3.081
-3.0725
-9.1802
-15.24
-15.282
-9.2056
-3.081
3.0895
9.2494
15.353
21.362
27.243
32.963
38.492
43.804
48.875
53.688
58.227
62.482
66.446
70.116
73.495
76.585
79.395
81.935
84.216
86.253
88.062
89.657
91.056
92.276
93.334
94.245
95.025
95.69
96.253
96.726
97.123
97.452
97.725
97.95
98.133
98.282
98.403
98.5
98.578
98.639
98.688
98.726
98.756
98.779
98.797
98.81
98.82
98.826
98.83
98.832
98.832
98.83
98.826
98.82
98.81
98.797
98.779
98.756
98.726
98.688
98.639
98.578
98.5
98.403
98.282
98.133
97.95
97.725
97.452
97.123
96.726
96.253
95.69
95.025
94.245
93.334
92.276
91.056
89.657
88.062
86.253
84.216
81.935
79.395
76.585
73.495
70.116
66.446
62.482
58.227
53.688
48.875
43.804
38.492
32.963
27.243
21.362
15.353
9.2494
3.0895
-3.081
-9.2056
-15.282
-15.317
-9.2265
-3.088
3.0965
9.2705
15.387
21.411
27.305
33.038
38.58
43.904
48.987
53.81
58.36
62.624
66.597
70.276
73.662
76.76
79.576
82.122
84.409
86.451
88.263
89.862
91.265
92.488
93.548
94.461
95.243
95.909
96.473
96.948
97.346
97.676
97.95
98.175
98.359
98.508
98.629
98.727
98.804
98.866
98.915
98.953
98.983
99.006
99.024
99.037
99.047
99.053
99.058
99.06
99.06
99.058
99.053
99.047
99.037
99.024
99.006
98.983
98.953
98.915
98.866
98.804
98.727
98.629
98.508
98.359
98.175
97.95
97.676
97.346
96.948
96.473
95.909
95.243
94.461
93.548
92.488
91.265
89.862
88.263
86.451
84.409
82.122
79.576
76.76
73.662
70.276
66.597
62.624
58.36
53.81
48.987
43.904
38.58
33.038
27.305
21.411
15.387
9.2705
3.0965
-3.088
-9.2265
-15.317
-15.345
-9.2436
-3.0937
3.1023
9.2876
15.416
21.45
27.356
33.099
38.651
43.985
49.078
53.91
58.468
62.741
66.721
70.407
73.799
76.903
79.725
82.275
84.566
86.612
88.428
90.03
91.435
92.661
93.723
94.638
95.422
96.089
96.654
97.13
97.528
97.859
98.133
98.359
98.543
98.693
98.814
98.912
98.99
99.052
99.1
99.139
99.169
99.192
99.21
99.223
99.232
99.239
99.243
99.245
99.245
99.243
99.239
99.232
99.223
99.21
99.192
99.169
99.139
99.1
99.052
98.99
98.912
98.814
98.693
98.543
98.359
98.133
97.859
97.528
97.13
96.654
96.089
95.422
94.638
93.723
92.661
91.435
90.03
88.428
86.612
84.566
82.275
79.725
76.903
73.799
70.407
66.721
62.741
58.468
53.91
49.078
43.985
38.651
33.099
27.356
21.45
15.416
9.2876
3.1023
-3.0937
-9.2436
-15.345
-15.368
-9.2575
-3.0984
3.1069
9.3016
15.439
21.483
27.397
33.149
38.71
44.051
49.152
53.991
58.556
62.835
66.822
70.513
73.911
77.019
79.845
82.399
84.694
86.743
88.562
90.167
91.574
92.801
93.865
94.781
95.566
96.235
96.801
97.277
97.676
98.008
98.282
98.508
98.693
98.843
98.965
99.062
99.14
99.202
99.251
99.29
99.32
99.343
99.361
99.374
99.384
99.39
99.395
99.397
99.397
99.395
99.39
99.384
99.374
99.361
99.343
99.32
99.29
99.251
99.202
99.14
99.062
98.965
98.843
98.693
98.508
98.282
98.008
97.676
97.277
96.801
96.235
95.566
94.781
93.865
92.801
91.574
90.167
88.562
86.743
84.694
82.399
79.845
77.019
73.911
70.513
66.822
62.835
58.556
53.991
49.152
44.051
38.71
33.149
27.397
21.483
15.439
9.3016
3.1069
-3.0984
-9.2575
-15.368
-15.387
-9.2688
-3.1021
3.1107
9.3129
15.458
21.509
27.43
33.19
38.757
44.105
49.211
54.057
58.627
62.912
66.903
70.599
74.001
77.113
79.943
82.5
84.798
86.849
88.67
90.277
91.686
92.915
93.98
94.898
95.684
96.353
96.92
97.397
97.796
98.128
98.403
98.629
98.814
98.965
99.086
99.184
99.262
99.324
99.373
99.412
99.442
99.465
99.483
99.496
99.506
99.512
99.517
99.519
99.519
99.517
99.512
99.506
99.496
99.483
99.465
99.442
99.412
99.373
99.324
99.262
99.184
99.086
98.965
98.814
98.629
98.403
98.128
97.796
97.397
96.92
96.353
95.684
94.898
93.98
92.915
91.686
90.277
88.67
86.849
84.798
82.5
79.943
77.113
74.001
70.599
66.903
62.912
58.627
54.057
49.211
44.105
38.757
33.19
27.43
21.509
15.458
9.3129
3.1107
-3.1021
-9.2688
-15.387
-15.402
-9.2778
-3.1052
3.1137
9.322
15.473
21.53
27.457
33.222
38.794
44.148
49.259
54.11
58.685
62.973
66.968
70.668
74.073
77.189
80.021
82.581
84.881
86.934
88.757
90.366
91.776
93.006
94.072
94.991
95.778
96.448
97.015
97.493
97.893
98.225
98.5
98.727
98.912
99.062
99.184
99.282
99.36
99.422
99.471
99.51
99.54
99.563
99.581
99.594
99.604
99.611
99.615
99.617
99.617
99.615
99.611
99.604
99.594
99.581
99.563
99.54
99.51
99.471
99.422
99.36
99.282
99.184
99.062
98.912
98.727
98.5
98.225
97.893
97.493
97.015
96.448
95.778
94.991
94.072
93.006
91.776
90.366
88.757
86.934
84.881
82.581
80.021
77.189
74.073
70.668
66.968
62.973
58.685
54.11
49.259
44.148
38.794
33.222
27.457
21.53
15.473
9.322
3.1137
-3.1052
-9.2778
-15.402
-15.414
-9.285
-3.1076
3.1161
9.3292
15.485
21.546
27.478
33.248
38.825
44.182
49.298
54.152
58.73
63.022
67.021
70.723
74.131
77.249
80.084
82.646
84.947
87.002
88.827
90.436
91.848
93.079
94.146
95.066
95.853
96.524
97.092
97.57
97.97
98.302
98.578
98.804
98.99
99.14
99.262
99.36
99.438
99.501
99.55
99.588
99.619
99.642
99.659
99.673
99.683
99.689
99.694
99.696
99.696
99.694
99.689
99.683
99.673
99.659
99.642
99.619
99.588
99.55
99.501
99.438
99.36
99.262
99.14
98.99
98.804
98.578
98.302
97.97
97.57
97.092
96.524
95.853
95.066
94.146
93.079
91.848
90.436
88.827
87.002
84.947
82.646
80.084
77.249
74.131
70.723
67.021
63.022
58.73
54.152
49.298
44.182
38.825
33.248
27.478
21.546
15.485
9.3292
3.1161
-3.1076
-9.285
-15.414
-15.423
-9.2907
-3.1095
3.1181
9.3349
15.495
21.56
27.495
33.268
38.848
44.209
49.328
54.186
58.767
63.061
67.062
70.767
74.177
77.297
80.133
82.697
85
87.057
88.882
90.493
91.906
93.137
94.205
95.125
95.913
96.584
97.152
97.631
98.031
98.364
98.639
98.866
99.052
99.202
99.324
99.422
99.501
99.563
99.612
99.651
99.681
99.704
99.722
99.735
99.745
99.752
99.756
99.758
99.758
99.756
99.752
99.745
99.735
99.722
99.704
99.681
99.651
99.612
99.563
99.501
99.422
99.324
99.202
99.052
98.866
98.639
98.364
98.031
97.631
97.152
96.584
95.913
95.125
94.205
93.137
91.906
90.493
88.882
87.057
85
82.697
80.133
77.297
74.177
70.767
67.062
63.061
58.767
54.186
49.328
44.209
38.848
33.268
27.495
21.56
15.495
9.3349
3.1181
-3.1095
-9.2907
-15.423
-15.431
-9.2952
-3.111
3.1196
9.3395
15.502
21.57
27.509
33.284
38.867
44.231
49.352
54.212
58.795
63.092
67.095
70.802
74.214
77.335
80.173
82.737
85.042
87.099
88.926
90.537
91.951
93.183
94.251
95.172
95.96
96.632
97.2
97.679
98.079
98.412
98.688
98.915
99.1
99.251
99.373
99.471
99.55
99.612
99.661
99.7
99.73
99.753
99.771
99.785
99.794
99.801
99.805
99.807
99.807
99.805
99.801
99.794
99.785
99.771
99.753
99.73
99.7
99.661
99.612
99.55
99.471
99.373
99.251
99.1
98.915
98.688
98.412
98.079
97.679
97.2
96.632
95.96
95.172
94.251
93.183
91.951
90.537
88.926
87.099
85.042
82.737
80.173
77.335
74.214
70.802
67.095
63.092
58.795
54.212
49.352
44.231
38.867
33.284
27.509
21.57
15.502
9.3395
3.1196
-3.111
-9.2952
-15.431
-15.437
-9.2988
-3.1122
3.1208
9.343
15.508
21.578
27.519
33.297
38.882
44.248
49.371
54.233
58.818
63.116
67.121
70.829
74.242
77.364
80.203
82.769
85.074
87.133
88.96
90.572
91.986
93.219
94.288
95.209
95.997
96.669
97.238
97.717
98.117
98.451
98.726
98.953
99.139
99.29
99.412
99.51
99.588
99.651
99.7
99.739
99.769
99.792
99.81
99.823
99.833
99.84
99.844
99.846
99.846
99.844
99.84
99.833
99.823
99.81
99.792
99.769
99.739
99.7
99.651
99.588
99.51
99.412
99.29
99.139
98.953
98.726
98.451
98.117
97.717
97.238
96.669
95.997
95.209
94.288
93.219
91.986
90.572
88.96
87.133
85.074
82.769
80.203
77.364
74.242
70.829
67.121
63.116
58.818
54.233
49.371
44.248
38.882
33.297
27.519
21.578
15.508
9.343
3.1208
-3.1122
-9.2988
-15.437
-15.441
-9.3015
-3.1131
3.1217
9.3458
15.513
21.585
27.527
33.307
38.894
44.261
49.386
54.249
58.835
63.135
67.141
70.85
74.264
77.387
80.227
82.794
85.1
87.159
88.987
90.599
92.014
93.247
94.316
95.237
96.026
96.698
97.267
97.746
98.147
98.48
98.756
98.983
99.169
99.32
99.442
99.54
99.619
99.681
99.73
99.769
99.799
99.822
99.84
99.853
99.863
99.87
99.874
99.876
99.876
99.874
99.87
99.863
99.853
99.84
99.822
99.799
99.769
99.73
99.681
99.619
99.54
99.442
99.32
99.169
98.983
98.756
98.48
98.147
97.746
97.267
96.698
96.026
95.237
94.316
93.247
92.014
90.599
88.987
87.159
85.1
82.794
80.227
77.387
74.264
70.85
67.141
63.135
58.835
54.249
49.386
44.261
38.894
33.307
27.527
21.585
15.513
9.3458
3.1217
-3.1131
-9.3015
-15.441
-15.445
-9.3037
-3.1138
3.1224
9.348
15.516
21.59
27.534
33.315
38.903
44.271
49.397
54.261
58.849
63.149
67.156
70.866
74.281
77.405
80.246
82.813
85.12
87.179
89.007
90.62
92.035
93.269
94.338
95.259
96.049
96.721
97.29
97.769
98.17
98.503
98.779
99.006
99.192
99.343
99.465
99.563
99.642
99.704
99.753
99.792
99.822
99.846
99.863
99.877
99.886
99.893
99.897
99.9
99.9
99.897
99.893
99.886
99.877
99.863
99.846
99.822
99.792
99.753
99.704
99.642
99.563
99.465
99.343
99.192
99.006
98.779
98.503
98.17
97.769
97.29
96.721
96.049
95.259
94.338
93.269
92.035
90.62
89.007
87.179
85.12
82.813
80.246
77.405
74.281
70.866
67.156
63.149
58.849
54.261
49.397
44.271
38.903
33.315
27.534
21.59
15.516
9.348
3.1224
-3.1138
-9.3037
-15.445
-15.447
-9.3053
-3.1144
3.1229
9.3496
15.519
21.594
27.538
33.32
38.91
44.279
49.406
54.271
58.859
63.161
67.168
70.879
74.294
77.419
80.26
82.828
85.135
87.195
89.023
90.636
92.051
93.285
94.355
95.276
96.066
96.738
97.307
97.786
98.187
98.521
98.797
99.024
99.21
99.361
99.483
99.581
99.659
99.722
99.771
99.81
99.84
99.863
99.881
99.894
99.904
99.911
99.915
99.917
99.917
99.915
99.911
99.904
99.894
99.881
99.863
99.84
99.81
99.771
99.722
99.659
99.581
99.483
99.361
99.21
99.024
98.797
98.521
98.187
97.786
97.307
96.738
96.066
95.276
94.355
93.285
92.051
90.636
89.023
87.195
85.135
82.828
80.26
77.419
74.294
70.879
67.168
63.161
58.859
54.271
49.406
44.279
38.91
33.32
27.538
21.594
15.519
9.3496
3.1229
-3.1144
-9.3053
-15.447
-15.449
-9.3065
-3.1148
3.1234
9.3508
15.521
21.596
27.542
33.325
38.915
44.285
49.412
54.278
58.867
63.169
67.177
70.888
74.304
77.429
80.271
82.839
85.146
87.206
89.035
90.648
92.064
93.298
94.367
95.289
96.078
96.751
97.32
97.799
98.2
98.534
98.81
99.037
99.223
99.374
99.496
99.594
99.673
99.735
99.785
99.823
99.853
99.877
99.894
99.908
99.918
99.924
99.929
99.931
99.931
99.929
99.924
99.918
99.908
99.894
99.877
99.853
99.823
99.785
99.735
99.673
99.594
99.496
99.374
99.223
99.037
98.81
98.534
98.2
97.799
97.32
96.751
96.078
95.289
94.367
93.298
92.064
90.648
89.035
87.206
85.146
82.839
80.271
77.429
74.304
70.888
67.177
63.169
58.867
54.278
49.412
44.285
38.915
33.325
27.542
21.596
15.521
9.3508
3.1234
-3.1148
-9.3065
-15.449
-15.451
-9.3074
-3.1151
3.1237
9.3517
15.522
21.598
27.545
33.328
38.918
44.289
49.417
54.283
58.873
63.175
67.183
70.895
74.311
77.437
80.278
82.847
85.154
87.215
89.043
90.657
92.073
93.307
94.376
95.298
96.088
96.76
97.329
97.809
98.21
98.543
98.82
99.047
99.232
99.384
99.506
99.604
99.683
99.745
99.794
99.833
99.863
99.886
99.904
99.918
99.927
99.934
99.938
99.94
99.94
99.938
99.934
99.927
99.918
99.904
99.886
99.863
99.833
99.794
99.745
99.683
99.604
99.506
99.384
99.232
99.047
98.82
98.543
98.21
97.809
97.329
96.76
96.088
95.298
94.376
93.307
92.073
90.657
89.043
87.215
85.154
82.847
80.278
77.437
74.311
70.895
67.183
63.175
58.873
54.283
49.417
44.289
38.918
33.328
27.545
21.598
15.522
9.3517
3.1237
-3.1151
-9.3074
-15.451
-15.452
-9.308
-3.1153
3.1239
9.3523
15.523
21.6
27.546
33.33
38.921
44.292
49.42
54.287
58.877
63.179
67.188
70.9
74.316
77.442
80.284
82.852
85.16
87.22
89.049
90.663
92.079
93.313
94.383
95.305
96.094
96.767
97.336
97.815
98.216
98.55
98.826
99.053
99.239
99.39
99.512
99.611
99.689
99.752
99.801
99.84
99.87
99.893
99.911
99.924
99.934
99.941
99.945
99.947
99.947
99.945
99.941
99.934
99.924
99.911
99.893
99.87
99.84
99.801
99.752
99.689
99.611
99.512
99.39
99.239
99.053
98.826
98.55
98.216
97.815
97.336
96.767
96.094
95.305
94.383
93.313
92.079
90.663
89.049
87.22
85.16
82.852
80.284
77.442
74.316
70.9
67.188
63.179
58.877
54.287
49.42
44.292
38.921
33.33
27.546
21.6
15.523
9.3523
3.1239
-3.1153
-9.308
-15.452
-15.453
-9.3084
-3.1154
3.124
9.3527
15.524
21.601
27.548
33.332
38.923
44.294
49.422
54.289
58.879
63.182
67.191
70.903
74.319
77.445
80.287
82.856
85.163
87.224
89.053
90.667
92.083
93.317
94.387
95.309
96.098
96.771
97.34
97.819
98.221
98.554
98.83
99.058
99.243
99.395
99.517
99.615
99.694
99.756
99.805
99.844
99.874
99.897
99.915
99.929
99.938
99.945
99.949
99.952
99.952
99.949
99.945
99.938
99.929
99.915
99.897
99.874
99.844
99.805
99.756
99.694
99.615
99.517
99.395
99.243
99.058
98.83
98.554
98.221
97.819
97.34
96.771
96.098
95.309
94.387
93.317
92.083
90.667
89.053
87.224
85.163
82.856
80.287
77.445
74.319
70.903
67.191
63.182
58.879
54.289
49.422
44.294
38.923
33.332
27.548
21.601
15.524
9.3527
3.124
-3.1154
-9.3084
-15.453
-15.453
-9.3086
-3.1155
3.1241
9.3529
15.524
21.601
27.548
33.332
38.923
44.295
49.423
54.29
58.88
63.183
67.192
70.904
74.321
77.447
80.289
82.858
85.165
87.226
89.055
90.669
92.085
93.319
94.389
95.311
96.1
96.773
97.342
97.821
98.223
98.556
98.832
99.06
99.245
99.397
99.519
99.617
99.696
99.758
99.807
99.846
99.876
99.9
99.917
99.931
99.94
99.947
99.952
99.954
99.954
99.952
99.947
99.94
99.931
99.917
99.9
99.876
99.846
99.807
99.758
99.696
99.617
99.519
99.397
99.245
99.06
98.832
98.556
98.223
97.821
97.342
96.773
96.1
95.311
94.389
93.319
92.085
90.669
89.055
87.226
85.165
82.858
80.289
77.447
74.321
70.904
67.192
63.183
58.88
54.29
49.423
44.295
38.923
33.332
27.548
21.601
15.524
9.3529
3.1241
-3.1155
-9.3086
-15.453
-15.453
-9.3086
-3.1155
3.1241
9.3529
15.524
21.601
27.548
33.332
38.923
44.295
49.423
54.29
58.88
63.183
67.192
70.904
74.321
77.447
80.289
82.858
85.165
87.226
89.055
90.669
92.085
93.319
94.389
95.311
96.1
96.773
97.342
97.821
98.223
98.556
98.832
99.06
99.245
99.397
99.519
99.617
99.696
99.758
99.807
99.846
99.876
99.9
99.917
99.931
99.94
99.947
99.952
99.954
99.954
99.952
99.947
99.94
99.931
99.917
99.9
99.876
99.846
99.807
99.758
99.696
99.617
99.519
99.397
99.245
99.06
98.832
98.556
98.223
97.821
97.342
96.773
96.1
95.311
94.389
93.319
92.085
90.669
89.055
87.226
85.165
82.858
80.289
77.447
74.321
70.904
67.192
63.183
58.88
54.29
49.423
44.295
38.923
33.332
27.548
21.601
15.524
9.3529
3.1241
-3.1155
-9.3086
-15.453
-15.453
-9.3084
-3.1154
3.124
9.3527
15.524
21.601
27.548
33.332
38.923
44.294
49.422
54.289
58.879
63.182
67.191
70.903
74.319
77.445
80.287
82.856
85.163
87.224
89.053
90.667
92.083
93.317
94.387
95.309
96.098
96.771
97.34
97.819
98.221
98.554
98.83
99.058
99.243
99.395
99.517
99.615
99.694
99.756
99.805
99.844
99.874
99.897
99.915
99.929
99.938
99.945
99.949
99.952
99.952
99.949
99.945
99.938
99.929
99.915
99.897
99.874
99.844
99.805
99.756
99.694
99.615
99.517
99.395
99.243
99.058
98.83
98.554
98.221
97.819
97.34
96.771
96.098
95.309
94.387
93.317
92.083
90.667
89.053
87.224
85.163
82.856
80.287
77.445
74.319
70.903
67.191
63.182
58.879
54.289
49.422
44.294
38.923
33.332
27.548
21.601
15.524
9.3527
3.124
-3.1154
-9.3084
-15.453
-15.452
-9.308
-3.1153
3.1239
9.3523
15.523
21.6
27.546
33.33
38.921
44.292
49.42
54.287
58.877
63.179
67.188
70.9
74.316
77.442
80.284
82.852
85.16
87.22
89.049
90.663
92.079
93.313
94.383
95.305
96.094
96.767
97.336
97.815
98.216
98.55
98.826
99.053
99.239
99.39
99.512
99.611
99.689
99.752
99.801
99.84
99.87
99.893
99.911
99.924
99.934
99.941
99.945
99.947
99.947
99.945
99.941
99.934
99.924
99.911
99.893
99.87
99.84
99.801
99.752
99.689
99.611
99.512
99.39
99.239
99.053
98.826
98.55
98.216
97.815
97.336
96.767
96.094
95.305
94.383
93.313
92.079
90.663
89.049
87.22
85.16
82.852
80.284
77.442
74.316
70.9
67.188
63.179
58.877
54.287
49.42
44.292
38.921
33.33
27.546
21.6
15.523
9.3523
3.1239
-3.1153
-9.308
-15.452
-15.451
-9.3074
-3.1151
3.1237
9.3517
15.522
21.598
27.545
33.328
38.918
44.289
49.417
54.283
58.873
63.175
67.183
70.895
74.311
77.437
80.278
82.847
85.154
87.215
89.043
90.657
92.073
93.307
94.376
95.298
96.088
96.76
97.329
97.809
98.21
98.543
98.82
99.047
99.232
99.384
99.506
99.604
99.683
99.745
99.794
99.833
99.863
99.886
99.904
99.918
99.927
99.934
99.938
99.94
99.94
99.938
99.934
99.927
99.918
99.904
99.886
99.863
99.833
99.794
99.745
99.683
99.604
99.506
99.384
99.232
99.047
98.82
98.543
98.21
97.809
97.329
96.76
96.088
95.298
94.376
93.307
92.073
90.657
89.043
87.215
85.154
82.847
80.278
77.437
74.311
70.895
67.183
63.175
58.873
54.283
49.417
44.289
38.918
33.328
27.545
21.598
15.522
9.3517
3.1237
-3.1151
-9.3074
-15.451
-15.449
-9.3065
-3.1148
3.1234
9.3508
15.521
21.596
27.542
33.325
38.915
44.285
49.412
54.278
58.867
63.169
67.177
70.888
74.304
77.429
80.271
82.839
85.146
87.206
89.035
90.648
92.064
93.298
94.367
95.289
96.078
96.751
97.32
97.799
98.2
98.534
98.81
99.037
99.223
99.374
99.496
99.594
99.673
99.735
99.785
99.823
99.853
99.877
99.894
99.908
99.918
99.924
99.929
99.931
99.931
99.929
99.924
99.918
99.908
99.894
99.877
99.853
99.823
99.785
99.735
99.673
99.594
99.496
99.374
99.223
99.037
98.81
98.534
98.2
97.799
97.32
96.751
96.078
95.289
94.367
93.298
92.064
90.648
89.035
87.206
85.146
82.839
80.271
77.429
74.304
70.888
67.177
63.169
58.867
54.278
49.412
44.285
38.915
33.325
27.542
21.596
15.521
9.3508
3.1234
-3.1148
-9.3065
-15.449
-15.447
-9.3053
-3.1144
3.1229
9.3496
15.519
21.594
27.538
33.32
38.91
44.279
49.406
54.271
58.859
63.161
67.168
70.879
74.294
77.419
80.26
82.828
85.135
87.195
89.023
90.636
92.051
93.285
94.355
95.276
96.066
96.738
97.307
97.786
98.187
98.521
98.797
99.024
99.21
99.361
99.483
99.581
99.659
99.722
99.771
99.81
99.84
99.863
99.881
99.894
99.904
99.911
99.915
99.917
99.917
99.915
99.911
99.904
99.894
99.881
99.863
99.84
99.81
99.771
99.722
99.659
99.581
99.483
99.361
99.21
99.024
98.797
98.521
98.187
97.786
97.307
96.738
96.066
95.276
94.355
93.285
92.051
90.636
89.023
87.195
85.135
82.828
80.26
77.419
74.294
70.879
67.168
63.161
58.859
54.271
49.406
44.279
38.91
33.32
27.538
21.594
15.519
9.3496
3.1229
-3.1144
-9.3053
-15.447
-15.445
-9.3037
-3.1138
3.1224
9.348
15.516
21.59
27.534
33.315
38.903
44.271
49.397
54.261
58.849
63.149
67.156
70.866
74.281
77.405
80.246
82.813
85.12
87.179
89.007
90.62
92.035
93.269
94.338
95.259
96.049
96.721
97.29
97.769
98.17
98.503
98.779
99.006
99.192
99.343
99.465
99.563
99.642
99.704
99.753
99.792
99.822
99.846
99.863
99.877
99.886
99.893
99.897
99.9
99.9
99.897
99.893
99.886
99.877
99.863
99.846
99.822
99.792
99.753
99.704
99.642
99.563
99.465
99.343
99.192
99.006
98.779
98.503
98.17
97.769
97.29
96.721
96.049
95.259
94.338
93.269
92.035
90.62
89.007
87.179
85.12
82.813
80.246
77.405
74.281
70.866
67.156
63.149
58.849
54.261
49.397
44.271
38.903
33.315
27.534
21.59
15.516
9.348
3.1224
-3.1138
-9.3037
-15.445
-15.441
-9.3015
-3.1131
3.1217
9.3458
15.513
21.585
27.527
33.307
38.894
44.261
49.386
54.249
58.835
63.135
67.141
70.85
74.264
77.387
80.227
82.794
85.1
87.159
88.987
90.599
92.014
93.247
94.316
95.237
96.026
96.698
97.267
97.746
98.147
98.48
98.756
98.983
99.169
99.32
99.442
99.54
99.619
99.681
99.73
99.769
99.799
99.822
99.84
99.853
99.863
99.87
99.874
99.876
99.876
99.874
99.87
99.863
99.853
99.84
99.822
99.799
99.769
99.73
99.681
99.619
99.54
99.442
99.32
99.169
98.983
98.756
98.48
98.147
97.746
97.267
96.698
96.026
95.237
94.316
93.247
92.014
90.599
88.987
87.159
85.1
82.794
80.227
77.387
74.264
70.85
67.141
63.135
58.835
54.249
49.386
44.261
38.894
33.307
27.527
21.585
15.513
9.3458
3.1217
-3.1131
-9.3015
-15.441
-15.437
-9.2988
-3.1122
3.1208
9.343
15.508
21.578
27.519
33.297
38.882
44.248
49.371
54.233
58.818
63.116
67.121
70.829
74.242
77.364
80.203
82.769
85.074
87.133
88.96
90.572
91.986
93.219
94.288
95.209
95.997
96.669
97.238
97.717
98.117
98.451
98.726
98.953
99.139
99.29
99.412
99.51
99.588
99.651
99.7
99.739
99.769
99.792
99.81
99.823
99.833
99.84
99.844
99.846
99.846
99.844
99.84
99.833
99.823
99.81
99.792
99.769
99.739
99.7
99.651
99.588
99.51
99.412
99.29
99.139
98.953
98.726
98.451
98.117
97.717
97.238
96.669
95.997
95.209
94.288
93.219
91.986
90.572
88.96
87.133
85.074
82.769
80.203
77.364
74.242
70.829
67.121
63.116
58.818
54.233
49.371
44.248
38.882
33.297
27.519
21.578
15.508
9.343
3.1208
-3.1122
-9.2988
-15.437
-15.431
-9.2952
-3.111
3.1196
9.3395
15.502
21.57
27.509
33.284
38.867
44.231
49.352
54.212
58.795
63.092
67.095
70.802
74.214
77.335
80.173
82.737
85.042
87.099
88.926
90.537
91.951
93.183
94.251
95.172
95.96
96.632
97.2
97.679
98.079
98.412
98.688
98.915
99.1
99.251
99.373
99.471
99.55
99.612
99.661
99.7
99.73
99.753
99.771
99.785
99.794
99.801
99.805
99.807
99.807
99.805
99.801
99.794
99.785
99.771
99.753
99.73
99.7
99.661
99.612
99.55
99.471
99.373
99.251
99.1
98.915
98.688
98.412
98.079
97.679
97.2
96.632
95.96
95.172
94.251
93.183
91.951
90.537
88.926
87.099
85.042
82.737
80.173
77.335
74.214
70.802
67.095
63.092
58.795
54.212
49.352
44.231
38.867
33.284
27.509
21.57
15.502
9.3395
3.1196
-3.111
-9.2952
-15.431
-15.423
-9.2907
-3.1095
3.1181
9.3349
15.495
21.56
27.495
33.268
38.848
44.209
49.328
54.186
58.767
63.061
67.062
70.767
74.177
77.297
80.133
82.697
85
87.057
88.882
90.493
91.906
93.137
94.205
95.125
95.913
96.584
97.152
97.631
98.031
98.364
98.639
98.866
99.052
99.202
99.324
99.422
99.501
99.563
99.612
99.651
99.681
99.704
99.722
99.735
99.745
99.752
99.756
99.758
99.758
99.756
99.752
99.745
99.735
99.722
99.704
99.681
99.651
99.612
99.563
99.501
99.422
99.324
99.202
99.052
98.866
98.639
98.364
98.031
97.631
97.152
96.584
95.913
95.125
94.205
93.137
91.906
90.493
88.882
87.057
85
82.697
80.133
77.297
74.177
70.767
67.062
63.061
58.767
54.186
49.328
44.209
38.848
33.268
27.495
21.56
15.495
9.3349
3.1181
-3.1095
-9.2907
-15.423
-15.414
-9.285
-3.1076
3.1161
9.3292
15.485
21.546
27.478
33.248
38.825
44.182
49.298
54.152
58.73
63.022
67.021
70.723
74.131
77.249
80.084
82.646
84.947
87.002
88.827
90.436
91.848
93.079
94.146
95.066
95.853
96.524
97.092
97.57
97.97
98.302
98.578
98.804
98.99
99.14
99.262
99.36
99.438
99.501
99.55
99.588
99.619
99.642
99.659
99.673
99.683
99.689
99.694
99.696
99.696
99.694
99.689
99.683
99.673
99.659
99.642
99.619
99.588
99.55
99.501
99.438
99.36
99.262
99.14
98.99
98.804
98.578
98.302
97.97
97.57
97.092
96.524
95.853
95.066
94.146
93.079
91.848
90.436
88.827
87.002
84.947
82.646
80.084
77.249
74.131
70.723
67.021
63.022
58.73
54.152
49.298
44.182
38.825
33.248
27.478
21.546
15.485
9.3292
3.1161
-3.1076
-9.285
-15.414
-15.402
-9.2778
-3.1052
3.1137
9.322
15.473
21.53
27.457
33.222
38.794
44.148
49.259
54.11
58.685
62.973
66.968
70.668
74.073
77.189
80.021
82.581
84.881
86.934
88.757
90.366
91.776
93.006
94.072
94.991
95.778
96.448
97.015
97.493
97.893
98.225
98.5
98.727
98.912
99.062
99.184
99.282
99.36
99.422
99.471
99.51
99.54
99.563
99.581
99.594
99.604
99.611
99.615
99.617
99.617
99.615
99.611
99.604
99.594
99.581
99.563
99.54
99.51
99.471
99.422
99.36
99.282
99.184
99.062
98.912
98.727
98.5
98.225
97.893
97.493
97.015
96.448
95.778
94.991
94.072
93.006
91.776
90.366
88.757
86.934
84.881
82.581
80.021
77.189
74.073
70.668
66.968
62.973
58.685
54.11
49.259
44.148
38.794
33.222
27.457
21.53
15.473
9.322
3.1137
-3.1052
-9.2778
-15.402
-15.387
-9.2688
-3.1021
3.1107
9.3129
15.458
21.509
27.43
33.19
38.757
44.105
49.211
54.057
58.627
62.912
66.903
70.599
74.001
77.113
79.943
82.5
84.798
86.849
88.67
90.277
91.686
92.915
93.98
94.898
95.684
96.353
96.92
97.397
97.796
98.128
98.403
98.629
98.814
98.965
99.086
99.184
99.262
99.324
99.373
99.412
99.442
99.465
99.483
99.496
99.506
99.512
99.517
99.519
99.519
99.517
99.512
99.506
99.496
99.483
99.465
99.442
99.412
99.373
99.324
99.262
99.184
99.086
98.965
98.814
98.629
98.403
98.128
97.796
97.397
96.92
96.353
95.684
94.898
93.98
92.915
91.686
90.277
88.67
86.849
84.798
82.5
79.943
77.113
74.001
70.599
66.903
62.912
58.627
54.057
49.211
44.105
38.757
33.19
27.43
21.509
15.458
9.3129
3.1107
-3.1021
-9.2688
-15.387
-15.368
-9.2575
-3.0984
3.1069
9.3016
15.439
21.483
27.397
33.149
38.71
44.051
49.152
53.991
58.556
62.835
66.822
70.513
73.911
77.019
79.845
82.399
84.694
86.743
88.562
90.167
91.574
92.801
93.865
94.781
95.566
96.235
96.801
97.277
97.676
98.008
98.282
98.508
98.693
98.843
98.965
99.062
99.14
99.202
99.251
99.29
99.32
99.343
99.361
99.374
99.384
99.39
99.395
99.397
99.397
99.395
99.39
99.384
99.374
99.361
99.343
99.32
99.29
99.251
99.202
99.14
99.062
98.965
98.843
98.693
98.508
98.282
98.008
97.676
97.277
96.801
96.235
95.566
94.781
93.865
92.801
91.574
90.167
88.562
86.743
84.694
82.399
79.845
77.019
73.911
70.513
66.822
62.835
58.556
53.991
49.152
44.051
38.71
33.149
27.397
21.483
15.439
9.3016
3.1069
-3.0984
-9.2575
-15.368
-15.345
-9.2436
-3.0937
3.1023
9.2876
15.416
21.45
27.356
33.099
38.651
43.985
49.078
53.91
58.468
62.741
66.721
70.407
73.799
76.903
79.725
82.275
84.566
86.612
88.428
90.03
91.435
92.661
93.723
94.638
95.422
96.089
96.654
97.13
97.528
97.859
98.133
98.359
98.543
98.693
98.814
98.912
98.99
99.052
99.1
99.139
99.169
99.192
99.21
99.223
99.232
99.239
99.243
99.245
99.245
99.243
99.239
99.232
99.223
99.21
99.192
99.169
99.139
99.1
99.052
98.99
98.912
98.814
98.693
98.543
98.359
98.133
97.859
97.528
97.13
96.654
96.089
95.422
94.638
93.723
92.661
91.435
90.03
88.428
86.612
84.566
82.275
79.725
76.903
73.799
70.407
66.721
62.741
58.468
53.91
49.078
43.985
38.651
33.099
27.356
21.45
15.416
9.2876
3.1023
-3.0937
-9.2436
-15.345
-15.317
-9.2265
-3.088
3.0965
9.2705
15.387
21.411
27.305
33.038
38.58
43.904
48.987
53.81
58.36
62.624
66.597
70.276
73.662
76.76
79.576
82.122
84.409
86.451
88.263
89.862
91.265
92.488
93.548
94.461
95.243
95.909
96.473
96.948
97.346
97.676
97.95
98.175
98.359
98.508
98.629
98.727
98.804
98.866
98.915
98.953
98.983
99.006
99.024
99.037
99.047
99.053
99.058
99.06
99.06
99.058
99.053
99.047
99.037
99.024
99.006
98.983
98.953
98.915
98.866
98.804
98.727
98.629
98.508
98.359
98.175
97.95
97.676
97.346
96.948
96.473
95.909
95.243
94.461
93.548
92.488
91.265
89.862
88.263
86.451
84.409
82.122
79.576
76.76
73.662
70.276
66.597
62.624
58.36
53.81
48.987
43.904
38.58
33.038
27.305
21.411
15.387
9.2705
3.0965
-3.088
-9.2265
-15.317
-15.282
-9.2056
-3.081
3.0895
9.2494
15.353
21.362
27.243
32.963
38.492
43.804
48.875
53.688
58.227
62.482
66.446
70.116
73.495
76.585
79.395
81.935
84.216
86.253
88.062
89.657
91.056
92.276
93.334
94.245
95.025
95.69
96.253
96.726
97.123
97.452
97.725
97.95
98.133
98.282
98.403
98.5
98.578
98.639
98.688
98.726
98.756
98.779
98.797
98.81
98.82
98.826
98.83
98.832
98.832
98.83
98.826
98.82
98.81
98.797
98.779
98.756
98.726
98.688
98.639
98.578
98.5
98.403
98.282
98.133
97.95
97.725
97.452
97.123
96.726
96.253
95.69
95.025
94.245
93.334
92.276
91.056
89.657
88.062
86.253
84.216
81.935
79.395
76.585
73.495
70.116
66.446
62.482
58.227
53.688
48.875
43.804
38.492
32.963
27.243
21.362
15.353
9.2494
3.0895
-3.081
-9.2056
-15.282
-15.24
-9.1802
-3.0725
3.081
9.2239
15.31
21.303
27.168
32.872
38.386
43.683
48.74
53.539
58.066
62.309
66.261
69.922
73.291
76.372
79.175
81.707
83.982
86.013
87.817
89.407
90.803
92.019
93.074
93.982
94.76
95.423
95.984
96.456
96.852
97.18
97.452
97.676
97.859
98.008
98.128
98.225
98.302
98.364
98.412
98.451
98.48
98.503
98.521
98.534
98.543
98.55
98.554
98.556
98.556
98.554
98.55
98.543
98.534
98.521
98.503
98.48
98.451
98.412
98.364
98.302
98.225
98.128
98.008
97.859
97.676
97.452
97.18
96.852
96.456
95.984
95.423
94.76
93.982
93.074
92.019
90.803
89.407
87.817
86.013
83.982
81.707
79.175
76.372
73.291
69.922
66.261
62.309
58.066
53.539
48.74
43.683
38.386
32.872
27.168
21.303
15.31
9.2239
3.081
-3.0725
-9.1802
-15.24
-15.189
-9.1494
-3.0622
3.0706
9.1929
15.259
21.232
27.077
32.762
38.257
43.536
48.576
53.36
57.871
62.099
66.039
69.687
73.044
76.115
78.908
81.432
83.699
85.723
87.52
89.106
90.496
91.709
92.759
93.665
94.44
95.1
95.66
96.13
96.524
96.852
97.123
97.346
97.528
97.676
97.796
97.893
97.97
98.031
98.079
98.117
98.147
98.17
98.187
98.2
98.21
98.216
98.221
98.223
98.223
98.221
98.216
98.21
98.2
98.187
98.17
98.147
98.117
98.079
98.031
97.97
97.893
97.796
97.676
97.528
97.346
97.123
96.852
96.524
96.13
95.66
95.1
94.44
93.665
92.759
91.709
90.496
89.106
87.52
85.723
83.699
81.432
78.908
76.115
73.044
69.687
66.039
62.099
57.871
53.36
48.576
43.536
38.257
32.762
27.077
21.232
15.259
9.1929
3.0706
-3.0622
-9.1494
-15.189
-15.127
-9.1124
-3.0498
3.0582
9.1557
15.197
21.146
26.967
32.629
38.102
43.36
48.38
53.143
57.636
61.847
65.771
69.404
72.747
75.806
78.587
81.101
83.359
85.375
87.164
88.743
90.128
91.335
92.381
93.283
94.055
94.713
95.269
95.738
96.13
96.456
96.726
96.948
97.13
97.277
97.397
97.493
97.57
97.631
97.679
97.717
97.746
97.769
97.786
97.799
97.809
97.815
97.819
97.821
97.821
97.819
97.815
97.809
97.799
97.786
97.769
97.746
97.717
97.679
97.631
97.57
97.493
97.397
97.277
97.13
96.948
96.726
96.456
96.13
95.738
95.269
94.713
94.055
93.283
92.381
91.335
90.128
88.743
87.164
85.375
83.359
81.101
78.587
75.806
72.747
69.404
65.771
61.847
57.636
53.143
48.38
43.36
38.102
32.629
26.967
21.146
15.197
9.1557
3.0582
-3.0498
-9.1124
-15.127
-15.054
-9.0681
-3.035
3.0433
9.1112
15.123
21.043
26.836
32.47
37.917
43.149
48.144
52.885
57.355
61.546
65.45
69.066
72.393
75.437
78.204
80.705
82.952
84.958
86.738
88.309
89.687
90.889
91.93
92.827
93.595
94.249
94.803
95.269
95.66
95.984
96.253
96.473
96.654
96.801
96.92
97.015
97.092
97.152
97.2
97.238
97.267
97.29
97.307
97.32
97.329
97.336
97.34
97.342
97.342
97.34
97.336
97.329
97.32
97.307
97.29
97.267
97.238
97.2
97.152
97.092
97.015
96.92
96.801
96.654
96.473
96.253
95.984
95.66
95.269
94.803
94.249
93.595
92.827
91.93
90.889
89.687
88.309
86.738
84.958
82.952
80.705
78.204
75.437
72.393
69.066
65.45
61.546
57.355
52.885
48.144
43.149
37.917
32.47
26.836
21.043
15.123
9.1112
3.0433
-3.035
-9.0681
-15.054
-14.966
-9.0155
-3.0174
3.0257
9.0584
15.035
20.921
26.68
32.282
37.697
42.898
47.865
52.577
57.022
61.188
65.07
68.664
71.972
74.997
77.749
80.235
82.468
84.463
86.233
87.794
89.164
90.358
91.393
92.285
93.048
93.699
94.249
94.713
95.1
95.423
95.69
95.909
96.089
96.235
96.353
96.448
96.524
96.584
96.632
96.669
96.698
96.721
96.738
96.751
96.76
96.767
96.771
96.773
96.773
96.771
96.767
96.76
96.751
96.738
96.721
96.698
96.669
96.632
96.584
96.524
96.448
96.353
96.235
96.089
95.909
95.69
95.423
95.1
94.713
94.249
93.699
93.048
92.285
91.393
90.358
89.164
87.794
86.233
84.463
82.468
80.235
77.749
74.997
71.972
68.664
65.07
61.188
57.022
52.577
47.865
42.898
37.697
32.282
26.68
20.921
15.035
9.0584
3.0257
-3.0174
-9.0155
-14.966
-14.863
-8.9533
-2.9965
3.0048
8.9959
14.932
20.776
26.496
32.059
37.436
42.602
47.534
52.214
56.628
60.765
64.62
68.189
71.474
74.478
77.21
79.679
81.897
83.877
85.635
87.186
88.546
89.731
90.759
91.644
92.403
93.048
93.595
94.055
94.44
94.76
95.025
95.243
95.422
95.566
95.684
95.778
95.853
95.913
95.96
95.997
96.026
96.049
96.066
96.078
96.088
96.094
96.098
96.1
96.1
96.098
96.094
96.088
96.078
96.066
96.049
96.026
95.997
95.96
95.913
95.853
95.778
95.684
95.566
95.422
95.243
95.025
94.76
94.44
94.055
93.595
93.048
92.403
91.644
90.759
89.731
88.546
87.186
85.635
83.877
81.897
79.679
77.21
74.478
71.474
68.189
64.62
60.765
56.628
52.214
47.534
42.602
37.436
32.059
26.496
20.776
14.932
8.9959
3.0048
-2.9965
-8.9533
-14.863
-14.742
-8.8802
-2.9721
2.9803
8.9224
14.81
20.607
26.28
31.797
37.131
42.254
47.146
51.787
56.165
60.269
64.091
67.631
70.889
73.869
76.578
79.027
81.226
83.19
84.933
86.471
87.82
88.996
90.015
90.892
91.644
92.285
92.827
93.283
93.665
93.982
94.245
94.461
94.638
94.781
94.898
94.991
95.066
95.125
95.172
95.209
95.237
95.259
95.276
95.289
95.298
95.305
95.309
95.311
95.311
95.309
95.305
95.298
95.289
95.276
95.259
95.237
95.209
95.172
95.125
95.066
94.991
94.898
94.781
94.638
94.461
94.245
93.982
93.665
93.283
92.827
92.285
91.644
90.892
90.015
88.996
87.82
86.471
84.933
83.19
81.226
79.027
76.578
73.869
70.889
67.631
64.091
60.269
56.165
51.787
47.146
42.254
37.131
31.797
26.28
20.607
14.81
8.9224
2.9803
-2.9721
-8.8802
-14.742
-14.6
-8.7949
-2.9435
2.9516
8.8367
14.667
20.409
26.027
31.492
36.773
41.848
46.692
51.289
55.625
59.688
63.474
66.98
70.206
73.157
75.84
78.265
80.443
82.388
84.114
85.637
86.972
88.136
89.145
90.015
90.759
91.393
91.93
92.381
92.759
93.074
93.334
93.548
93.723
93.865
93.98
94.072
94.146
94.205
94.251
94.288
94.316
94.338
94.355
94.367
94.376
94.383
94.387
94.389
94.389
94.387
94.383
94.376
94.367
94.355
94.338
94.316
94.288
94.251
94.205
94.146
94.072
93.98
93.865
93.723
93.548
93.334
93.074
92.759
92.381
91.93
91.393
90.759
90.015
89.145
88.136
86.972
85.637
84.114
82.388
80.443
78.265
75.84
73.157
70.206
66.98
63.474
59.688
55.625
51.289
46.692
41.848
36.773
31.492
26.027
20.409
14.667
8.8367
2.9516
-2.9435
-8.7949
-14.6
-14.435
-8.6958
-2.9103
2.9184
8.7371
14.502
20.179
25.734
31.137
36.359
41.376
46.165
50.71
54.997
59.015
62.758
66.223
69.413
72.331
74.983
77.38
79.534
81.456
83.162
84.668
85.988
87.139
88.136
88.996
89.731
90.358
90.889
91.335
91.709
92.019
92.276
92.488
92.661
92.801
92.915
93.006
93.079
93.137
93.183
93.219
93.247
93.269
93.285
93.298
93.307
93.313
93.317
93.319
93.319
93.317
93.313
93.307
93.298
93.285
93.269
93.247
93.219
93.183
93.137
93.079
93.006
92.915
92.801
92.661
92.488
92.276
92.019
91.709
91.335
90.889
90.358
89.731
88.996
88.136
87.139
85.988
84.668
83.162
81.456
79.534
77.38
74.983
72.331
69.413
66.223
62.758
59.015
54.997
50.71
46.165
41.376
36.359
31.137
25.734
20.179
14.502
8.7371
2.9184
-2.9103
-8.6958
-14.435
-14.246
-8.5813
-2.872
2.88
8.6221
14.311
19.913
25.395
30.727
35.88
40.831
45.557
50.043
54.272
58.237
61.931
65.351
68.498
71.377
73.994
76.359
78.484
80.381
82.065
83.55
84.852
85.988
86.972
87.82
88.546
89.164
89.687
90.128
90.496
90.803
91.056
91.265
91.435
91.574
91.686
91.776
91.848
91.906
91.951
91.986
92.014
92.035
92.051
92.064
92.073
92.079
92.083
92.085
92.085
92.083
92.079
92.073
92.064
92.051
92.035
92.014
91.986
91.951
91.906
91.848
91.776
91.686
91.574
91.435
91.265
91.056
90.803
90.496
90.128
89.687
89.164
88.546
87.82
86.972
85.988
84.852
83.55
82.065
80.381
78.484
76.359
73.994
71.377
68.498
65.351
61.931
58.237
54.272
50.043
45.557
40.831
35.88
30.727
25.395
19.913
14.311
8.6221
2.88
-2.872
-8.5813
-14.246
-14.028
-8.45
-2.8281
2.8359
8.4902
14.092
19.608
25.006
30.256
35.331
40.206
44.86
49.276
53.441
57.345
60.982
64.349
67.448
70.282
72.86
75.188
77.28
79.148
80.805
82.268
83.55
84.668
85.637
86.471
87.186
87.794
88.309
88.743
89.106
89.407
89.657
89.862
90.03
90.167
90.277
90.366
90.436
90.493
90.537
90.572
90.599
90.62
90.636
90.648
90.657
90.663
90.667
90.669
90.669
90.667
90.663
90.657
90.648
90.636
90.62
90.599
90.572
90.537
90.493
90.436
90.366
90.277
90.167
90.03
89.862
89.657
89.407
89.106
88.743
88.309
87.794
87.186
86.471
85.637
84.668
83.55
82.268
80.805
79.148
77.28
75.188
72.86
70.282
67.448
64.349
60.982
57.345
53.441
49.276
44.86
40.206
35.331
30.256
25.006
19.608
14.092
8.4902
2.8359
-2.8281
-8.45
-14.028
-13.779
-8.3002
-2.778
2.7856
8.3397
13.842
19.261
24.563
29.72
34.704
39.493
44.064
48.402
52.493
56.327
59.899
63.207
66.25
69.034
71.566
73.853
75.907
77.741
79.369
80.805
82.065
83.162
84.114
84.933
85.635
86.233
86.738
87.164
87.52
87.817
88.062
88.263
88.428
88.562
88.67
88.757
88.827
88.882
88.926
88.96
88.987
89.007
89.023
89.035
89.043
89.049
89.053
89.055
89.055
89.053
89.049
89.043
89.035
89.023
89.007
88.987
88.96
88.926
88.882
88.827
88.757
88.67
88.562
88.428
88.263
88.062
87.817
87.52
87.164
86.738
86.233
85.635
84.933
84.114
83.162
82.065
80.805
79.369
77.741
75.907
73.853
71.566
69.034
66.25
63.207
59.899
56.327
52.493
48.402
44.064
39.493
34.704
29.72
24.563
19.261
13.842
8.3397
2.7856
-2.778
-8.3002
-13.779
-13.497
-8.1304
-2.7211
2.7286
8.169
13.559
18.867
24.06
29.112
33.994
38.684
43.162
47.411
51.418
55.174
58.672
61.912
64.893
67.62
70.099
72.339
74.351
76.147
77.741
79.148
80.381
81.456
82.388
83.19
83.877
84.463
84.958
85.375
85.723
86.013
86.253
86.451
86.612
86.743
86.849
86.934
87.002
87.057
87.099
87.133
87.159
87.179
87.195
87.206
87.215
87.22
87.224
87.226
87.226
87.224
87.22
87.215
87.206
87.195
87.179
87.159
87.133
87.099
87.057
87.002
86.934
86.849
86.743
86.612
86.451
86.253
86.013
85.723
85.375
84.958
84.463
83.877
83.19
82.388
81.456
80.381
79.148
77.741
76.147
74.351
72.339
70.099
67.62
64.893
61.912
58.672
55.174
51.418
47.411
43.162
38.684
33.994
29.112
24.06
18.867
13.559
8.169
2.7286
-2.7211
-8.1304
-13.497
-13.179
-7.939
-2.6571
2.6644
7.9767
13.24
18.422
23.494
28.426
33.193
37.773
42.145
46.294
50.206
53.874
57.29
60.452
63.363
66.025
68.446
70.633
72.597
74.351
75.907
77.28
78.484
79.534
80.443
81.226
81.897
82.468
82.952
83.359
83.699
83.982
84.216
84.409
84.566
84.694
84.798
84.881
84.947
85
85.042
85.074
85.1
85.12
85.135
85.146
85.154
85.16
85.163
85.165
85.165
85.163
85.16
85.154
85.146
85.135
85.12
85.1
85.074
85.042
85
84.947
84.881
84.798
84.694
84.566
84.409
84.216
83.982
83.699
83.359
82.952
82.468
81.897
81.226
80.443
79.534
78.484
77.28
75.907
74.351
72.597
70.633
68.446
66.025
63.363
60.452
57.29
53.874
50.206
46.294
42.145
37.773
33.193
28.426
23.494
18.422
13.24
7.9767
2.6644
-2.6571
-7.939
-13.179
-12.823
-7.7245
-2.5853
2.5924
7.7612
12.882
17.925
22.859
27.658
32.296
36.752
41.006
45.043
48.849
52.417
55.741
58.818
61.649
64.239
66.594
68.722
70.633
72.339
73.853
75.188
76.359
77.38
78.265
79.027
79.679
80.235
80.705
81.101
81.432
81.707
81.935
82.122
82.275
82.399
82.5
82.581
82.646
82.697
82.737
82.769
82.794
82.813
82.828
82.839
82.847
82.852
82.856
82.858
82.858
82.856
82.852
82.847
82.839
82.828
82.813
82.794
82.769
82.737
82.697
82.646
82.581
82.5
82.399
82.275
82.122
81.935
81.707
81.432
81.101
80.705
80.235
79.679
79.027
78.265
77.38
76.359
75.188
73.853
72.339
70.633
68.722
66.594
64.239
61.649
58.818
55.741
52.417
48.849
45.043
41.006
36.752
32.296
27.658
22.859
17.925
12.882
7.7612
2.5924
-2.5853
-7.7245
-12.823
-12.427
-7.4857
-2.5053
2.5122
7.5212
12.484
17.37
22.152
26.803
31.298
35.615
39.738
43.649
47.338
50.795
54.016
56.997
59.741
62.251
64.532
66.594
68.446
70.099
71.566
72.86
73.994
74.983
75.84
76.578
77.21
77.749
78.204
78.587
78.908
79.175
79.395
79.576
79.725
79.845
79.943
80.021
80.084
80.133
80.173
80.203
80.227
80.246
80.26
80.271
80.278
80.284
80.287
80.289
80.289
80.287
80.284
80.278
80.271
80.26
80.246
80.227
80.203
80.173
80.133
80.084
80.021
79.943
79.845
79.725
79.576
79.395
79.175
78.908
78.587
78.204
77.749
77.21
76.578
75.84
74.983
73.994
72.86
71.566
70.099
68.446
66.594
64.532
62.251
59.741
56.997
54.016
50.795
47.338
43.649
39.738
35.615
31.298
26.803
22.152
17.37
12.484
7.5212
2.5122
-2.5053
-7.4857
-12.427
-11.988
-7.2213
-2.4169
2.4235
7.2556
12.043
16.757
21.37
25.856
30.192
34.357
38.334
42.107
45.665
49
52.107
54.983
57.63
60.05
62.251
64.239
66.025
67.62
69.034
70.282
71.377
72.331
73.157
73.869
74.478
74.997
75.437
75.806
76.115
76.372
76.585
76.76
76.903
77.019
77.113
77.189
77.249
77.297
77.335
77.364
77.387
77.405
77.419
77.429
77.437
77.442
77.445
77.447
77.447
77.445
77.442
77.437
77.429
77.419
77.405
77.387
77.364
77.335
77.297
77.249
77.189
77.113
77.019
76.903
76.76
76.585
76.372
76.115
75.806
75.437
74.997
74.478
73.869
73.157
72.331
71.377
70.282
69.034
67.62
66.025
64.239
62.251
60.05
57.63
54.983
52.107
49
45.665
42.107
38.334
34.357
30.192
25.856
21.37
16.757
12.043
7.2556
2.4235
-2.4169
-7.2213
-11.988
-11.505
-6.9305
-2.3195
2.3259
6.9633
11.558
16.082
20.509
24.814
28.976
32.973
36.789
40.411
43.825
47.026
50.007
52.767
55.307
57.63
59.741
61.649
63.363
64.893
66.25
67.448
68.498
69.413
70.206
70.889
71.474
71.972
72.393
72.747
73.044
73.291
73.495
73.662
73.799
73.911
74.001
74.073
74.131
74.177
74.214
74.242
74.264
74.281
74.294
74.304
74.311
74.316
74.319
74.321
74.321
74.319
74.316
74.311
74.304
74.294
74.281
74.264
74.242
74.214
74.177
74.131
74.073
74.001
73.911
73.799
73.662
73.495
73.291
73.044
72.747
72.393
71.972
71.474
70.889
70.206
69.413
68.498
67.448
66.25
64.893
63.363
61.649
59.741
57.63
55.307
52.767
50.007
47.026
43.825
40.411
36.789
32.973
28.976
24.814
20.509
16.082
11.558
6.9633
2.3259
-2.3195
-6.9305
-11.505
-10.977
-6.6124
-2.2131
2.2192
6.6437
11.027
15.344
19.568
23.675
27.646
31.46
35.101
38.555
41.813
44.867
47.711
50.344
52.767
54.983
56.997
58.818
60.452
61.912
63.207
64.349
65.351
66.223
66.98
67.631
68.189
68.664
69.066
69.404
69.687
69.922
70.116
70.276
70.407
70.513
70.599
70.668
70.723
70.767
70.802
70.829
70.85
70.866
70.879
70.888
70.895
70.9
70.903
70.904
70.904
70.903
70.9
70.895
70.888
70.879
70.866
70.85
70.829
70.802
70.767
70.723
70.668
70.599
70.513
70.407
70.276
70.116
69.922
69.687
69.404
69.066
68.664
68.189
67.631
66.98
66.223
65.351
64.349
63.207
61.912
60.452
58.818
56.997
54.983
52.767
50.344
47.711
44.867
41.813
38.555
35.101
31.46
27.646
23.675
19.568
15.344
11.027
6.6437
2.2192
-2.2131
-6.6124
-10.977
-10.403
-6.2667
-2.0974
2.1031
6.2964
10.451
14.542
18.545
22.438
26.2
29.815
33.265
36.539
39.627
42.52
45.215
47.711
50.007
52.107
54.016
55.741
57.29
58.672
59.899
60.982
61.931
62.758
63.474
64.091
64.62
65.07
65.45
65.771
66.039
66.261
66.446
66.597
66.721
66.822
66.903
66.968
67.021
67.062
67.095
67.121
67.141
67.156
67.168
67.177
67.183
67.188
67.191
67.192
67.192
67.191
67.188
67.183
67.177
67.168
67.156
67.141
67.121
67.095
67.062
67.021
66.968
66.903
66.822
66.721
66.597
66.446
66.261
66.039
65.771
65.45
65.07
64.62
64.091
63.474
62.758
61.931
60.982
59.899
58.672
57.29
55.741
54.016
52.107
50.007
47.711
45.215
42.52
39.627
36.539
33.265
29.815
26.2
22.438
18.545
14.542
10.451
6.2964
2.1031
-2.0974
-6.2667
-10.403
-9.7833
-5.8933
-1.9724
1.9778
5.9212
9.8282
13.675
17.439
21.1
24.639
28.038
31.283
34.361
37.265
39.986
42.52
44.867
47.026
49
50.795
52.417
53.874
55.174
56.327
57.345
58.237
59.015
59.688
60.269
60.765
61.188
61.546
61.847
62.099
62.309
62.482
62.624
62.741
62.835
62.912
62.973
63.022
63.061
63.092
63.116
63.135
63.149
63.161
63.169
63.175
63.179
63.182
63.183
63.183
63.182
63.179
63.175
63.169
63.161
63.149
63.135
63.116
63.092
63.061
63.022
62.973
62.912
62.835
62.741
62.624
62.482
62.309
62.099
61.847
61.546
61.188
60.765
60.269
59.688
59.015
58.237
57.345
56.327
55.174
53.874
52.417
50.795
49
47.026
44.867
42.52
39.986
37.265
34.361
31.283
28.038
24.639
21.1
17.439
13.675
9.8282
5.9212
1.9778
-1.9724
-5.8933
-9.7833
-9.1178
-5.4924
-1.8382
1.8433
5.5184
9.1595
12.745
16.253
19.665
22.963
26.13
29.154
32.023
34.729
37.265
39.627
41.813
43.825
45.665
47.338
48.849
50.206
51.418
52.493
53.441
54.272
54.997
55.625
56.165
56.628
57.022
57.355
57.636
57.871
58.066
58.227
58.36
58.468
58.556
58.627
58.685
58.73
58.767
58.795
58.818
58.835
58.849
58.859
58.867
58.873
58.877
58.879
58.88
58.88
58.879
58.877
58.873
58.867
58.859
58.849
58.835
58.818
58.795
58.767
58.73
58.685
58.627
58.556
58.468
58.36
58.227
58.066
57.871
57.636
57.355
57.022
56.628
56.165
55.625
54.997
54.272
53.441
52.493
51.418
50.206
48.849
47.338
45.665
43.825
41.813
39.627
37.265
34.729
32.023
29.154
26.13
22.963
19.665
16.253
12.745
9.1595
5.5184
1.8433
-1.8382
-5.4924
-9.1178
-8.4076
-5.0646
-1.695
1.6997
5.0886
8.4461
11.752
14.987
18.133
21.174
24.095
26.883
29.529
32.023
34.361
36.539
38.555
40.411
42.107
43.649
45.043
46.294
47.411
48.402
49.276
50.043
50.71
51.289
51.787
52.214
52.577
52.885
53.143
53.36
53.539
53.688
53.81
53.91
53.991
54.057
54.11
54.152
54.186
54.212
54.233
54.249
54.261
54.271
54.278
54.283
54.287
54.289
54.29
54.29
54.289
54.287
54.283
54.278
54.271
54.261
54.249
54.233
54.212
54.186
54.152
54.11
54.057
53.991
53.91
53.81
53.688
53.539
53.36
53.143
52.885
52.577
52.214
51.787
51.289
50.71
50.043
49.276
48.402
47.411
46.294
45.043
43.649
42.107
40.411
38.555
36.539
34.361
32.023
29.529
26.883
24.095
21.174
18.133
14.987
11.752
8.4461
5.0886
1.6997
-1.695
-5.0646
-8.4076
-7.6544
-4.6109
-1.5432
1.5474
4.6327
7.6894
10.699
13.644
16.509
19.277
21.936
24.475
26.883
29.154
31.283
33.265
35.101
36.789
38.334
39.738
41.006
42.145
43.162
44.064
44.86
45.557
46.165
46.692
47.146
47.534
47.865
48.144
48.38
48.576
48.74
48.875
48.987
49.078
49.152
49.211
49.259
49.298
49.328
49.352
49.371
49.386
49.397
49.406
49.412
49.417
49.42
49.422
49.423
49.423
49.422
49.42
49.417
49.412
49.406
49.397
49.386
49.371
49.352
49.328
49.298
49.259
49.211
49.152
49.078
48.987
48.875
48.74
48.576
48.38
48.144
47.865
47.534
47.146
46.692
46.165
45.557
44.86
44.064
43.162
42.145
41.006
39.738
38.334
36.789
35.101
33.265
31.283
29.154
26.883
24.475
21.936
19.277
16.509
13.644
10.699
7.6894
4.6327
1.5474
-1.5432
-4.6109
-7.6544
-6.8605
-4.1327
-1.3831
1.3869
4.1522
6.8919
9.5895
12.229
14.796
17.278
19.661
21.936
24.095
26.13
28.038
29.815
31.46
32.973
34.357
35.615
36.752
37.773
38.684
39.493
40.206
40.831
41.376
41.848
42.254
42.602
42.898
43.149
43.36
43.536
43.683
43.804
43.904
43.985
44.051
44.105
44.148
44.182
44.209
44.231
44.248
44.261
44.271
44.279
44.285
44.289
44.292
44.294
44.295
44.295
44.294
44.292
44.289
44.285
44.279
44.271
44.261
44.248
44.231
44.209
44.182
44.148
44.105
44.051
43.985
43.904
43.804
43.683
43.536
43.36
43.149
42.898
42.602
42.254
41.848
41.376
40.831
40.206
39.493
38.684
37.773
36.752
35.615
34.357
32.973
31.46
29.815
28.038
26.13
24.095
21.936
19.661
17.278
14.796
12.229
9.5895
6.8919
4.1522
1.3869
-1.3831
-4.1327
-6.8605
-6.0289
-3.6317
-1.2155
1.2188
3.6489
6.0565
8.4271
10.747
13.003
15.183
17.278
19.277
21.174
22.963
24.639
26.2
27.646
28.976
30.192
31.298
32.296
33.193
33.994
34.704
35.331
35.88
36.359
36.773
37.131
37.436
37.697
37.917
38.102
38.257
38.386
38.492
38.58
38.651
38.71
38.757
38.794
38.825
38.848
38.867
38.882
38.894
38.903
38.91
38.915
38.918
38.921
38.923
38.923
38.923
38.923
38.921
38.918
38.915
38.91
38.903
38.894
38.882
38.867
38.848
38.825
38.794
38.757
38.71
38.651
38.58
38.492
38.386
38.257
38.102
37.917
37.697
37.436
37.131
36.773
36.359
35.88
35.331
34.704
33.994
33.193
32.296
31.298
30.192
28.976
27.646
26.2
24.639
22.963
21.174
19.277
17.278
15.183
13.003
10.747
8.4271
6.0565
3.6489
1.2188
-1.2155
-3.6317
-6.0289
-5.1632
-3.1102
-1.0409
1.0438
3.1249
5.1868
7.2169
9.2035
11.136
13.003
14.796
16.509
18.133
19.665
21.1
22.438
23.675
24.814
25.856
26.803
27.658
28.426
29.112
29.72
30.256
30.727
31.137
31.492
31.797
32.059
32.282
32.47
32.629
32.762
32.872
32.963
33.038
33.099
33.149
33.19
33.222
33.248
33.268
33.284
33.297
33.307
33.315
33.32
33.325
33.328
33.33
33.332
33.332
33.332
33.332
33.33
33.328
33.325
33.32
33.315
33.307
33.297
33.284
33.268
33.248
33.222
33.19
33.149
33.099
33.038
32.963
32.872
32.762
32.629
32.47
32.282
32.059
31.797
31.492
31.137
30.727
30.256
29.72
29.112
28.426
27.658
26.803
25.856
24.814
23.675
22.438
21.1
19.665
18.133
16.509
14.796
13.003
11.136
9.2035
7.2169
5.1868
3.1249
1.0438
-1.0409
-3.1102
-5.1632
-4.2674
-2.5706
-0.86033
0.8627
2.5828
4.2869
5.9648
7.6068
9.2035
10.747
12.229
13.644
14.987
16.253
17.439
18.545
19.568
20.509
21.37
22.152
22.859
23.494
24.06
24.563
25.006
25.395
25.734
26.027
26.28
26.496
26.68
26.836
26.967
27.077
27.168
27.243
27.305
27.356
27.397
27.43
27.457
27.478
27.495
27.509
27.519
27.527
27.534
27.538
27.542
27.545
27.546
27.548
27.548
27.548
27.548
27.546
27.545
27.542
27.538
27.534
27.527
27.519
27.509
27.495
27.478
27.457
27.43
27.397
27.356
27.305
27.243
27.168
27.077
26.967
26.836
26.68
26.496
26.28
26.027
25.734
25.395
25.006
24.563
24.06
23.494
22.859
22.152
21.37
20.509
19.568
18.545
17.439
16.253
14.987
13.644
12.229
10.747
9.2035
7.6068
5.9648
4.2869
2.5828
0.8627
-0.86033
-2.5706
-4.2674
-3.3463
-2.0157
-0.67463
0.67649
2.0253
3.3616
4.6773
5.9648
7.2169
8.4271
9.5895
10.699
11.752
12.745
13.675
14.542
15.344
16.082
16.757
17.37
17.925
18.422
18.867
19.261
19.608
19.913
20.179
20.409
20.607
20.776
20.921
21.043
21.146
21.232
21.303
21.362
21.411
21.45
21.483
21.509
21.53
21.546
21.56
21.57
21.578
21.585
21.59
21.594
21.596
21.598
21.6
21.601
21.601
21.601
21.601
21.6
21.598
21.596
21.594
21.59
21.585
21.578
21.57
21.56
21.546
21.53
21.509
21.483
21.45
21.411
21.362
21.303
21.232
21.146
21.043
20.921
20.776
20.607
20.409
20.179
19.913
19.608
19.261
18.867
18.422
17.925
17.37
16.757
16.082
15.344
14.542
13.675
12.745
11.752
10.699
9.5895
8.4271
7.2169
5.9648
4.6773
3.3616
2.0253
0.67649
-0.67463
-2.0157
-3.3463
-2.405
-1.4487
-0.48485
0.48619
1.4556
2.416
3.3616
4.2869
5.1868
6.0565
6.8919
7.6894
8.4461
9.1595
9.8282
10.451
11.027
11.558
12.043
12.484
12.882
13.24
13.559
13.842
14.092
14.311
14.502
14.667
14.81
14.932
15.035
15.123
15.197
15.259
15.31
15.353
15.387
15.416
15.439
15.458
15.473
15.485
15.495
15.502
15.508
15.513
15.516
15.519
15.521
15.522
15.523
15.524
15.524
15.524
15.524
15.523
15.522
15.521
15.519
15.516
15.513
15.508
15.502
15.495
15.485
15.473
15.458
15.439
15.416
15.387
15.353
15.31
15.259
15.197
15.123
15.035
14.932
14.81
14.667
14.502
14.311
14.092
13.842
13.559
13.24
12.882
12.484
12.043
11.558
11.027
10.451
9.8282
9.1595
8.4461
7.6894
6.8919
6.0565
5.1868
4.2869
3.3616
2.416
1.4556
0.48619
-0.48485
-1.4487
-2.405
-1.4489
-0.87282
-0.29211
0.29292
0.87694
1.4556
2.0253
2.5828
3.1249
3.6489
4.1522
4.6327
5.0886
5.5184
5.9212
6.2964
6.6437
6.9633
7.2556
7.5212
7.7612
7.9767
8.169
8.3397
8.4902
8.6221
8.7371
8.8367
8.9224
8.9959
9.0584
9.1112
9.1557
9.1929
9.2239
9.2494
9.2705
9.2876
9.3016
9.3129
9.322
9.3292
9.3349
9.3395
9.343
9.3458
9.348
9.3496
9.3508
9.3517
9.3523
9.3527
9.3529
9.3529
9.3527
9.3523
9.3517
9.3508
9.3496
9.348
9.3458
9.343
9.3395
9.3349
9.3292
9.322
9.3129
9.3016
9.2876
9.2705
9.2494
9.2239
9.1929
9.1557
9.1112
9.0584
8.9959
8.9224
8.8367
8.7371
8.6221
8.4902
8.3397
8.169
7.9767
7.7612
7.5212
7.2556
6.9633
6.6437
6.2964
5.9212
5.5184
5.0886
4.6327
4.1522
3.6489
3.1249
2.5828
2.0253
1.4556
0.87694
0.29292
-0.29211
-0.87282
-1.4489
-0.48398
-0.29154
-0.097573
0.097842
0.29292
0.48619
0.67649
0.8627
1.0438
1.2188
1.3869
1.5474
1.6997
1.8433
1.9778
2.1031
2.2192
2.3259
2.4235
2.5122
2.5924
2.6644
2.7286
2.7856
2.8359
2.88
2.9184
2.9516
2.9803
3.0048
3.0257
3.0433
3.0582
3.0706
3.081
3.0895
3.0965
3.1023
3.1069
3.1107
3.1137
3.1161
3.1181
3.1196
3.1208
3.1217
3.1224
3.1229
3.1234
3.1237
3.1239
3.124
3.1241
3.1241
3.124
3.1239
3.1237
3.1234
3.1229
3.1224
3.1217
3.1208
3.1196
3.1181
3.1161
3.1137
3.1107
3.1069
3.1023
3.0965
3.0895
3.081
3.0706
3.0582
3.0433
3.0257
3.0048
2.9803
2.9516
2.9184
2.88
2.8359
2.7856
2.7286
2.6644
2.5924
2.5122
2.4235
2.3259
2.2192
2.1031
1.9778
1.8433
1.6997
1.5474
1.3869
1.2188
1.0438
0.8627
0.67649
0.48619
0.29292
0.097842
-0.097573
-0.29154
-0.48398
0.48264
0.29074
0.097304
-0.097573
-0.29211
-0.48485
-0.67463
-0.86033
-1.0409
-1.2155
-1.3831
-1.5432
-1.695
-1.8382
-1.9724
-2.0974
-2.2131
-2.3195
-2.4169
-2.5053
-2.5853
-2.6571
-2.7211
-2.778
-2.8281
-2.872
-2.9103
-2.9435
-2.9721
-2.9965
-3.0174
-3.035
-3.0498
-3.0622
-3.0725
-3.081
-3.088
-3.0937
-3.0984
-3.1021
-3.1052
-3.1076
-3.1095
-3.111
-3.1122
-3.1131
-3.1138
-3.1144
-3.1148
-3.1151
-3.1153
-3.1154
-3.1155
-3.1155
-3.1154
-3.1153
-3.1151
-3.1148
-3.1144
-3.1138
-3.1131
-3.1122
-3.111
-3.1095
-3.1076
-3.1052
-3.1021
-3.0984
-3.0937
-3.088
-3.081
-3.0725
-3.0622
-3.0498
-3.035
-3.0174
-2.9965
-2.9721
-2.9435
-2.9103
-2.872
-2.8281
-2.778
-2.7211
-2.6571
-2.5853
-2.5053
-2.4169
-2.3195
-2.2131
-2.0974
-1.9724
-1.8382
-1.695
-1.5432
-1.3831
-1.2155
-1.0409
-0.86033
-0.67463
-0.48485
-0.29211
-0.097573
0.097304
0.29074
0.48264
1.4463
0.87057
0.29074
-0.29154
-0.87282
-1.4487
-2.0157
-2.5706
-3.1102
-3.6317
-4.1327
-4.6109
-5.0646
-5.4924
-5.8933
-6.2667
-6.6124
-6.9305
-7.2213
-7.4857
-7.7245
-7.939
-8.1304
-8.3002
-8.45
-8.5813
-8.6958
-8.7949
-8.8802
-8.9533
-9.0155
-9.0681
-9.1124
-9.1494
-9.1802
-9.2056
-9.2265
-9.2436
-9.2575
-9.2688
-9.2778
-9.285
-9.2907
-9.2952
-9.2988
-9.3015
-9.3037
-9.3053
-9.3065
-9.3074
-9.308
-9.3084
-9.3086
-9.3086
-9.3084
-9.308
-9.3074
-9.3065
-9.3053
-9.3037
-9.3015
-9.2988
-9.2952
-9.2907
-9.285
-9.2778
-9.2688
-9.2575
-9.2436
-9.2265
-9.2056
-9.1802
-9.1494
-9.1124
-9.0681
-9.0155
-8.9533
-8.8802
-8.7949
-8.6958
-8.5813
-8.45
-8.3002
-8.1304
-7.939
-7.7245
-7.4857
-7.2213
-6.9305
-6.6124
-6.2667
-5.8933
-5.4924
-5.0646
-4.6109
-4.1327
-3.6317
-3.1102
-2.5706
-2.0157
-1.4487
-0.87282
-0.29154
0.29074
0.87057
1.4463
2.4032
1.4463
0.48264
-0.48398
-1.4489
-2.405
-3.3463
-4.2674
-5.1632
-6.0289
-6.8605
-7.6544
-8.4076
-9.1178
-9.7833
-10.403
-10.977
-11.505
-11.988
-12.427
-12.823
-13.179
-13.497
-13.779
-14.028
-14.246
-14.435
-14.6
-14.742
-14.863
-14.966
-15.054
-15.127
-15.189
-15.24
-15.282
-15.317
-15.345
-15.368
-15.387
-15.402
-15.414
-15.423
-15.431
-15.437
-15.441
-15.445
-15.447
-15.449
-15.451
-15.452
-15.453
-15.453
-15.453
-15.453
-15.452
-15.451
-15.449
-15.447
-15.445
-15.441
-15.437
-15.431
-15.423
-15.414
-15.402
-15.387
-15.368
-15.345
-15.317
-15.282
-15.24
-15.189
-15.127
-15.054
-14.966
-14.863
-14.742
-14.6
-14.435
-14.246
-14.028
-13.779
-13.497
-13.179
-12.823
-12.427
-11.988
-11.505
-10.977
-10.403
-9.7833
-9.1178
-8.4076
-7.6544
-6.8605
-6.0289
-5.1632
-4.2674
-3.3463
-2.405
-1.4489
-0.48398
0.48264
1.4463
2.4032
