65.236
79.473
83.224
86.062
89.751
92.383
94.578
96.416
97.867
99.018
99.917
100.61
101.13
101.52
101.81
102.02
102.17
102.27
102.35
102.4
102.43
102.46
102.47
102.48
102.49
102.49
102.5
102.5
102.5
102.5
102.5
102.5
102.5
102.5
102.5
102.5
102.5
102.5
102.5
102.5
102.5
102.5
102.5
102.5
102.5
102.5
102.5
102.5
102.5
102.5
102.5
102.5
102.5
102.5
102.5
102.5
102.5
102.5
102.5
102.5
102.5
102.5
102.5
102.5
102.5
102.5
102.5
102.5
102.5
102.5
102.5
102.5
102.5
102.5
102.49
102.49
102.48
102.47
102.46
102.43
102.4
102.35
102.27
102.17
102.02
101.81
101.52
101.13
100.61
99.917
99.018
97.867
96.416
94.578
92.383
89.751
86.062
83.224
79.473
65.236
