31.352
46.281
50.87
54.728
59.837
64.134
68.203
72.086
75.697
79.076
82.229
85.16
87.879
90.395
92.715
94.851
96.811
98.605
100.24
101.73
103.08
104.31
105.41
106.41
107.3
108.1
108.81
109.44
110.01
110.5
110.94
111.33
111.67
111.96
112.22
112.44
112.64
112.8
112.94
113.07
113.17
113.26
113.33
113.39
113.44
113.48
113.51
113.54
113.55
113.56
113.56
113.55
113.54
113.51
113.48
113.44
113.39
113.33
113.26
113.17
113.07
112.94
112.8
112.64
112.44
112.22
111.96
111.67
111.33
110.94
110.5
110.01
109.44
108.81
108.1
107.3
106.41
105.41
104.31
103.08
101.73
100.24
98.605
96.811
94.851
92.715
90.395
87.879
85.16
82.229
79.076
75.697
72.086
68.203
64.134
59.837
54.728
50.87
46.281
31.352
