27.076
42.043
46.68
50.598
55.793
60.194
64.386
68.41
72.178
75.728
79.066
82.193
85.119
87.849
90.391
92.753
94.942
96.967
98.835
100.56
102.14
103.58
104.91
106.11
107.21
108.21
109.11
109.92
110.66
111.32
111.91
112.43
112.91
113.32
113.69
114.02
114.31
114.56
114.79
114.98
115.14
115.29
115.41
115.51
115.6
115.66
115.72
115.76
115.78
115.79
115.79
115.78
115.76
115.72
115.66
115.6
115.51
115.41
115.29
115.14
114.98
114.79
114.56
114.31
114.02
113.69
113.32
112.91
112.43
111.91
111.32
110.66
109.92
109.11
108.21
107.21
106.11
104.91
103.58
102.14
100.56
98.835
96.967
94.942
92.753
90.391
87.849
85.119
82.193
79.066
75.728
72.178
68.41
64.386
60.194
55.793
50.598
46.68
42.043
27.076
