8.373
23.468
28.265
32.385
37.868
42.621
47.23
51.734
56.041
60.187
64.173
67.996
71.662
75.173
78.531
81.739
84.802
87.72
90.5
93.142
95.652
98.033
100.29
102.42
104.44
106.34
108.13
109.81
111.39
112.87
114.26
115.55
116.75
117.86
118.9
119.85
120.72
121.52
122.25
122.91
123.5
124.03
124.49
124.9
125.24
125.52
125.75
125.91
126.02
126.08
126.08
126.02
125.91
125.75
125.52
125.24
124.9
124.49
124.03
123.5
122.91
122.25
121.52
120.72
119.85
118.9
117.86
116.75
115.55
114.26
112.87
111.39
109.81
108.13
106.34
104.44
102.42
100.29
98.033
95.652
93.142
90.5
87.72
84.802
81.739
78.531
75.173
71.662
67.996
64.173
60.187
56.041
51.734
47.23
42.621
37.868
32.385
28.265
23.468
8.373
