18.406
33.439
38.159
42.18
47.523
52.105
56.511
60.779
64.823
68.676
72.342
75.821
79.118
82.239
85.188
87.97
90.59
93.053
95.366
97.534
99.561
101.46
103.22
104.87
106.39
107.81
109.12
110.33
111.45
112.48
113.42
114.29
115.08
115.8
116.45
117.05
117.58
118.07
118.5
118.88
119.23
119.52
119.78
120.01
120.19
120.35
120.47
120.56
120.62
120.65
120.65
120.62
120.56
120.47
120.35
120.19
120.01
119.78
119.52
119.23
118.88
118.5
118.07
117.58
117.05
116.45
115.8
115.08
114.29
113.42
112.48
111.45
110.33
109.12
107.81
106.39
104.87
103.22
101.46
99.561
97.534
95.366
93.053
90.59
87.97
85.188
82.239
79.118
75.821
72.342
68.676
64.823
60.779
56.511
52.105
47.523
42.18
38.159
33.439
18.406
