74.312
87.925
91.007
93.11
95.839
97.467
98.666
99.555
100.15
100.55
100.81
100.98
101.09
101.16
101.2
101.22
101.23
101.24
101.24
101.25
101.25
101.25
101.25
101.25
101.25
101.25
101.25
101.25
101.25
101.25
101.25
101.25
101.25
101.25
101.25
101.25
101.25
101.25
101.25
101.25
101.25
101.25
101.25
101.25
101.25
101.25
101.25
101.25
101.25
101.25
101.25
101.25
101.25
101.25
101.25
101.25
101.25
101.25
101.25
101.25
101.25
101.25
101.25
101.25
101.25
101.25
101.25
101.25
101.25
101.25
101.25
101.25
101.25
101.25
101.25
101.25
101.25
101.25
101.25
101.25
101.25
101.24
101.24
101.23
101.22
101.2
101.16
101.09
100.98
100.81
100.55
100.15
99.555
98.666
97.467
95.839
93.11
91.007
87.925
74.312
