58.81
73.281
77.309
80.475
84.612
87.753
90.499
92.912
94.941
96.654
98.084
99.265
100.23
101.01
101.64
102.14
102.53
102.83
103.07
103.25
103.38
103.48
103.56
103.61
103.65
103.68
103.7
103.72
103.73
103.73
103.74
103.74
103.75
103.75
103.75
103.75
103.75
103.75
103.75
103.75
103.75
103.75
103.75
103.75
103.75
103.75
103.75
103.75
103.75
103.75
103.75
103.75
103.75
103.75
103.75
103.75
103.75
103.75
103.75
103.75
103.75
103.75
103.75
103.75
103.75
103.75
103.75
103.75
103.74
103.74
103.73
103.73
103.72
103.7
103.68
103.65
103.61
103.56
103.48
103.38
103.25
103.07
102.83
102.53
102.14
101.64
101.01
100.23
99.265
98.084
96.654
94.941
92.912
90.499
87.753
84.612
80.475
77.309
73.281
58.81
