7.3498
22.451
27.255
31.383
36.879
41.648
46.276
50.801
55.132
59.306
63.321
67.176
70.876
74.423
77.82
81.068
84.172
87.134
89.957
92.645
95.202
97.629
99.932
102.11
104.18
106.12
107.96
109.69
111.32
112.84
114.27
115.61
116.85
118.01
119.08
120.07
120.98
121.81
122.57
123.26
123.88
124.43
124.91
125.33
125.69
125.99
126.22
126.4
126.52
126.58
126.58
126.52
126.4
126.22
125.99
125.69
125.33
124.91
124.43
123.88
123.26
122.57
121.81
120.98
120.07
119.08
118.01
116.85
115.61
114.27
112.84
111.32
109.69
107.96
106.12
104.18
102.11
99.932
97.629
95.202
92.645
89.957
87.134
84.172
81.068
77.82
74.423
70.876
67.176
63.321
59.306
55.132
50.801
46.276
41.648
36.879
31.383
27.255
22.451
7.3498
