29.142
44.092
48.706
52.596
57.751
62.103
66.237
70.195
73.889
77.359
80.609
83.644
86.471
89.1
91.537
93.791
95.871
97.785
99.543
101.15
102.62
103.96
105.18
106.28
107.28
108.18
108.99
109.71
110.36
110.94
111.46
111.91
112.32
112.67
112.99
113.26
113.5
113.71
113.89
114.05
114.18
114.3
114.39
114.47
114.54
114.59
114.63
114.66
114.68
114.69
114.69
114.68
114.66
114.63
114.59
114.54
114.47
114.39
114.3
114.18
114.05
113.89
113.71
113.5
113.26
112.99
112.67
112.32
111.91
111.46
110.94
110.36
109.71
108.99
108.18
107.28
106.28
105.18
103.96
102.62
101.15
99.543
97.785
95.871
93.791
91.537
89.1
86.471
83.644
80.609
77.359
73.889
70.195
66.237
62.103
57.751
52.596
48.706
44.092
29.142
