10.553
25.636
30.417
34.517
39.972
44.691
49.259
53.715
57.969
62.056
65.977
69.731
73.322
76.753
80.027
83.148
86.119
88.944
91.627
94.171
96.58
98.859
101.01
103.04
104.95
106.75
108.44
110.02
111.5
112.88
114.17
115.37
116.48
117.51
118.46
119.33
120.13
120.86
121.53
122.12
122.66
123.14
123.55
123.91
124.22
124.47
124.68
124.83
124.93
124.98
124.98
124.93
124.83
124.68
124.47
124.22
123.91
123.55
123.14
122.66
122.12
121.53
120.86
120.13
119.33
118.46
117.51
116.48
115.37
114.17
112.88
111.5
110.02
108.44
106.75
104.95
103.04
101.01
98.859
96.58
94.171
91.627
88.944
86.119
83.148
80.027
76.753
73.322
69.731
65.977
62.056
57.969
53.715
49.259
44.691
39.972
34.517
30.417
25.636
10.553
