12.931
28
32.763
36.841
42.264
46.944
51.465
55.867
60.061
64.08
67.928
71.602
75.108
78.449
81.629
84.651
87.52
90.239
92.813
95.246
97.543
99.708
101.75
103.66
105.46
107.14
108.72
110.19
111.56
112.83
114.02
115.11
116.13
117.06
117.92
118.71
119.42
120.08
120.67
121.2
121.67
122.09
122.46
122.78
123.05
123.27
123.45
123.58
123.67
123.71
123.71
123.67
123.58
123.45
123.27
123.05
122.78
122.46
122.09
121.67
121.2
120.67
120.08
119.42
118.71
117.92
117.06
116.13
115.11
114.02
112.83
111.56
110.19
108.72
107.14
105.46
103.66
101.75
99.708
97.543
95.246
92.813
90.239
87.52
84.651
81.629
78.449
75.108
71.602
67.928
64.08
60.061
55.867
51.465
46.944
42.264
36.841
32.763
28
12.931
