25.136
40.12
44.777
48.72
53.95
58.395
62.639
66.721
70.555
74.179
77.595
80.806
83.819
86.642
89.28
91.74
94.03
96.156
98.127
99.95
101.63
103.18
104.6
105.91
107.1
108.19
109.18
110.08
110.9
111.63
112.3
112.9
113.44
113.92
114.35
114.73
115.07
115.36
115.63
115.86
116.06
116.23
116.38
116.5
116.61
116.69
116.76
116.81
116.84
116.85
116.85
116.84
116.81
116.76
116.69
116.61
116.5
116.38
116.23
116.06
115.86
115.63
115.36
115.07
114.73
114.35
113.92
113.44
112.9
112.3
111.63
110.9
110.08
109.18
108.19
107.1
105.91
104.6
103.18
101.63
99.95
98.127
96.156
94.03
91.74
89.28
86.642
83.819
80.806
77.595
74.179
70.555
66.721
62.639
58.395
53.95
48.72
44.777
40.12
25.136
