14.203
29.264
34.018
38.083
43.488
48.146
52.642
57.014
61.174
65.156
68.963
72.594
76.053
79.345
82.472
85.44
88.253
90.914
93.429
95.802
98.037
100.14
102.12
103.97
105.7
107.33
108.84
110.25
111.56
112.78
113.91
114.95
115.91
116.79
117.6
118.34
119.02
119.63
120.19
120.68
121.12
121.52
121.86
122.15
122.4
122.61
122.77
122.89
122.97
123.01
123.01
122.97
122.89
122.77
122.61
122.4
122.15
121.86
121.52
121.12
120.68
120.19
119.63
119.02
118.34
117.6
116.79
115.91
114.95
113.91
112.78
111.56
110.25
108.84
107.33
105.7
103.97
102.12
100.14
98.037
95.802
93.429
90.914
88.253
85.44
82.472
79.345
76.053
72.594
68.963
65.156
61.174
57.014
52.642
48.146
43.488
38.083
34.018
29.264
14.203
