5.424
20.535
25.352
29.497
35.016
39.814
44.475
49.04
53.416
57.638
61.708
65.622
69.384
72.998
76.464
79.787
82.967
86.008
88.913
91.685
94.326
96.84
99.231
101.5
103.65
105.69
107.61
109.43
111.14
112.75
114.26
115.68
117
118.23
119.37
120.43
121.41
122.3
123.12
123.86
124.53
125.13
125.65
126.11
126.5
126.82
127.08
127.27
127.4
127.46
127.46
127.4
127.27
127.08
126.82
126.5
126.11
125.65
125.13
124.53
123.86
123.12
122.3
121.41
120.43
119.37
118.23
117
115.68
114.26
112.75
111.14
109.43
107.61
105.69
103.65
101.5
99.231
96.84
94.326
91.685
88.913
86.008
82.967
79.787
76.464
72.998
69.384
65.622
61.708
57.638
53.416
49.04
44.475
39.814
35.016
29.497
25.352
20.535
5.424
