45.509
60.265
64.641
68.232
72.962
76.803
80.34
83.622
86.572
89.237
91.633
93.774
95.678
97.364
98.847
100.15
101.28
102.26
103.11
103.84
104.46
104.99
105.43
105.81
106.12
106.38
106.6
106.77
106.92
107.04
107.13
107.21
107.27
107.32
107.36
107.39
107.42
107.44
107.45
107.46
107.47
107.48
107.48
107.49
107.49
107.49
107.49
107.5
107.5
107.5
107.5
107.5
107.5
107.49
107.49
107.49
107.49
107.48
107.48
107.47
107.46
107.45
107.44
107.42
107.39
107.36
107.32
107.27
107.21
107.13
107.04
106.92
106.77
106.6
106.38
106.12
105.81
105.43
104.99
104.46
103.84
103.11
102.26
101.28
100.15
98.847
97.364
95.678
93.774
91.633
89.237
86.572
83.622
80.34
76.803
72.962
68.232
64.641
60.265
45.509
