39.075
53.921
58.406
62.134
67.058
71.131
74.939
78.524
81.806
84.828
87.599
90.128
92.429
94.515
96.398
98.093
99.611
100.97
102.17
103.24
104.18
105.01
105.74
106.37
106.92
107.4
107.81
108.16
108.46
108.72
108.94
109.12
109.27
109.4
109.51
109.6
109.68
109.74
109.79
109.83
109.86
109.89
109.91
109.93
109.94
109.95
109.96
109.97
109.97
109.97
109.97
109.97
109.97
109.96
109.95
109.94
109.93
109.91
109.89
109.86
109.83
109.79
109.74
109.68
109.6
109.51
109.4
109.27
109.12
108.94
108.72
108.46
108.16
107.81
107.4
106.92
106.37
105.74
105.01
104.18
103.24
102.17
100.97
99.611
98.093
96.398
94.515
92.429
90.128
87.599
84.828
81.806
78.524
74.939
71.131
67.058
62.134
58.406
53.921
39.075
