4.5166
19.633
24.455
28.608
34.137
38.949
43.626
48.208
52.604
56.849
60.943
64.884
68.676
72.32
75.819
79.175
82.39
85.468
88.41
91.22
93.901
96.455
98.886
101.2
103.39
105.46
107.43
109.29
111.04
112.69
114.24
115.69
117.05
118.31
119.49
120.58
121.59
122.51
123.36
124.12
124.81
125.43
125.98
126.45
126.85
127.19
127.45
127.65
127.78
127.85
127.85
127.78
127.65
127.45
127.19
126.85
126.45
125.98
125.43
124.81
124.12
123.36
122.51
121.59
120.58
119.49
118.31
117.05
115.69
114.24
112.69
111.04
109.29
107.43
105.46
103.39
101.2
98.886
96.455
93.901
91.22
88.41
85.468
82.39
79.175
75.819
72.32
68.676
64.884
60.943
56.849
52.604
48.208
43.626
38.949
34.137
28.608
24.455
19.633
4.5166
