15.536
30.589
35.332
39.384
44.77
49.405
53.872
58.213
62.337
66.279
70.042
73.626
77.035
80.274
83.346
86.256
89.009
91.608
94.06
96.368
98.539
100.58
102.49
104.27
105.94
107.5
108.95
110.3
111.55
112.7
113.77
114.76
115.66
116.49
117.26
117.95
118.58
119.15
119.66
120.12
120.53
120.9
121.21
121.48
121.71
121.9
122.05
122.16
122.23
122.27
122.27
122.23
122.16
122.05
121.9
121.71
121.48
121.21
120.9
120.53
120.12
119.66
119.15
118.58
117.95
117.26
116.49
115.66
114.76
113.77
112.7
111.55
110.3
108.95
107.5
105.94
104.27
102.49
100.58
98.539
96.368
94.06
91.608
89.009
86.256
83.346
80.274
77.035
73.626
70.042
66.279
62.337
58.213
53.872
49.405
44.77
39.384
35.332
30.589
15.536
