33.726
48.632
53.191
57.012
62.069
66.302
70.297
74.095
77.612
80.888
83.931
86.745
89.342
91.732
93.923
95.928
97.755
99.417
100.92
102.28
103.51
104.61
105.6
106.47
107.26
107.95
108.56
109.1
109.58
109.99
110.36
110.67
110.95
111.18
111.39
111.56
111.71
111.84
111.94
112.04
112.11
112.18
112.23
112.27
112.31
112.34
112.36
112.37
112.38
112.39
112.39
112.38
112.37
112.36
112.34
112.31
112.27
112.23
112.18
112.11
112.04
111.94
111.84
111.71
111.56
111.39
111.18
110.95
110.67
110.36
109.99
109.58
109.1
108.56
107.95
107.26
106.47
105.6
104.61
103.51
102.28
100.92
99.417
97.755
95.928
93.923
91.732
89.342
86.745
83.931
80.888
77.612
74.095
70.297
66.302
62.069
57.012
53.191
48.632
33.726
