11.715
26.791
31.564
35.654
41.093
45.793
50.338
54.768
58.993
63.048
66.933
70.648
74.198
77.586
80.814
83.887
86.809
89.582
92.212
94.703
97.057
99.281
101.38
103.35
105.21
106.95
108.58
110.11
111.54
112.87
114.1
115.25
116.32
117.3
118.2
119.04
119.8
120.49
121.11
121.68
122.19
122.63
123.03
123.37
123.66
123.89
124.08
124.22
124.32
124.36
124.36
124.32
124.22
124.08
123.89
123.66
123.37
123.03
122.63
122.19
121.68
121.11
120.49
119.8
119.04
118.2
117.3
116.32
115.25
114.1
112.87
111.54
110.11
108.58
106.95
105.21
103.35
101.38
99.281
97.057
94.703
92.212
89.582
86.809
83.887
80.814
77.586
74.198
70.648
66.933
63.048
58.993
54.768
50.338
45.793
41.093
35.654
31.564
26.791
11.715
