36.289
51.167
55.693
59.471
64.467
68.627
72.536
76.236
79.644
82.803
85.72
88.401
90.86
93.107
95.154
97.013
98.694
100.21
101.57
102.79
103.88
104.85
105.71
106.47
107.14
107.72
108.23
108.68
109.07
109.4
109.69
109.94
110.15
110.33
110.48
110.61
110.72
110.82
110.89
110.96
111.01
111.05
111.09
111.12
111.14
111.16
111.17
111.18
111.19
111.19
111.19
111.19
111.18
111.17
111.16
111.14
111.12
111.09
111.05
111.01
110.96
110.89
110.82
110.72
110.61
110.48
110.33
110.15
109.94
109.69
109.4
109.07
108.68
108.23
107.72
107.14
106.47
105.71
104.85
103.88
102.79
101.57
100.21
98.694
97.013
95.154
93.107
90.86
88.401
85.72
82.803
79.644
76.236
72.536
68.627
64.467
59.471
55.693
51.167
36.289
