19.953
34.976
39.682
43.687
49.005
53.558
57.928
62.156
66.154
69.957
73.568
76.988
80.223
83.279
86.159
88.869
91.416
93.804
96.04
98.13
100.08
101.9
103.58
105.15
106.6
107.94
109.18
110.31
111.36
112.32
113.2
114
114.73
115.39
115.99
116.54
117.02
117.46
117.85
118.2
118.5
118.77
119
119.2
119.37
119.5
119.61
119.69
119.74
119.77
119.77
119.74
119.69
119.61
119.5
119.37
119.2
119
118.77
118.5
118.2
117.85
117.46
117.02
116.54
115.99
115.39
114.73
114
113.2
112.32
111.36
110.31
109.18
107.94
106.6
105.15
103.58
101.9
100.08
98.13
96.04
93.804
91.416
88.869
86.159
83.279
80.223
76.988
73.568
69.957
66.154
62.156
57.928
53.558
49.005
43.687
39.682
34.976
19.953
