9.4396
24.529
29.318
33.429
38.898
43.635
48.224
52.704
56.986
61.103
65.058
68.847
72.477
75.949
79.266
82.432
85.45
88.324
91.056
93.651
96.112
98.443
100.65
102.73
104.7
106.55
108.29
109.92
111.45
112.89
114.22
115.47
116.63
117.7
118.69
119.6
120.44
121.21
121.91
122.53
123.1
123.6
124.04
124.42
124.75
125.02
125.23
125.39
125.49
125.55
125.55
125.49
125.39
125.23
125.02
124.75
124.42
124.04
123.6
123.1
122.53
121.91
121.21
120.44
119.6
118.69
117.7
116.63
115.47
114.22
112.89
111.45
109.92
108.29
106.55
104.7
102.73
100.65
98.443
96.112
93.651
91.056
88.324
85.45
82.432
79.266
75.949
72.477
68.847
65.058
61.103
56.986
52.704
48.224
43.635
38.898
33.429
29.318
24.529
9.4396
