23.309
38.307
42.982
46.948
52.211
56.695
60.985
65.121
69.015
72.704
76.191
79.478
82.572
85.479
88.204
90.754
93.137
95.357
97.423
99.341
101.12
102.76
104.28
105.67
106.96
108.13
109.21
110.19
111.09
111.9
112.64
113.31
113.91
114.46
114.94
115.38
115.77
116.11
116.42
116.69
116.92
117.13
117.3
117.45
117.57
117.68
117.76
117.81
117.85
117.87
117.87
117.85
117.81
117.76
117.68
117.57
117.45
117.3
117.13
116.92
116.69
116.42
116.11
115.77
115.38
114.94
114.46
113.91
113.31
112.64
111.9
111.09
110.19
109.21
108.13
106.96
105.67
104.28
102.76
101.12
99.341
97.423
95.357
93.137
90.754
88.204
85.479
82.572
79.478
76.191
72.704
69.015
65.121
60.985
56.695
52.211
46.948
42.982
38.307
23.309
