6.3677
21.474
26.285
30.422
35.929
40.713
45.358
49.903
54.258
58.457
62.499
66.385
70.117
73.699
77.131
80.417
83.56
86.563
89.429
92.16
94.76
97.232
99.579
101.81
103.91
105.91
107.79
109.56
111.23
112.8
114.27
115.65
116.93
118.13
119.23
120.26
121.2
122.07
122.86
123.57
124.22
124.79
125.3
125.74
126.11
126.42
126.67
126.85
126.97
127.03
127.03
126.97
126.85
126.67
126.42
126.11
125.74
125.3
124.79
124.22
123.57
122.86
122.07
121.2
120.26
119.23
118.13
116.93
115.65
114.27
112.8
111.23
109.56
107.79
105.91
103.91
101.81
99.579
97.232
94.76
92.16
89.429
86.563
83.56
80.417
77.131
73.699
70.117
66.385
62.499
58.457
54.258
49.903
45.358
40.713
35.929
30.422
26.285
21.474
6.3677
