53.661
68.265
72.454
75.815
80.222
83.679
86.778
89.573
92.002
94.121
95.955
97.528
98.869
100
100.95
101.75
102.4
102.94
103.38
103.73
104.01
104.24
104.42
104.55
104.66
104.75
104.81
104.86
104.9
104.92
104.95
104.96
104.97
104.98
104.99
104.99
104.99
105
105
105
105
105
105
105
105
105
105
105
105
105
105
105
105
105
105
105
105
105
105
105
105
105
105
104.99
104.99
104.99
104.98
104.97
104.96
104.95
104.92
104.9
104.86
104.81
104.75
104.66
104.55
104.42
104.24
104.01
103.73
103.38
102.94
102.4
101.75
100.95
100
98.869
97.528
95.955
94.121
92.002
89.573
86.778
83.679
80.222
75.815
72.454
68.265
53.661
