16.935
31.979
36.711
40.748
46.113
50.723
55.161
59.466
63.552
67.451
71.168
74.701
78.056
81.238
84.251
87.099
89.788
92.321
94.706
96.946
99.047
101.02
102.86
104.57
106.17
107.66
109.04
110.32
111.51
112.6
113.61
114.54
115.39
116.16
116.87
117.52
118.1
118.63
119.1
119.53
119.9
120.23
120.52
120.77
120.98
121.15
121.28
121.38
121.45
121.48
121.48
121.45
121.38
121.28
121.15
120.98
120.77
120.52
120.23
119.9
119.53
119.1
118.63
118.1
117.52
116.87
116.16
115.39
114.54
113.61
112.6
111.51
110.32
109.04
107.66
106.17
104.57
102.86
101.02
99.047
96.946
94.706
92.321
89.788
87.099
84.251
81.238
78.056
74.701
71.168
67.451
63.552
59.466
55.161
50.723
46.113
40.748
36.711
31.979
16.935
