42.128
56.934
61.37
65.037
69.875
73.844
77.53
80.978
84.11
86.971
89.571
91.922
94.041
95.941
97.638
99.148
100.48
101.66
102.7
103.6
104.39
105.07
105.66
106.16
106.59
106.96
107.27
107.53
107.75
107.93
108.09
108.21
108.32
108.4
108.47
108.53
108.57
108.61
108.64
108.66
108.68
108.7
108.71
108.72
108.73
108.73
108.73
108.74
108.74
108.74
108.74
108.74
108.74
108.73
108.73
108.73
108.72
108.71
108.7
108.68
108.66
108.64
108.61
108.57
108.53
108.47
108.4
108.32
108.21
108.09
107.93
107.75
107.53
107.27
106.96
106.59
106.16
105.66
105.07
104.39
103.6
102.7
101.66
100.48
99.148
97.638
95.941
94.041
91.922
89.571
86.971
84.11
80.978
77.53
73.844
69.875
65.037
61.37
56.934
42.128
