21.585
36.596
41.287
45.274
50.565
55.085
59.417
63.601
67.549
71.298
74.85
78.206
81.374
84.358
87.164
89.797
92.265
94.572
96.726
98.733
100.6
102.33
103.94
105.42
106.79
108.05
109.21
110.27
111.24
112.13
112.94
113.68
114.34
114.95
115.49
115.98
116.42
116.81
117.16
117.47
117.74
117.97
118.18
118.35
118.49
118.61
118.71
118.78
118.82
118.84
118.84
118.82
118.78
118.71
118.61
118.49
118.35
118.18
117.97
117.74
117.47
117.16
116.81
116.42
115.98
115.49
114.95
114.34
113.68
112.94
112.13
111.24
110.27
109.21
108.05
106.79
105.42
103.94
102.33
100.6
98.733
96.726
94.572
92.265
89.797
87.164
84.358
81.374
78.206
74.85
71.298
67.549
63.601
59.417
55.085
50.565
45.274
41.287
36.596
21.585
