49.307
64
68.296
71.789
76.382
80.059
83.408
86.479
89.201
91.627
93.774
95.66
97.309
98.742
99.979
101.04
101.95
102.71
103.36
103.9
104.35
104.72
105.03
105.28
105.48
105.65
105.78
105.88
105.97
106.03
106.08
106.12
106.15
106.18
106.2
106.21
106.22
106.23
106.23
106.24
106.24
106.24
106.25
106.25
106.25
106.25
106.25
106.25
106.25
106.25
106.25
106.25
106.25
106.25
106.25
106.25
106.25
106.25
106.24
106.24
106.24
106.23
106.23
106.22
106.21
106.2
106.18
106.15
106.12
106.08
106.03
105.97
105.88
105.78
105.65
105.48
105.28
105.03
104.72
104.35
103.9
103.36
102.71
101.95
101.04
99.979
98.742
97.309
95.66
93.774
91.627
89.201
86.479
83.408
80.059
76.382
71.789
68.296
64
49.307
