119.84
119.55
119.38
119.28
119.23
119.23
119.28
119.38
119.55
119.84
119.55
119.31
119.17
119.07
119.02
119.02
119.07
119.17
119.31
119.55
119.38
119.17
119.04
118.95
118.9
118.9
118.95
119.04
119.17
119.38
119.28
119.07
118.95
118.86
118.82
118.82
118.86
118.95
119.07
119.28
119.23
119.02
118.9
118.82
118.77
118.77
118.82
118.9
119.02
119.23
119.23
119.02
118.9
118.82
118.77
118.77
118.82
118.9
119.02
119.23
119.28
119.07
118.95
118.86
118.82
118.82
118.86
118.95
119.07
119.28
119.38
119.17
119.04
118.95
118.9
118.9
118.95
119.04
119.17
119.38
119.55
119.31
119.17
119.07
119.02
119.02
119.07
119.17
119.31
119.55
119.84
119.55
119.38
119.28
119.23
119.23
119.28
119.38
119.55
119.84
112.11
111.93
111.82
111.76
111.73
111.73
111.76
111.82
111.93
112.11
111.93
111.78
111.69
111.64
111.61
111.61
111.64
111.69
111.78
111.93
111.82
111.69
111.62
111.56
111.53
111.53
111.56
111.62
111.69
111.82
111.76
111.64
111.56
111.51
111.48
111.48
111.51
111.56
111.64
111.76
111.73
111.61
111.53
111.48
111.45
111.45
111.48
111.53
111.61
111.73
111.73
111.61
111.53
111.48
111.45
111.45
111.48
111.53
111.61
111.73
111.76
111.64
111.56
111.51
111.48
111.48
111.51
111.56
111.64
111.76
111.82
111.69
111.62
111.56
111.53
111.53
111.56
111.62
111.69
111.82
111.93
111.78
111.69
111.64
111.61
111.61
111.64
111.69
111.78
111.93
112.11
111.93
111.82
111.76
111.73
111.73
111.76
111.82
111.93
112.11
104.07
104.01
103.98
103.95
103.94
103.94
103.95
103.98
104.01
104.07
104.01
103.96
103.93
103.91
103.9
103.9
103.91
103.93
103.96
104.01
103.98
103.93
103.91
103.89
103.88
103.88
103.89
103.91
103.93
103.98
103.95
103.91
103.89
103.87
103.86
103.86
103.87
103.89
103.91
103.95
103.94
103.9
103.88
103.86
103.85
103.85
103.86
103.88
103.9
103.94
103.94
103.9
103.88
103.86
103.85
103.85
103.86
103.88
103.9
103.94
103.95
103.91
103.89
103.87
103.86
103.86
103.87
103.89
103.91
103.95
103.98
103.93
103.91
103.89
103.88
103.88
103.89
103.91
103.93
103.98
104.01
103.96
103.93
103.91
103.9
103.9
103.91
103.93
103.96
104.01
104.07
104.01
103.98
103.95
103.94
103.94
103.95
103.98
104.01
104.07
95.929
95.99
96.024
96.045
96.055
96.055
96.045
96.024
95.99
95.929
95.99
96.038
96.067
96.087
96.097
96.097
96.087
96.067
96.038
95.99
96.024
96.067
96.093
96.112
96.121
96.121
96.112
96.093
96.067
96.024
96.045
96.087
96.112
96.13
96.139
96.139
96.13
96.112
96.087
96.045
96.055
96.097
96.121
96.139
96.148
96.148
96.139
96.121
96.097
96.055
96.055
96.097
96.121
96.139
96.148
96.148
96.139
96.121
96.097
96.055
96.045
96.087
96.112
96.13
96.139
96.139
96.13
96.112
96.087
96.045
96.024
96.067
96.093
96.112
96.121
96.121
96.112
96.093
96.067
96.024
95.99
96.038
96.067
96.087
96.097
96.097
96.087
96.067
96.038
95.99
95.929
95.99
96.024
96.045
96.055
96.055
96.045
96.024
95.99
95.929
87.889
88.07
88.171
88.232
88.263
88.263
88.232
88.171
88.07
87.889
88.07
88.213
88.299
88.358
88.387
88.387
88.358
88.299
88.213
88.07
88.171
88.299
88.376
88.433
88.46
88.46
88.433
88.376
88.299
88.171
88.232
88.358
88.433
88.487
88.513
88.513
88.487
88.433
88.358
88.232
88.263
88.387
88.46
88.513
88.539
88.539
88.513
88.46
88.387
88.263
88.263
88.387
88.46
88.513
88.539
88.539
88.513
88.46
88.387
88.263
88.232
88.358
88.433
88.487
88.513
88.513
88.487
88.433
88.358
88.232
88.171
88.299
88.376
88.433
88.46
88.46
88.433
88.376
88.299
88.171
88.07
88.213
88.299
88.358
88.387
88.387
88.358
88.299
88.213
88.07
87.889
88.07
88.171
88.232
88.263
88.263
88.232
88.171
88.07
87.889
80.151
80.446
80.613
80.712
80.762
80.762
80.712
80.613
80.446
80.151
80.446
80.68
80.821
80.918
80.966
80.966
80.918
80.821
80.68
80.446
80.613
80.821
80.947
81.04
81.086
81.086
81.04
80.947
80.821
80.613
80.712
80.918
81.04
81.128
81.172
81.172
81.128
81.04
80.918
80.712
80.762
80.966
81.086
81.172
81.214
81.214
81.172
81.086
80.966
80.762
80.762
80.966
81.086
81.172
81.214
81.214
81.172
81.086
80.966
80.762
80.712
80.918
81.04
81.128
81.172
81.172
81.128
81.04
80.918
80.712
80.613
80.821
80.947
81.04
81.086
81.086
81.04
80.947
80.821
80.613
80.446
80.68
80.821
80.918
80.966
80.966
80.918
80.821
80.68
80.446
80.151
80.446
80.613
80.712
80.762
80.762
80.712
80.613
80.446
80.151
72.906
73.308
73.535
73.671
73.739
73.739
73.671
73.535
73.308
72.906
73.308
73.627
73.819
73.951
74.016
74.016
73.951
73.819
73.627
73.308
73.535
73.819
73.991
74.118
74.18
74.18
74.118
73.991
73.819
73.535
73.671
73.951
74.118
74.238
74.297
74.297
74.238
74.118
73.951
73.671
73.739
74.016
74.18
74.297
74.355
74.355
74.297
74.18
74.016
73.739
73.739
74.016
74.18
74.297
74.355
74.355
74.297
74.18
74.016
73.739
73.671
73.951
74.118
74.238
74.297
74.297
74.238
74.118
73.951
73.671
73.535
73.819
73.991
74.118
74.18
74.18
74.118
73.991
73.819
73.535
73.308
73.627
73.819
73.951
74.016
74.016
73.951
73.819
73.627
73.308
72.906
73.308
73.535
73.671
73.739
73.739
73.671
73.535
73.308
72.906
66.333
66.832
67.113
67.281
67.366
67.366
67.281
67.113
66.832
66.333
66.832
67.227
67.465
67.629
67.709
67.709
67.629
67.465
67.227
66.832
67.113
67.465
67.678
67.836
67.912
67.912
67.836
67.678
67.465
67.113
67.281
67.629
67.836
67.984
68.058
68.058
67.984
67.836
67.629
67.281
67.366
67.709
67.912
68.058
68.13
68.13
68.058
67.912
67.709
67.366
67.366
67.709
67.912
68.058
68.13
68.13
68.058
67.912
67.709
67.366
67.281
67.629
67.836
67.984
68.058
68.058
67.984
67.836
67.629
67.281
67.113
67.465
67.678
67.836
67.912
67.912
67.836
67.678
67.465
67.113
66.832
67.227
67.465
67.629
67.709
67.709
67.629
67.465
67.227
66.832
66.333
66.832
67.113
67.281
67.366
67.366
67.281
67.113
66.832
66.333
60.594
61.176
61.504
61.7
61.799
61.799
61.7
61.504
61.176
60.594
61.176
61.638
61.916
62.107
62.201
62.201
62.107
61.916
61.638
61.176
61.504
61.916
62.164
62.348
62.438
62.438
62.348
62.164
61.916
61.504
61.7
62.107
62.348
62.522
62.608
62.608
62.522
62.348
62.107
61.7
61.799
62.201
62.438
62.608
62.692
62.692
62.608
62.438
62.201
61.799
61.799
62.201
62.438
62.608
62.692
62.692
62.608
62.438
62.201
61.799
61.7
62.107
62.348
62.522
62.608
62.608
62.522
62.348
62.107
61.7
61.504
61.916
62.164
62.348
62.438
62.438
62.348
62.164
61.916
61.504
61.176
61.638
61.916
62.107
62.201
62.201
62.107
61.916
61.638
61.176
60.594
61.176
61.504
61.7
61.799
61.799
61.7
61.504
61.176
60.594
55.828
56.478
56.845
57.065
57.175
57.175
57.065
56.845
56.478
55.828
56.478
56.995
57.305
57.52
57.624
57.624
57.52
57.305
56.995
56.478
56.845
57.305
57.584
57.79
57.89
57.89
57.79
57.584
57.305
56.845
57.065
57.52
57.79
57.984
58.08
58.08
57.984
57.79
57.52
57.065
57.175
57.624
57.89
58.08
58.174
58.174
58.08
57.89
57.624
57.175
57.175
57.624
57.89
58.08
58.174
58.174
58.08
57.89
57.624
57.175
57.065
57.52
57.79
57.984
58.08
58.08
57.984
57.79
57.52
57.065
56.845
57.305
57.584
57.79
57.89
57.89
57.79
57.584
57.305
56.845
56.478
56.995
57.305
57.52
57.624
57.624
57.52
57.305
56.995
56.478
55.828
56.478
56.845
57.065
57.175
57.175
57.065
56.845
56.478
55.828
52.149
52.853
53.249
53.487
53.606
53.606
53.487
53.249
52.853
52.149
52.853
53.411
53.747
53.979
54.092
54.092
53.979
53.747
53.411
52.853
53.249
53.747
54.048
54.27
54.379
54.379
54.27
54.048
53.747
53.249
53.487
53.979
54.27
54.481
54.585
54.585
54.481
54.27
53.979
53.487
53.606
54.092
54.379
54.585
54.686
54.686
54.585
54.379
54.092
53.606
53.606
54.092
54.379
54.585
54.686
54.686
54.585
54.379
54.092
53.606
53.487
53.979
54.27
54.481
54.585
54.585
54.481
54.27
53.979
53.487
53.249
53.747
54.048
54.27
54.379
54.379
54.27
54.048
53.747
53.249
52.853
53.411
53.747
53.979
54.092
54.092
53.979
53.747
53.411
52.853
52.149
52.853
53.249
53.487
53.606
53.606
53.487
53.249
52.853
52.149
49.647
50.386
50.802
51.052
51.178
51.178
51.052
50.802
50.386
49.647
50.386
50.973
51.326
51.569
51.688
51.688
51.569
51.326
50.973
50.386
50.802
51.326
51.643
51.876
51.99
51.99
51.876
51.643
51.326
50.802
51.052
51.569
51.876
52.098
52.207
52.207
52.098
51.876
51.569
51.052
51.178
51.688
51.99
52.207
52.313
52.313
52.207
51.99
51.688
51.178
51.178
51.688
51.99
52.207
52.313
52.313
52.207
51.99
51.688
51.178
51.052
51.569
51.876
52.098
52.207
52.207
52.098
51.876
51.569
51.052
50.802
51.326
51.643
51.876
51.99
51.99
51.876
51.643
51.326
50.802
50.386
50.973
51.326
51.569
51.688
51.688
51.569
51.326
50.973
50.386
49.647
50.386
50.802
51.052
51.178
51.178
51.052
50.802
50.386
49.647
48.381
49.138
49.564
49.82
49.949
49.949
49.82
49.564
49.138
48.381
49.138
49.739
50.101
50.35
50.472
50.472
50.35
50.101
49.739
49.138
49.564
50.101
50.425
50.665
50.781
50.781
50.665
50.425
50.101
49.564
49.82
50.35
50.665
50.891
51.003
51.003
50.891
50.665
50.35
49.82
49.949
50.472
50.781
51.003
51.112
51.112
51.003
50.781
50.472
49.949
49.949
50.472
50.781
51.003
51.112
51.112
51.003
50.781
50.472
49.949
49.82
50.35
50.665
50.891
51.003
51.003
50.891
50.665
50.35
49.82
49.564
50.101
50.425
50.665
50.781
50.781
50.665
50.425
50.101
49.564
49.138
49.739
50.101
50.35
50.472
50.472
50.35
50.101
49.739
49.138
48.381
49.138
49.564
49.82
49.949
49.949
49.82
49.564
49.138
48.381
48.381
49.138
49.564
49.82
49.949
49.949
49.82
49.564
49.138
48.381
49.138
49.739
50.101
50.35
50.472
50.472
50.35
50.101
49.739
49.138
49.564
50.101
50.425
50.665
50.781
50.781
50.665
50.425
50.101
49.564
49.82
50.35
50.665
50.891
51.003
51.003
50.891
50.665
50.35
49.82
49.949
50.472
50.781
51.003
51.112
51.112
51.003
50.781
50.472
49.949
49.949
50.472
50.781
51.003
51.112
51.112
51.003
50.781
50.472
49.949
49.82
50.35
50.665
50.891
51.003
51.003
50.891
50.665
50.35
49.82
49.564
50.101
50.425
50.665
50.781
50.781
50.665
50.425
50.101
49.564
49.138
49.739
50.101
50.35
50.472
50.472
50.35
50.101
49.739
49.138
48.381
49.138
49.564
49.82
49.949
49.949
49.82
49.564
49.138
48.381
49.647
50.386
50.802
51.052
51.178
51.178
51.052
50.802
50.386
49.647
50.386
50.973
51.326
51.569
51.688
51.688
51.569
51.326
50.973
50.386
50.802
51.326
51.643
51.876
51.99
51.99
51.876
51.643
51.326
50.802
51.052
51.569
51.876
52.098
52.207
52.207
52.098
51.876
51.569
51.052
51.178
51.688
51.99
52.207
52.313
52.313
52.207
51.99
51.688
51.178
51.178
51.688
51.99
52.207
52.313
52.313
52.207
51.99
51.688
51.178
51.052
51.569
51.876
52.098
52.207
52.207
52.098
51.876
51.569
51.052
50.802
51.326
51.643
51.876
51.99
51.99
51.876
51.643
51.326
50.802
50.386
50.973
51.326
51.569
51.688
51.688
51.569
51.326
50.973
50.386
49.647
50.386
50.802
51.052
51.178
51.178
51.052
50.802
50.386
49.647
52.149
52.853
53.249
53.487
53.606
53.606
53.487
53.249
52.853
52.149
52.853
53.411
53.747
53.979
54.092
54.092
53.979
53.747
53.411
52.853
53.249
53.747
54.048
54.27
54.379
54.379
54.27
54.048
53.747
53.249
53.487
53.979
54.27
54.481
54.585
54.585
54.481
54.27
53.979
53.487
53.606
54.092
54.379
54.585
54.686
54.686
54.585
54.379
54.092
53.606
53.606
54.092
54.379
54.585
54.686
54.686
54.585
54.379
54.092
53.606
53.487
53.979
54.27
54.481
54.585
54.585
54.481
54.27
53.979
53.487
53.249
53.747
54.048
54.27
54.379
54.379
54.27
54.048
53.747
53.249
52.853
53.411
53.747
53.979
54.092
54.092
53.979
53.747
53.411
52.853
52.149
52.853
53.249
53.487
53.606
53.606
53.487
53.249
52.853
52.149
55.828
56.478
56.845
57.065
57.175
57.175
57.065
56.845
56.478
55.828
56.478
56.995
57.305
57.52
57.624
57.624
57.52
57.305
56.995
56.478
56.845
57.305
57.584
57.79
57.89
57.89
57.79
57.584
57.305
56.845
57.065
57.52
57.79
57.984
58.08
58.08
57.984
57.79
57.52
57.065
57.175
57.624
57.89
58.08
58.174
58.174
58.08
57.89
57.624
57.175
57.175
57.624
57.89
58.08
58.174
58.174
58.08
57.89
57.624
57.175
57.065
57.52
57.79
57.984
58.08
58.08
57.984
57.79
57.52
57.065
56.845
57.305
57.584
57.79
57.89
57.89
57.79
57.584
57.305
56.845
56.478
56.995
57.305
57.52
57.624
57.624
57.52
57.305
56.995
56.478
55.828
56.478
56.845
57.065
57.175
57.175
57.065
56.845
56.478
55.828
60.594
61.176
61.504
61.7
61.799
61.799
61.7
61.504
61.176
60.594
61.176
61.638
61.916
62.107
62.201
62.201
62.107
61.916
61.638
61.176
61.504
61.916
62.164
62.348
62.438
62.438
62.348
62.164
61.916
61.504
61.7
62.107
62.348
62.522
62.608
62.608
62.522
62.348
62.107
61.7
61.799
62.201
62.438
62.608
62.692
62.692
62.608
62.438
62.201
61.799
61.799
62.201
62.438
62.608
62.692
62.692
62.608
62.438
62.201
61.799
61.7
62.107
62.348
62.522
62.608
62.608
62.522
62.348
62.107
61.7
61.504
61.916
62.164
62.348
62.438
62.438
62.348
62.164
61.916
61.504
61.176
61.638
61.916
62.107
62.201
62.201
62.107
61.916
61.638
61.176
60.594
61.176
61.504
61.7
61.799
61.799
61.7
61.504
61.176
60.594
66.333
66.832
67.113
67.281
67.366
67.366
67.281
67.113
66.832
66.333
66.832
67.227
67.465
67.629
67.709
67.709
67.629
67.465
67.227
66.832
67.113
67.465
67.678
67.836
67.912
67.912
67.836
67.678
67.465
67.113
67.281
67.629
67.836
67.984
68.058
68.058
67.984
67.836
67.629
67.281
67.366
67.709
67.912
68.058
68.13
68.13
68.058
67.912
67.709
67.366
67.366
67.709
67.912
68.058
68.13
68.13
68.058
67.912
67.709
67.366
67.281
67.629
67.836
67.984
68.058
68.058
67.984
67.836
67.629
67.281
67.113
67.465
67.678
67.836
67.912
67.912
67.836
67.678
67.465
67.113
66.832
67.227
67.465
67.629
67.709
67.709
67.629
67.465
67.227
66.832
66.333
66.832
67.113
67.281
67.366
67.366
67.281
67.113
66.832
66.333
72.906
73.308
73.535
73.671
73.739
73.739
73.671
73.535
73.308
72.906
73.308
73.627
73.819
73.951
74.016
74.016
73.951
73.819
73.627
73.308
73.535
73.819
73.991
74.118
74.18
74.18
74.118
73.991
73.819
73.535
73.671
73.951
74.118
74.238
74.297
74.297
74.238
74.118
73.951
73.671
73.739
74.016
74.18
74.297
74.355
74.355
74.297
74.18
74.016
73.739
73.739
74.016
74.18
74.297
74.355
74.355
74.297
74.18
74.016
73.739
73.671
73.951
74.118
74.238
74.297
74.297
74.238
74.118
73.951
73.671
73.535
73.819
73.991
74.118
74.18
74.18
74.118
73.991
73.819
73.535
73.308
73.627
73.819
73.951
74.016
74.016
73.951
73.819
73.627
73.308
72.906
73.308
73.535
73.671
73.739
73.739
73.671
73.535
73.308
72.906
80.151
80.446
80.613
80.712
80.762
80.762
80.712
80.613
80.446
80.151
80.446
80.68
80.821
80.918
80.966
80.966
80.918
80.821
80.68
80.446
80.613
80.821
80.947
81.04
81.086
81.086
81.04
80.947
80.821
80.613
80.712
80.918
81.04
81.128
81.172
81.172
81.128
81.04
80.918
80.712
80.762
80.966
81.086
81.172
81.214
81.214
81.172
81.086
80.966
80.762
80.762
80.966
81.086
81.172
81.214
81.214
81.172
81.086
80.966
80.762
80.712
80.918
81.04
81.128
81.172
81.172
81.128
81.04
80.918
80.712
80.613
80.821
80.947
81.04
81.086
81.086
81.04
80.947
80.821
80.613
80.446
80.68
80.821
80.918
80.966
80.966
80.918
80.821
80.68
80.446
80.151
80.446
80.613
80.712
80.762
80.762
80.712
80.613
80.446
80.151
87.889
88.07
88.171
88.232
88.263
88.263
88.232
88.171
88.07
87.889
88.07
88.213
88.299
88.358
88.387
88.387
88.358
88.299
88.213
88.07
88.171
88.299
88.376
88.433
88.46
88.46
88.433
88.376
88.299
88.171
88.232
88.358
88.433
88.487
88.513
88.513
88.487
88.433
88.358
88.232
88.263
88.387
88.46
88.513
88.539
88.539
88.513
88.46
88.387
88.263
88.263
88.387
88.46
88.513
88.539
88.539
88.513
88.46
88.387
88.263
88.232
88.358
88.433
88.487
88.513
88.513
88.487
88.433
88.358
88.232
88.171
88.299
88.376
88.433
88.46
88.46
88.433
88.376
88.299
88.171
88.07
88.213
88.299
88.358
88.387
88.387
88.358
88.299
88.213
88.07
87.889
88.07
88.171
88.232
88.263
88.263
88.232
88.171
88.07
87.889
95.929
95.99
96.024
96.045
96.055
96.055
96.045
96.024
95.99
95.929
95.99
96.038
96.067
96.087
96.097
96.097
96.087
96.067
96.038
95.99
96.024
96.067
96.093
96.112
96.121
96.121
96.112
96.093
96.067
96.024
96.045
96.087
96.112
96.13
96.139
96.139
96.13
96.112
96.087
96.045
96.055
96.097
96.121
96.139
96.148
96.148
96.139
96.121
96.097
96.055
96.055
96.097
96.121
96.139
96.148
96.148
96.139
96.121
96.097
96.055
96.045
96.087
96.112
96.13
96.139
96.139
96.13
96.112
96.087
96.045
96.024
96.067
96.093
96.112
96.121
96.121
96.112
96.093
96.067
96.024
95.99
96.038
96.067
96.087
96.097
96.097
96.087
96.067
96.038
95.99
95.929
95.99
96.024
96.045
96.055
96.055
96.045
96.024
95.99
95.929
104.07
104.01
103.98
103.95
103.94
103.94
103.95
103.98
104.01
104.07
104.01
103.96
103.93
103.91
103.9
103.9
103.91
103.93
103.96
104.01
103.98
103.93
103.91
103.89
103.88
103.88
103.89
103.91
103.93
103.98
103.95
103.91
103.89
103.87
103.86
103.86
103.87
103.89
103.91
103.95
103.94
103.9
103.88
103.86
103.85
103.85
103.86
103.88
103.9
103.94
103.94
103.9
103.88
103.86
103.85
103.85
103.86
103.88
103.9
103.94
103.95
103.91
103.89
103.87
103.86
103.86
103.87
103.89
103.91
103.95
103.98
103.93
103.91
103.89
103.88
103.88
103.89
103.91
103.93
103.98
104.01
103.96
103.93
103.91
103.9
103.9
103.91
103.93
103.96
104.01
104.07
104.01
103.98
103.95
103.94
103.94
103.95
103.98
104.01
104.07
112.11
111.93
111.82
111.76
111.73
111.73
111.76
111.82
111.93
112.11
111.93
111.78
111.69
111.64
111.61
111.61
111.64
111.69
111.78
111.93
111.82
111.69
111.62
111.56
111.53
111.53
111.56
111.62
111.69
111.82
111.76
111.64
111.56
111.51
111.48
111.48
111.51
111.56
111.64
111.76
111.73
111.61
111.53
111.48
111.45
111.45
111.48
111.53
111.61
111.73
111.73
111.61
111.53
111.48
111.45
111.45
111.48
111.53
111.61
111.73
111.76
111.64
111.56
111.51
111.48
111.48
111.51
111.56
111.64
111.76
111.82
111.69
111.62
111.56
111.53
111.53
111.56
111.62
111.69
111.82
111.93
111.78
111.69
111.64
111.61
111.61
111.64
111.69
111.78
111.93
112.11
111.93
111.82
111.76
111.73
111.73
111.76
111.82
111.93
112.11
119.84
119.55
119.38
119.28
119.23
119.23
119.28
119.38
119.55
119.84
119.55
119.31
119.17
119.07
119.02
119.02
119.07
119.17
119.31
119.55
119.38
119.17
119.04
118.95
118.9
118.9
118.95
119.04
119.17
119.38
119.28
119.07
118.95
118.86
118.82
118.82
118.86
118.95
119.07
119.28
119.23
119.02
118.9
118.82
118.77
118.77
118.82
118.9
119.02
119.23
119.23
119.02
118.9
118.82
118.77
118.77
118.82
118.9
119.02
119.23
119.28
119.07
118.95
118.86
118.82
118.82
118.86
118.95
119.07
119.28
119.38
119.17
119.04
118.95
118.9
118.9
118.95
119.04
119.17
119.38
119.55
119.31
119.17
119.07
119.02
119.02
119.07
119.17
119.31
119.55
119.84
119.55
119.38
119.28
119.23
119.23
119.28
119.38
119.55
119.84
