129.73
129.21
128.92
128.75
128.67
128.67
128.75
128.92
129.21
129.73
129.21
128.81
128.57
128.4
128.32
128.32
128.4
128.57
128.81
129.21
128.92
128.57
128.35
128.2
128.12
128.12
128.2
128.35
128.57
128.92
128.75
128.4
128.2
128.05
127.98
127.98
128.05
128.2
128.4
128.75
128.67
128.32
128.12
127.98
127.91
127.91
127.98
128.12
128.32
128.67
128.67
128.32
128.12
127.98
127.91
127.91
127.98
128.12
128.32
128.67
128.75
128.4
128.2
128.05
127.98
127.98
128.05
128.2
128.4
128.75
128.92
128.57
128.35
128.2
128.12
128.12
128.2
128.35
128.57
128.92
129.21
128.81
128.57
128.4
128.32
128.32
128.4
128.57
128.81
129.21
129.73
129.21
128.92
128.75
128.67
128.67
128.75
128.92
129.21
129.73
118.19
117.86
117.69
117.58
117.53
117.53
117.58
117.69
117.86
118.19
117.86
117.61
117.46
117.36
117.31
117.31
117.36
117.46
117.61
117.86
117.69
117.46
117.33
117.24
117.19
117.19
117.24
117.33
117.46
117.69
117.58
117.36
117.24
117.15
117.1
117.1
117.15
117.24
117.36
117.58
117.53
117.31
117.19
117.1
117.06
117.06
117.1
117.19
117.31
117.53
117.53
117.31
117.19
117.1
117.06
117.06
117.1
117.19
117.31
117.53
117.58
117.36
117.24
117.15
117.1
117.1
117.15
117.24
117.36
117.58
117.69
117.46
117.33
117.24
117.19
117.19
117.24
117.33
117.46
117.69
117.86
117.61
117.46
117.36
117.31
117.31
117.36
117.46
117.61
117.86
118.19
117.86
117.69
117.58
117.53
117.53
117.58
117.69
117.86
118.19
106.12
106.01
105.95
105.92
105.9
105.9
105.92
105.95
106.01
106.12
106.01
105.93
105.88
105.84
105.83
105.83
105.84
105.88
105.93
106.01
105.95
105.88
105.83
105.8
105.79
105.79
105.8
105.83
105.88
105.95
105.92
105.84
105.8
105.77
105.76
105.76
105.77
105.8
105.84
105.92
105.9
105.83
105.79
105.76
105.74
105.74
105.76
105.79
105.83
105.9
105.9
105.83
105.79
105.76
105.74
105.74
105.76
105.79
105.83
105.9
105.92
105.84
105.8
105.77
105.76
105.76
105.77
105.8
105.84
105.92
105.95
105.88
105.83
105.8
105.79
105.79
105.8
105.83
105.88
105.95
106.01
105.93
105.88
105.84
105.83
105.83
105.84
105.88
105.93
106.01
106.12
106.01
105.95
105.92
105.9
105.9
105.92
105.95
106.01
106.12
93.875
93.986
94.046
94.082
94.1
94.1
94.082
94.046
93.986
93.875
93.986
94.07
94.12
94.155
94.172
94.172
94.155
94.12
94.07
93.986
94.046
94.12
94.165
94.198
94.213
94.213
94.198
94.165
94.12
94.046
94.082
94.155
94.198
94.228
94.243
94.243
94.228
94.198
94.155
94.082
94.1
94.172
94.213
94.243
94.258
94.258
94.243
94.213
94.172
94.1
94.1
94.172
94.213
94.243
94.258
94.258
94.243
94.213
94.172
94.1
94.082
94.155
94.198
94.228
94.243
94.243
94.228
94.198
94.155
94.082
94.046
94.12
94.165
94.198
94.213
94.213
94.198
94.165
94.12
94.046
93.986
94.07
94.12
94.155
94.172
94.172
94.155
94.12
94.07
93.986
93.875
93.986
94.046
94.082
94.1
94.1
94.082
94.046
93.986
93.875
81.805
82.13
82.308
82.414
82.467
82.467
82.414
82.308
82.13
81.805
82.13
82.379
82.526
82.628
82.678
82.678
82.628
82.526
82.379
82.13
82.308
82.526
82.657
82.754
82.801
82.801
82.754
82.657
82.526
82.308
82.414
82.628
82.754
82.844
82.889
82.889
82.844
82.754
82.628
82.414
82.467
82.678
82.801
82.889
82.932
82.932
82.889
82.801
82.678
82.467
82.467
82.678
82.801
82.889
82.932
82.932
82.889
82.801
82.678
82.467
82.414
82.628
82.754
82.844
82.889
82.889
82.844
82.754
82.628
82.414
82.308
82.526
82.657
82.754
82.801
82.801
82.754
82.657
82.526
82.308
82.13
82.379
82.526
82.628
82.678
82.678
82.628
82.526
82.379
82.13
81.805
82.13
82.308
82.414
82.467
82.467
82.414
82.308
82.13
81.805
70.265
70.783
71.068
71.238
71.323
71.323
71.238
71.068
70.783
70.265
70.783
71.182
71.419
71.583
71.662
71.662
71.583
71.419
71.182
70.783
71.068
71.419
71.629
71.784
71.86
71.86
71.784
71.629
71.419
71.068
71.238
71.583
71.784
71.93
72.002
72.002
71.93
71.784
71.583
71.238
71.323
71.662
71.86
72.002
72.072
72.072
72.002
71.86
71.662
71.323
71.323
71.662
71.86
72.002
72.072
72.072
72.002
71.86
71.662
71.323
71.238
71.583
71.784
71.93
72.002
72.002
71.93
71.784
71.583
71.238
71.068
71.419
71.629
71.784
71.86
71.86
71.784
71.629
71.419
71.068
70.783
71.182
71.419
71.583
71.662
71.662
71.583
71.419
71.182
70.783
70.265
70.783
71.068
71.238
71.323
71.323
71.238
71.068
70.783
70.265
59.573
60.254
60.63
60.855
60.968
60.968
60.855
60.63
60.254
59.573
60.254
60.782
61.096
61.313
61.418
61.418
61.313
61.096
60.782
60.254
60.63
61.096
61.375
61.582
61.682
61.682
61.582
61.375
61.096
60.63
60.855
61.313
61.582
61.776
61.871
61.871
61.776
61.582
61.313
60.855
60.968
61.418
61.682
61.871
61.965
61.965
61.871
61.682
61.418
60.968
60.968
61.418
61.682
61.871
61.965
61.965
61.871
61.682
61.418
60.968
60.855
61.313
61.582
61.776
61.871
61.871
61.776
61.582
61.313
60.855
60.63
61.096
61.375
61.582
61.682
61.682
61.582
61.375
61.096
60.63
60.254
60.782
61.096
61.313
61.418
61.418
61.313
61.096
60.782
60.254
59.573
60.254
60.63
60.855
60.968
60.968
60.855
60.63
60.254
59.573
50.001
50.809
51.259
51.528
51.663
51.663
51.528
51.259
50.809
50.001
50.809
51.441
51.818
52.078
52.204
52.204
52.078
51.818
51.441
50.809
51.259
51.818
52.153
52.402
52.522
52.522
52.402
52.153
51.818
51.259
51.528
52.078
52.402
52.636
52.751
52.751
52.636
52.402
52.078
51.528
51.663
52.204
52.522
52.751
52.863
52.863
52.751
52.522
52.204
51.663
51.663
52.204
52.522
52.751
52.863
52.863
52.751
52.522
52.204
51.663
51.528
52.078
52.402
52.636
52.751
52.751
52.636
52.402
52.078
51.528
51.259
51.818
52.153
52.402
52.522
52.522
52.402
52.153
51.818
51.259
50.809
51.441
51.818
52.078
52.204
52.204
52.078
51.818
51.441
50.809
50.001
50.809
51.259
51.528
51.663
51.663
51.528
51.259
50.809
50.001
41.765
42.666
43.169
43.471
43.623
43.623
43.471
43.169
42.666
41.765
42.666
43.375
43.799
44.092
44.235
44.235
44.092
43.799
43.375
42.666
43.169
43.799
44.179
44.459
44.596
44.596
44.459
44.179
43.799
43.169
43.471
44.092
44.459
44.724
44.855
44.855
44.724
44.459
44.092
43.471
43.623
44.235
44.596
44.855
44.982
44.982
44.855
44.596
44.235
43.623
43.623
44.235
44.596
44.855
44.982
44.982
44.855
44.596
44.235
43.623
43.471
44.092
44.459
44.724
44.855
44.855
44.724
44.459
44.092
43.471
43.169
43.799
44.179
44.459
44.596
44.596
44.459
44.179
43.799
43.169
42.666
43.375
43.799
44.092
44.235
44.235
44.092
43.799
43.375
42.666
41.765
42.666
43.169
43.471
43.623
43.623
43.471
43.169
42.666
41.765
35.026
35.988
36.529
36.854
37.017
37.017
36.854
36.529
35.988
35.026
35.988
36.751
37.21
37.526
37.681
37.681
37.526
37.21
36.751
35.988
36.529
37.21
37.621
37.925
38.073
38.073
37.925
37.621
37.21
36.529
36.854
37.526
37.925
38.212
38.354
38.354
38.212
37.925
37.526
36.854
37.017
37.681
38.073
38.354
38.492
38.492
38.354
38.073
37.681
37.017
37.017
37.681
38.073
38.354
38.492
38.492
38.354
38.073
37.681
37.017
36.854
37.526
37.925
38.212
38.354
38.354
38.212
37.925
37.526
36.854
36.529
37.21
37.621
37.925
38.073
38.073
37.925
37.621
37.21
36.529
35.988
36.751
37.21
37.526
37.681
37.681
37.526
37.21
36.751
35.988
35.026
35.988
36.529
36.854
37.017
37.017
36.854
36.529
35.988
35.026
29.896
30.894
31.459
31.799
31.969
31.969
31.799
31.459
30.894
29.896
30.894
31.692
32.173
32.505
32.667
32.667
32.505
32.173
31.692
30.894
31.459
32.173
32.605
32.924
33.08
33.08
32.924
32.605
32.173
31.459
31.799
32.505
32.924
33.227
33.376
33.376
33.227
32.924
32.505
31.799
31.969
32.667
33.08
33.376
33.522
33.522
33.376
33.08
32.667
31.969
31.969
32.667
33.08
33.376
33.522
33.522
33.376
33.08
32.667
31.969
31.799
32.505
32.924
33.227
33.376
33.376
33.227
32.924
32.505
31.799
31.459
32.173
32.605
32.924
33.08
33.08
32.924
32.605
32.173
31.459
30.894
31.692
32.173
32.505
32.667
32.667
32.505
32.173
31.692
30.894
29.896
30.894
31.459
31.799
31.969
31.969
31.799
31.459
30.894
29.896
26.444
27.462
28.04
28.388
28.562
28.562
28.388
28.04
27.462
26.444
27.462
28.279
28.773
29.114
29.28
29.28
29.114
28.773
28.279
27.462
28.04
28.773
29.218
29.546
29.706
29.706
29.546
29.218
28.773
28.04
28.388
29.114
29.546
29.857
30.011
30.011
29.857
29.546
29.114
28.388
28.562
29.28
29.706
30.011
30.162
30.162
30.011
29.706
29.28
28.562
28.562
29.28
29.706
30.011
30.162
30.162
30.011
29.706
29.28
28.562
28.388
29.114
29.546
29.857
30.011
30.011
29.857
29.546
29.114
28.388
28.04
28.773
29.218
29.546
29.706
29.706
29.546
29.218
28.773
28.04
27.462
28.279
28.773
29.114
29.28
29.28
29.114
28.773
28.279
27.462
26.444
27.462
28.04
28.388
28.562
28.562
28.388
28.04
27.462
26.444
24.709
25.735
26.319
26.67
26.847
26.847
26.67
26.319
25.735
24.709
25.735
26.561
27.061
27.406
27.574
27.574
27.406
27.061
26.561
25.735
26.319
27.061
27.512
27.844
28.006
28.006
27.844
27.512
27.061
26.319
26.67
27.406
27.844
28.16
28.315
28.315
28.16
27.844
27.406
26.67
26.847
27.574
28.006
28.315
28.468
28.468
28.315
28.006
27.574
26.847
26.847
27.574
28.006
28.315
28.468
28.468
28.315
28.006
27.574
26.847
26.67
27.406
27.844
28.16
28.315
28.315
28.16
27.844
27.406
26.67
26.319
27.061
27.512
27.844
28.006
28.006
27.844
27.512
27.061
26.319
25.735
26.561
27.061
27.406
27.574
27.574
27.406
27.061
26.561
25.735
24.709
25.735
26.319
26.67
26.847
26.847
26.67
26.319
25.735
24.709
24.709
25.735
26.319
26.67
26.847
26.847
26.67
26.319
25.735
24.709
25.735
26.561
27.061
27.406
27.574
27.574
27.406
27.061
26.561
25.735
26.319
27.061
27.512
27.844
28.006
28.006
27.844
27.512
27.061
26.319
26.67
27.406
27.844
28.16
28.315
28.315
28.16
27.844
27.406
26.67
26.847
27.574
28.006
28.315
28.468
28.468
28.315
28.006
27.574
26.847
26.847
27.574
28.006
28.315
28.468
28.468
28.315
28.006
27.574
26.847
26.67
27.406
27.844
28.16
28.315
28.315
28.16
27.844
27.406
26.67
26.319
27.061
27.512
27.844
28.006
28.006
27.844
27.512
27.061
26.319
25.735
26.561
27.061
27.406
27.574
27.574
27.406
27.061
26.561
25.735
24.709
25.735
26.319
26.67
26.847
26.847
26.67
26.319
25.735
24.709
26.444
27.462
28.04
28.388
28.562
28.562
28.388
28.04
27.462
26.444
27.462
28.279
28.773
29.114
29.28
29.28
29.114
28.773
28.279
27.462
28.04
28.773
29.218
29.546
29.706
29.706
29.546
29.218
28.773
28.04
28.388
29.114
29.546
29.857
30.011
30.011
29.857
29.546
29.114
28.388
28.562
29.28
29.706
30.011
30.162
30.162
30.011
29.706
29.28
28.562
28.562
29.28
29.706
30.011
30.162
30.162
30.011
29.706
29.28
28.562
28.388
29.114
29.546
29.857
30.011
30.011
29.857
29.546
29.114
28.388
28.04
28.773
29.218
29.546
29.706
29.706
29.546
29.218
28.773
28.04
27.462
28.279
28.773
29.114
29.28
29.28
29.114
28.773
28.279
27.462
26.444
27.462
28.04
28.388
28.562
28.562
28.388
28.04
27.462
26.444
29.896
30.894
31.459
31.799
31.969
31.969
31.799
31.459
30.894
29.896
30.894
31.692
32.173
32.505
32.667
32.667
32.505
32.173
31.692
30.894
31.459
32.173
32.605
32.924
33.08
33.08
32.924
32.605
32.173
31.459
31.799
32.505
32.924
33.227
33.376
33.376
33.227
32.924
32.505
31.799
31.969
32.667
33.08
33.376
33.522
33.522
33.376
33.08
32.667
31.969
31.969
32.667
33.08
33.376
33.522
33.522
33.376
33.08
32.667
31.969
31.799
32.505
32.924
33.227
33.376
33.376
33.227
32.924
32.505
31.799
31.459
32.173
32.605
32.924
33.08
33.08
32.924
32.605
32.173
31.459
30.894
31.692
32.173
32.505
32.667
32.667
32.505
32.173
31.692
30.894
29.896
30.894
31.459
31.799
31.969
31.969
31.799
31.459
30.894
29.896
35.026
35.988
36.529
36.854
37.017
37.017
36.854
36.529
35.988
35.026
35.988
36.751
37.21
37.526
37.681
37.681
37.526
37.21
36.751
35.988
36.529
37.21
37.621
37.925
38.073
38.073
37.925
37.621
37.21
36.529
36.854
37.526
37.925
38.212
38.354
38.354
38.212
37.925
37.526
36.854
37.017
37.681
38.073
38.354
38.492
38.492
38.354
38.073
37.681
37.017
37.017
37.681
38.073
38.354
38.492
38.492
38.354
38.073
37.681
37.017
36.854
37.526
37.925
38.212
38.354
38.354
38.212
37.925
37.526
36.854
36.529
37.21
37.621
37.925
38.073
38.073
37.925
37.621
37.21
36.529
35.988
36.751
37.21
37.526
37.681
37.681
37.526
37.21
36.751
35.988
35.026
35.988
36.529
36.854
37.017
37.017
36.854
36.529
35.988
35.026
41.765
42.666
43.169
43.471
43.623
43.623
43.471
43.169
42.666
41.765
42.666
43.375
43.799
44.092
44.235
44.235
44.092
43.799
43.375
42.666
43.169
43.799
44.179
44.459
44.596
44.596
44.459
44.179
43.799
43.169
43.471
44.092
44.459
44.724
44.855
44.855
44.724
44.459
44.092
43.471
43.623
44.235
44.596
44.855
44.982
44.982
44.855
44.596
44.235
43.623
43.623
44.235
44.596
44.855
44.982
44.982
44.855
44.596
44.235
43.623
43.471
44.092
44.459
44.724
44.855
44.855
44.724
44.459
44.092
43.471
43.169
43.799
44.179
44.459
44.596
44.596
44.459
44.179
43.799
43.169
42.666
43.375
43.799
44.092
44.235
44.235
44.092
43.799
43.375
42.666
41.765
42.666
43.169
43.471
43.623
43.623
43.471
43.169
42.666
41.765
50.001
50.809
51.259
51.528
51.663
51.663
51.528
51.259
50.809
50.001
50.809
51.441
51.818
52.078
52.204
52.204
52.078
51.818
51.441
50.809
51.259
51.818
52.153
52.402
52.522
52.522
52.402
52.153
51.818
51.259
51.528
52.078
52.402
52.636
52.751
52.751
52.636
52.402
52.078
51.528
51.663
52.204
52.522
52.751
52.863
52.863
52.751
52.522
52.204
51.663
51.663
52.204
52.522
52.751
52.863
52.863
52.751
52.522
52.204
51.663
51.528
52.078
52.402
52.636
52.751
52.751
52.636
52.402
52.078
51.528
51.259
51.818
52.153
52.402
52.522
52.522
52.402
52.153
51.818
51.259
50.809
51.441
51.818
52.078
52.204
52.204
52.078
51.818
51.441
50.809
50.001
50.809
51.259
51.528
51.663
51.663
51.528
51.259
50.809
50.001
59.573
60.254
60.63
60.855
60.968
60.968
60.855
60.63
60.254
59.573
60.254
60.782
61.096
61.313
61.418
61.418
61.313
61.096
60.782
60.254
60.63
61.096
61.375
61.582
61.682
61.682
61.582
61.375
61.096
60.63
60.855
61.313
61.582
61.776
61.871
61.871
61.776
61.582
61.313
60.855
60.968
61.418
61.682
61.871
61.965
61.965
61.871
61.682
61.418
60.968
60.968
61.418
61.682
61.871
61.965
61.965
61.871
61.682
61.418
60.968
60.855
61.313
61.582
61.776
61.871
61.871
61.776
61.582
61.313
60.855
60.63
61.096
61.375
61.582
61.682
61.682
61.582
61.375
61.096
60.63
60.254
60.782
61.096
61.313
61.418
61.418
61.313
61.096
60.782
60.254
59.573
60.254
60.63
60.855
60.968
60.968
60.855
60.63
60.254
59.573
70.265
70.783
71.068
71.238
71.323
71.323
71.238
71.068
70.783
70.265
70.783
71.182
71.419
71.583
71.662
71.662
71.583
71.419
71.182
70.783
71.068
71.419
71.629
71.784
71.86
71.86
71.784
71.629
71.419
71.068
71.238
71.583
71.784
71.93
72.002
72.002
71.93
71.784
71.583
71.238
71.323
71.662
71.86
72.002
72.072
72.072
72.002
71.86
71.662
71.323
71.323
71.662
71.86
72.002
72.072
72.072
72.002
71.86
71.662
71.323
71.238
71.583
71.784
71.93
72.002
72.002
71.93
71.784
71.583
71.238
71.068
71.419
71.629
71.784
71.86
71.86
71.784
71.629
71.419
71.068
70.783
71.182
71.419
71.583
71.662
71.662
71.583
71.419
71.182
70.783
70.265
70.783
71.068
71.238
71.323
71.323
71.238
71.068
70.783
70.265
81.805
82.13
82.308
82.414
82.467
82.467
82.414
82.308
82.13
81.805
82.13
82.379
82.526
82.628
82.678
82.678
82.628
82.526
82.379
82.13
82.308
82.526
82.657
82.754
82.801
82.801
82.754
82.657
82.526
82.308
82.414
82.628
82.754
82.844
82.889
82.889
82.844
82.754
82.628
82.414
82.467
82.678
82.801
82.889
82.932
82.932
82.889
82.801
82.678
82.467
82.467
82.678
82.801
82.889
82.932
82.932
82.889
82.801
82.678
82.467
82.414
82.628
82.754
82.844
82.889
82.889
82.844
82.754
82.628
82.414
82.308
82.526
82.657
82.754
82.801
82.801
82.754
82.657
82.526
82.308
82.13
82.379
82.526
82.628
82.678
82.678
82.628
82.526
82.379
82.13
81.805
82.13
82.308
82.414
82.467
82.467
82.414
82.308
82.13
81.805
93.875
93.986
94.046
94.082
94.1
94.1
94.082
94.046
93.986
93.875
93.986
94.07
94.12
94.155
94.172
94.172
94.155
94.12
94.07
93.986
94.046
94.12
94.165
94.198
94.213
94.213
94.198
94.165
94.12
94.046
94.082
94.155
94.198
94.228
94.243
94.243
94.228
94.198
94.155
94.082
94.1
94.172
94.213
94.243
94.258
94.258
94.243
94.213
94.172
94.1
94.1
94.172
94.213
94.243
94.258
94.258
94.243
94.213
94.172
94.1
94.082
94.155
94.198
94.228
94.243
94.243
94.228
94.198
94.155
94.082
94.046
94.12
94.165
94.198
94.213
94.213
94.198
94.165
94.12
94.046
93.986
94.07
94.12
94.155
94.172
94.172
94.155
94.12
94.07
93.986
93.875
93.986
94.046
94.082
94.1
94.1
94.082
94.046
93.986
93.875
106.12
106.01
105.95
105.92
105.9
105.9
105.92
105.95
106.01
106.12
106.01
105.93
105.88
105.84
105.83
105.83
105.84
105.88
105.93
106.01
105.95
105.88
105.83
105.8
105.79
105.79
105.8
105.83
105.88
105.95
105.92
105.84
105.8
105.77
105.76
105.76
105.77
105.8
105.84
105.92
105.9
105.83
105.79
105.76
105.74
105.74
105.76
105.79
105.83
105.9
105.9
105.83
105.79
105.76
105.74
105.74
105.76
105.79
105.83
105.9
105.92
105.84
105.8
105.77
105.76
105.76
105.77
105.8
105.84
105.92
105.95
105.88
105.83
105.8
105.79
105.79
105.8
105.83
105.88
105.95
106.01
105.93
105.88
105.84
105.83
105.83
105.84
105.88
105.93
106.01
106.12
106.01
105.95
105.92
105.9
105.9
105.92
105.95
106.01
106.12
118.19
117.86
117.69
117.58
117.53
117.53
117.58
117.69
117.86
118.19
117.86
117.61
117.46
117.36
117.31
117.31
117.36
117.46
117.61
117.86
117.69
117.46
117.33
117.24
117.19
117.19
117.24
117.33
117.46
117.69
117.58
117.36
117.24
117.15
117.1
117.1
117.15
117.24
117.36
117.58
117.53
117.31
117.19
117.1
117.06
117.06
117.1
117.19
117.31
117.53
117.53
117.31
117.19
117.1
117.06
117.06
117.1
117.19
117.31
117.53
117.58
117.36
117.24
117.15
117.1
117.1
117.15
117.24
117.36
117.58
117.69
117.46
117.33
117.24
117.19
117.19
117.24
117.33
117.46
117.69
117.86
117.61
117.46
117.36
117.31
117.31
117.36
117.46
117.61
117.86
118.19
117.86
117.69
117.58
117.53
117.53
117.58
117.69
117.86
118.19
129.73
129.21
128.92
128.75
128.67
128.67
128.75
128.92
129.21
129.73
129.21
128.81
128.57
128.4
128.32
128.32
128.4
128.57
128.81
129.21
128.92
128.57
128.35
128.2
128.12
128.12
128.2
128.35
128.57
128.92
128.75
128.4
128.2
128.05
127.98
127.98
128.05
128.2
128.4
128.75
128.67
128.32
128.12
127.98
127.91
127.91
127.98
128.12
128.32
128.67
128.67
128.32
128.12
127.98
127.91
127.91
127.98
128.12
128.32
128.67
128.75
128.4
128.2
128.05
127.98
127.98
128.05
128.2
128.4
128.75
128.92
128.57
128.35
128.2
128.12
128.12
128.2
128.35
128.57
128.92
129.21
128.81
128.57
128.4
128.32
128.32
128.4
128.57
128.81
129.21
129.73
129.21
128.92
128.75
128.67
128.67
128.75
128.92
129.21
129.73
