126.34
125.91
125.68
125.54
125.47
125.47
125.54
125.68
125.91
126.34
125.91
125.58
125.38
125.25
125.18
125.18
125.25
125.38
125.58
125.91
125.68
125.38
125.21
125.08
125.01
125.01
125.08
125.21
125.38
125.68
125.54
125.25
125.08
124.96
124.9
124.9
124.96
125.08
125.25
125.54
125.47
125.18
125.01
124.9
124.84
124.84
124.9
125.01
125.18
125.47
125.47
125.18
125.01
124.9
124.84
124.84
124.9
125.01
125.18
125.47
125.54
125.25
125.08
124.96
124.9
124.9
124.96
125.08
125.25
125.54
125.68
125.38
125.21
125.08
125.01
125.01
125.08
125.21
125.38
125.68
125.91
125.58
125.38
125.25
125.18
125.18
125.25
125.38
125.58
125.91
126.34
125.91
125.68
125.54
125.47
125.47
125.54
125.68
125.91
126.34
116.09
115.83
115.68
115.6
115.55
115.55
115.6
115.68
115.83
116.09
115.83
115.62
115.5
115.42
115.38
115.38
115.42
115.5
115.62
115.83
115.68
115.5
115.39
115.31
115.27
115.27
115.31
115.39
115.5
115.68
115.6
115.42
115.31
115.24
115.2
115.2
115.24
115.31
115.42
115.6
115.55
115.38
115.27
115.2
115.16
115.16
115.2
115.27
115.38
115.55
115.55
115.38
115.27
115.2
115.16
115.16
115.2
115.27
115.38
115.55
115.6
115.42
115.31
115.24
115.2
115.2
115.24
115.31
115.42
115.6
115.68
115.5
115.39
115.31
115.27
115.27
115.31
115.39
115.5
115.68
115.83
115.62
115.5
115.42
115.38
115.38
115.42
115.5
115.62
115.83
116.09
115.83
115.68
115.6
115.55
115.55
115.6
115.68
115.83
116.09
105.41
105.32
105.28
105.25
105.23
105.23
105.25
105.28
105.32
105.41
105.32
105.26
105.21
105.19
105.17
105.17
105.19
105.21
105.26
105.32
105.28
105.21
105.18
105.15
105.14
105.14
105.15
105.18
105.21
105.28
105.25
105.19
105.15
105.13
105.11
105.11
105.13
105.15
105.19
105.25
105.23
105.17
105.14
105.11
105.1
105.1
105.11
105.14
105.17
105.23
105.23
105.17
105.14
105.11
105.1
105.1
105.11
105.14
105.17
105.23
105.25
105.19
105.15
105.13
105.11
105.11
105.13
105.15
105.19
105.25
105.28
105.21
105.18
105.15
105.14
105.14
105.15
105.18
105.21
105.28
105.32
105.26
105.21
105.19
105.17
105.17
105.19
105.21
105.26
105.32
105.41
105.32
105.28
105.25
105.23
105.23
105.25
105.28
105.32
105.41
94.588
94.676
94.724
94.754
94.768
94.768
94.754
94.724
94.676
94.588
94.676
94.744
94.785
94.813
94.827
94.827
94.813
94.785
94.744
94.676
94.724
94.785
94.821
94.848
94.861
94.861
94.848
94.821
94.785
94.724
94.754
94.813
94.848
94.874
94.886
94.886
94.874
94.848
94.813
94.754
94.768
94.827
94.861
94.886
94.898
94.898
94.886
94.861
94.827
94.768
94.768
94.827
94.861
94.886
94.898
94.898
94.886
94.861
94.827
94.768
94.754
94.813
94.848
94.874
94.886
94.886
94.874
94.848
94.813
94.754
94.724
94.785
94.821
94.848
94.861
94.861
94.848
94.821
94.785
94.724
94.676
94.744
94.785
94.813
94.827
94.827
94.813
94.785
94.744
94.676
94.588
94.676
94.724
94.754
94.768
94.768
94.754
94.724
94.676
94.588
83.908
84.168
84.312
84.398
84.442
84.442
84.398
84.312
84.168
83.908
84.168
84.37
84.491
84.575
84.616
84.616
84.575
84.491
84.37
84.168
84.312
84.491
84.599
84.679
84.718
84.718
84.679
84.599
84.491
84.312
84.398
84.575
84.679
84.754
84.791
84.791
84.754
84.679
84.575
84.398
84.442
84.616
84.718
84.791
84.827
84.827
84.791
84.718
84.616
84.442
84.442
84.616
84.718
84.791
84.827
84.827
84.791
84.718
84.616
84.442
84.398
84.575
84.679
84.754
84.791
84.791
84.754
84.679
84.575
84.398
84.312
84.491
84.599
84.679
84.718
84.718
84.679
84.599
84.491
84.312
84.168
84.37
84.491
84.575
84.616
84.616
84.575
84.491
84.37
84.168
83.908
84.168
84.312
84.398
84.442
84.442
84.398
84.312
84.168
83.908
73.657
74.077
74.311
74.451
74.522
74.522
74.451
74.311
74.077
73.657
74.077
74.406
74.602
74.738
74.804
74.804
74.738
74.602
74.406
74.077
74.311
74.602
74.777
74.907
74.97
74.97
74.907
74.777
74.602
74.311
74.451
74.738
74.907
75.029
75.089
75.089
75.029
74.907
74.738
74.451
74.522
74.804
74.97
75.089
75.148
75.148
75.089
74.97
74.804
74.522
74.522
74.804
74.97
75.089
75.148
75.148
75.089
74.97
74.804
74.522
74.451
74.738
74.907
75.029
75.089
75.089
75.029
74.907
74.738
74.451
74.311
74.602
74.777
74.907
74.97
74.97
74.907
74.777
74.602
74.311
74.077
74.406
74.602
74.738
74.804
74.804
74.738
74.602
74.406
74.077
73.657
74.077
74.311
74.451
74.522
74.522
74.451
74.311
74.077
73.657
64.102
64.665
64.979
65.167
65.262
65.262
65.167
64.979
64.665
64.102
64.665
65.107
65.371
65.554
65.643
65.643
65.554
65.371
65.107
64.665
64.979
65.371
65.607
65.782
65.867
65.867
65.782
65.607
65.371
64.979
65.167
65.554
65.782
65.946
66.027
66.027
65.946
65.782
65.554
65.167
65.262
65.643
65.867
66.027
66.107
66.107
66.027
65.867
65.643
65.262
65.262
65.643
65.867
66.027
66.107
66.107
66.027
65.867
65.643
65.262
65.167
65.554
65.782
65.946
66.027
66.027
65.946
65.782
65.554
65.167
64.979
65.371
65.607
65.782
65.867
65.867
65.782
65.607
65.371
64.979
64.665
65.107
65.371
65.554
65.643
65.643
65.554
65.371
65.107
64.665
64.102
64.665
64.979
65.167
65.262
65.262
65.167
64.979
64.665
64.102
55.48
56.165
56.548
56.778
56.893
56.893
56.778
56.548
56.165
55.48
56.165
56.704
57.027
57.25
57.359
57.359
57.25
57.027
56.704
56.165
56.548
57.027
57.316
57.53
57.634
57.634
57.53
57.316
57.027
56.548
56.778
57.25
57.53
57.732
57.831
57.831
57.732
57.53
57.25
56.778
56.893
57.359
57.634
57.831
57.928
57.928
57.831
57.634
57.359
56.893
56.893
57.359
57.634
57.831
57.928
57.928
57.831
57.634
57.359
56.893
56.778
57.25
57.53
57.732
57.831
57.831
57.732
57.53
57.25
56.778
56.548
57.027
57.316
57.53
57.634
57.634
57.53
57.316
57.027
56.548
56.165
56.704
57.027
57.25
57.359
57.359
57.25
57.027
56.704
56.165
55.48
56.165
56.548
56.778
56.893
56.893
56.778
56.548
56.165
55.48
47.997
48.78
49.22
49.484
49.616
49.616
49.484
49.22
48.78
47.997
48.78
49.4
49.772
50.028
50.153
50.153
50.028
49.772
49.4
48.78
49.22
49.772
50.104
50.35
50.47
50.47
50.35
50.104
49.772
49.22
49.484
50.028
50.35
50.583
50.697
50.697
50.583
50.35
50.028
49.484
49.616
50.153
50.47
50.697
50.809
50.809
50.697
50.47
50.153
49.616
49.616
50.153
50.47
50.697
50.809
50.809
50.697
50.47
50.153
49.616
49.484
50.028
50.35
50.583
50.697
50.697
50.583
50.35
50.028
49.484
49.22
49.772
50.104
50.35
50.47
50.47
50.35
50.104
49.772
49.22
48.78
49.4
49.772
50.028
50.153
50.153
50.028
49.772
49.4
48.78
47.997
48.78
49.22
49.484
49.616
49.616
49.484
49.22
48.78
47.997
41.82
42.679
43.163
43.453
43.599
43.599
43.453
43.163
42.679
41.82
42.679
43.361
43.771
44.053
44.191
44.191
44.053
43.771
43.361
42.679
43.163
43.771
44.138
44.409
44.542
44.542
44.409
44.138
43.771
43.163
43.453
44.053
44.409
44.666
44.793
44.793
44.666
44.409
44.053
43.453
43.599
44.191
44.542
44.793
44.917
44.917
44.793
44.542
44.191
43.599
43.599
44.191
44.542
44.793
44.917
44.917
44.793
44.542
44.191
43.599
43.453
44.053
44.409
44.666
44.793
44.793
44.666
44.409
44.053
43.453
43.163
43.771
44.138
44.409
44.542
44.542
44.409
44.138
43.771
43.163
42.679
43.361
43.771
44.053
44.191
44.191
44.053
43.771
43.361
42.679
41.82
42.679
43.163
43.453
43.599
43.599
43.453
43.163
42.679
41.82
37.08
37.993
38.508
38.817
38.973
38.973
38.817
38.508
37.993
37.08
37.993
38.719
39.157
39.459
39.606
39.606
39.459
39.157
38.719
37.993
38.508
39.157
39.55
39.84
39.981
39.981
39.84
39.55
39.157
38.508
38.817
39.459
39.84
40.114
40.25
40.25
40.114
39.84
39.459
38.817
38.973
39.606
39.981
40.25
40.382
40.382
40.25
39.981
39.606
38.973
38.973
39.606
39.981
40.25
40.382
40.382
40.25
39.981
39.606
38.973
38.817
39.459
39.84
40.114
40.25
40.25
40.114
39.84
39.459
38.817
38.508
39.157
39.55
39.84
39.981
39.981
39.84
39.55
39.157
38.508
37.993
38.719
39.157
39.459
39.606
39.606
39.459
39.157
38.719
37.993
37.08
37.993
38.508
38.817
38.973
38.973
38.817
38.508
37.993
37.08
33.869
34.817
35.352
35.674
35.836
35.836
35.674
35.352
34.817
33.869
34.817
35.573
36.028
36.342
36.496
36.496
36.342
36.028
35.573
34.817
35.352
36.028
36.438
36.74
36.887
36.887
36.74
36.438
36.028
35.352
35.674
36.342
36.74
37.026
37.167
37.167
37.026
36.74
36.342
35.674
35.836
36.496
36.887
37.167
37.305
37.305
37.167
36.887
36.496
35.836
35.836
36.496
36.887
37.167
37.305
37.305
37.167
36.887
36.496
35.836
35.674
36.342
36.74
37.026
37.167
37.167
37.026
36.74
36.342
35.674
35.352
36.028
36.438
36.74
36.887
36.887
36.74
36.438
36.028
35.352
34.817
35.573
36.028
36.342
36.496
36.496
36.342
36.028
35.573
34.817
33.869
34.817
35.352
35.674
35.836
35.836
35.674
35.352
34.817
33.869
32.25
33.213
33.759
34.087
34.251
34.251
34.087
33.759
33.213
32.25
33.213
33.984
34.448
34.768
34.925
34.925
34.768
34.448
33.984
33.213
33.759
34.448
34.866
35.173
35.324
35.324
35.173
34.866
34.448
33.759
34.087
34.768
35.173
35.465
35.61
35.61
35.465
35.173
34.768
34.087
34.251
34.925
35.324
35.61
35.751
35.751
35.61
35.324
34.925
34.251
34.251
34.925
35.324
35.61
35.751
35.751
35.61
35.324
34.925
34.251
34.087
34.768
35.173
35.465
35.61
35.61
35.465
35.173
34.768
34.087
33.759
34.448
34.866
35.173
35.324
35.324
35.173
34.866
34.448
33.759
33.213
33.984
34.448
34.768
34.925
34.925
34.768
34.448
33.984
33.213
32.25
33.213
33.759
34.087
34.251
34.251
34.087
33.759
33.213
32.25
32.25
33.213
33.759
34.087
34.251
34.251
34.087
33.759
33.213
32.25
33.213
33.984
34.448
34.768
34.925
34.925
34.768
34.448
33.984
33.213
33.759
34.448
34.866
35.173
35.324
35.324
35.173
34.866
34.448
33.759
34.087
34.768
35.173
35.465
35.61
35.61
35.465
35.173
34.768
34.087
34.251
34.925
35.324
35.61
35.751
35.751
35.61
35.324
34.925
34.251
34.251
34.925
35.324
35.61
35.751
35.751
35.61
35.324
34.925
34.251
34.087
34.768
35.173
35.465
35.61
35.61
35.465
35.173
34.768
34.087
33.759
34.448
34.866
35.173
35.324
35.324
35.173
34.866
34.448
33.759
33.213
33.984
34.448
34.768
34.925
34.925
34.768
34.448
33.984
33.213
32.25
33.213
33.759
34.087
34.251
34.251
34.087
33.759
33.213
32.25
33.869
34.817
35.352
35.674
35.836
35.836
35.674
35.352
34.817
33.869
34.817
35.573
36.028
36.342
36.496
36.496
36.342
36.028
35.573
34.817
35.352
36.028
36.438
36.74
36.887
36.887
36.74
36.438
36.028
35.352
35.674
36.342
36.74
37.026
37.167
37.167
37.026
36.74
36.342
35.674
35.836
36.496
36.887
37.167
37.305
37.305
37.167
36.887
36.496
35.836
35.836
36.496
36.887
37.167
37.305
37.305
37.167
36.887
36.496
35.836
35.674
36.342
36.74
37.026
37.167
37.167
37.026
36.74
36.342
35.674
35.352
36.028
36.438
36.74
36.887
36.887
36.74
36.438
36.028
35.352
34.817
35.573
36.028
36.342
36.496
36.496
36.342
36.028
35.573
34.817
33.869
34.817
35.352
35.674
35.836
35.836
35.674
35.352
34.817
33.869
37.08
37.993
38.508
38.817
38.973
38.973
38.817
38.508
37.993
37.08
37.993
38.719
39.157
39.459
39.606
39.606
39.459
39.157
38.719
37.993
38.508
39.157
39.55
39.84
39.981
39.981
39.84
39.55
39.157
38.508
38.817
39.459
39.84
40.114
40.25
40.25
40.114
39.84
39.459
38.817
38.973
39.606
39.981
40.25
40.382
40.382
40.25
39.981
39.606
38.973
38.973
39.606
39.981
40.25
40.382
40.382
40.25
39.981
39.606
38.973
38.817
39.459
39.84
40.114
40.25
40.25
40.114
39.84
39.459
38.817
38.508
39.157
39.55
39.84
39.981
39.981
39.84
39.55
39.157
38.508
37.993
38.719
39.157
39.459
39.606
39.606
39.459
39.157
38.719
37.993
37.08
37.993
38.508
38.817
38.973
38.973
38.817
38.508
37.993
37.08
41.82
42.679
43.163
43.453
43.599
43.599
43.453
43.163
42.679
41.82
42.679
43.361
43.771
44.053
44.191
44.191
44.053
43.771
43.361
42.679
43.163
43.771
44.138
44.409
44.542
44.542
44.409
44.138
43.771
43.163
43.453
44.053
44.409
44.666
44.793
44.793
44.666
44.409
44.053
43.453
43.599
44.191
44.542
44.793
44.917
44.917
44.793
44.542
44.191
43.599
43.599
44.191
44.542
44.793
44.917
44.917
44.793
44.542
44.191
43.599
43.453
44.053
44.409
44.666
44.793
44.793
44.666
44.409
44.053
43.453
43.163
43.771
44.138
44.409
44.542
44.542
44.409
44.138
43.771
43.163
42.679
43.361
43.771
44.053
44.191
44.191
44.053
43.771
43.361
42.679
41.82
42.679
43.163
43.453
43.599
43.599
43.453
43.163
42.679
41.82
47.997
48.78
49.22
49.484
49.616
49.616
49.484
49.22
48.78
47.997
48.78
49.4
49.772
50.028
50.153
50.153
50.028
49.772
49.4
48.78
49.22
49.772
50.104
50.35
50.47
50.47
50.35
50.104
49.772
49.22
49.484
50.028
50.35
50.583
50.697
50.697
50.583
50.35
50.028
49.484
49.616
50.153
50.47
50.697
50.809
50.809
50.697
50.47
50.153
49.616
49.616
50.153
50.47
50.697
50.809
50.809
50.697
50.47
50.153
49.616
49.484
50.028
50.35
50.583
50.697
50.697
50.583
50.35
50.028
49.484
49.22
49.772
50.104
50.35
50.47
50.47
50.35
50.104
49.772
49.22
48.78
49.4
49.772
50.028
50.153
50.153
50.028
49.772
49.4
48.78
47.997
48.78
49.22
49.484
49.616
49.616
49.484
49.22
48.78
47.997
55.48
56.165
56.548
56.778
56.893
56.893
56.778
56.548
56.165
55.48
56.165
56.704
57.027
57.25
57.359
57.359
57.25
57.027
56.704
56.165
56.548
57.027
57.316
57.53
57.634
57.634
57.53
57.316
57.027
56.548
56.778
57.25
57.53
57.732
57.831
57.831
57.732
57.53
57.25
56.778
56.893
57.359
57.634
57.831
57.928
57.928
57.831
57.634
57.359
56.893
56.893
57.359
57.634
57.831
57.928
57.928
57.831
57.634
57.359
56.893
56.778
57.25
57.53
57.732
57.831
57.831
57.732
57.53
57.25
56.778
56.548
57.027
57.316
57.53
57.634
57.634
57.53
57.316
57.027
56.548
56.165
56.704
57.027
57.25
57.359
57.359
57.25
57.027
56.704
56.165
55.48
56.165
56.548
56.778
56.893
56.893
56.778
56.548
56.165
55.48
64.102
64.665
64.979
65.167
65.262
65.262
65.167
64.979
64.665
64.102
64.665
65.107
65.371
65.554
65.643
65.643
65.554
65.371
65.107
64.665
64.979
65.371
65.607
65.782
65.867
65.867
65.782
65.607
65.371
64.979
65.167
65.554
65.782
65.946
66.027
66.027
65.946
65.782
65.554
65.167
65.262
65.643
65.867
66.027
66.107
66.107
66.027
65.867
65.643
65.262
65.262
65.643
65.867
66.027
66.107
66.107
66.027
65.867
65.643
65.262
65.167
65.554
65.782
65.946
66.027
66.027
65.946
65.782
65.554
65.167
64.979
65.371
65.607
65.782
65.867
65.867
65.782
65.607
65.371
64.979
64.665
65.107
65.371
65.554
65.643
65.643
65.554
65.371
65.107
64.665
64.102
64.665
64.979
65.167
65.262
65.262
65.167
64.979
64.665
64.102
73.657
74.077
74.311
74.451
74.522
74.522
74.451
74.311
74.077
73.657
74.077
74.406
74.602
74.738
74.804
74.804
74.738
74.602
74.406
74.077
74.311
74.602
74.777
74.907
74.97
74.97
74.907
74.777
74.602
74.311
74.451
74.738
74.907
75.029
75.089
75.089
75.029
74.907
74.738
74.451
74.522
74.804
74.97
75.089
75.148
75.148
75.089
74.97
74.804
74.522
74.522
74.804
74.97
75.089
75.148
75.148
75.089
74.97
74.804
74.522
74.451
74.738
74.907
75.029
75.089
75.089
75.029
74.907
74.738
74.451
74.311
74.602
74.777
74.907
74.97
74.97
74.907
74.777
74.602
74.311
74.077
74.406
74.602
74.738
74.804
74.804
74.738
74.602
74.406
74.077
73.657
74.077
74.311
74.451
74.522
74.522
74.451
74.311
74.077
73.657
83.908
84.168
84.312
84.398
84.442
84.442
84.398
84.312
84.168
83.908
84.168
84.37
84.491
84.575
84.616
84.616
84.575
84.491
84.37
84.168
84.312
84.491
84.599
84.679
84.718
84.718
84.679
84.599
84.491
84.312
84.398
84.575
84.679
84.754
84.791
84.791
84.754
84.679
84.575
84.398
84.442
84.616
84.718
84.791
84.827
84.827
84.791
84.718
84.616
84.442
84.442
84.616
84.718
84.791
84.827
84.827
84.791
84.718
84.616
84.442
84.398
84.575
84.679
84.754
84.791
84.791
84.754
84.679
84.575
84.398
84.312
84.491
84.599
84.679
84.718
84.718
84.679
84.599
84.491
84.312
84.168
84.37
84.491
84.575
84.616
84.616
84.575
84.491
84.37
84.168
83.908
84.168
84.312
84.398
84.442
84.442
84.398
84.312
84.168
83.908
94.588
94.676
94.724
94.754
94.768
94.768
94.754
94.724
94.676
94.588
94.676
94.744
94.785
94.813
94.827
94.827
94.813
94.785
94.744
94.676
94.724
94.785
94.821
94.848
94.861
94.861
94.848
94.821
94.785
94.724
94.754
94.813
94.848
94.874
94.886
94.886
94.874
94.848
94.813
94.754
94.768
94.827
94.861
94.886
94.898
94.898
94.886
94.861
94.827
94.768
94.768
94.827
94.861
94.886
94.898
94.898
94.886
94.861
94.827
94.768
94.754
94.813
94.848
94.874
94.886
94.886
94.874
94.848
94.813
94.754
94.724
94.785
94.821
94.848
94.861
94.861
94.848
94.821
94.785
94.724
94.676
94.744
94.785
94.813
94.827
94.827
94.813
94.785
94.744
94.676
94.588
94.676
94.724
94.754
94.768
94.768
94.754
94.724
94.676
94.588
105.41
105.32
105.28
105.25
105.23
105.23
105.25
105.28
105.32
105.41
105.32
105.26
105.21
105.19
105.17
105.17
105.19
105.21
105.26
105.32
105.28
105.21
105.18
105.15
105.14
105.14
105.15
105.18
105.21
105.28
105.25
105.19
105.15
105.13
105.11
105.11
105.13
105.15
105.19
105.25
105.23
105.17
105.14
105.11
105.1
105.1
105.11
105.14
105.17
105.23
105.23
105.17
105.14
105.11
105.1
105.1
105.11
105.14
105.17
105.23
105.25
105.19
105.15
105.13
105.11
105.11
105.13
105.15
105.19
105.25
105.28
105.21
105.18
105.15
105.14
105.14
105.15
105.18
105.21
105.28
105.32
105.26
105.21
105.19
105.17
105.17
105.19
105.21
105.26
105.32
105.41
105.32
105.28
105.25
105.23
105.23
105.25
105.28
105.32
105.41
116.09
115.83
115.68
115.6
115.55
115.55
115.6
115.68
115.83
116.09
115.83
115.62
115.5
115.42
115.38
115.38
115.42
115.5
115.62
115.83
115.68
115.5
115.39
115.31
115.27
115.27
115.31
115.39
115.5
115.68
115.6
115.42
115.31
115.24
115.2
115.2
115.24
115.31
115.42
115.6
115.55
115.38
115.27
115.2
115.16
115.16
115.2
115.27
115.38
115.55
115.55
115.38
115.27
115.2
115.16
115.16
115.2
115.27
115.38
115.55
115.6
115.42
115.31
115.24
115.2
115.2
115.24
115.31
115.42
115.6
115.68
115.5
115.39
115.31
115.27
115.27
115.31
115.39
115.5
115.68
115.83
115.62
115.5
115.42
115.38
115.38
115.42
115.5
115.62
115.83
116.09
115.83
115.68
115.6
115.55
115.55
115.6
115.68
115.83
116.09
126.34
125.91
125.68
125.54
125.47
125.47
125.54
125.68
125.91
126.34
125.91
125.58
125.38
125.25
125.18
125.18
125.25
125.38
125.58
125.91
125.68
125.38
125.21
125.08
125.01
125.01
125.08
125.21
125.38
125.68
125.54
125.25
125.08
124.96
124.9
124.9
124.96
125.08
125.25
125.54
125.47
125.18
125.01
124.9
124.84
124.84
124.9
125.01
125.18
125.47
125.47
125.18
125.01
124.9
124.84
124.84
124.9
125.01
125.18
125.47
125.54
125.25
125.08
124.96
124.9
124.9
124.96
125.08
125.25
125.54
125.68
125.38
125.21
125.08
125.01
125.01
125.08
125.21
125.38
125.68
125.91
125.58
125.38
125.25
125.18
125.18
125.25
125.38
125.58
125.91
126.34
125.91
125.68
125.54
125.47
125.47
125.54
125.68
125.91
126.34
