158.18
155.43
154
153.27
152.93
152.93
153.27
154
155.43
158.18
155.43
153.35
152.23
151.53
151.21
151.21
151.53
152.23
153.35
155.43
154
152.23
151.28
150.62
150.32
150.32
150.62
151.28
152.23
154
153.27
151.53
150.62
150.01
149.73
149.73
150.01
150.62
151.53
153.27
152.93
151.21
150.32
149.73
149.45
149.45
149.73
150.32
151.21
152.93
152.93
151.21
150.32
149.73
149.45
149.45
149.73
150.32
151.21
152.93
153.27
151.53
150.62
150.01
149.73
149.73
150.01
150.62
151.53
153.27
154
152.23
151.28
150.62
150.32
150.32
150.62
151.28
152.23
154
155.43
153.35
152.23
151.53
151.21
151.21
151.53
152.23
153.35
155.43
158.18
155.43
154
153.27
152.93
152.93
153.27
154
155.43
158.18
138.23
135.7
134.54
134.01
133.75
133.75
134.01
134.54
135.7
138.23
135.7
134.02
133.16
132.66
132.42
132.42
132.66
133.16
134.02
135.7
134.54
133.16
132.49
132
131.78
131.78
132
132.49
133.16
134.54
134.01
132.66
132
131.56
131.35
131.35
131.56
132
132.66
134.01
133.75
132.42
131.78
131.35
131.15
131.15
131.35
131.78
132.42
133.75
133.75
132.42
131.78
131.35
131.15
131.15
131.35
131.78
132.42
133.75
134.01
132.66
132
131.56
131.35
131.35
131.56
132
132.66
134.01
134.54
133.16
132.49
132
131.78
131.78
132
132.49
133.16
134.54
135.7
134.02
133.16
132.66
132.42
132.42
132.66
133.16
134.02
135.7
138.23
135.7
134.54
134.01
133.75
133.75
134.01
134.54
135.7
138.23
114.39
112.65
112.03
111.85
111.74
111.74
111.85
112.03
112.65
114.39
112.65
111.77
111.41
111.23
111.14
111.14
111.23
111.41
111.77
112.65
112.03
111.41
111.15
110.97
110.89
110.89
110.97
111.15
111.41
112.03
111.85
111.23
110.97
110.81
110.73
110.73
110.81
110.97
111.23
111.85
111.74
111.14
110.89
110.73
110.66
110.66
110.73
110.89
111.14
111.74
111.74
111.14
110.89
110.73
110.66
110.66
110.73
110.89
111.14
111.74
111.85
111.23
110.97
110.81
110.73
110.73
110.81
110.97
111.23
111.85
112.03
111.41
111.15
110.97
110.89
110.89
110.97
111.15
111.41
112.03
112.65
111.77
111.41
111.23
111.14
111.14
111.23
111.41
111.77
112.65
114.39
112.65
112.03
111.85
111.74
111.74
111.85
112.03
112.65
114.39
85.604
87.352
87.967
88.149
88.259
88.259
88.149
87.967
87.352
85.604
87.352
88.229
88.587
88.77
88.859
88.859
88.77
88.587
88.229
87.352
87.967
88.587
88.85
89.027
89.109
89.109
89.027
88.85
88.587
87.967
88.149
88.77
89.027
89.188
89.265
89.265
89.188
89.027
88.77
88.149
88.259
88.859
89.109
89.265
89.34
89.34
89.265
89.109
88.859
88.259
88.259
88.859
89.109
89.265
89.34
89.34
89.265
89.109
88.859
88.259
88.149
88.77
89.027
89.188
89.265
89.265
89.188
89.027
88.77
88.149
87.967
88.587
88.85
89.027
89.109
89.109
89.027
88.85
88.587
87.967
87.352
88.229
88.587
88.77
88.859
88.859
88.77
88.587
88.229
87.352
85.604
87.352
87.967
88.149
88.259
88.259
88.149
87.967
87.352
85.604
61.764
64.286
65.45
65.983
66.244
66.244
65.983
65.45
64.286
61.764
64.286
65.97
66.822
67.328
67.561
67.561
67.328
66.822
65.97
64.286
65.45
66.822
67.497
67.982
68.202
68.202
67.982
67.497
66.822
65.45
65.983
67.328
67.982
68.427
68.632
68.632
68.427
67.982
67.328
65.983
66.244
67.561
68.202
68.632
68.831
68.831
68.632
68.202
67.561
66.244
66.244
67.561
68.202
68.632
68.831
68.831
68.632
68.202
67.561
66.244
65.983
67.328
67.982
68.427
68.632
68.632
68.427
67.982
67.328
65.983
65.45
66.822
67.497
67.982
68.202
68.202
67.982
67.497
66.822
65.45
64.286
65.97
66.822
67.328
67.561
67.561
67.328
66.822
65.97
64.286
61.764
64.286
65.45
65.983
66.244
66.244
65.983
65.45
64.286
61.764
41.807
44.559
45.983
46.716
47.06
47.06
46.716
45.983
44.559
41.807
44.559
46.628
47.751
48.447
48.765
48.765
48.447
47.751
46.628
44.559
45.983
47.751
48.697
49.352
49.651
49.651
49.352
48.697
47.751
45.983
46.716
48.447
49.352
49.962
50.245
50.245
49.962
49.352
48.447
46.716
47.06
48.765
49.651
50.245
50.521
50.521
50.245
49.651
48.765
47.06
47.06
48.765
49.651
50.245
50.521
50.521
50.245
49.651
48.765
47.06
46.716
48.447
49.352
49.962
50.245
50.245
49.962
49.352
48.447
46.716
45.983
47.751
48.697
49.352
49.651
49.651
49.352
48.697
47.751
45.983
44.559
46.628
47.751
48.447
48.765
48.765
48.447
47.751
46.628
44.559
41.807
44.559
45.983
46.716
47.06
47.06
46.716
45.983
44.559
41.807
26.929
29.393
30.729
31.445
31.789
31.789
31.445
30.729
29.393
26.929
29.393
31.348
32.458
33.159
33.487
33.487
33.159
32.458
31.348
29.393
30.729
32.458
33.424
34.097
34.411
34.411
34.097
33.424
32.458
30.729
31.445
33.159
34.097
34.734
35.036
35.036
34.734
34.097
33.159
31.445
31.789
33.487
34.411
35.036
35.331
35.331
35.036
34.411
33.487
31.789
31.789
33.487
34.411
35.036
35.331
35.331
35.036
34.411
33.487
31.789
31.445
33.159
34.097
34.734
35.036
35.036
34.734
34.097
33.159
31.445
30.729
32.458
33.424
34.097
34.411
34.411
34.097
33.424
32.458
30.729
29.393
31.348
32.458
33.159
33.487
33.487
33.159
32.458
31.348
29.393
26.929
29.393
30.729
31.445
31.789
31.789
31.445
30.729
29.393
26.929
16.553
18.454
19.542
20.149
20.444
20.444
20.149
19.542
18.454
16.553
18.454
20.055
21.003
21.612
21.902
21.902
21.612
21.003
20.055
18.454
19.542
21.003
21.855
22.45
22.731
22.731
22.45
21.855
21.003
19.542
20.149
21.612
22.45
23.021
23.295
23.295
23.021
22.45
21.612
20.149
20.444
21.902
22.731
23.295
23.564
23.564
23.295
22.731
21.902
20.444
20.444
21.902
22.731
23.295
23.564
23.564
23.295
22.731
21.902
20.444
20.149
21.612
22.45
23.021
23.295
23.295
23.021
22.45
21.612
20.149
19.542
21.003
21.855
22.45
22.731
22.731
22.45
21.855
21.003
19.542
18.454
20.055
21.003
21.612
21.902
21.902
21.612
21.003
20.055
18.454
16.553
18.454
19.542
20.149
20.444
20.444
20.149
19.542
18.454
16.553
9.7567
11.094
11.893
12.351
12.575
12.575
12.351
11.893
11.094
9.7567
11.094
12.276
13
13.471
13.698
13.698
13.471
13
12.276
11.094
11.893
13
13.669
14.136
14.36
14.36
14.136
13.669
13
11.893
12.351
13.471
14.136
14.591
14.811
14.811
14.591
14.136
13.471
12.351
12.575
13.698
14.36
14.811
15.03
15.03
14.811
14.36
13.698
12.575
12.575
13.698
14.36
14.811
15.03
15.03
14.811
14.36
13.698
12.575
12.351
13.471
14.136
14.591
14.811
14.811
14.591
14.136
13.471
12.351
11.893
13
13.669
14.136
14.36
14.36
14.136
13.669
13
11.893
11.094
12.276
13
13.471
13.698
13.698
13.471
13
12.276
11.094
9.7567
11.094
11.893
12.351
12.575
12.575
12.351
11.893
11.094
9.7567
5.5419
6.4209
6.9641
7.2819
7.4391
7.4391
7.2819
6.9641
6.4209
5.5419
6.4209
7.2295
7.7402
8.0751
8.2383
8.2383
8.0751
7.7402
7.2295
6.4209
6.9641
7.7402
8.2232
8.5608
8.7247
8.7247
8.5608
8.2232
7.7402
6.9641
7.2819
8.0751
8.5608
8.895
9.0582
9.0582
8.895
8.5608
8.0751
7.2819
7.4391
8.2383
8.7247
9.0582
9.2211
9.2211
9.0582
8.7247
8.2383
7.4391
7.4391
8.2383
8.7247
9.0582
9.2211
9.2211
9.0582
8.7247
8.2383
7.4391
7.2819
8.0751
8.5608
8.895
9.0582
9.0582
8.895
8.5608
8.0751
7.2819
6.9641
7.7402
8.2232
8.5608
8.7247
8.7247
8.5608
8.2232
7.7402
6.9641
6.4209
7.2295
7.7402
8.0751
8.2383
8.2383
8.0751
7.7402
7.2295
6.4209
5.5419
6.4209
6.9641
7.2819
7.4391
7.4391
7.2819
6.9641
6.4209
5.5419
3.0817
3.6348
3.9874
4.1974
4.302
4.302
4.1974
3.9874
3.6348
3.0817
3.6348
4.1629
4.5058
4.7322
4.8435
4.8435
4.7322
4.5058
4.1629
3.6348
3.9874
4.5058
4.8373
5.0693
5.1831
5.1831
5.0693
4.8373
4.5058
3.9874
4.1974
4.7322
5.0693
5.302
5.4165
5.4165
5.302
5.0693
4.7322
4.1974
4.302
4.8435
5.1831
5.4165
5.5315
5.5315
5.4165
5.1831
4.8435
4.302
4.302
4.8435
5.1831
5.4165
5.5315
5.5315
5.4165
5.1831
4.8435
4.302
4.1974
4.7322
5.0693
5.302
5.4165
5.4165
5.302
5.0693
4.7322
4.1974
3.9874
4.5058
4.8373
5.0693
5.1831
5.1831
5.0693
4.8373
4.5058
3.9874
3.6348
4.1629
4.5058
4.7322
4.8435
4.8435
4.7322
4.5058
4.1629
3.6348
3.0817
3.6348
3.9874
4.1974
4.302
4.302
4.1974
3.9874
3.6348
3.0817
1.7603
2.1131
2.3445
2.4843
2.5545
2.5545
2.4843
2.3445
2.1131
1.7603
2.1131
2.4618
2.694
2.8481
2.9246
2.9246
2.8481
2.694
2.4618
2.1131
2.3445
2.694
2.9232
3.0837
3.1631
3.1631
3.0837
2.9232
2.694
2.3445
2.4843
2.8481
3.0837
3.2466
3.3274
3.3274
3.2466
3.0837
2.8481
2.4843
2.5545
2.9246
3.1631
3.3274
3.409
3.409
3.3274
3.1631
2.9246
2.5545
2.5545
2.9246
3.1631
3.3274
3.409
3.409
3.3274
3.1631
2.9246
2.5545
2.4843
2.8481
3.0837
3.2466
3.3274
3.3274
3.2466
3.0837
2.8481
2.4843
2.3445
2.694
2.9232
3.0837
3.1631
3.1631
3.0837
2.9232
2.694
2.3445
2.1131
2.4618
2.694
2.8481
2.9246
2.9246
2.8481
2.694
2.4618
2.1131
1.7603
2.1131
2.3445
2.4843
2.5545
2.5545
2.4843
2.3445
2.1131
1.7603
1.1918
1.451
1.6245
1.7304
1.7838
1.7838
1.7304
1.6245
1.451
1.1918
1.451
1.7137
1.8918
2.0106
2.0697
2.0697
2.0106
1.8918
1.7137
1.451
1.6245
1.8918
2.0704
2.1955
2.2576
2.2576
2.1955
2.0704
1.8918
1.6245
1.7304
2.0106
2.1955
2.3235
2.3873
2.3873
2.3235
2.1955
2.0106
1.7304
1.7838
2.0697
2.2576
2.3873
2.4519
2.4519
2.3873
2.2576
2.0697
1.7838
1.7838
2.0697
2.2576
2.3873
2.4519
2.4519
2.3873
2.2576
2.0697
1.7838
1.7304
2.0106
2.1955
2.3235
2.3873
2.3873
2.3235
2.1955
2.0106
1.7304
1.6245
1.8918
2.0704
2.1955
2.2576
2.2576
2.1955
2.0704
1.8918
1.6245
1.451
1.7137
1.8918
2.0106
2.0697
2.0697
2.0106
1.8918
1.7137
1.451
1.1918
1.451
1.6245
1.7304
1.7838
1.7838
1.7304
1.6245
1.451
1.1918
1.1918
1.451
1.6245
1.7304
1.7838
1.7838
1.7304
1.6245
1.451
1.1918
1.451
1.7137
1.8918
2.0106
2.0697
2.0697
2.0106
1.8918
1.7137
1.451
1.6245
1.8918
2.0704
2.1955
2.2576
2.2576
2.1955
2.0704
1.8918
1.6245
1.7304
2.0106
2.1955
2.3235
2.3873
2.3873
2.3235
2.1955
2.0106
1.7304
1.7838
2.0697
2.2576
2.3873
2.4519
2.4519
2.3873
2.2576
2.0697
1.7838
1.7838
2.0697
2.2576
2.3873
2.4519
2.4519
2.3873
2.2576
2.0697
1.7838
1.7304
2.0106
2.1955
2.3235
2.3873
2.3873
2.3235
2.1955
2.0106
1.7304
1.6245
1.8918
2.0704
2.1955
2.2576
2.2576
2.1955
2.0704
1.8918
1.6245
1.451
1.7137
1.8918
2.0106
2.0697
2.0697
2.0106
1.8918
1.7137
1.451
1.1918
1.451
1.6245
1.7304
1.7838
1.7838
1.7304
1.6245
1.451
1.1918
1.7603
2.1131
2.3445
2.4843
2.5545
2.5545
2.4843
2.3445
2.1131
1.7603
2.1131
2.4618
2.694
2.8481
2.9246
2.9246
2.8481
2.694
2.4618
2.1131
2.3445
2.694
2.9232
3.0837
3.1631
3.1631
3.0837
2.9232
2.694
2.3445
2.4843
2.8481
3.0837
3.2466
3.3274
3.3274
3.2466
3.0837
2.8481
2.4843
2.5545
2.9246
3.1631
3.3274
3.409
3.409
3.3274
3.1631
2.9246
2.5545
2.5545
2.9246
3.1631
3.3274
3.409
3.409
3.3274
3.1631
2.9246
2.5545
2.4843
2.8481
3.0837
3.2466
3.3274
3.3274
3.2466
3.0837
2.8481
2.4843
2.3445
2.694
2.9232
3.0837
3.1631
3.1631
3.0837
2.9232
2.694
2.3445
2.1131
2.4618
2.694
2.8481
2.9246
2.9246
2.8481
2.694
2.4618
2.1131
1.7603
2.1131
2.3445
2.4843
2.5545
2.5545
2.4843
2.3445
2.1131
1.7603
3.0817
3.6348
3.9874
4.1974
4.302
4.302
4.1974
3.9874
3.6348
3.0817
3.6348
4.1629
4.5058
4.7322
4.8435
4.8435
4.7322
4.5058
4.1629
3.6348
3.9874
4.5058
4.8373
5.0693
5.1831
5.1831
5.0693
4.8373
4.5058
3.9874
4.1974
4.7322
5.0693
5.302
5.4165
5.4165
5.302
5.0693
4.7322
4.1974
4.302
4.8435
5.1831
5.4165
5.5315
5.5315
5.4165
5.1831
4.8435
4.302
4.302
4.8435
5.1831
5.4165
5.5315
5.5315
5.4165
5.1831
4.8435
4.302
4.1974
4.7322
5.0693
5.302
5.4165
5.4165
5.302
5.0693
4.7322
4.1974
3.9874
4.5058
4.8373
5.0693
5.1831
5.1831
5.0693
4.8373
4.5058
3.9874
3.6348
4.1629
4.5058
4.7322
4.8435
4.8435
4.7322
4.5058
4.1629
3.6348
3.0817
3.6348
3.9874
4.1974
4.302
4.302
4.1974
3.9874
3.6348
3.0817
5.5419
6.4209
6.9641
7.2819
7.4391
7.4391
7.2819
6.9641
6.4209
5.5419
6.4209
7.2295
7.7402
8.0751
8.2383
8.2383
8.0751
7.7402
7.2295
6.4209
6.9641
7.7402
8.2232
8.5608
8.7247
8.7247
8.5608
8.2232
7.7402
6.9641
7.2819
8.0751
8.5608
8.895
9.0582
9.0582
8.895
8.5608
8.0751
7.2819
7.4391
8.2383
8.7247
9.0582
9.2211
9.2211
9.0582
8.7247
8.2383
7.4391
7.4391
8.2383
8.7247
9.0582
9.2211
9.2211
9.0582
8.7247
8.2383
7.4391
7.2819
8.0751
8.5608
8.895
9.0582
9.0582
8.895
8.5608
8.0751
7.2819
6.9641
7.7402
8.2232
8.5608
8.7247
8.7247
8.5608
8.2232
7.7402
6.9641
6.4209
7.2295
7.7402
8.0751
8.2383
8.2383
8.0751
7.7402
7.2295
6.4209
5.5419
6.4209
6.9641
7.2819
7.4391
7.4391
7.2819
6.9641
6.4209
5.5419
9.7567
11.094
11.893
12.351
12.575
12.575
12.351
11.893
11.094
9.7567
11.094
12.276
13
13.471
13.698
13.698
13.471
13
12.276
11.094
11.893
13
13.669
14.136
14.36
14.36
14.136
13.669
13
11.893
12.351
13.471
14.136
14.591
14.811
14.811
14.591
14.136
13.471
12.351
12.575
13.698
14.36
14.811
15.03
15.03
14.811
14.36
13.698
12.575
12.575
13.698
14.36
14.811
15.03
15.03
14.811
14.36
13.698
12.575
12.351
13.471
14.136
14.591
14.811
14.811
14.591
14.136
13.471
12.351
11.893
13
13.669
14.136
14.36
14.36
14.136
13.669
13
11.893
11.094
12.276
13
13.471
13.698
13.698
13.471
13
12.276
11.094
9.7567
11.094
11.893
12.351
12.575
12.575
12.351
11.893
11.094
9.7567
16.553
18.454
19.542
20.149
20.444
20.444
20.149
19.542
18.454
16.553
18.454
20.055
21.003
21.612
21.902
21.902
21.612
21.003
20.055
18.454
19.542
21.003
21.855
22.45
22.731
22.731
22.45
21.855
21.003
19.542
20.149
21.612
22.45
23.021
23.295
23.295
23.021
22.45
21.612
20.149
20.444
21.902
22.731
23.295
23.564
23.564
23.295
22.731
21.902
20.444
20.444
21.902
22.731
23.295
23.564
23.564
23.295
22.731
21.902
20.444
20.149
21.612
22.45
23.021
23.295
23.295
23.021
22.45
21.612
20.149
19.542
21.003
21.855
22.45
22.731
22.731
22.45
21.855
21.003
19.542
18.454
20.055
21.003
21.612
21.902
21.902
21.612
21.003
20.055
18.454
16.553
18.454
19.542
20.149
20.444
20.444
20.149
19.542
18.454
16.553
26.929
29.393
30.729
31.445
31.789
31.789
31.445
30.729
29.393
26.929
29.393
31.348
32.458
33.159
33.487
33.487
33.159
32.458
31.348
29.393
30.729
32.458
33.424
34.097
34.411
34.411
34.097
33.424
32.458
30.729
31.445
33.159
34.097
34.734
35.036
35.036
34.734
34.097
33.159
31.445
31.789
33.487
34.411
35.036
35.331
35.331
35.036
34.411
33.487
31.789
31.789
33.487
34.411
35.036
35.331
35.331
35.036
34.411
33.487
31.789
31.445
33.159
34.097
34.734
35.036
35.036
34.734
34.097
33.159
31.445
30.729
32.458
33.424
34.097
34.411
34.411
34.097
33.424
32.458
30.729
29.393
31.348
32.458
33.159
33.487
33.487
33.159
32.458
31.348
29.393
26.929
29.393
30.729
31.445
31.789
31.789
31.445
30.729
29.393
26.929
41.807
44.559
45.983
46.716
47.06
47.06
46.716
45.983
44.559
41.807
44.559
46.628
47.751
48.447
48.765
48.765
48.447
47.751
46.628
44.559
45.983
47.751
48.697
49.352
49.651
49.651
49.352
48.697
47.751
45.983
46.716
48.447
49.352
49.962
50.245
50.245
49.962
49.352
48.447
46.716
47.06
48.765
49.651
50.245
50.521
50.521
50.245
49.651
48.765
47.06
47.06
48.765
49.651
50.245
50.521
50.521
50.245
49.651
48.765
47.06
46.716
48.447
49.352
49.962
50.245
50.245
49.962
49.352
48.447
46.716
45.983
47.751
48.697
49.352
49.651
49.651
49.352
48.697
47.751
45.983
44.559
46.628
47.751
48.447
48.765
48.765
48.447
47.751
46.628
44.559
41.807
44.559
45.983
46.716
47.06
47.06
46.716
45.983
44.559
41.807
61.764
64.286
65.45
65.983
66.244
66.244
65.983
65.45
64.286
61.764
64.286
65.97
66.822
67.328
67.561
67.561
67.328
66.822
65.97
64.286
65.45
66.822
67.497
67.982
68.202
68.202
67.982
67.497
66.822
65.45
65.983
67.328
67.982
68.427
68.632
68.632
68.427
67.982
67.328
65.983
66.244
67.561
68.202
68.632
68.831
68.831
68.632
68.202
67.561
66.244
66.244
67.561
68.202
68.632
68.831
68.831
68.632
68.202
67.561
66.244
65.983
67.328
67.982
68.427
68.632
68.632
68.427
67.982
67.328
65.983
65.45
66.822
67.497
67.982
68.202
68.202
67.982
67.497
66.822
65.45
64.286
65.97
66.822
67.328
67.561
67.561
67.328
66.822
65.97
64.286
61.764
64.286
65.45
65.983
66.244
66.244
65.983
65.45
64.286
61.764
85.604
87.352
87.967
88.149
88.259
88.259
88.149
87.967
87.352
85.604
87.352
88.229
88.587
88.77
88.859
88.859
88.77
88.587
88.229
87.352
87.967
88.587
88.85
89.027
89.109
89.109
89.027
88.85
88.587
87.967
88.149
88.77
89.027
89.188
89.265
89.265
89.188
89.027
88.77
88.149
88.259
88.859
89.109
89.265
89.34
89.34
89.265
89.109
88.859
88.259
88.259
88.859
89.109
89.265
89.34
89.34
89.265
89.109
88.859
88.259
88.149
88.77
89.027
89.188
89.265
89.265
89.188
89.027
88.77
88.149
87.967
88.587
88.85
89.027
89.109
89.109
89.027
88.85
88.587
87.967
87.352
88.229
88.587
88.77
88.859
88.859
88.77
88.587
88.229
87.352
85.604
87.352
87.967
88.149
88.259
88.259
88.149
87.967
87.352
85.604
114.39
112.65
112.03
111.85
111.74
111.74
111.85
112.03
112.65
114.39
112.65
111.77
111.41
111.23
111.14
111.14
111.23
111.41
111.77
112.65
112.03
111.41
111.15
110.97
110.89
110.89
110.97
111.15
111.41
112.03
111.85
111.23
110.97
110.81
110.73
110.73
110.81
110.97
111.23
111.85
111.74
111.14
110.89
110.73
110.66
110.66
110.73
110.89
111.14
111.74
111.74
111.14
110.89
110.73
110.66
110.66
110.73
110.89
111.14
111.74
111.85
111.23
110.97
110.81
110.73
110.73
110.81
110.97
111.23
111.85
112.03
111.41
111.15
110.97
110.89
110.89
110.97
111.15
111.41
112.03
112.65
111.77
111.41
111.23
111.14
111.14
111.23
111.41
111.77
112.65
114.39
112.65
112.03
111.85
111.74
111.74
111.85
112.03
112.65
114.39
138.23
135.7
134.54
134.01
133.75
133.75
134.01
134.54
135.7
138.23
135.7
134.02
133.16
132.66
132.42
132.42
132.66
133.16
134.02
135.7
134.54
133.16
132.49
132
131.78
131.78
132
132.49
133.16
134.54
134.01
132.66
132
131.56
131.35
131.35
131.56
132
132.66
134.01
133.75
132.42
131.78
131.35
131.15
131.15
131.35
131.78
132.42
133.75
133.75
132.42
131.78
131.35
131.15
131.15
131.35
131.78
132.42
133.75
134.01
132.66
132
131.56
131.35
131.35
131.56
132
132.66
134.01
134.54
133.16
132.49
132
131.78
131.78
132
132.49
133.16
134.54
135.7
134.02
133.16
132.66
132.42
132.42
132.66
133.16
134.02
135.7
138.23
135.7
134.54
134.01
133.75
133.75
134.01
134.54
135.7
138.23
158.18
155.43
154
153.27
152.93
152.93
153.27
154
155.43
158.18
155.43
153.35
152.23
151.53
151.21
151.21
151.53
152.23
153.35
155.43
154
152.23
151.28
150.62
150.32
150.32
150.62
151.28
152.23
154
153.27
151.53
150.62
150.01
149.73
149.73
150.01
150.62
151.53
153.27
152.93
151.21
150.32
149.73
149.45
149.45
149.73
150.32
151.21
152.93
152.93
151.21
150.32
149.73
149.45
149.45
149.73
150.32
151.21
152.93
153.27
151.53
150.62
150.01
149.73
149.73
150.01
150.62
151.53
153.27
154
152.23
151.28
150.62
150.32
150.32
150.62
151.28
152.23
154
155.43
153.35
152.23
151.53
151.21
151.21
151.53
152.23
153.35
155.43
158.18
155.43
154
153.27
152.93
152.93
153.27
154
155.43
158.18
