127.95
127.49
127.23
127.08
127
127
127.08
127.23
127.49
127.95
127.49
127.12
126.91
126.76
126.69
126.69
126.76
126.91
127.12
127.49
127.23
126.91
126.71
126.57
126.5
126.5
126.57
126.71
126.91
127.23
127.08
126.76
126.57
126.44
126.38
126.38
126.44
126.57
126.76
127.08
127
126.69
126.5
126.38
126.31
126.31
126.38
126.5
126.69
127
127
126.69
126.5
126.38
126.31
126.31
126.38
126.5
126.69
127
127.08
126.76
126.57
126.44
126.38
126.38
126.44
126.57
126.76
127.08
127.23
126.91
126.71
126.57
126.5
126.5
126.57
126.71
126.91
127.23
127.49
127.12
126.91
126.76
126.69
126.69
126.76
126.91
127.12
127.49
127.95
127.49
127.23
127.08
127
127
127.08
127.23
127.49
127.95
117.09
116.8
116.64
116.54
116.49
116.49
116.54
116.64
116.8
117.09
116.8
116.57
116.44
116.35
116.3
116.3
116.35
116.44
116.57
116.8
116.64
116.44
116.32
116.23
116.19
116.19
116.23
116.32
116.44
116.64
116.54
116.35
116.23
116.15
116.11
116.11
116.15
116.23
116.35
116.54
116.49
116.3
116.19
116.11
116.07
116.07
116.11
116.19
116.3
116.49
116.49
116.3
116.19
116.11
116.07
116.07
116.11
116.19
116.3
116.49
116.54
116.35
116.23
116.15
116.11
116.11
116.15
116.23
116.35
116.54
116.64
116.44
116.32
116.23
116.19
116.19
116.23
116.32
116.44
116.64
116.8
116.57
116.44
116.35
116.3
116.3
116.35
116.44
116.57
116.8
117.09
116.8
116.64
116.54
116.49
116.49
116.54
116.64
116.8
117.09
105.75
105.65
105.6
105.57
105.55
105.55
105.57
105.6
105.65
105.75
105.65
105.58
105.53
105.5
105.49
105.49
105.5
105.53
105.58
105.65
105.6
105.53
105.49
105.46
105.45
105.45
105.46
105.49
105.53
105.6
105.57
105.5
105.46
105.43
105.42
105.42
105.43
105.46
105.5
105.57
105.55
105.49
105.45
105.42
105.41
105.41
105.42
105.45
105.49
105.55
105.55
105.49
105.45
105.42
105.41
105.41
105.42
105.45
105.49
105.55
105.57
105.5
105.46
105.43
105.42
105.42
105.43
105.46
105.5
105.57
105.6
105.53
105.49
105.46
105.45
105.45
105.46
105.49
105.53
105.6
105.65
105.58
105.53
105.5
105.49
105.49
105.5
105.53
105.58
105.65
105.75
105.65
105.6
105.57
105.55
105.55
105.57
105.6
105.65
105.75
94.25
94.348
94.401
94.434
94.45
94.45
94.434
94.401
94.348
94.25
94.348
94.423
94.468
94.499
94.514
94.514
94.499
94.468
94.423
94.348
94.401
94.468
94.508
94.537
94.552
94.552
94.537
94.508
94.468
94.401
94.434
94.499
94.537
94.565
94.579
94.579
94.565
94.537
94.499
94.434
94.45
94.514
94.552
94.579
94.592
94.592
94.579
94.552
94.514
94.45
94.45
94.514
94.552
94.579
94.592
94.592
94.579
94.552
94.514
94.45
94.434
94.499
94.537
94.565
94.579
94.579
94.565
94.537
94.499
94.434
94.401
94.468
94.508
94.537
94.552
94.552
94.537
94.508
94.468
94.401
94.348
94.423
94.468
94.499
94.514
94.514
94.499
94.468
94.423
94.348
94.25
94.348
94.401
94.434
94.45
94.45
94.434
94.401
94.348
94.25
82.91
83.198
83.356
83.451
83.499
83.499
83.451
83.356
83.198
82.91
83.198
83.42
83.553
83.644
83.689
83.689
83.644
83.553
83.42
83.198
83.356
83.553
83.671
83.758
83.8
83.8
83.758
83.671
83.553
83.356
83.451
83.644
83.758
83.84
83.88
83.88
83.84
83.758
83.644
83.451
83.499
83.689
83.8
83.88
83.92
83.92
83.88
83.8
83.689
83.499
83.499
83.689
83.8
83.88
83.92
83.92
83.88
83.8
83.689
83.499
83.451
83.644
83.758
83.84
83.88
83.88
83.84
83.758
83.644
83.451
83.356
83.553
83.671
83.758
83.8
83.8
83.758
83.671
83.553
83.356
83.198
83.42
83.553
83.644
83.689
83.689
83.644
83.553
83.42
83.198
82.91
83.198
83.356
83.451
83.499
83.499
83.451
83.356
83.198
82.91
72.043
72.505
72.761
72.915
72.991
72.991
72.915
72.761
72.505
72.043
72.505
72.865
73.079
73.227
73.299
73.299
73.227
73.079
72.865
72.505
72.761
73.079
73.269
73.41
73.479
73.479
73.41
73.269
73.079
72.761
72.915
73.227
73.41
73.543
73.608
73.608
73.543
73.41
73.227
72.915
72.991
73.299
73.479
73.608
73.672
73.672
73.608
73.479
73.299
72.991
72.991
73.299
73.479
73.608
73.672
73.672
73.608
73.479
73.299
72.991
72.915
73.227
73.41
73.543
73.608
73.608
73.543
73.41
73.227
72.915
72.761
73.079
73.269
73.41
73.479
73.479
73.41
73.269
73.079
72.761
72.505
72.865
73.079
73.227
73.299
73.299
73.227
73.079
72.865
72.505
72.043
72.505
72.761
72.915
72.991
72.991
72.915
72.761
72.505
72.043
61.937
62.552
62.894
63.098
63.201
63.201
63.098
62.894
62.552
61.937
62.552
63.032
63.319
63.516
63.613
63.613
63.516
63.319
63.032
62.552
62.894
63.319
63.574
63.763
63.855
63.855
63.763
63.574
63.319
62.894
63.098
63.516
63.763
63.941
64.028
64.028
63.941
63.763
63.516
63.098
63.201
63.613
63.855
64.028
64.114
64.114
64.028
63.855
63.613
63.201
63.201
63.613
63.855
64.028
64.114
64.114
64.028
63.855
63.613
63.201
63.098
63.516
63.763
63.941
64.028
64.028
63.941
63.763
63.516
63.098
62.894
63.319
63.574
63.763
63.855
63.855
63.763
63.574
63.319
62.894
62.552
63.032
63.319
63.516
63.613
63.613
63.516
63.319
63.032
62.552
61.937
62.552
62.894
63.098
63.201
63.201
63.098
62.894
62.552
61.937
52.847
53.588
54.001
54.249
54.373
54.373
54.249
54.001
53.588
52.847
53.588
54.169
54.516
54.756
54.873
54.873
54.756
54.516
54.169
53.588
54.001
54.516
54.827
55.056
55.168
55.168
55.056
54.827
54.516
54.001
54.249
54.756
55.056
55.273
55.379
55.379
55.273
55.056
54.756
54.249
54.373
54.873
55.168
55.379
55.483
55.483
55.379
55.168
54.873
54.373
54.373
54.873
55.168
55.379
55.483
55.483
55.379
55.168
54.873
54.373
54.249
54.756
55.056
55.273
55.379
55.379
55.273
55.056
54.756
54.249
54.001
54.516
54.827
55.056
55.168
55.168
55.056
54.827
54.516
54.001
53.588
54.169
54.516
54.756
54.873
54.873
54.756
54.516
54.169
53.588
52.847
53.588
54.001
54.249
54.373
54.373
54.249
54.001
53.588
52.847
44.985
45.823
46.293
46.575
46.716
46.716
46.575
46.293
45.823
44.985
45.823
46.484
46.881
47.155
47.288
47.288
47.155
46.881
46.484
45.823
46.293
46.881
47.236
47.498
47.626
47.626
47.498
47.236
46.881
46.293
46.575
47.155
47.498
47.746
47.868
47.868
47.746
47.498
47.155
46.575
46.716
47.288
47.626
47.868
47.987
47.987
47.868
47.626
47.288
46.716
46.716
47.288
47.626
47.868
47.987
47.987
47.868
47.626
47.288
46.716
46.575
47.155
47.498
47.746
47.868
47.868
47.746
47.498
47.155
46.575
46.293
46.881
47.236
47.498
47.626
47.626
47.498
47.236
46.881
46.293
45.823
46.484
46.881
47.155
47.288
47.288
47.155
46.881
46.484
45.823
44.985
45.823
46.293
46.575
46.716
46.716
46.575
46.293
45.823
44.985
38.519
39.428
39.939
40.246
40.401
40.401
40.246
39.939
39.428
38.519
39.428
40.149
40.583
40.881
41.028
41.028
40.881
40.583
40.149
39.428
39.939
40.583
40.971
41.258
41.398
41.398
41.258
40.971
40.583
39.939
40.246
40.881
41.258
41.53
41.663
41.663
41.53
41.258
40.881
40.246
40.401
41.028
41.398
41.663
41.794
41.794
41.663
41.398
41.028
40.401
40.401
41.028
41.398
41.663
41.794
41.794
41.663
41.398
41.028
40.401
40.246
40.881
41.258
41.53
41.663
41.663
41.53
41.258
40.881
40.246
39.939
40.583
40.971
41.258
41.398
41.398
41.258
40.971
40.583
39.939
39.428
40.149
40.583
40.881
41.028
41.028
40.881
40.583
40.149
39.428
38.519
39.428
39.939
40.246
40.401
40.401
40.246
39.939
39.428
38.519
33.572
34.529
35.069
35.394
35.557
35.557
35.394
35.069
34.529
33.572
34.529
35.291
35.751
36.068
36.223
36.223
36.068
35.751
35.291
34.529
35.069
35.751
36.164
36.468
36.617
36.617
36.468
36.164
35.751
35.069
35.394
36.068
36.468
36.757
36.899
36.899
36.757
36.468
36.068
35.394
35.557
36.223
36.617
36.899
37.038
37.038
36.899
36.617
36.223
35.557
35.557
36.223
36.617
36.899
37.038
37.038
36.899
36.617
36.223
35.557
35.394
36.068
36.468
36.757
36.899
36.899
36.757
36.468
36.068
35.394
35.069
35.751
36.164
36.468
36.617
36.617
36.468
36.164
35.751
35.069
34.529
35.291
35.751
36.068
36.223
36.223
36.068
35.751
35.291
34.529
33.572
34.529
35.069
35.394
35.557
35.557
35.394
35.069
34.529
33.572
30.23
31.216
31.774
32.11
32.279
32.279
32.11
31.774
31.216
30.23
31.216
32.005
32.481
32.809
32.969
32.969
32.809
32.481
32.005
31.216
31.774
32.481
32.908
33.224
33.378
33.378
33.224
32.908
32.481
31.774
32.11
32.809
33.224
33.523
33.671
33.671
33.523
33.224
32.809
32.11
32.279
32.969
33.378
33.671
33.816
33.816
33.671
33.378
32.969
32.279
32.279
32.969
33.378
33.671
33.816
33.816
33.671
33.378
32.969
32.279
32.11
32.809
33.224
33.523
33.671
33.671
33.523
33.224
32.809
32.11
31.774
32.481
32.908
33.224
33.378
33.378
33.224
32.908
32.481
31.774
31.216
32.005
32.481
32.809
32.969
32.969
32.809
32.481
32.005
31.216
30.23
31.216
31.774
32.11
32.279
32.279
32.11
31.774
31.216
30.23
28.547
29.546
30.113
30.454
30.625
30.625
30.454
30.113
29.546
28.547
29.546
30.347
30.831
31.164
31.327
31.327
31.164
30.831
30.347
29.546
30.113
30.831
31.266
31.587
31.744
31.744
31.587
31.266
30.831
30.113
30.454
31.164
31.587
31.892
32.042
32.042
31.892
31.587
31.164
30.454
30.625
31.327
31.744
32.042
32.189
32.189
32.042
31.744
31.327
30.625
30.625
31.327
31.744
32.042
32.189
32.189
32.042
31.744
31.327
30.625
30.454
31.164
31.587
31.892
32.042
32.042
31.892
31.587
31.164
30.454
30.113
30.831
31.266
31.587
31.744
31.744
31.587
31.266
30.831
30.113
29.546
30.347
30.831
31.164
31.327
31.327
31.164
30.831
30.347
29.546
28.547
29.546
30.113
30.454
30.625
30.625
30.454
30.113
29.546
28.547
28.547
29.546
30.113
30.454
30.625
30.625
30.454
30.113
29.546
28.547
29.546
30.347
30.831
31.164
31.327
31.327
31.164
30.831
30.347
29.546
30.113
30.831
31.266
31.587
31.744
31.744
31.587
31.266
30.831
30.113
30.454
31.164
31.587
31.892
32.042
32.042
31.892
31.587
31.164
30.454
30.625
31.327
31.744
32.042
32.189
32.189
32.042
31.744
31.327
30.625
30.625
31.327
31.744
32.042
32.189
32.189
32.042
31.744
31.327
30.625
30.454
31.164
31.587
31.892
32.042
32.042
31.892
31.587
31.164
30.454
30.113
30.831
31.266
31.587
31.744
31.744
31.587
31.266
30.831
30.113
29.546
30.347
30.831
31.164
31.327
31.327
31.164
30.831
30.347
29.546
28.547
29.546
30.113
30.454
30.625
30.625
30.454
30.113
29.546
28.547
30.23
31.216
31.774
32.11
32.279
32.279
32.11
31.774
31.216
30.23
31.216
32.005
32.481
32.809
32.969
32.969
32.809
32.481
32.005
31.216
31.774
32.481
32.908
33.224
33.378
33.378
33.224
32.908
32.481
31.774
32.11
32.809
33.224
33.523
33.671
33.671
33.523
33.224
32.809
32.11
32.279
32.969
33.378
33.671
33.816
33.816
33.671
33.378
32.969
32.279
32.279
32.969
33.378
33.671
33.816
33.816
33.671
33.378
32.969
32.279
32.11
32.809
33.224
33.523
33.671
33.671
33.523
33.224
32.809
32.11
31.774
32.481
32.908
33.224
33.378
33.378
33.224
32.908
32.481
31.774
31.216
32.005
32.481
32.809
32.969
32.969
32.809
32.481
32.005
31.216
30.23
31.216
31.774
32.11
32.279
32.279
32.11
31.774
31.216
30.23
33.572
34.529
35.069
35.394
35.557
35.557
35.394
35.069
34.529
33.572
34.529
35.291
35.751
36.068
36.223
36.223
36.068
35.751
35.291
34.529
35.069
35.751
36.164
36.468
36.617
36.617
36.468
36.164
35.751
35.069
35.394
36.068
36.468
36.757
36.899
36.899
36.757
36.468
36.068
35.394
35.557
36.223
36.617
36.899
37.038
37.038
36.899
36.617
36.223
35.557
35.557
36.223
36.617
36.899
37.038
37.038
36.899
36.617
36.223
35.557
35.394
36.068
36.468
36.757
36.899
36.899
36.757
36.468
36.068
35.394
35.069
35.751
36.164
36.468
36.617
36.617
36.468
36.164
35.751
35.069
34.529
35.291
35.751
36.068
36.223
36.223
36.068
35.751
35.291
34.529
33.572
34.529
35.069
35.394
35.557
35.557
35.394
35.069
34.529
33.572
38.519
39.428
39.939
40.246
40.401
40.401
40.246
39.939
39.428
38.519
39.428
40.149
40.583
40.881
41.028
41.028
40.881
40.583
40.149
39.428
39.939
40.583
40.971
41.258
41.398
41.398
41.258
40.971
40.583
39.939
40.246
40.881
41.258
41.53
41.663
41.663
41.53
41.258
40.881
40.246
40.401
41.028
41.398
41.663
41.794
41.794
41.663
41.398
41.028
40.401
40.401
41.028
41.398
41.663
41.794
41.794
41.663
41.398
41.028
40.401
40.246
40.881
41.258
41.53
41.663
41.663
41.53
41.258
40.881
40.246
39.939
40.583
40.971
41.258
41.398
41.398
41.258
40.971
40.583
39.939
39.428
40.149
40.583
40.881
41.028
41.028
40.881
40.583
40.149
39.428
38.519
39.428
39.939
40.246
40.401
40.401
40.246
39.939
39.428
38.519
44.985
45.823
46.293
46.575
46.716
46.716
46.575
46.293
45.823
44.985
45.823
46.484
46.881
47.155
47.288
47.288
47.155
46.881
46.484
45.823
46.293
46.881
47.236
47.498
47.626
47.626
47.498
47.236
46.881
46.293
46.575
47.155
47.498
47.746
47.868
47.868
47.746
47.498
47.155
46.575
46.716
47.288
47.626
47.868
47.987
47.987
47.868
47.626
47.288
46.716
46.716
47.288
47.626
47.868
47.987
47.987
47.868
47.626
47.288
46.716
46.575
47.155
47.498
47.746
47.868
47.868
47.746
47.498
47.155
46.575
46.293
46.881
47.236
47.498
47.626
47.626
47.498
47.236
46.881
46.293
45.823
46.484
46.881
47.155
47.288
47.288
47.155
46.881
46.484
45.823
44.985
45.823
46.293
46.575
46.716
46.716
46.575
46.293
45.823
44.985
52.847
53.588
54.001
54.249
54.373
54.373
54.249
54.001
53.588
52.847
53.588
54.169
54.516
54.756
54.873
54.873
54.756
54.516
54.169
53.588
54.001
54.516
54.827
55.056
55.168
55.168
55.056
54.827
54.516
54.001
54.249
54.756
55.056
55.273
55.379
55.379
55.273
55.056
54.756
54.249
54.373
54.873
55.168
55.379
55.483
55.483
55.379
55.168
54.873
54.373
54.373
54.873
55.168
55.379
55.483
55.483
55.379
55.168
54.873
54.373
54.249
54.756
55.056
55.273
55.379
55.379
55.273
55.056
54.756
54.249
54.001
54.516
54.827
55.056
55.168
55.168
55.056
54.827
54.516
54.001
53.588
54.169
54.516
54.756
54.873
54.873
54.756
54.516
54.169
53.588
52.847
53.588
54.001
54.249
54.373
54.373
54.249
54.001
53.588
52.847
61.937
62.552
62.894
63.098
63.201
63.201
63.098
62.894
62.552
61.937
62.552
63.032
63.319
63.516
63.613
63.613
63.516
63.319
63.032
62.552
62.894
63.319
63.574
63.763
63.855
63.855
63.763
63.574
63.319
62.894
63.098
63.516
63.763
63.941
64.028
64.028
63.941
63.763
63.516
63.098
63.201
63.613
63.855
64.028
64.114
64.114
64.028
63.855
63.613
63.201
63.201
63.613
63.855
64.028
64.114
64.114
64.028
63.855
63.613
63.201
63.098
63.516
63.763
63.941
64.028
64.028
63.941
63.763
63.516
63.098
62.894
63.319
63.574
63.763
63.855
63.855
63.763
63.574
63.319
62.894
62.552
63.032
63.319
63.516
63.613
63.613
63.516
63.319
63.032
62.552
61.937
62.552
62.894
63.098
63.201
63.201
63.098
62.894
62.552
61.937
72.043
72.505
72.761
72.915
72.991
72.991
72.915
72.761
72.505
72.043
72.505
72.865
73.079
73.227
73.299
73.299
73.227
73.079
72.865
72.505
72.761
73.079
73.269
73.41
73.479
73.479
73.41
73.269
73.079
72.761
72.915
73.227
73.41
73.543
73.608
73.608
73.543
73.41
73.227
72.915
72.991
73.299
73.479
73.608
73.672
73.672
73.608
73.479
73.299
72.991
72.991
73.299
73.479
73.608
73.672
73.672
73.608
73.479
73.299
72.991
72.915
73.227
73.41
73.543
73.608
73.608
73.543
73.41
73.227
72.915
72.761
73.079
73.269
73.41
73.479
73.479
73.41
73.269
73.079
72.761
72.505
72.865
73.079
73.227
73.299
73.299
73.227
73.079
72.865
72.505
72.043
72.505
72.761
72.915
72.991
72.991
72.915
72.761
72.505
72.043
82.91
83.198
83.356
83.451
83.499
83.499
83.451
83.356
83.198
82.91
83.198
83.42
83.553
83.644
83.689
83.689
83.644
83.553
83.42
83.198
83.356
83.553
83.671
83.758
83.8
83.8
83.758
83.671
83.553
83.356
83.451
83.644
83.758
83.84
83.88
83.88
83.84
83.758
83.644
83.451
83.499
83.689
83.8
83.88
83.92
83.92
83.88
83.8
83.689
83.499
83.499
83.689
83.8
83.88
83.92
83.92
83.88
83.8
83.689
83.499
83.451
83.644
83.758
83.84
83.88
83.88
83.84
83.758
83.644
83.451
83.356
83.553
83.671
83.758
83.8
83.8
83.758
83.671
83.553
83.356
83.198
83.42
83.553
83.644
83.689
83.689
83.644
83.553
83.42
83.198
82.91
83.198
83.356
83.451
83.499
83.499
83.451
83.356
83.198
82.91
94.25
94.348
94.401
94.434
94.45
94.45
94.434
94.401
94.348
94.25
94.348
94.423
94.468
94.499
94.514
94.514
94.499
94.468
94.423
94.348
94.401
94.468
94.508
94.537
94.552
94.552
94.537
94.508
94.468
94.401
94.434
94.499
94.537
94.565
94.579
94.579
94.565
94.537
94.499
94.434
94.45
94.514
94.552
94.579
94.592
94.592
94.579
94.552
94.514
94.45
94.45
94.514
94.552
94.579
94.592
94.592
94.579
94.552
94.514
94.45
94.434
94.499
94.537
94.565
94.579
94.579
94.565
94.537
94.499
94.434
94.401
94.468
94.508
94.537
94.552
94.552
94.537
94.508
94.468
94.401
94.348
94.423
94.468
94.499
94.514
94.514
94.499
94.468
94.423
94.348
94.25
94.348
94.401
94.434
94.45
94.45
94.434
94.401
94.348
94.25
105.75
105.65
105.6
105.57
105.55
105.55
105.57
105.6
105.65
105.75
105.65
105.58
105.53
105.5
105.49
105.49
105.5
105.53
105.58
105.65
105.6
105.53
105.49
105.46
105.45
105.45
105.46
105.49
105.53
105.6
105.57
105.5
105.46
105.43
105.42
105.42
105.43
105.46
105.5
105.57
105.55
105.49
105.45
105.42
105.41
105.41
105.42
105.45
105.49
105.55
105.55
105.49
105.45
105.42
105.41
105.41
105.42
105.45
105.49
105.55
105.57
105.5
105.46
105.43
105.42
105.42
105.43
105.46
105.5
105.57
105.6
105.53
105.49
105.46
105.45
105.45
105.46
105.49
105.53
105.6
105.65
105.58
105.53
105.5
105.49
105.49
105.5
105.53
105.58
105.65
105.75
105.65
105.6
105.57
105.55
105.55
105.57
105.6
105.65
105.75
117.09
116.8
116.64
116.54
116.49
116.49
116.54
116.64
116.8
117.09
116.8
116.57
116.44
116.35
116.3
116.3
116.35
116.44
116.57
116.8
116.64
116.44
116.32
116.23
116.19
116.19
116.23
116.32
116.44
116.64
116.54
116.35
116.23
116.15
116.11
116.11
116.15
116.23
116.35
116.54
116.49
116.3
116.19
116.11
116.07
116.07
116.11
116.19
116.3
116.49
116.49
116.3
116.19
116.11
116.07
116.07
116.11
116.19
116.3
116.49
116.54
116.35
116.23
116.15
116.11
116.11
116.15
116.23
116.35
116.54
116.64
116.44
116.32
116.23
116.19
116.19
116.23
116.32
116.44
116.64
116.8
116.57
116.44
116.35
116.3
116.3
116.35
116.44
116.57
116.8
117.09
116.8
116.64
116.54
116.49
116.49
116.54
116.64
116.8
117.09
127.95
127.49
127.23
127.08
127
127
127.08
127.23
127.49
127.95
127.49
127.12
126.91
126.76
126.69
126.69
126.76
126.91
127.12
127.49
127.23
126.91
126.71
126.57
126.5
126.5
126.57
126.71
126.91
127.23
127.08
126.76
126.57
126.44
126.38
126.38
126.44
126.57
126.76
127.08
127
126.69
126.5
126.38
126.31
126.31
126.38
126.5
126.69
127
127
126.69
126.5
126.38
126.31
126.31
126.38
126.5
126.69
127
127.08
126.76
126.57
126.44
126.38
126.38
126.44
126.57
126.76
127.08
127.23
126.91
126.71
126.57
126.5
126.5
126.57
126.71
126.91
127.23
127.49
127.12
126.91
126.76
126.69
126.69
126.76
126.91
127.12
127.49
127.95
127.49
127.23
127.08
127
127
127.08
127.23
127.49
127.95
