110.24
110.09
110
109.95
109.93
109.93
109.95
110
110.09
110.24
110.09
109.97
109.89
109.85
109.82
109.82
109.85
109.89
109.97
110.09
110
109.89
109.83
109.78
109.76
109.76
109.78
109.83
109.89
110
109.95
109.85
109.78
109.74
109.71
109.71
109.74
109.78
109.85
109.95
109.93
109.82
109.76
109.71
109.69
109.69
109.71
109.76
109.82
109.93
109.93
109.82
109.76
109.71
109.69
109.69
109.71
109.76
109.82
109.93
109.95
109.85
109.78
109.74
109.71
109.71
109.74
109.78
109.85
109.95
110
109.89
109.83
109.78
109.76
109.76
109.78
109.83
109.89
110
110.09
109.97
109.89
109.85
109.82
109.82
109.85
109.89
109.97
110.09
110.24
110.09
110
109.95
109.93
109.93
109.95
110
110.09
110.24
106.25
106.15
106.1
106.07
106.06
106.06
106.07
106.1
106.15
106.25
106.15
106.08
106.04
106.01
105.99
105.99
106.01
106.04
106.08
106.15
106.1
106.04
106
105.97
105.95
105.95
105.97
106
106.04
106.1
106.07
106.01
105.97
105.94
105.93
105.93
105.94
105.97
106.01
106.07
106.06
105.99
105.95
105.93
105.91
105.91
105.93
105.95
105.99
106.06
106.06
105.99
105.95
105.93
105.91
105.91
105.93
105.95
105.99
106.06
106.07
106.01
105.97
105.94
105.93
105.93
105.94
105.97
106.01
106.07
106.1
106.04
106
105.97
105.95
105.95
105.97
106
106.04
106.1
106.15
106.08
106.04
106.01
105.99
105.99
106.01
106.04
106.08
106.15
106.25
106.15
106.1
106.07
106.06
106.06
106.07
106.1
106.15
106.25
102.1
102.07
102.05
102.04
102.04
102.04
102.04
102.05
102.07
102.1
102.07
102.04
102.03
102.02
102.01
102.01
102.02
102.03
102.04
102.07
102.05
102.03
102.02
102.01
102
102
102.01
102.02
102.03
102.05
102.04
102.02
102.01
102
101.99
101.99
102
102.01
102.02
102.04
102.04
102.01
102
101.99
101.99
101.99
101.99
102
102.01
102.04
102.04
102.01
102
101.99
101.99
101.99
101.99
102
102.01
102.04
102.04
102.02
102.01
102
101.99
101.99
102
102.01
102.02
102.04
102.05
102.03
102.02
102.01
102
102
102.01
102.02
102.03
102.05
102.07
102.04
102.03
102.02
102.01
102.01
102.02
102.03
102.04
102.07
102.1
102.07
102.05
102.04
102.04
102.04
102.04
102.05
102.07
102.1
97.9
97.931
97.948
97.959
97.964
97.964
97.959
97.948
97.931
97.9
97.931
97.955
97.97
97.98
97.985
97.985
97.98
97.97
97.955
97.931
97.948
97.97
97.983
97.993
97.998
97.998
97.993
97.983
97.97
97.948
97.959
97.98
97.993
98.002
98.007
98.007
98.002
97.993
97.98
97.959
97.964
97.985
97.998
98.007
98.012
98.012
98.007
97.998
97.985
97.964
97.964
97.985
97.998
98.007
98.012
98.012
98.007
97.998
97.985
97.964
97.959
97.98
97.993
98.002
98.007
98.007
98.002
97.993
97.98
97.959
97.948
97.97
97.983
97.993
97.998
97.998
97.993
97.983
97.97
97.948
97.931
97.955
97.97
97.98
97.985
97.985
97.98
97.97
97.955
97.931
97.9
97.931
97.948
97.959
97.964
97.964
97.959
97.948
97.931
97.9
93.752
93.844
93.895
93.927
93.942
93.942
93.927
93.895
93.844
93.752
93.844
93.917
93.961
93.991
94.006
94.006
93.991
93.961
93.917
93.844
93.895
93.961
94
94.029
94.043
94.043
94.029
94
93.961
93.895
93.927
93.991
94.029
94.057
94.07
94.07
94.057
94.029
93.991
93.927
93.942
94.006
94.043
94.07
94.083
94.083
94.07
94.043
94.006
93.942
93.942
94.006
94.043
94.07
94.083
94.083
94.07
94.043
94.006
93.942
93.927
93.991
94.029
94.057
94.07
94.07
94.057
94.029
93.991
93.927
93.895
93.961
94
94.029
94.043
94.043
94.029
94
93.961
93.895
93.844
93.917
93.961
93.991
94.006
94.006
93.991
93.961
93.917
93.844
93.752
93.844
93.895
93.927
93.942
93.942
93.927
93.895
93.844
93.752
89.757
89.908
89.993
90.044
90.07
90.07
90.044
89.993
89.908
89.757
89.908
90.028
90.1
90.149
90.174
90.174
90.149
90.1
90.028
89.908
89.993
90.1
90.164
90.212
90.235
90.235
90.212
90.164
90.1
89.993
90.044
90.149
90.212
90.257
90.279
90.279
90.257
90.212
90.149
90.044
90.07
90.174
90.235
90.279
90.301
90.301
90.279
90.235
90.174
90.07
90.07
90.174
90.235
90.279
90.301
90.301
90.279
90.235
90.174
90.07
90.044
90.149
90.212
90.257
90.279
90.279
90.257
90.212
90.149
90.044
89.993
90.1
90.164
90.212
90.235
90.235
90.212
90.164
90.1
89.993
89.908
90.028
90.1
90.149
90.174
90.174
90.149
90.1
90.028
89.908
89.757
89.908
89.993
90.044
90.07
90.07
90.044
89.993
89.908
89.757
86.015
86.221
86.337
86.407
86.441
86.441
86.407
86.337
86.221
86.015
86.221
86.384
86.483
86.551
86.584
86.584
86.551
86.483
86.384
86.221
86.337
86.483
86.571
86.636
86.668
86.668
86.636
86.571
86.483
86.337
86.407
86.551
86.636
86.698
86.728
86.728
86.698
86.636
86.551
86.407
86.441
86.584
86.668
86.728
86.758
86.758
86.728
86.668
86.584
86.441
86.441
86.584
86.668
86.728
86.758
86.758
86.728
86.668
86.584
86.441
86.407
86.551
86.636
86.698
86.728
86.728
86.698
86.636
86.551
86.407
86.337
86.483
86.571
86.636
86.668
86.668
86.636
86.571
86.483
86.337
86.221
86.384
86.483
86.551
86.584
86.584
86.551
86.483
86.384
86.221
86.015
86.221
86.337
86.407
86.441
86.441
86.407
86.337
86.221
86.015
82.617
82.873
83.017
83.104
83.147
83.147
83.104
83.017
82.873
82.617
82.873
83.076
83.199
83.283
83.324
83.324
83.283
83.199
83.076
82.873
83.017
83.199
83.308
83.389
83.428
83.428
83.389
83.308
83.199
83.017
83.104
83.283
83.389
83.466
83.503
83.503
83.466
83.389
83.283
83.104
83.147
83.324
83.428
83.503
83.54
83.54
83.503
83.428
83.324
83.147
83.147
83.324
83.428
83.503
83.54
83.54
83.503
83.428
83.324
83.147
83.104
83.283
83.389
83.466
83.503
83.503
83.466
83.389
83.283
83.104
83.017
83.199
83.308
83.389
83.428
83.428
83.389
83.308
83.199
83.017
82.873
83.076
83.199
83.283
83.324
83.324
83.283
83.199
83.076
82.873
82.617
82.873
83.017
83.104
83.147
83.147
83.104
83.017
82.873
82.617
79.647
79.947
80.116
80.217
80.268
80.268
80.217
80.116
79.947
79.647
79.947
80.185
80.328
80.427
80.475
80.475
80.427
80.328
80.185
79.947
80.116
80.328
80.456
80.551
80.597
80.597
80.551
80.456
80.328
80.116
80.217
80.427
80.551
80.641
80.685
80.685
80.641
80.551
80.427
80.217
80.268
80.475
80.597
80.685
80.728
80.728
80.685
80.597
80.475
80.268
80.268
80.475
80.597
80.685
80.728
80.728
80.685
80.597
80.475
80.268
80.217
80.427
80.551
80.641
80.685
80.685
80.641
80.551
80.427
80.217
80.116
80.328
80.456
80.551
80.597
80.597
80.551
80.456
80.328
80.116
79.947
80.185
80.328
80.427
80.475
80.475
80.427
80.328
80.185
79.947
79.647
79.947
80.116
80.217
80.268
80.268
80.217
80.116
79.947
79.647
77.179
77.515
77.704
77.818
77.875
77.875
77.818
77.704
77.515
77.179
77.515
77.781
77.942
78.053
78.107
78.107
78.053
77.942
77.781
77.515
77.704
77.942
78.086
78.192
78.244
78.244
78.192
78.086
77.942
77.704
77.818
78.053
78.192
78.292
78.342
78.342
78.292
78.192
78.053
77.818
77.875
78.107
78.244
78.342
78.391
78.391
78.342
78.244
78.107
77.875
77.875
78.107
78.244
78.342
78.391
78.391
78.342
78.244
78.107
77.875
77.818
78.053
78.192
78.292
78.342
78.342
78.292
78.192
78.053
77.818
77.704
77.942
78.086
78.192
78.244
78.244
78.192
78.086
77.942
77.704
77.515
77.781
77.942
78.053
78.107
78.107
78.053
77.942
77.781
77.515
77.179
77.515
77.704
77.818
77.875
77.875
77.818
77.704
77.515
77.179
75.272
75.636
75.841
75.964
76.026
76.026
75.964
75.841
75.636
75.272
75.636
75.925
76.099
76.219
76.277
76.277
76.219
76.099
75.925
75.636
75.841
76.099
76.255
76.37
76.426
76.426
76.37
76.255
76.099
75.841
75.964
76.219
76.37
76.479
76.533
76.533
76.479
76.37
76.219
75.964
76.026
76.277
76.426
76.533
76.585
76.585
76.533
76.426
76.277
76.026
76.026
76.277
76.426
76.533
76.585
76.585
76.533
76.426
76.277
76.026
75.964
76.219
76.37
76.479
76.533
76.533
76.479
76.37
76.219
75.964
75.841
76.099
76.255
76.37
76.426
76.426
76.37
76.255
76.099
75.841
75.636
75.925
76.099
76.219
76.277
76.277
76.219
76.099
75.925
75.636
75.272
75.636
75.841
75.964
76.026
76.026
75.964
75.841
75.636
75.272
73.974
74.357
74.573
74.703
74.768
74.768
74.703
74.573
74.357
73.974
74.357
74.662
74.845
74.971
75.032
75.032
74.971
74.845
74.662
74.357
74.573
74.845
75.009
75.13
75.189
75.189
75.13
75.009
74.845
74.573
74.703
74.971
75.13
75.244
75.301
75.301
75.244
75.13
74.971
74.703
74.768
75.032
75.189
75.301
75.356
75.356
75.301
75.189
75.032
74.768
74.768
75.032
75.189
75.301
75.356
75.356
75.301
75.189
75.032
74.768
74.703
74.971
75.13
75.244
75.301
75.301
75.244
75.13
74.971
74.703
74.573
74.845
75.009
75.13
75.189
75.189
75.13
75.009
74.845
74.573
74.357
74.662
74.845
74.971
75.032
75.032
74.971
74.845
74.662
74.357
73.974
74.357
74.573
74.703
74.768
74.768
74.703
74.573
74.357
73.974
73.317
73.71
73.931
74.064
74.131
74.131
74.064
73.931
73.71
73.317
73.71
74.022
74.21
74.339
74.402
74.402
74.339
74.21
74.022
73.71
73.931
74.21
74.378
74.502
74.562
74.562
74.502
74.378
74.21
73.931
74.064
74.339
74.502
74.619
74.677
74.677
74.619
74.502
74.339
74.064
74.131
74.402
74.562
74.677
74.734
74.734
74.677
74.562
74.402
74.131
74.131
74.402
74.562
74.677
74.734
74.734
74.677
74.562
74.402
74.131
74.064
74.339
74.502
74.619
74.677
74.677
74.619
74.502
74.339
74.064
73.931
74.21
74.378
74.502
74.562
74.562
74.502
74.378
74.21
73.931
73.71
74.022
74.21
74.339
74.402
74.402
74.339
74.21
74.022
73.71
73.317
73.71
73.931
74.064
74.131
74.131
74.064
73.931
73.71
73.317
73.317
73.71
73.931
74.064
74.131
74.131
74.064
73.931
73.71
73.317
73.71
74.022
74.21
74.339
74.402
74.402
74.339
74.21
74.022
73.71
73.931
74.21
74.378
74.502
74.562
74.562
74.502
74.378
74.21
73.931
74.064
74.339
74.502
74.619
74.677
74.677
74.619
74.502
74.339
74.064
74.131
74.402
74.562
74.677
74.734
74.734
74.677
74.562
74.402
74.131
74.131
74.402
74.562
74.677
74.734
74.734
74.677
74.562
74.402
74.131
74.064
74.339
74.502
74.619
74.677
74.677
74.619
74.502
74.339
74.064
73.931
74.21
74.378
74.502
74.562
74.562
74.502
74.378
74.21
73.931
73.71
74.022
74.21
74.339
74.402
74.402
74.339
74.21
74.022
73.71
73.317
73.71
73.931
74.064
74.131
74.131
74.064
73.931
73.71
73.317
73.974
74.357
74.573
74.703
74.768
74.768
74.703
74.573
74.357
73.974
74.357
74.662
74.845
74.971
75.032
75.032
74.971
74.845
74.662
74.357
74.573
74.845
75.009
75.13
75.189
75.189
75.13
75.009
74.845
74.573
74.703
74.971
75.13
75.244
75.301
75.301
75.244
75.13
74.971
74.703
74.768
75.032
75.189
75.301
75.356
75.356
75.301
75.189
75.032
74.768
74.768
75.032
75.189
75.301
75.356
75.356
75.301
75.189
75.032
74.768
74.703
74.971
75.13
75.244
75.301
75.301
75.244
75.13
74.971
74.703
74.573
74.845
75.009
75.13
75.189
75.189
75.13
75.009
74.845
74.573
74.357
74.662
74.845
74.971
75.032
75.032
74.971
74.845
74.662
74.357
73.974
74.357
74.573
74.703
74.768
74.768
74.703
74.573
74.357
73.974
75.272
75.636
75.841
75.964
76.026
76.026
75.964
75.841
75.636
75.272
75.636
75.925
76.099
76.219
76.277
76.277
76.219
76.099
75.925
75.636
75.841
76.099
76.255
76.37
76.426
76.426
76.37
76.255
76.099
75.841
75.964
76.219
76.37
76.479
76.533
76.533
76.479
76.37
76.219
75.964
76.026
76.277
76.426
76.533
76.585
76.585
76.533
76.426
76.277
76.026
76.026
76.277
76.426
76.533
76.585
76.585
76.533
76.426
76.277
76.026
75.964
76.219
76.37
76.479
76.533
76.533
76.479
76.37
76.219
75.964
75.841
76.099
76.255
76.37
76.426
76.426
76.37
76.255
76.099
75.841
75.636
75.925
76.099
76.219
76.277
76.277
76.219
76.099
75.925
75.636
75.272
75.636
75.841
75.964
76.026
76.026
75.964
75.841
75.636
75.272
77.179
77.515
77.704
77.818
77.875
77.875
77.818
77.704
77.515
77.179
77.515
77.781
77.942
78.053
78.107
78.107
78.053
77.942
77.781
77.515
77.704
77.942
78.086
78.192
78.244
78.244
78.192
78.086
77.942
77.704
77.818
78.053
78.192
78.292
78.342
78.342
78.292
78.192
78.053
77.818
77.875
78.107
78.244
78.342
78.391
78.391
78.342
78.244
78.107
77.875
77.875
78.107
78.244
78.342
78.391
78.391
78.342
78.244
78.107
77.875
77.818
78.053
78.192
78.292
78.342
78.342
78.292
78.192
78.053
77.818
77.704
77.942
78.086
78.192
78.244
78.244
78.192
78.086
77.942
77.704
77.515
77.781
77.942
78.053
78.107
78.107
78.053
77.942
77.781
77.515
77.179
77.515
77.704
77.818
77.875
77.875
77.818
77.704
77.515
77.179
79.647
79.947
80.116
80.217
80.268
80.268
80.217
80.116
79.947
79.647
79.947
80.185
80.328
80.427
80.475
80.475
80.427
80.328
80.185
79.947
80.116
80.328
80.456
80.551
80.597
80.597
80.551
80.456
80.328
80.116
80.217
80.427
80.551
80.641
80.685
80.685
80.641
80.551
80.427
80.217
80.268
80.475
80.597
80.685
80.728
80.728
80.685
80.597
80.475
80.268
80.268
80.475
80.597
80.685
80.728
80.728
80.685
80.597
80.475
80.268
80.217
80.427
80.551
80.641
80.685
80.685
80.641
80.551
80.427
80.217
80.116
80.328
80.456
80.551
80.597
80.597
80.551
80.456
80.328
80.116
79.947
80.185
80.328
80.427
80.475
80.475
80.427
80.328
80.185
79.947
79.647
79.947
80.116
80.217
80.268
80.268
80.217
80.116
79.947
79.647
82.617
82.873
83.017
83.104
83.147
83.147
83.104
83.017
82.873
82.617
82.873
83.076
83.199
83.283
83.324
83.324
83.283
83.199
83.076
82.873
83.017
83.199
83.308
83.389
83.428
83.428
83.389
83.308
83.199
83.017
83.104
83.283
83.389
83.466
83.503
83.503
83.466
83.389
83.283
83.104
83.147
83.324
83.428
83.503
83.54
83.54
83.503
83.428
83.324
83.147
83.147
83.324
83.428
83.503
83.54
83.54
83.503
83.428
83.324
83.147
83.104
83.283
83.389
83.466
83.503
83.503
83.466
83.389
83.283
83.104
83.017
83.199
83.308
83.389
83.428
83.428
83.389
83.308
83.199
83.017
82.873
83.076
83.199
83.283
83.324
83.324
83.283
83.199
83.076
82.873
82.617
82.873
83.017
83.104
83.147
83.147
83.104
83.017
82.873
82.617
86.015
86.221
86.337
86.407
86.441
86.441
86.407
86.337
86.221
86.015
86.221
86.384
86.483
86.551
86.584
86.584
86.551
86.483
86.384
86.221
86.337
86.483
86.571
86.636
86.668
86.668
86.636
86.571
86.483
86.337
86.407
86.551
86.636
86.698
86.728
86.728
86.698
86.636
86.551
86.407
86.441
86.584
86.668
86.728
86.758
86.758
86.728
86.668
86.584
86.441
86.441
86.584
86.668
86.728
86.758
86.758
86.728
86.668
86.584
86.441
86.407
86.551
86.636
86.698
86.728
86.728
86.698
86.636
86.551
86.407
86.337
86.483
86.571
86.636
86.668
86.668
86.636
86.571
86.483
86.337
86.221
86.384
86.483
86.551
86.584
86.584
86.551
86.483
86.384
86.221
86.015
86.221
86.337
86.407
86.441
86.441
86.407
86.337
86.221
86.015
89.757
89.908
89.993
90.044
90.07
90.07
90.044
89.993
89.908
89.757
89.908
90.028
90.1
90.149
90.174
90.174
90.149
90.1
90.028
89.908
89.993
90.1
90.164
90.212
90.235
90.235
90.212
90.164
90.1
89.993
90.044
90.149
90.212
90.257
90.279
90.279
90.257
90.212
90.149
90.044
90.07
90.174
90.235
90.279
90.301
90.301
90.279
90.235
90.174
90.07
90.07
90.174
90.235
90.279
90.301
90.301
90.279
90.235
90.174
90.07
90.044
90.149
90.212
90.257
90.279
90.279
90.257
90.212
90.149
90.044
89.993
90.1
90.164
90.212
90.235
90.235
90.212
90.164
90.1
89.993
89.908
90.028
90.1
90.149
90.174
90.174
90.149
90.1
90.028
89.908
89.757
89.908
89.993
90.044
90.07
90.07
90.044
89.993
89.908
89.757
93.752
93.844
93.895
93.927
93.942
93.942
93.927
93.895
93.844
93.752
93.844
93.917
93.961
93.991
94.006
94.006
93.991
93.961
93.917
93.844
93.895
93.961
94
94.029
94.043
94.043
94.029
94
93.961
93.895
93.927
93.991
94.029
94.057
94.07
94.07
94.057
94.029
93.991
93.927
93.942
94.006
94.043
94.07
94.083
94.083
94.07
94.043
94.006
93.942
93.942
94.006
94.043
94.07
94.083
94.083
94.07
94.043
94.006
93.942
93.927
93.991
94.029
94.057
94.07
94.07
94.057
94.029
93.991
93.927
93.895
93.961
94
94.029
94.043
94.043
94.029
94
93.961
93.895
93.844
93.917
93.961
93.991
94.006
94.006
93.991
93.961
93.917
93.844
93.752
93.844
93.895
93.927
93.942
93.942
93.927
93.895
93.844
93.752
97.9
97.931
97.948
97.959
97.964
97.964
97.959
97.948
97.931
97.9
97.931
97.955
97.97
97.98
97.985
97.985
97.98
97.97
97.955
97.931
97.948
97.97
97.983
97.993
97.998
97.998
97.993
97.983
97.97
97.948
97.959
97.98
97.993
98.002
98.007
98.007
98.002
97.993
97.98
97.959
97.964
97.985
97.998
98.007
98.012
98.012
98.007
97.998
97.985
97.964
97.964
97.985
97.998
98.007
98.012
98.012
98.007
97.998
97.985
97.964
97.959
97.98
97.993
98.002
98.007
98.007
98.002
97.993
97.98
97.959
97.948
97.97
97.983
97.993
97.998
97.998
97.993
97.983
97.97
97.948
97.931
97.955
97.97
97.98
97.985
97.985
97.98
97.97
97.955
97.931
97.9
97.931
97.948
97.959
97.964
97.964
97.959
97.948
97.931
97.9
102.1
102.07
102.05
102.04
102.04
102.04
102.04
102.05
102.07
102.1
102.07
102.04
102.03
102.02
102.01
102.01
102.02
102.03
102.04
102.07
102.05
102.03
102.02
102.01
102
102
102.01
102.02
102.03
102.05
102.04
102.02
102.01
102
101.99
101.99
102
102.01
102.02
102.04
102.04
102.01
102
101.99
101.99
101.99
101.99
102
102.01
102.04
102.04
102.01
102
101.99
101.99
101.99
101.99
102
102.01
102.04
102.04
102.02
102.01
102
101.99
101.99
102
102.01
102.02
102.04
102.05
102.03
102.02
102.01
102
102
102.01
102.02
102.03
102.05
102.07
102.04
102.03
102.02
102.01
102.01
102.02
102.03
102.04
102.07
102.1
102.07
102.05
102.04
102.04
102.04
102.04
102.05
102.07
102.1
106.25
106.15
106.1
106.07
106.06
106.06
106.07
106.1
106.15
106.25
106.15
106.08
106.04
106.01
105.99
105.99
106.01
106.04
106.08
106.15
106.1
106.04
106
105.97
105.95
105.95
105.97
106
106.04
106.1
106.07
106.01
105.97
105.94
105.93
105.93
105.94
105.97
106.01
106.07
106.06
105.99
105.95
105.93
105.91
105.91
105.93
105.95
105.99
106.06
106.06
105.99
105.95
105.93
105.91
105.91
105.93
105.95
105.99
106.06
106.07
106.01
105.97
105.94
105.93
105.93
105.94
105.97
106.01
106.07
106.1
106.04
106
105.97
105.95
105.95
105.97
106
106.04
106.1
106.15
106.08
106.04
106.01
105.99
105.99
106.01
106.04
106.08
106.15
106.25
106.15
106.1
106.07
106.06
106.06
106.07
106.1
106.15
106.25
110.24
110.09
110
109.95
109.93
109.93
109.95
110
110.09
110.24
110.09
109.97
109.89
109.85
109.82
109.82
109.85
109.89
109.97
110.09
110
109.89
109.83
109.78
109.76
109.76
109.78
109.83
109.89
110
109.95
109.85
109.78
109.74
109.71
109.71
109.74
109.78
109.85
109.95
109.93
109.82
109.76
109.71
109.69
109.69
109.71
109.76
109.82
109.93
109.93
109.82
109.76
109.71
109.69
109.69
109.71
109.76
109.82
109.93
109.95
109.85
109.78
109.74
109.71
109.71
109.74
109.78
109.85
109.95
110
109.89
109.83
109.78
109.76
109.76
109.78
109.83
109.89
110
110.09
109.97
109.89
109.85
109.82
109.82
109.85
109.89
109.97
110.09
110.24
110.09
110
109.95
109.93
109.93
109.95
110
110.09
110.24
