113.48
113.28
113.17
113.1
113.07
113.07
113.1
113.17
113.28
113.48
113.28
113.13
113.03
112.96
112.93
112.93
112.96
113.03
113.13
113.28
113.17
113.03
112.94
112.88
112.85
112.85
112.88
112.94
113.03
113.17
113.1
112.96
112.88
112.82
112.79
112.79
112.82
112.88
112.96
113.1
113.07
112.93
112.85
112.79
112.76
112.76
112.79
112.85
112.93
113.07
113.07
112.93
112.85
112.79
112.76
112.76
112.79
112.85
112.93
113.07
113.1
112.96
112.88
112.82
112.79
112.79
112.82
112.88
112.96
113.1
113.17
113.03
112.94
112.88
112.85
112.85
112.88
112.94
113.03
113.17
113.28
113.13
113.03
112.96
112.93
112.93
112.96
113.03
113.13
113.28
113.48
113.28
113.17
113.1
113.07
113.07
113.1
113.17
113.28
113.48
108.23
108.1
108.04
107.99
107.97
107.97
107.99
108.04
108.1
108.23
108.1
108.01
107.95
107.91
107.89
107.89
107.91
107.95
108.01
108.1
108.04
107.95
107.9
107.86
107.84
107.84
107.86
107.9
107.95
108.04
107.99
107.91
107.86
107.82
107.8
107.8
107.82
107.86
107.91
107.99
107.97
107.89
107.84
107.8
107.79
107.79
107.8
107.84
107.89
107.97
107.97
107.89
107.84
107.8
107.79
107.79
107.8
107.84
107.89
107.97
107.99
107.91
107.86
107.82
107.8
107.8
107.82
107.86
107.91
107.99
108.04
107.95
107.9
107.86
107.84
107.84
107.86
107.9
107.95
108.04
108.1
108.01
107.95
107.91
107.89
107.89
107.91
107.95
108.01
108.1
108.23
108.1
108.04
107.99
107.97
107.97
107.99
108.04
108.1
108.23
102.77
102.72
102.7
102.69
102.68
102.68
102.69
102.7
102.72
102.77
102.72
102.69
102.67
102.66
102.65
102.65
102.66
102.67
102.69
102.72
102.7
102.67
102.66
102.64
102.64
102.64
102.64
102.66
102.67
102.7
102.69
102.66
102.64
102.63
102.62
102.62
102.63
102.64
102.66
102.69
102.68
102.65
102.64
102.62
102.62
102.62
102.62
102.64
102.65
102.68
102.68
102.65
102.64
102.62
102.62
102.62
102.62
102.64
102.65
102.68
102.69
102.66
102.64
102.63
102.62
102.62
102.63
102.64
102.66
102.69
102.7
102.67
102.66
102.64
102.64
102.64
102.64
102.66
102.67
102.7
102.72
102.69
102.67
102.66
102.65
102.65
102.66
102.67
102.69
102.72
102.77
102.72
102.7
102.69
102.68
102.68
102.69
102.7
102.72
102.77
97.235
97.275
97.298
97.312
97.319
97.319
97.312
97.298
97.275
97.235
97.275
97.308
97.327
97.341
97.347
97.347
97.341
97.327
97.308
97.275
97.298
97.327
97.345
97.357
97.364
97.364
97.357
97.345
97.327
97.298
97.312
97.341
97.357
97.37
97.376
97.376
97.37
97.357
97.341
97.312
97.319
97.347
97.364
97.376
97.382
97.382
97.376
97.364
97.347
97.319
97.319
97.347
97.364
97.376
97.382
97.382
97.376
97.364
97.347
97.319
97.312
97.341
97.357
97.37
97.376
97.376
97.37
97.357
97.341
97.312
97.298
97.327
97.345
97.357
97.364
97.364
97.357
97.345
97.327
97.298
97.275
97.308
97.327
97.341
97.347
97.347
97.341
97.327
97.308
97.275
97.235
97.275
97.298
97.312
97.319
97.319
97.312
97.298
97.275
97.235
91.772
91.893
91.962
92.003
92.023
92.023
92.003
91.962
91.893
91.772
91.893
91.989
92.047
92.087
92.107
92.107
92.087
92.047
91.989
91.893
91.962
92.047
92.099
92.138
92.156
92.156
92.138
92.099
92.047
91.962
92.003
92.087
92.138
92.174
92.192
92.192
92.174
92.138
92.087
92.003
92.023
92.107
92.156
92.192
92.209
92.209
92.192
92.156
92.107
92.023
92.023
92.107
92.156
92.192
92.209
92.209
92.192
92.156
92.107
92.023
92.003
92.087
92.138
92.174
92.192
92.192
92.174
92.138
92.087
92.003
91.962
92.047
92.099
92.138
92.156
92.156
92.138
92.099
92.047
91.962
91.893
91.989
92.047
92.087
92.107
92.107
92.087
92.047
91.989
91.893
91.772
91.893
91.962
92.003
92.023
92.023
92.003
91.962
91.893
91.772
86.512
86.711
86.823
86.89
86.924
86.924
86.89
86.823
86.711
86.512
86.711
86.869
86.964
87.029
87.061
87.061
87.029
86.964
86.869
86.711
86.823
86.964
87.049
87.111
87.142
87.142
87.111
87.049
86.964
86.823
86.89
87.029
87.111
87.171
87.2
87.2
87.171
87.111
87.029
86.89
86.924
87.061
87.142
87.2
87.229
87.229
87.2
87.142
87.061
86.924
86.924
87.061
87.142
87.2
87.229
87.229
87.2
87.142
87.061
86.924
86.89
87.029
87.111
87.171
87.2
87.2
87.171
87.111
87.029
86.89
86.823
86.964
87.049
87.111
87.142
87.142
87.111
87.049
86.964
86.823
86.711
86.869
86.964
87.029
87.061
87.061
87.029
86.964
86.869
86.711
86.512
86.711
86.823
86.89
86.924
86.924
86.89
86.823
86.711
86.512
81.585
81.856
82.009
82.1
82.146
82.146
82.1
82.009
81.856
81.585
81.856
82.071
82.201
82.29
82.334
82.334
82.29
82.201
82.071
81.856
82.009
82.201
82.317
82.403
82.444
82.444
82.403
82.317
82.201
82.009
82.1
82.29
82.403
82.484
82.524
82.524
82.484
82.403
82.29
82.1
82.146
82.334
82.444
82.524
82.563
82.563
82.524
82.444
82.334
82.146
82.146
82.334
82.444
82.524
82.563
82.563
82.524
82.444
82.334
82.146
82.1
82.29
82.403
82.484
82.524
82.524
82.484
82.403
82.29
82.1
82.009
82.201
82.317
82.403
82.444
82.444
82.403
82.317
82.201
82.009
81.856
82.071
82.201
82.29
82.334
82.334
82.29
82.201
82.071
81.856
81.585
81.856
82.009
82.1
82.146
82.146
82.1
82.009
81.856
81.585
77.111
77.448
77.638
77.752
77.809
77.809
77.752
77.638
77.448
77.111
77.448
77.715
77.876
77.987
78.042
78.042
77.987
77.876
77.715
77.448
77.638
77.876
78.021
78.127
78.179
78.179
78.127
78.021
77.876
77.638
77.752
77.987
78.127
78.228
78.278
78.278
78.228
78.127
77.987
77.752
77.809
78.042
78.179
78.278
78.326
78.326
78.278
78.179
78.042
77.809
77.809
78.042
78.179
78.278
78.326
78.326
78.278
78.179
78.042
77.809
77.752
77.987
78.127
78.228
78.278
78.278
78.228
78.127
77.987
77.752
77.638
77.876
78.021
78.127
78.179
78.179
78.127
78.021
77.876
77.638
77.448
77.715
77.876
77.987
78.042
78.042
77.987
77.876
77.715
77.448
77.111
77.448
77.638
77.752
77.809
77.809
77.752
77.638
77.448
77.111
73.201
73.595
73.818
73.951
74.018
74.018
73.951
73.818
73.595
73.201
73.595
73.909
74.097
74.227
74.29
74.29
74.227
74.097
73.909
73.595
73.818
74.097
74.266
74.391
74.451
74.451
74.391
74.266
74.097
73.818
73.951
74.227
74.391
74.509
74.567
74.567
74.509
74.391
74.227
73.951
74.018
74.29
74.451
74.567
74.624
74.624
74.567
74.451
74.29
74.018
74.018
74.29
74.451
74.567
74.624
74.624
74.567
74.451
74.29
74.018
73.951
74.227
74.391
74.509
74.567
74.567
74.509
74.391
74.227
73.951
73.818
74.097
74.266
74.391
74.451
74.451
74.391
74.266
74.097
73.818
73.595
73.909
74.097
74.227
74.29
74.29
74.227
74.097
73.909
73.595
73.201
73.595
73.818
73.951
74.018
74.018
73.951
73.818
73.595
73.201
69.95
70.393
70.642
70.792
70.867
70.867
70.792
70.642
70.393
69.95
70.393
70.744
70.955
71.101
71.172
71.172
71.101
70.955
70.744
70.393
70.642
70.955
71.145
71.285
71.353
71.353
71.285
71.145
70.955
70.642
70.792
71.101
71.285
71.417
71.482
71.482
71.417
71.285
71.101
70.792
70.867
71.172
71.353
71.482
71.546
71.546
71.482
71.353
71.172
70.867
70.867
71.172
71.353
71.482
71.546
71.546
71.482
71.353
71.172
70.867
70.792
71.101
71.285
71.417
71.482
71.482
71.417
71.285
71.101
70.792
70.642
70.955
71.145
71.285
71.353
71.353
71.285
71.145
70.955
70.642
70.393
70.744
70.955
71.101
71.172
71.172
71.101
70.955
70.744
70.393
69.95
70.393
70.642
70.792
70.867
70.867
70.792
70.642
70.393
69.95
67.44
67.92
68.19
68.352
68.433
68.433
68.352
68.19
67.92
67.44
67.92
68.3
68.529
68.687
68.764
68.764
68.687
68.529
68.3
67.92
68.19
68.529
68.734
68.886
68.96
68.96
68.886
68.734
68.529
68.19
68.352
68.687
68.886
69.029
69.1
69.1
69.029
68.886
68.687
68.352
68.433
68.764
68.96
69.1
69.169
69.169
69.1
68.96
68.764
68.433
68.433
68.764
68.96
69.1
69.169
69.169
69.1
68.96
68.764
68.433
68.352
68.687
68.886
69.029
69.1
69.1
69.029
68.886
68.687
68.352
68.19
68.529
68.734
68.886
68.96
68.96
68.886
68.734
68.529
68.19
67.92
68.3
68.529
68.687
68.764
68.764
68.687
68.529
68.3
67.92
67.44
67.92
68.19
68.352
68.433
68.433
68.352
68.19
67.92
67.44
65.732
66.236
66.52
66.691
66.777
66.777
66.691
66.52
66.236
65.732
66.236
66.637
66.878
67.044
67.125
67.125
67.044
66.878
66.637
66.236
66.52
66.878
67.094
67.253
67.331
67.331
67.253
67.094
66.878
66.52
66.691
67.044
67.253
67.404
67.478
67.478
67.404
67.253
67.044
66.691
66.777
67.125
67.331
67.478
67.551
67.551
67.478
67.331
67.125
66.777
66.777
67.125
67.331
67.478
67.551
67.551
67.478
67.331
67.125
66.777
66.691
67.044
67.253
67.404
67.478
67.478
67.404
67.253
67.044
66.691
66.52
66.878
67.094
67.253
67.331
67.331
67.253
67.094
66.878
66.52
66.236
66.637
66.878
67.044
67.125
67.125
67.044
66.878
66.637
66.236
65.732
66.236
66.52
66.691
66.777
66.777
66.691
66.52
66.236
65.732
64.867
65.384
65.675
65.85
65.938
65.938
65.85
65.675
65.384
64.867
65.384
65.795
66.042
66.212
66.295
66.295
66.212
66.042
65.795
65.384
65.675
66.042
66.263
66.426
66.506
66.506
66.426
66.263
66.042
65.675
65.85
66.212
66.426
66.581
66.657
66.657
66.581
66.426
66.212
65.85
65.938
66.295
66.506
66.657
66.732
66.732
66.657
66.506
66.295
65.938
65.938
66.295
66.506
66.657
66.732
66.732
66.657
66.506
66.295
65.938
65.85
66.212
66.426
66.581
66.657
66.657
66.581
66.426
66.212
65.85
65.675
66.042
66.263
66.426
66.506
66.506
66.426
66.263
66.042
65.675
65.384
65.795
66.042
66.212
66.295
66.295
66.212
66.042
65.795
65.384
64.867
65.384
65.675
65.85
65.938
65.938
65.85
65.675
65.384
64.867
64.867
65.384
65.675
65.85
65.938
65.938
65.85
65.675
65.384
64.867
65.384
65.795
66.042
66.212
66.295
66.295
66.212
66.042
65.795
65.384
65.675
66.042
66.263
66.426
66.506
66.506
66.426
66.263
66.042
65.675
65.85
66.212
66.426
66.581
66.657
66.657
66.581
66.426
66.212
65.85
65.938
66.295
66.506
66.657
66.732
66.732
66.657
66.506
66.295
65.938
65.938
66.295
66.506
66.657
66.732
66.732
66.657
66.506
66.295
65.938
65.85
66.212
66.426
66.581
66.657
66.657
66.581
66.426
66.212
65.85
65.675
66.042
66.263
66.426
66.506
66.506
66.426
66.263
66.042
65.675
65.384
65.795
66.042
66.212
66.295
66.295
66.212
66.042
65.795
65.384
64.867
65.384
65.675
65.85
65.938
65.938
65.85
65.675
65.384
64.867
65.732
66.236
66.52
66.691
66.777
66.777
66.691
66.52
66.236
65.732
66.236
66.637
66.878
67.044
67.125
67.125
67.044
66.878
66.637
66.236
66.52
66.878
67.094
67.253
67.331
67.331
67.253
67.094
66.878
66.52
66.691
67.044
67.253
67.404
67.478
67.478
67.404
67.253
67.044
66.691
66.777
67.125
67.331
67.478
67.551
67.551
67.478
67.331
67.125
66.777
66.777
67.125
67.331
67.478
67.551
67.551
67.478
67.331
67.125
66.777
66.691
67.044
67.253
67.404
67.478
67.478
67.404
67.253
67.044
66.691
66.52
66.878
67.094
67.253
67.331
67.331
67.253
67.094
66.878
66.52
66.236
66.637
66.878
67.044
67.125
67.125
67.044
66.878
66.637
66.236
65.732
66.236
66.52
66.691
66.777
66.777
66.691
66.52
66.236
65.732
67.44
67.92
68.19
68.352
68.433
68.433
68.352
68.19
67.92
67.44
67.92
68.3
68.529
68.687
68.764
68.764
68.687
68.529
68.3
67.92
68.19
68.529
68.734
68.886
68.96
68.96
68.886
68.734
68.529
68.19
68.352
68.687
68.886
69.029
69.1
69.1
69.029
68.886
68.687
68.352
68.433
68.764
68.96
69.1
69.169
69.169
69.1
68.96
68.764
68.433
68.433
68.764
68.96
69.1
69.169
69.169
69.1
68.96
68.764
68.433
68.352
68.687
68.886
69.029
69.1
69.1
69.029
68.886
68.687
68.352
68.19
68.529
68.734
68.886
68.96
68.96
68.886
68.734
68.529
68.19
67.92
68.3
68.529
68.687
68.764
68.764
68.687
68.529
68.3
67.92
67.44
67.92
68.19
68.352
68.433
68.433
68.352
68.19
67.92
67.44
69.95
70.393
70.642
70.792
70.867
70.867
70.792
70.642
70.393
69.95
70.393
70.744
70.955
71.101
71.172
71.172
71.101
70.955
70.744
70.393
70.642
70.955
71.145
71.285
71.353
71.353
71.285
71.145
70.955
70.642
70.792
71.101
71.285
71.417
71.482
71.482
71.417
71.285
71.101
70.792
70.867
71.172
71.353
71.482
71.546
71.546
71.482
71.353
71.172
70.867
70.867
71.172
71.353
71.482
71.546
71.546
71.482
71.353
71.172
70.867
70.792
71.101
71.285
71.417
71.482
71.482
71.417
71.285
71.101
70.792
70.642
70.955
71.145
71.285
71.353
71.353
71.285
71.145
70.955
70.642
70.393
70.744
70.955
71.101
71.172
71.172
71.101
70.955
70.744
70.393
69.95
70.393
70.642
70.792
70.867
70.867
70.792
70.642
70.393
69.95
73.201
73.595
73.818
73.951
74.018
74.018
73.951
73.818
73.595
73.201
73.595
73.909
74.097
74.227
74.29
74.29
74.227
74.097
73.909
73.595
73.818
74.097
74.266
74.391
74.451
74.451
74.391
74.266
74.097
73.818
73.951
74.227
74.391
74.509
74.567
74.567
74.509
74.391
74.227
73.951
74.018
74.29
74.451
74.567
74.624
74.624
74.567
74.451
74.29
74.018
74.018
74.29
74.451
74.567
74.624
74.624
74.567
74.451
74.29
74.018
73.951
74.227
74.391
74.509
74.567
74.567
74.509
74.391
74.227
73.951
73.818
74.097
74.266
74.391
74.451
74.451
74.391
74.266
74.097
73.818
73.595
73.909
74.097
74.227
74.29
74.29
74.227
74.097
73.909
73.595
73.201
73.595
73.818
73.951
74.018
74.018
73.951
73.818
73.595
73.201
77.111
77.448
77.638
77.752
77.809
77.809
77.752
77.638
77.448
77.111
77.448
77.715
77.876
77.987
78.042
78.042
77.987
77.876
77.715
77.448
77.638
77.876
78.021
78.127
78.179
78.179
78.127
78.021
77.876
77.638
77.752
77.987
78.127
78.228
78.278
78.278
78.228
78.127
77.987
77.752
77.809
78.042
78.179
78.278
78.326
78.326
78.278
78.179
78.042
77.809
77.809
78.042
78.179
78.278
78.326
78.326
78.278
78.179
78.042
77.809
77.752
77.987
78.127
78.228
78.278
78.278
78.228
78.127
77.987
77.752
77.638
77.876
78.021
78.127
78.179
78.179
78.127
78.021
77.876
77.638
77.448
77.715
77.876
77.987
78.042
78.042
77.987
77.876
77.715
77.448
77.111
77.448
77.638
77.752
77.809
77.809
77.752
77.638
77.448
77.111
81.585
81.856
82.009
82.1
82.146
82.146
82.1
82.009
81.856
81.585
81.856
82.071
82.201
82.29
82.334
82.334
82.29
82.201
82.071
81.856
82.009
82.201
82.317
82.403
82.444
82.444
82.403
82.317
82.201
82.009
82.1
82.29
82.403
82.484
82.524
82.524
82.484
82.403
82.29
82.1
82.146
82.334
82.444
82.524
82.563
82.563
82.524
82.444
82.334
82.146
82.146
82.334
82.444
82.524
82.563
82.563
82.524
82.444
82.334
82.146
82.1
82.29
82.403
82.484
82.524
82.524
82.484
82.403
82.29
82.1
82.009
82.201
82.317
82.403
82.444
82.444
82.403
82.317
82.201
82.009
81.856
82.071
82.201
82.29
82.334
82.334
82.29
82.201
82.071
81.856
81.585
81.856
82.009
82.1
82.146
82.146
82.1
82.009
81.856
81.585
86.512
86.711
86.823
86.89
86.924
86.924
86.89
86.823
86.711
86.512
86.711
86.869
86.964
87.029
87.061
87.061
87.029
86.964
86.869
86.711
86.823
86.964
87.049
87.111
87.142
87.142
87.111
87.049
86.964
86.823
86.89
87.029
87.111
87.171
87.2
87.2
87.171
87.111
87.029
86.89
86.924
87.061
87.142
87.2
87.229
87.229
87.2
87.142
87.061
86.924
86.924
87.061
87.142
87.2
87.229
87.229
87.2
87.142
87.061
86.924
86.89
87.029
87.111
87.171
87.2
87.2
87.171
87.111
87.029
86.89
86.823
86.964
87.049
87.111
87.142
87.142
87.111
87.049
86.964
86.823
86.711
86.869
86.964
87.029
87.061
87.061
87.029
86.964
86.869
86.711
86.512
86.711
86.823
86.89
86.924
86.924
86.89
86.823
86.711
86.512
91.772
91.893
91.962
92.003
92.023
92.023
92.003
91.962
91.893
91.772
91.893
91.989
92.047
92.087
92.107
92.107
92.087
92.047
91.989
91.893
91.962
92.047
92.099
92.138
92.156
92.156
92.138
92.099
92.047
91.962
92.003
92.087
92.138
92.174
92.192
92.192
92.174
92.138
92.087
92.003
92.023
92.107
92.156
92.192
92.209
92.209
92.192
92.156
92.107
92.023
92.023
92.107
92.156
92.192
92.209
92.209
92.192
92.156
92.107
92.023
92.003
92.087
92.138
92.174
92.192
92.192
92.174
92.138
92.087
92.003
91.962
92.047
92.099
92.138
92.156
92.156
92.138
92.099
92.047
91.962
91.893
91.989
92.047
92.087
92.107
92.107
92.087
92.047
91.989
91.893
91.772
91.893
91.962
92.003
92.023
92.023
92.003
91.962
91.893
91.772
97.235
97.275
97.298
97.312
97.319
97.319
97.312
97.298
97.275
97.235
97.275
97.308
97.327
97.341
97.347
97.347
97.341
97.327
97.308
97.275
97.298
97.327
97.345
97.357
97.364
97.364
97.357
97.345
97.327
97.298
97.312
97.341
97.357
97.37
97.376
97.376
97.37
97.357
97.341
97.312
97.319
97.347
97.364
97.376
97.382
97.382
97.376
97.364
97.347
97.319
97.319
97.347
97.364
97.376
97.382
97.382
97.376
97.364
97.347
97.319
97.312
97.341
97.357
97.37
97.376
97.376
97.37
97.357
97.341
97.312
97.298
97.327
97.345
97.357
97.364
97.364
97.357
97.345
97.327
97.298
97.275
97.308
97.327
97.341
97.347
97.347
97.341
97.327
97.308
97.275
97.235
97.275
97.298
97.312
97.319
97.319
97.312
97.298
97.275
97.235
102.77
102.72
102.7
102.69
102.68
102.68
102.69
102.7
102.72
102.77
102.72
102.69
102.67
102.66
102.65
102.65
102.66
102.67
102.69
102.72
102.7
102.67
102.66
102.64
102.64
102.64
102.64
102.66
102.67
102.7
102.69
102.66
102.64
102.63
102.62
102.62
102.63
102.64
102.66
102.69
102.68
102.65
102.64
102.62
102.62
102.62
102.62
102.64
102.65
102.68
102.68
102.65
102.64
102.62
102.62
102.62
102.62
102.64
102.65
102.68
102.69
102.66
102.64
102.63
102.62
102.62
102.63
102.64
102.66
102.69
102.7
102.67
102.66
102.64
102.64
102.64
102.64
102.66
102.67
102.7
102.72
102.69
102.67
102.66
102.65
102.65
102.66
102.67
102.69
102.72
102.77
102.72
102.7
102.69
102.68
102.68
102.69
102.7
102.72
102.77
108.23
108.1
108.04
107.99
107.97
107.97
107.99
108.04
108.1
108.23
108.1
108.01
107.95
107.91
107.89
107.89
107.91
107.95
108.01
108.1
108.04
107.95
107.9
107.86
107.84
107.84
107.86
107.9
107.95
108.04
107.99
107.91
107.86
107.82
107.8
107.8
107.82
107.86
107.91
107.99
107.97
107.89
107.84
107.8
107.79
107.79
107.8
107.84
107.89
107.97
107.97
107.89
107.84
107.8
107.79
107.79
107.8
107.84
107.89
107.97
107.99
107.91
107.86
107.82
107.8
107.8
107.82
107.86
107.91
107.99
108.04
107.95
107.9
107.86
107.84
107.84
107.86
107.9
107.95
108.04
108.1
108.01
107.95
107.91
107.89
107.89
107.91
107.95
108.01
108.1
108.23
108.1
108.04
107.99
107.97
107.97
107.99
108.04
108.1
108.23
113.48
113.28
113.17
113.1
113.07
113.07
113.1
113.17
113.28
113.48
113.28
113.13
113.03
112.96
112.93
112.93
112.96
113.03
113.13
113.28
113.17
113.03
112.94
112.88
112.85
112.85
112.88
112.94
113.03
113.17
113.1
112.96
112.88
112.82
112.79
112.79
112.82
112.88
112.96
113.1
113.07
112.93
112.85
112.79
112.76
112.76
112.79
112.85
112.93
113.07
113.07
112.93
112.85
112.79
112.76
112.76
112.79
112.85
112.93
113.07
113.1
112.96
112.88
112.82
112.79
112.79
112.82
112.88
112.96
113.1
113.17
113.03
112.94
112.88
112.85
112.85
112.88
112.94
113.03
113.17
113.28
113.13
113.03
112.96
112.93
112.93
112.96
113.03
113.13
113.28
113.48
113.28
113.17
113.1
113.07
113.07
113.1
113.17
113.28
113.48
