186.05
183.34
181.66
180.95
180.67
180.67
180.95
181.66
183.34
186.05
183.34
180.48
178.72
177.9
177.59
177.59
177.9
178.72
180.48
183.34
181.66
178.72
177
176.16
175.84
175.84
176.16
177
178.72
181.66
180.95
177.9
176.16
175.31
174.99
174.99
175.31
176.16
177.9
180.95
180.67
177.59
175.84
174.99
174.66
174.66
174.99
175.84
177.59
180.67
180.67
177.59
175.84
174.99
174.66
174.66
174.99
175.84
177.59
180.67
180.95
177.9
176.16
175.31
174.99
174.99
175.31
176.16
177.9
180.95
181.66
178.72
177
176.16
175.84
175.84
176.16
177
178.72
181.66
183.34
180.48
178.72
177.9
177.59
177.59
177.9
178.72
180.48
183.34
186.05
183.34
181.66
180.95
180.67
180.67
180.95
181.66
183.34
186.05
167.52
162.39
159.82
159.27
159.02
159.02
159.27
159.82
162.39
167.52
162.39
157.72
155.38
154.76
154.49
154.49
154.76
155.38
157.72
162.39
159.82
155.38
153.57
152.88
152.58
152.58
152.88
153.57
155.38
159.82
159.27
154.76
152.88
152.18
151.88
151.88
152.18
152.88
154.76
159.27
159.02
154.49
152.58
151.88
151.59
151.59
151.88
152.58
154.49
159.02
159.02
154.49
152.58
151.88
151.59
151.59
151.88
152.58
154.49
159.02
159.27
154.76
152.88
152.18
151.88
151.88
152.18
152.88
154.76
159.27
159.82
155.38
153.57
152.88
152.58
152.58
152.88
153.57
155.38
159.82
162.39
157.72
155.38
154.76
154.49
154.49
154.76
155.38
157.72
162.39
167.52
162.39
159.82
159.27
159.02
159.02
159.27
159.82
162.39
167.52
141.12
133.24
129.52
129.37
129.23
129.23
129.37
129.52
133.24
141.12
133.24
126.7
123.82
123.63
123.49
123.49
123.63
123.82
126.7
133.24
129.52
123.82
121.63
121.4
121.26
121.26
121.4
121.63
123.82
129.52
129.37
123.63
121.4
121.17
121.03
121.03
121.17
121.4
123.63
129.37
129.23
123.49
121.26
121.03
120.89
120.89
121.03
121.26
123.49
129.23
129.23
123.49
121.26
121.03
120.89
120.89
121.03
121.26
123.49
129.23
129.37
123.63
121.4
121.17
121.03
121.03
121.17
121.4
123.63
129.37
129.52
123.82
121.63
121.4
121.26
121.26
121.4
121.63
123.82
129.52
133.24
126.7
123.82
123.63
123.49
123.49
123.63
123.82
126.7
133.24
141.12
133.24
129.52
129.37
129.23
129.23
129.37
129.52
133.24
141.12
58.88
66.761
70.476
70.625
70.765
70.765
70.625
70.476
66.761
58.88
66.761
73.295
76.179
76.371
76.508
76.508
76.371
76.179
73.295
66.761
70.476
76.179
78.37
78.597
78.738
78.738
78.597
78.37
76.179
70.476
70.625
76.371
78.597
78.825
78.967
78.967
78.825
78.597
76.371
70.625
70.765
76.508
78.738
78.967
79.107
79.107
78.967
78.738
76.508
70.765
70.765
76.508
78.738
78.967
79.107
79.107
78.967
78.738
76.508
70.765
70.625
76.371
78.597
78.825
78.967
78.967
78.825
78.597
76.371
70.625
70.476
76.179
78.37
78.597
78.738
78.738
78.597
78.37
76.179
70.476
66.761
73.295
76.179
76.371
76.508
76.508
76.371
76.179
73.295
66.761
58.88
66.761
70.476
70.625
70.765
70.765
70.625
70.476
66.761
58.88
32.474
37.598
40.171
40.723
40.974
40.974
40.723
40.171
37.598
32.474
37.598
42.268
44.602
45.224
45.491
45.491
45.224
44.602
42.268
37.598
40.171
44.602
46.411
47.105
47.402
47.402
47.105
46.411
44.602
40.171
40.723
45.224
47.105
47.801
48.098
48.098
47.801
47.105
45.224
40.723
40.974
45.491
47.402
48.098
48.391
48.391
48.098
47.402
45.491
40.974
40.974
45.491
47.402
48.098
48.391
48.391
48.098
47.402
45.491
40.974
40.723
45.224
47.105
47.801
48.098
48.098
47.801
47.105
45.224
40.723
40.171
44.602
46.411
47.105
47.402
47.402
47.105
46.411
44.602
40.171
37.598
42.268
44.602
45.224
45.491
45.491
45.224
44.602
42.268
37.598
32.474
37.598
40.171
40.723
40.974
40.974
40.723
40.171
37.598
32.474
13.947
16.656
18.333
19.044
19.318
19.318
19.044
18.333
16.656
13.947
16.656
19.511
21.27
22.083
22.395
22.395
22.083
21.27
19.511
16.656
18.333
21.27
22.98
23.824
24.143
24.143
23.824
22.98
21.27
18.333
19.044
22.083
23.824
24.673
24.995
24.995
24.673
23.824
22.083
19.044
19.318
22.395
24.143
24.995
25.318
25.318
24.995
24.143
22.395
19.318
19.318
22.395
24.143
24.995
25.318
25.318
24.995
24.143
22.395
19.318
19.044
22.083
23.824
24.673
24.995
24.995
24.673
23.824
22.083
19.044
18.333
21.27
22.98
23.824
24.143
24.143
23.824
22.98
21.27
18.333
16.656
19.511
21.27
22.083
22.395
22.395
22.083
21.27
19.511
16.656
13.947
16.656
18.333
19.044
19.318
19.318
19.044
18.333
16.656
13.947
5.8332
7.3329
8.2674
8.6742
8.8496
8.8496
8.6742
8.2674
7.3329
5.8332
7.3329
8.9334
9.9418
10.427
10.634
10.634
10.427
9.9418
8.9334
7.3329
8.2674
9.9418
10.94
11.46
11.679
11.679
11.46
10.94
9.9418
8.2674
8.6742
10.427
11.46
11.993
12.218
12.218
11.993
11.46
10.427
8.6742
8.8496
10.634
11.679
12.218
12.447
12.447
12.218
11.679
10.634
8.8496
8.8496
10.634
11.679
12.218
12.447
12.447
12.218
11.679
10.634
8.8496
8.6742
10.427
11.46
11.993
12.218
12.218
11.993
11.46
10.427
8.6742
8.2674
9.9418
10.94
11.46
11.679
11.679
11.46
10.94
9.9418
8.2674
7.3329
8.9334
9.9418
10.427
10.634
10.634
10.427
9.9418
8.9334
7.3329
5.8332
7.3329
8.2674
8.6742
8.8496
8.8496
8.6742
8.2674
7.3329
5.8332
2.2493
2.8933
3.3228
3.5338
3.631
3.631
3.5338
3.3228
2.8933
2.2493
2.8933
3.6176
4.106
4.3658
4.4849
4.4849
4.3658
4.106
3.6176
2.8933
3.3228
4.106
4.6122
4.9
5.0308
5.0308
4.9
4.6122
4.106
3.3228
3.5338
4.3658
4.9
5.2012
5.3379
5.3379
5.2012
4.9
4.3658
3.5338
3.631
4.4849
5.0308
5.3379
5.4773
5.4773
5.3379
5.0308
4.4849
3.631
3.631
4.4849
5.0308
5.3379
5.4773
5.4773
5.3379
5.0308
4.4849
3.631
3.5338
4.3658
4.9
5.2012
5.3379
5.3379
5.2012
4.9
4.3658
3.5338
3.3228
4.106
4.6122
4.9
5.0308
5.0308
4.9
4.6122
4.106
3.3228
2.8933
3.6176
4.106
4.3658
4.4849
4.4849
4.3658
4.106
3.6176
2.8933
2.2493
2.8933
3.3228
3.5338
3.631
3.631
3.5338
3.3228
2.8933
2.2493
0.838
1.1022
1.2866
1.3848
1.4303
1.4303
1.3848
1.2866
1.1022
0.838
1.1022
1.4113
1.6289
1.752
1.8089
1.8089
1.752
1.6289
1.4113
1.1022
1.2866
1.6289
1.8621
1.9998
2.0633
2.0633
1.9998
1.8621
1.6289
1.2866
1.3848
1.752
1.9998
2.1454
2.2125
2.2125
2.1454
1.9998
1.752
1.3848
1.4303
1.8089
2.0633
2.2125
2.2813
2.2813
2.2125
2.0633
1.8089
1.4303
1.4303
1.8089
2.0633
2.2125
2.2813
2.2813
2.2125
2.0633
1.8089
1.4303
1.3848
1.752
1.9998
2.1454
2.2125
2.2125
2.1454
1.9998
1.752
1.3848
1.2866
1.6289
1.8621
1.9998
2.0633
2.0633
1.9998
1.8621
1.6289
1.2866
1.1022
1.4113
1.6289
1.752
1.8089
1.8089
1.752
1.6289
1.4113
1.1022
0.838
1.1022
1.2866
1.3848
1.4303
1.4303
1.3848
1.2866
1.1022
0.838
0.29189
0.39214
0.46423
0.50417
0.52327
0.52327
0.50417
0.46423
0.39214
0.29189
0.39214
0.51234
0.5998
0.651
0.67546
0.67546
0.651
0.5998
0.51234
0.39214
0.46423
0.5998
0.69571
0.75417
0.78198
0.78198
0.75417
0.69571
0.5998
0.46423
0.50417
0.651
0.75417
0.81677
0.84657
0.84657
0.81677
0.75417
0.651
0.50417
0.52327
0.67546
0.78198
0.84657
0.87734
0.87734
0.84657
0.78198
0.67546
0.52327
0.52327
0.67546
0.78198
0.84657
0.87734
0.87734
0.84657
0.78198
0.67546
0.52327
0.50417
0.651
0.75417
0.81677
0.84657
0.84657
0.81677
0.75417
0.651
0.50417
0.46423
0.5998
0.69571
0.75417
0.78198
0.78198
0.75417
0.69571
0.5998
0.46423
0.39214
0.51234
0.5998
0.651
0.67546
0.67546
0.651
0.5998
0.51234
0.39214
0.29189
0.39214
0.46423
0.50417
0.52327
0.52327
0.50417
0.46423
0.39214
0.29189
0.098586
0.13461
0.16128
0.17663
0.18412
0.18412
0.17663
0.16128
0.13461
0.098586
0.13461
0.17893
0.21211
0.23213
0.2419
0.2419
0.23213
0.21211
0.17893
0.13461
0.16128
0.21211
0.24922
0.27242
0.28369
0.28369
0.27242
0.24922
0.21211
0.16128
0.17663
0.23213
0.27242
0.29749
0.30967
0.30967
0.29749
0.27242
0.23213
0.17663
0.18412
0.2419
0.28369
0.30967
0.32229
0.32229
0.30967
0.28369
0.2419
0.18412
0.18412
0.2419
0.28369
0.30967
0.32229
0.32229
0.30967
0.28369
0.2419
0.18412
0.17663
0.23213
0.27242
0.29749
0.30967
0.30967
0.29749
0.27242
0.23213
0.17663
0.16128
0.21211
0.24922
0.27242
0.28369
0.28369
0.27242
0.24922
0.21211
0.16128
0.13461
0.17893
0.21211
0.23213
0.2419
0.2419
0.23213
0.21211
0.17893
0.13461
0.098586
0.13461
0.16128
0.17663
0.18412
0.18412
0.17663
0.16128
0.13461
0.098586
0.032469
0.044974
0.054464
0.060092
0.062872
0.062872
0.060092
0.054464
0.044974
0.032469
0.044974
0.060704
0.072772
0.080226
0.083909
0.083909
0.080226
0.072772
0.060704
0.044974
0.054464
0.072772
0.086511
0.095258
0.099566
0.099566
0.095258
0.086511
0.072772
0.054464
0.060092
0.080226
0.095258
0.10479
0.10949
0.10949
0.10479
0.095258
0.080226
0.060092
0.062872
0.083909
0.099566
0.10949
0.11438
0.11438
0.10949
0.099566
0.083909
0.062872
0.062872
0.083909
0.099566
0.10949
0.11438
0.11438
0.10949
0.099566
0.083909
0.062872
0.060092
0.080226
0.095258
0.10479
0.10949
0.10949
0.10479
0.095258
0.080226
0.060092
0.054464
0.072772
0.086511
0.095258
0.099566
0.099566
0.095258
0.086511
0.072772
0.054464
0.044974
0.060704
0.072772
0.080226
0.083909
0.083909
0.080226
0.072772
0.060704
0.044974
0.032469
0.044974
0.054464
0.060092
0.062872
0.062872
0.060092
0.054464
0.044974
0.032469
0.012749
0.01791
0.021909
0.024337
0.025552
0.025552
0.024337
0.021909
0.01791
0.012749
0.01791
0.024529
0.029717
0.032982
0.034616
0.034616
0.032982
0.029717
0.024529
0.01791
0.021909
0.029717
0.035714
0.039594
0.04153
0.04153
0.039594
0.035714
0.029717
0.021909
0.024337
0.032982
0.039594
0.043856
0.045984
0.045984
0.043856
0.039594
0.032982
0.024337
0.025552
0.034616
0.04153
0.045984
0.048208
0.048208
0.045984
0.04153
0.034616
0.025552
0.025552
0.034616
0.04153
0.045984
0.048208
0.048208
0.045984
0.04153
0.034616
0.025552
0.024337
0.032982
0.039594
0.043856
0.045984
0.045984
0.043856
0.039594
0.032982
0.024337
0.021909
0.029717
0.035714
0.039594
0.04153
0.04153
0.039594
0.035714
0.029717
0.021909
0.01791
0.024529
0.029717
0.032982
0.034616
0.034616
0.032982
0.029717
0.024529
0.01791
0.012749
0.01791
0.021909
0.024337
0.025552
0.025552
0.024337
0.021909
0.01791
0.012749
0.012749
0.01791
0.021909
0.024337
0.025552
0.025552
0.024337
0.021909
0.01791
0.012749
0.01791
0.024529
0.029717
0.032982
0.034616
0.034616
0.032982
0.029717
0.024529
0.01791
0.021909
0.029717
0.035714
0.039594
0.04153
0.04153
0.039594
0.035714
0.029717
0.021909
0.024337
0.032982
0.039594
0.043856
0.045984
0.045984
0.043856
0.039594
0.032982
0.024337
0.025552
0.034616
0.04153
0.045984
0.048208
0.048208
0.045984
0.04153
0.034616
0.025552
0.025552
0.034616
0.04153
0.045984
0.048208
0.048208
0.045984
0.04153
0.034616
0.025552
0.024337
0.032982
0.039594
0.043856
0.045984
0.045984
0.043856
0.039594
0.032982
0.024337
0.021909
0.029717
0.035714
0.039594
0.04153
0.04153
0.039594
0.035714
0.029717
0.021909
0.01791
0.024529
0.029717
0.032982
0.034616
0.034616
0.032982
0.029717
0.024529
0.01791
0.012749
0.01791
0.021909
0.024337
0.025552
0.025552
0.024337
0.021909
0.01791
0.012749
0.032469
0.044974
0.054464
0.060092
0.062872
0.062872
0.060092
0.054464
0.044974
0.032469
0.044974
0.060704
0.072772
0.080226
0.083909
0.083909
0.080226
0.072772
0.060704
0.044974
0.054464
0.072772
0.086511
0.095258
0.099566
0.099566
0.095258
0.086511
0.072772
0.054464
0.060092
0.080226
0.095258
0.10479
0.10949
0.10949
0.10479
0.095258
0.080226
0.060092
0.062872
0.083909
0.099566
0.10949
0.11438
0.11438
0.10949
0.099566
0.083909
0.062872
0.062872
0.083909
0.099566
0.10949
0.11438
0.11438
0.10949
0.099566
0.083909
0.062872
0.060092
0.080226
0.095258
0.10479
0.10949
0.10949
0.10479
0.095258
0.080226
0.060092
0.054464
0.072772
0.086511
0.095258
0.099566
0.099566
0.095258
0.086511
0.072772
0.054464
0.044974
0.060704
0.072772
0.080226
0.083909
0.083909
0.080226
0.072772
0.060704
0.044974
0.032469
0.044974
0.054464
0.060092
0.062872
0.062872
0.060092
0.054464
0.044974
0.032469
0.098586
0.13461
0.16128
0.17663
0.18412
0.18412
0.17663
0.16128
0.13461
0.098586
0.13461
0.17893
0.21211
0.23213
0.2419
0.2419
0.23213
0.21211
0.17893
0.13461
0.16128
0.21211
0.24922
0.27242
0.28369
0.28369
0.27242
0.24922
0.21211
0.16128
0.17663
0.23213
0.27242
0.29749
0.30967
0.30967
0.29749
0.27242
0.23213
0.17663
0.18412
0.2419
0.28369
0.30967
0.32229
0.32229
0.30967
0.28369
0.2419
0.18412
0.18412
0.2419
0.28369
0.30967
0.32229
0.32229
0.30967
0.28369
0.2419
0.18412
0.17663
0.23213
0.27242
0.29749
0.30967
0.30967
0.29749
0.27242
0.23213
0.17663
0.16128
0.21211
0.24922
0.27242
0.28369
0.28369
0.27242
0.24922
0.21211
0.16128
0.13461
0.17893
0.21211
0.23213
0.2419
0.2419
0.23213
0.21211
0.17893
0.13461
0.098586
0.13461
0.16128
0.17663
0.18412
0.18412
0.17663
0.16128
0.13461
0.098586
0.29189
0.39214
0.46423
0.50417
0.52327
0.52327
0.50417
0.46423
0.39214
0.29189
0.39214
0.51234
0.5998
0.651
0.67546
0.67546
0.651
0.5998
0.51234
0.39214
0.46423
0.5998
0.69571
0.75417
0.78198
0.78198
0.75417
0.69571
0.5998
0.46423
0.50417
0.651
0.75417
0.81677
0.84657
0.84657
0.81677
0.75417
0.651
0.50417
0.52327
0.67546
0.78198
0.84657
0.87734
0.87734
0.84657
0.78198
0.67546
0.52327
0.52327
0.67546
0.78198
0.84657
0.87734
0.87734
0.84657
0.78198
0.67546
0.52327
0.50417
0.651
0.75417
0.81677
0.84657
0.84657
0.81677
0.75417
0.651
0.50417
0.46423
0.5998
0.69571
0.75417
0.78198
0.78198
0.75417
0.69571
0.5998
0.46423
0.39214
0.51234
0.5998
0.651
0.67546
0.67546
0.651
0.5998
0.51234
0.39214
0.29189
0.39214
0.46423
0.50417
0.52327
0.52327
0.50417
0.46423
0.39214
0.29189
0.838
1.1022
1.2866
1.3848
1.4303
1.4303
1.3848
1.2866
1.1022
0.838
1.1022
1.4113
1.6289
1.752
1.8089
1.8089
1.752
1.6289
1.4113
1.1022
1.2866
1.6289
1.8621
1.9998
2.0633
2.0633
1.9998
1.8621
1.6289
1.2866
1.3848
1.752
1.9998
2.1454
2.2125
2.2125
2.1454
1.9998
1.752
1.3848
1.4303
1.8089
2.0633
2.2125
2.2813
2.2813
2.2125
2.0633
1.8089
1.4303
1.4303
1.8089
2.0633
2.2125
2.2813
2.2813
2.2125
2.0633
1.8089
1.4303
1.3848
1.752
1.9998
2.1454
2.2125
2.2125
2.1454
1.9998
1.752
1.3848
1.2866
1.6289
1.8621
1.9998
2.0633
2.0633
1.9998
1.8621
1.6289
1.2866
1.1022
1.4113
1.6289
1.752
1.8089
1.8089
1.752
1.6289
1.4113
1.1022
0.838
1.1022
1.2866
1.3848
1.4303
1.4303
1.3848
1.2866
1.1022
0.838
2.2493
2.8933
3.3228
3.5338
3.631
3.631
3.5338
3.3228
2.8933
2.2493
2.8933
3.6176
4.106
4.3658
4.4849
4.4849
4.3658
4.106
3.6176
2.8933
3.3228
4.106
4.6122
4.9
5.0308
5.0308
4.9
4.6122
4.106
3.3228
3.5338
4.3658
4.9
5.2012
5.3379
5.3379
5.2012
4.9
4.3658
3.5338
3.631
4.4849
5.0308
5.3379
5.4773
5.4773
5.3379
5.0308
4.4849
3.631
3.631
4.4849
5.0308
5.3379
5.4773
5.4773
5.3379
5.0308
4.4849
3.631
3.5338
4.3658
4.9
5.2012
5.3379
5.3379
5.2012
4.9
4.3658
3.5338
3.3228
4.106
4.6122
4.9
5.0308
5.0308
4.9
4.6122
4.106
3.3228
2.8933
3.6176
4.106
4.3658
4.4849
4.4849
4.3658
4.106
3.6176
2.8933
2.2493
2.8933
3.3228
3.5338
3.631
3.631
3.5338
3.3228
2.8933
2.2493
5.8332
7.3329
8.2674
8.6742
8.8496
8.8496
8.6742
8.2674
7.3329
5.8332
7.3329
8.9334
9.9418
10.427
10.634
10.634
10.427
9.9418
8.9334
7.3329
8.2674
9.9418
10.94
11.46
11.679
11.679
11.46
10.94
9.9418
8.2674
8.6742
10.427
11.46
11.993
12.218
12.218
11.993
11.46
10.427
8.6742
8.8496
10.634
11.679
12.218
12.447
12.447
12.218
11.679
10.634
8.8496
8.8496
10.634
11.679
12.218
12.447
12.447
12.218
11.679
10.634
8.8496
8.6742
10.427
11.46
11.993
12.218
12.218
11.993
11.46
10.427
8.6742
8.2674
9.9418
10.94
11.46
11.679
11.679
11.46
10.94
9.9418
8.2674
7.3329
8.9334
9.9418
10.427
10.634
10.634
10.427
9.9418
8.9334
7.3329
5.8332
7.3329
8.2674
8.6742
8.8496
8.8496
8.6742
8.2674
7.3329
5.8332
13.947
16.656
18.333
19.044
19.318
19.318
19.044
18.333
16.656
13.947
16.656
19.511
21.27
22.083
22.395
22.395
22.083
21.27
19.511
16.656
18.333
21.27
22.98
23.824
24.143
24.143
23.824
22.98
21.27
18.333
19.044
22.083
23.824
24.673
24.995
24.995
24.673
23.824
22.083
19.044
19.318
22.395
24.143
24.995
25.318
25.318
24.995
24.143
22.395
19.318
19.318
22.395
24.143
24.995
25.318
25.318
24.995
24.143
22.395
19.318
19.044
22.083
23.824
24.673
24.995
24.995
24.673
23.824
22.083
19.044
18.333
21.27
22.98
23.824
24.143
24.143
23.824
22.98
21.27
18.333
16.656
19.511
21.27
22.083
22.395
22.395
22.083
21.27
19.511
16.656
13.947
16.656
18.333
19.044
19.318
19.318
19.044
18.333
16.656
13.947
32.474
37.598
40.171
40.723
40.974
40.974
40.723
40.171
37.598
32.474
37.598
42.268
44.602
45.224
45.491
45.491
45.224
44.602
42.268
37.598
40.171
44.602
46.411
47.105
47.402
47.402
47.105
46.411
44.602
40.171
40.723
45.224
47.105
47.801
48.098
48.098
47.801
47.105
45.224
40.723
40.974
45.491
47.402
48.098
48.391
48.391
48.098
47.402
45.491
40.974
40.974
45.491
47.402
48.098
48.391
48.391
48.098
47.402
45.491
40.974
40.723
45.224
47.105
47.801
48.098
48.098
47.801
47.105
45.224
40.723
40.171
44.602
46.411
47.105
47.402
47.402
47.105
46.411
44.602
40.171
37.598
42.268
44.602
45.224
45.491
45.491
45.224
44.602
42.268
37.598
32.474
37.598
40.171
40.723
40.974
40.974
40.723
40.171
37.598
32.474
58.88
66.761
70.476
70.625
70.765
70.765
70.625
70.476
66.761
58.88
66.761
73.295
76.179
76.371
76.508
76.508
76.371
76.179
73.295
66.761
70.476
76.179
78.37
78.597
78.738
78.738
78.597
78.37
76.179
70.476
70.625
76.371
78.597
78.825
78.967
78.967
78.825
78.597
76.371
70.625
70.765
76.508
78.738
78.967
79.107
79.107
78.967
78.738
76.508
70.765
70.765
76.508
78.738
78.967
79.107
79.107
78.967
78.738
76.508
70.765
70.625
76.371
78.597
78.825
78.967
78.967
78.825
78.597
76.371
70.625
70.476
76.179
78.37
78.597
78.738
78.738
78.597
78.37
76.179
70.476
66.761
73.295
76.179
76.371
76.508
76.508
76.371
76.179
73.295
66.761
58.88
66.761
70.476
70.625
70.765
70.765
70.625
70.476
66.761
58.88
141.12
133.24
129.52
129.37
129.23
129.23
129.37
129.52
133.24
141.12
133.24
126.7
123.82
123.63
123.49
123.49
123.63
123.82
126.7
133.24
129.52
123.82
121.63
121.4
121.26
121.26
121.4
121.63
123.82
129.52
129.37
123.63
121.4
121.17
121.03
121.03
121.17
121.4
123.63
129.37
129.23
123.49
121.26
121.03
120.89
120.89
121.03
121.26
123.49
129.23
129.23
123.49
121.26
121.03
120.89
120.89
121.03
121.26
123.49
129.23
129.37
123.63
121.4
121.17
121.03
121.03
121.17
121.4
123.63
129.37
129.52
123.82
121.63
121.4
121.26
121.26
121.4
121.63
123.82
129.52
133.24
126.7
123.82
123.63
123.49
123.49
123.63
123.82
126.7
133.24
141.12
133.24
129.52
129.37
129.23
129.23
129.37
129.52
133.24
141.12
167.52
162.39
159.82
159.27
159.02
159.02
159.27
159.82
162.39
167.52
162.39
157.72
155.38
154.76
154.49
154.49
154.76
155.38
157.72
162.39
159.82
155.38
153.57
152.88
152.58
152.58
152.88
153.57
155.38
159.82
159.27
154.76
152.88
152.18
151.88
151.88
152.18
152.88
154.76
159.27
159.02
154.49
152.58
151.88
151.59
151.59
151.88
152.58
154.49
159.02
159.02
154.49
152.58
151.88
151.59
151.59
151.88
152.58
154.49
159.02
159.27
154.76
152.88
152.18
151.88
151.88
152.18
152.88
154.76
159.27
159.82
155.38
153.57
152.88
152.58
152.58
152.88
153.57
155.38
159.82
162.39
157.72
155.38
154.76
154.49
154.49
154.76
155.38
157.72
162.39
167.52
162.39
159.82
159.27
159.02
159.02
159.27
159.82
162.39
167.52
186.05
183.34
181.66
180.95
180.67
180.67
180.95
181.66
183.34
186.05
183.34
180.48
178.72
177.9
177.59
177.59
177.9
178.72
180.48
183.34
181.66
178.72
177
176.16
175.84
175.84
176.16
177
178.72
181.66
180.95
177.9
176.16
175.31
174.99
174.99
175.31
176.16
177.9
180.95
180.67
177.59
175.84
174.99
174.66
174.66
174.99
175.84
177.59
180.67
180.67
177.59
175.84
174.99
174.66
174.66
174.99
175.84
177.59
180.67
180.95
177.9
176.16
175.31
174.99
174.99
175.31
176.16
177.9
180.95
181.66
178.72
177
176.16
175.84
175.84
176.16
177
178.72
181.66
183.34
180.48
178.72
177.9
177.59
177.59
177.9
178.72
180.48
183.34
186.05
183.34
181.66
180.95
180.67
180.67
180.95
181.66
183.34
186.05
