109.69
109.55
109.47
109.42
109.4
109.4
109.42
109.47
109.55
109.69
109.55
109.43
109.37
109.32
109.3
109.3
109.32
109.37
109.43
109.55
109.47
109.37
109.3
109.26
109.24
109.24
109.26
109.3
109.37
109.47
109.42
109.32
109.26
109.22
109.19
109.19
109.22
109.26
109.32
109.42
109.4
109.3
109.24
109.19
109.17
109.17
109.19
109.24
109.3
109.4
109.4
109.3
109.24
109.19
109.17
109.17
109.19
109.24
109.3
109.4
109.42
109.32
109.26
109.22
109.19
109.19
109.22
109.26
109.32
109.42
109.47
109.37
109.3
109.26
109.24
109.24
109.26
109.3
109.37
109.47
109.55
109.43
109.37
109.32
109.3
109.3
109.32
109.37
109.43
109.55
109.69
109.55
109.47
109.42
109.4
109.4
109.42
109.47
109.55
109.69
105.91
105.82
105.78
105.75
105.73
105.73
105.75
105.78
105.82
105.91
105.82
105.75
105.71
105.68
105.67
105.67
105.68
105.71
105.75
105.82
105.78
105.71
105.68
105.65
105.63
105.63
105.65
105.68
105.71
105.78
105.75
105.68
105.65
105.62
105.61
105.61
105.62
105.65
105.68
105.75
105.73
105.67
105.63
105.61
105.6
105.6
105.61
105.63
105.67
105.73
105.73
105.67
105.63
105.61
105.6
105.6
105.61
105.63
105.67
105.73
105.75
105.68
105.65
105.62
105.61
105.61
105.62
105.65
105.68
105.75
105.78
105.71
105.68
105.65
105.63
105.63
105.65
105.68
105.71
105.78
105.82
105.75
105.71
105.68
105.67
105.67
105.68
105.71
105.75
105.82
105.91
105.82
105.78
105.75
105.73
105.73
105.75
105.78
105.82
105.91
101.99
101.96
101.94
101.93
101.93
101.93
101.93
101.94
101.96
101.99
101.96
101.93
101.92
101.91
101.91
101.91
101.91
101.92
101.93
101.96
101.94
101.92
101.91
101.9
101.89
101.89
101.9
101.91
101.92
101.94
101.93
101.91
101.9
101.89
101.89
101.89
101.89
101.9
101.91
101.93
101.93
101.91
101.89
101.89
101.88
101.88
101.89
101.89
101.91
101.93
101.93
101.91
101.89
101.89
101.88
101.88
101.89
101.89
101.91
101.93
101.93
101.91
101.9
101.89
101.89
101.89
101.89
101.9
101.91
101.93
101.94
101.92
101.91
101.9
101.89
101.89
101.9
101.91
101.92
101.94
101.96
101.93
101.92
101.91
101.91
101.91
101.91
101.92
101.93
101.96
101.99
101.96
101.94
101.93
101.93
101.93
101.93
101.94
101.96
101.99
98.012
98.042
98.058
98.068
98.073
98.073
98.068
98.058
98.042
98.012
98.042
98.065
98.079
98.089
98.093
98.093
98.089
98.079
98.065
98.042
98.058
98.079
98.091
98.101
98.105
98.105
98.101
98.091
98.079
98.058
98.068
98.089
98.101
98.109
98.114
98.114
98.109
98.101
98.089
98.068
98.073
98.093
98.105
98.114
98.118
98.118
98.114
98.105
98.093
98.073
98.073
98.093
98.105
98.114
98.118
98.118
98.114
98.105
98.093
98.073
98.068
98.089
98.101
98.109
98.114
98.114
98.109
98.101
98.089
98.068
98.058
98.079
98.091
98.101
98.105
98.105
98.101
98.091
98.079
98.058
98.042
98.065
98.079
98.089
98.093
98.093
98.089
98.079
98.065
98.042
98.012
98.042
98.058
98.068
98.073
98.073
98.068
98.058
98.042
98.012
94.086
94.173
94.222
94.252
94.267
94.267
94.252
94.222
94.173
94.086
94.173
94.242
94.284
94.313
94.327
94.327
94.313
94.284
94.242
94.173
94.222
94.284
94.321
94.349
94.362
94.362
94.349
94.321
94.284
94.222
94.252
94.313
94.349
94.375
94.388
94.388
94.375
94.349
94.313
94.252
94.267
94.327
94.362
94.388
94.4
94.4
94.388
94.362
94.327
94.267
94.267
94.327
94.362
94.388
94.4
94.4
94.388
94.362
94.327
94.267
94.252
94.313
94.349
94.375
94.388
94.388
94.375
94.349
94.313
94.252
94.222
94.284
94.321
94.349
94.362
94.362
94.349
94.321
94.284
94.222
94.173
94.242
94.284
94.313
94.327
94.327
94.313
94.284
94.242
94.173
94.086
94.173
94.222
94.252
94.267
94.267
94.252
94.222
94.173
94.086
90.306
90.448
90.529
90.577
90.601
90.601
90.577
90.529
90.448
90.306
90.448
90.562
90.63
90.677
90.7
90.7
90.677
90.63
90.562
90.448
90.529
90.63
90.691
90.736
90.758
90.758
90.736
90.691
90.63
90.529
90.577
90.677
90.736
90.779
90.8
90.8
90.779
90.736
90.677
90.577
90.601
90.7
90.758
90.8
90.82
90.82
90.8
90.758
90.7
90.601
90.601
90.7
90.758
90.8
90.82
90.82
90.8
90.758
90.7
90.601
90.577
90.677
90.736
90.779
90.8
90.8
90.779
90.736
90.677
90.577
90.529
90.63
90.691
90.736
90.758
90.758
90.736
90.691
90.63
90.529
90.448
90.562
90.63
90.677
90.7
90.7
90.677
90.63
90.562
90.448
90.306
90.448
90.529
90.577
90.601
90.601
90.577
90.529
90.448
90.306
86.764
86.959
87.068
87.134
87.167
87.167
87.134
87.068
86.959
86.764
86.959
87.113
87.207
87.271
87.302
87.302
87.271
87.207
87.113
86.959
87.068
87.207
87.29
87.352
87.382
87.382
87.352
87.29
87.207
87.068
87.134
87.271
87.352
87.41
87.439
87.439
87.41
87.352
87.271
87.134
87.167
87.302
87.382
87.439
87.467
87.467
87.439
87.382
87.302
87.167
87.167
87.302
87.382
87.439
87.467
87.467
87.439
87.382
87.302
87.167
87.134
87.271
87.352
87.41
87.439
87.439
87.41
87.352
87.271
87.134
87.068
87.207
87.29
87.352
87.382
87.382
87.352
87.29
87.207
87.068
86.959
87.113
87.207
87.271
87.302
87.302
87.271
87.207
87.113
86.959
86.764
86.959
87.068
87.134
87.167
87.167
87.134
87.068
86.959
86.764
83.548
83.79
83.927
84.008
84.05
84.05
84.008
83.927
83.79
83.548
83.79
83.982
84.098
84.178
84.217
84.217
84.178
84.098
83.982
83.79
83.927
84.098
84.202
84.278
84.316
84.316
84.278
84.202
84.098
83.927
84.008
84.178
84.278
84.351
84.387
84.387
84.351
84.278
84.178
84.008
84.05
84.217
84.316
84.387
84.422
84.422
84.387
84.316
84.217
84.05
84.05
84.217
84.316
84.387
84.422
84.422
84.387
84.316
84.217
84.05
84.008
84.178
84.278
84.351
84.387
84.387
84.351
84.278
84.178
84.008
83.927
84.098
84.202
84.278
84.316
84.316
84.278
84.202
84.098
83.927
83.79
83.982
84.098
84.178
84.217
84.217
84.178
84.098
83.982
83.79
83.548
83.79
83.927
84.008
84.05
84.05
84.008
83.927
83.79
83.548
80.737
81.021
81.18
81.276
81.325
81.325
81.276
81.18
81.021
80.737
81.021
81.246
81.381
81.475
81.52
81.52
81.475
81.381
81.246
81.021
81.18
81.381
81.503
81.592
81.636
81.636
81.592
81.503
81.381
81.18
81.276
81.475
81.592
81.677
81.719
81.719
81.677
81.592
81.475
81.276
81.325
81.52
81.636
81.719
81.76
81.76
81.719
81.636
81.52
81.325
81.325
81.52
81.636
81.719
81.76
81.76
81.719
81.636
81.52
81.325
81.276
81.475
81.592
81.677
81.719
81.719
81.677
81.592
81.475
81.276
81.18
81.381
81.503
81.592
81.636
81.636
81.592
81.503
81.381
81.18
81.021
81.246
81.381
81.475
81.52
81.52
81.475
81.381
81.246
81.021
80.737
81.021
81.18
81.276
81.325
81.325
81.276
81.18
81.021
80.737
78.401
78.719
78.898
79.005
79.059
79.059
79.005
78.898
78.719
78.401
78.719
78.971
79.123
79.228
79.279
79.279
79.228
79.123
78.971
78.719
78.898
79.123
79.259
79.36
79.409
79.409
79.36
79.259
79.123
78.898
79.005
79.228
79.36
79.455
79.502
79.502
79.455
79.36
79.228
79.005
79.059
79.279
79.409
79.502
79.548
79.548
79.502
79.409
79.279
79.059
79.059
79.279
79.409
79.502
79.548
79.548
79.502
79.409
79.279
79.059
79.005
79.228
79.36
79.455
79.502
79.502
79.455
79.36
79.228
79.005
78.898
79.123
79.259
79.36
79.409
79.409
79.36
79.259
79.123
78.898
78.719
78.971
79.123
79.228
79.279
79.279
79.228
79.123
78.971
78.719
78.401
78.719
78.898
79.005
79.059
79.059
79.005
78.898
78.719
78.401
76.596
76.941
77.135
77.251
77.31
77.31
77.251
77.135
76.941
76.596
76.941
77.214
77.379
77.492
77.548
77.548
77.492
77.379
77.214
76.941
77.135
77.379
77.526
77.635
77.688
77.688
77.635
77.526
77.379
77.135
77.251
77.492
77.635
77.738
77.789
77.789
77.738
77.635
77.492
77.251
77.31
77.548
77.688
77.789
77.839
77.839
77.789
77.688
77.548
77.31
77.31
77.548
77.688
77.789
77.839
77.839
77.789
77.688
77.548
77.31
77.251
77.492
77.635
77.738
77.789
77.789
77.738
77.635
77.492
77.251
77.135
77.379
77.526
77.635
77.688
77.688
77.635
77.526
77.379
77.135
76.941
77.214
77.379
77.492
77.548
77.548
77.492
77.379
77.214
76.941
76.596
76.941
77.135
77.251
77.31
77.31
77.251
77.135
76.941
76.596
75.368
75.73
75.935
76.057
76.119
76.119
76.057
75.935
75.73
75.368
75.73
76.018
76.191
76.311
76.369
76.369
76.311
76.191
76.018
75.73
75.935
76.191
76.347
76.461
76.517
76.517
76.461
76.347
76.191
75.935
76.057
76.311
76.461
76.57
76.623
76.623
76.57
76.461
76.311
76.057
76.119
76.369
76.517
76.623
76.676
76.676
76.623
76.517
76.369
76.119
76.119
76.369
76.517
76.623
76.676
76.676
76.623
76.517
76.369
76.119
76.057
76.311
76.461
76.57
76.623
76.623
76.57
76.461
76.311
76.057
75.935
76.191
76.347
76.461
76.517
76.517
76.461
76.347
76.191
75.935
75.73
76.018
76.191
76.311
76.369
76.369
76.311
76.191
76.018
75.73
75.368
75.73
75.935
76.057
76.119
76.119
76.057
75.935
75.73
75.368
74.746
75.118
75.327
75.453
75.516
75.516
75.453
75.327
75.118
74.746
75.118
75.413
75.59
75.713
75.773
75.773
75.713
75.59
75.413
75.118
75.327
75.59
75.75
75.867
75.924
75.924
75.867
75.75
75.59
75.327
75.453
75.713
75.867
75.978
76.033
76.033
75.978
75.867
75.713
75.453
75.516
75.773
75.924
76.033
76.087
76.087
76.033
75.924
75.773
75.516
75.516
75.773
75.924
76.033
76.087
76.087
76.033
75.924
75.773
75.516
75.453
75.713
75.867
75.978
76.033
76.033
75.978
75.867
75.713
75.453
75.327
75.59
75.75
75.867
75.924
75.924
75.867
75.75
75.59
75.327
75.118
75.413
75.59
75.713
75.773
75.773
75.713
75.59
75.413
75.118
74.746
75.118
75.327
75.453
75.516
75.516
75.453
75.327
75.118
74.746
74.746
75.118
75.327
75.453
75.516
75.516
75.453
75.327
75.118
74.746
75.118
75.413
75.59
75.713
75.773
75.773
75.713
75.59
75.413
75.118
75.327
75.59
75.75
75.867
75.924
75.924
75.867
75.75
75.59
75.327
75.453
75.713
75.867
75.978
76.033
76.033
75.978
75.867
75.713
75.453
75.516
75.773
75.924
76.033
76.087
76.087
76.033
75.924
75.773
75.516
75.516
75.773
75.924
76.033
76.087
76.087
76.033
75.924
75.773
75.516
75.453
75.713
75.867
75.978
76.033
76.033
75.978
75.867
75.713
75.453
75.327
75.59
75.75
75.867
75.924
75.924
75.867
75.75
75.59
75.327
75.118
75.413
75.59
75.713
75.773
75.773
75.713
75.59
75.413
75.118
74.746
75.118
75.327
75.453
75.516
75.516
75.453
75.327
75.118
74.746
75.368
75.73
75.935
76.057
76.119
76.119
76.057
75.935
75.73
75.368
75.73
76.018
76.191
76.311
76.369
76.369
76.311
76.191
76.018
75.73
75.935
76.191
76.347
76.461
76.517
76.517
76.461
76.347
76.191
75.935
76.057
76.311
76.461
76.57
76.623
76.623
76.57
76.461
76.311
76.057
76.119
76.369
76.517
76.623
76.676
76.676
76.623
76.517
76.369
76.119
76.119
76.369
76.517
76.623
76.676
76.676
76.623
76.517
76.369
76.119
76.057
76.311
76.461
76.57
76.623
76.623
76.57
76.461
76.311
76.057
75.935
76.191
76.347
76.461
76.517
76.517
76.461
76.347
76.191
75.935
75.73
76.018
76.191
76.311
76.369
76.369
76.311
76.191
76.018
75.73
75.368
75.73
75.935
76.057
76.119
76.119
76.057
75.935
75.73
75.368
76.596
76.941
77.135
77.251
77.31
77.31
77.251
77.135
76.941
76.596
76.941
77.214
77.379
77.492
77.548
77.548
77.492
77.379
77.214
76.941
77.135
77.379
77.526
77.635
77.688
77.688
77.635
77.526
77.379
77.135
77.251
77.492
77.635
77.738
77.789
77.789
77.738
77.635
77.492
77.251
77.31
77.548
77.688
77.789
77.839
77.839
77.789
77.688
77.548
77.31
77.31
77.548
77.688
77.789
77.839
77.839
77.789
77.688
77.548
77.31
77.251
77.492
77.635
77.738
77.789
77.789
77.738
77.635
77.492
77.251
77.135
77.379
77.526
77.635
77.688
77.688
77.635
77.526
77.379
77.135
76.941
77.214
77.379
77.492
77.548
77.548
77.492
77.379
77.214
76.941
76.596
76.941
77.135
77.251
77.31
77.31
77.251
77.135
76.941
76.596
78.401
78.719
78.898
79.005
79.059
79.059
79.005
78.898
78.719
78.401
78.719
78.971
79.123
79.228
79.279
79.279
79.228
79.123
78.971
78.719
78.898
79.123
79.259
79.36
79.409
79.409
79.36
79.259
79.123
78.898
79.005
79.228
79.36
79.455
79.502
79.502
79.455
79.36
79.228
79.005
79.059
79.279
79.409
79.502
79.548
79.548
79.502
79.409
79.279
79.059
79.059
79.279
79.409
79.502
79.548
79.548
79.502
79.409
79.279
79.059
79.005
79.228
79.36
79.455
79.502
79.502
79.455
79.36
79.228
79.005
78.898
79.123
79.259
79.36
79.409
79.409
79.36
79.259
79.123
78.898
78.719
78.971
79.123
79.228
79.279
79.279
79.228
79.123
78.971
78.719
78.401
78.719
78.898
79.005
79.059
79.059
79.005
78.898
78.719
78.401
80.737
81.021
81.18
81.276
81.325
81.325
81.276
81.18
81.021
80.737
81.021
81.246
81.381
81.475
81.52
81.52
81.475
81.381
81.246
81.021
81.18
81.381
81.503
81.592
81.636
81.636
81.592
81.503
81.381
81.18
81.276
81.475
81.592
81.677
81.719
81.719
81.677
81.592
81.475
81.276
81.325
81.52
81.636
81.719
81.76
81.76
81.719
81.636
81.52
81.325
81.325
81.52
81.636
81.719
81.76
81.76
81.719
81.636
81.52
81.325
81.276
81.475
81.592
81.677
81.719
81.719
81.677
81.592
81.475
81.276
81.18
81.381
81.503
81.592
81.636
81.636
81.592
81.503
81.381
81.18
81.021
81.246
81.381
81.475
81.52
81.52
81.475
81.381
81.246
81.021
80.737
81.021
81.18
81.276
81.325
81.325
81.276
81.18
81.021
80.737
83.548
83.79
83.927
84.008
84.05
84.05
84.008
83.927
83.79
83.548
83.79
83.982
84.098
84.178
84.217
84.217
84.178
84.098
83.982
83.79
83.927
84.098
84.202
84.278
84.316
84.316
84.278
84.202
84.098
83.927
84.008
84.178
84.278
84.351
84.387
84.387
84.351
84.278
84.178
84.008
84.05
84.217
84.316
84.387
84.422
84.422
84.387
84.316
84.217
84.05
84.05
84.217
84.316
84.387
84.422
84.422
84.387
84.316
84.217
84.05
84.008
84.178
84.278
84.351
84.387
84.387
84.351
84.278
84.178
84.008
83.927
84.098
84.202
84.278
84.316
84.316
84.278
84.202
84.098
83.927
83.79
83.982
84.098
84.178
84.217
84.217
84.178
84.098
83.982
83.79
83.548
83.79
83.927
84.008
84.05
84.05
84.008
83.927
83.79
83.548
86.764
86.959
87.068
87.134
87.167
87.167
87.134
87.068
86.959
86.764
86.959
87.113
87.207
87.271
87.302
87.302
87.271
87.207
87.113
86.959
87.068
87.207
87.29
87.352
87.382
87.382
87.352
87.29
87.207
87.068
87.134
87.271
87.352
87.41
87.439
87.439
87.41
87.352
87.271
87.134
87.167
87.302
87.382
87.439
87.467
87.467
87.439
87.382
87.302
87.167
87.167
87.302
87.382
87.439
87.467
87.467
87.439
87.382
87.302
87.167
87.134
87.271
87.352
87.41
87.439
87.439
87.41
87.352
87.271
87.134
87.068
87.207
87.29
87.352
87.382
87.382
87.352
87.29
87.207
87.068
86.959
87.113
87.207
87.271
87.302
87.302
87.271
87.207
87.113
86.959
86.764
86.959
87.068
87.134
87.167
87.167
87.134
87.068
86.959
86.764
90.306
90.448
90.529
90.577
90.601
90.601
90.577
90.529
90.448
90.306
90.448
90.562
90.63
90.677
90.7
90.7
90.677
90.63
90.562
90.448
90.529
90.63
90.691
90.736
90.758
90.758
90.736
90.691
90.63
90.529
90.577
90.677
90.736
90.779
90.8
90.8
90.779
90.736
90.677
90.577
90.601
90.7
90.758
90.8
90.82
90.82
90.8
90.758
90.7
90.601
90.601
90.7
90.758
90.8
90.82
90.82
90.8
90.758
90.7
90.601
90.577
90.677
90.736
90.779
90.8
90.8
90.779
90.736
90.677
90.577
90.529
90.63
90.691
90.736
90.758
90.758
90.736
90.691
90.63
90.529
90.448
90.562
90.63
90.677
90.7
90.7
90.677
90.63
90.562
90.448
90.306
90.448
90.529
90.577
90.601
90.601
90.577
90.529
90.448
90.306
94.086
94.173
94.222
94.252
94.267
94.267
94.252
94.222
94.173
94.086
94.173
94.242
94.284
94.313
94.327
94.327
94.313
94.284
94.242
94.173
94.222
94.284
94.321
94.349
94.362
94.362
94.349
94.321
94.284
94.222
94.252
94.313
94.349
94.375
94.388
94.388
94.375
94.349
94.313
94.252
94.267
94.327
94.362
94.388
94.4
94.4
94.388
94.362
94.327
94.267
94.267
94.327
94.362
94.388
94.4
94.4
94.388
94.362
94.327
94.267
94.252
94.313
94.349
94.375
94.388
94.388
94.375
94.349
94.313
94.252
94.222
94.284
94.321
94.349
94.362
94.362
94.349
94.321
94.284
94.222
94.173
94.242
94.284
94.313
94.327
94.327
94.313
94.284
94.242
94.173
94.086
94.173
94.222
94.252
94.267
94.267
94.252
94.222
94.173
94.086
98.012
98.042
98.058
98.068
98.073
98.073
98.068
98.058
98.042
98.012
98.042
98.065
98.079
98.089
98.093
98.093
98.089
98.079
98.065
98.042
98.058
98.079
98.091
98.101
98.105
98.105
98.101
98.091
98.079
98.058
98.068
98.089
98.101
98.109
98.114
98.114
98.109
98.101
98.089
98.068
98.073
98.093
98.105
98.114
98.118
98.118
98.114
98.105
98.093
98.073
98.073
98.093
98.105
98.114
98.118
98.118
98.114
98.105
98.093
98.073
98.068
98.089
98.101
98.109
98.114
98.114
98.109
98.101
98.089
98.068
98.058
98.079
98.091
98.101
98.105
98.105
98.101
98.091
98.079
98.058
98.042
98.065
98.079
98.089
98.093
98.093
98.089
98.079
98.065
98.042
98.012
98.042
98.058
98.068
98.073
98.073
98.068
98.058
98.042
98.012
101.99
101.96
101.94
101.93
101.93
101.93
101.93
101.94
101.96
101.99
101.96
101.93
101.92
101.91
101.91
101.91
101.91
101.92
101.93
101.96
101.94
101.92
101.91
101.9
101.89
101.89
101.9
101.91
101.92
101.94
101.93
101.91
101.9
101.89
101.89
101.89
101.89
101.9
101.91
101.93
101.93
101.91
101.89
101.89
101.88
101.88
101.89
101.89
101.91
101.93
101.93
101.91
101.89
101.89
101.88
101.88
101.89
101.89
101.91
101.93
101.93
101.91
101.9
101.89
101.89
101.89
101.89
101.9
101.91
101.93
101.94
101.92
101.91
101.9
101.89
101.89
101.9
101.91
101.92
101.94
101.96
101.93
101.92
101.91
101.91
101.91
101.91
101.92
101.93
101.96
101.99
101.96
101.94
101.93
101.93
101.93
101.93
101.94
101.96
101.99
105.91
105.82
105.78
105.75
105.73
105.73
105.75
105.78
105.82
105.91
105.82
105.75
105.71
105.68
105.67
105.67
105.68
105.71
105.75
105.82
105.78
105.71
105.68
105.65
105.63
105.63
105.65
105.68
105.71
105.78
105.75
105.68
105.65
105.62
105.61
105.61
105.62
105.65
105.68
105.75
105.73
105.67
105.63
105.61
105.6
105.6
105.61
105.63
105.67
105.73
105.73
105.67
105.63
105.61
105.6
105.6
105.61
105.63
105.67
105.73
105.75
105.68
105.65
105.62
105.61
105.61
105.62
105.65
105.68
105.75
105.78
105.71
105.68
105.65
105.63
105.63
105.65
105.68
105.71
105.78
105.82
105.75
105.71
105.68
105.67
105.67
105.68
105.71
105.75
105.82
105.91
105.82
105.78
105.75
105.73
105.73
105.75
105.78
105.82
105.91
109.69
109.55
109.47
109.42
109.4
109.4
109.42
109.47
109.55
109.69
109.55
109.43
109.37
109.32
109.3
109.3
109.32
109.37
109.43
109.55
109.47
109.37
109.3
109.26
109.24
109.24
109.26
109.3
109.37
109.47
109.42
109.32
109.26
109.22
109.19
109.19
109.22
109.26
109.32
109.42
109.4
109.3
109.24
109.19
109.17
109.17
109.19
109.24
109.3
109.4
109.4
109.3
109.24
109.19
109.17
109.17
109.19
109.24
109.3
109.4
109.42
109.32
109.26
109.22
109.19
109.19
109.22
109.26
109.32
109.42
109.47
109.37
109.3
109.26
109.24
109.24
109.26
109.3
109.37
109.47
109.55
109.43
109.37
109.32
109.3
109.3
109.32
109.37
109.43
109.55
109.69
109.55
109.47
109.42
109.4
109.4
109.42
109.47
109.55
109.69
