116.81
116.56
116.42
116.34
116.29
116.29
116.34
116.42
116.56
116.81
116.56
116.36
116.24
116.16
116.12
116.12
116.16
116.24
116.36
116.56
116.42
116.24
116.13
116.06
116.02
116.02
116.06
116.13
116.24
116.42
116.34
116.16
116.06
115.98
115.94
115.94
115.98
116.06
116.16
116.34
116.29
116.12
116.02
115.94
115.91
115.91
115.94
116.02
116.12
116.29
116.29
116.12
116.02
115.94
115.91
115.91
115.94
116.02
116.12
116.29
116.34
116.16
116.06
115.98
115.94
115.94
115.98
116.06
116.16
116.34
116.42
116.24
116.13
116.06
116.02
116.02
116.06
116.13
116.24
116.42
116.56
116.36
116.24
116.16
116.12
116.12
116.16
116.24
116.36
116.56
116.81
116.56
116.42
116.34
116.29
116.29
116.34
116.42
116.56
116.81
110.25
110.1
110.02
109.97
109.94
109.94
109.97
110.02
110.1
110.25
110.1
109.98
109.91
109.86
109.83
109.83
109.86
109.91
109.98
110.1
110.02
109.91
109.84
109.79
109.77
109.77
109.79
109.84
109.91
110.02
109.97
109.86
109.79
109.75
109.73
109.73
109.75
109.79
109.86
109.97
109.94
109.83
109.77
109.73
109.71
109.71
109.73
109.77
109.83
109.94
109.94
109.83
109.77
109.73
109.71
109.71
109.73
109.77
109.83
109.94
109.97
109.86
109.79
109.75
109.73
109.73
109.75
109.79
109.86
109.97
110.02
109.91
109.84
109.79
109.77
109.77
109.79
109.84
109.91
110.02
110.1
109.98
109.91
109.86
109.83
109.83
109.86
109.91
109.98
110.1
110.25
110.1
110.02
109.97
109.94
109.94
109.97
110.02
110.1
110.25
103.45
103.4
103.37
103.35
103.34
103.34
103.35
103.37
103.4
103.45
103.4
103.36
103.33
103.31
103.31
103.31
103.31
103.33
103.36
103.4
103.37
103.33
103.31
103.29
103.29
103.29
103.29
103.31
103.33
103.37
103.35
103.31
103.29
103.28
103.27
103.27
103.28
103.29
103.31
103.35
103.34
103.31
103.29
103.27
103.26
103.26
103.27
103.29
103.31
103.34
103.34
103.31
103.29
103.27
103.26
103.26
103.27
103.29
103.31
103.34
103.35
103.31
103.29
103.28
103.27
103.27
103.28
103.29
103.31
103.35
103.37
103.33
103.31
103.29
103.29
103.29
103.29
103.31
103.33
103.37
103.4
103.36
103.33
103.31
103.31
103.31
103.31
103.33
103.36
103.4
103.45
103.4
103.37
103.35
103.34
103.34
103.35
103.37
103.4
103.45
96.552
96.603
96.632
96.649
96.658
96.658
96.649
96.632
96.603
96.552
96.603
96.644
96.668
96.685
96.693
96.693
96.685
96.668
96.644
96.603
96.632
96.668
96.69
96.706
96.714
96.714
96.706
96.69
96.668
96.632
96.649
96.685
96.706
96.721
96.729
96.729
96.721
96.706
96.685
96.649
96.658
96.693
96.714
96.729
96.736
96.736
96.729
96.714
96.693
96.658
96.658
96.693
96.714
96.729
96.736
96.736
96.729
96.714
96.693
96.658
96.649
96.685
96.706
96.721
96.729
96.729
96.721
96.706
96.685
96.649
96.632
96.668
96.69
96.706
96.714
96.714
96.706
96.69
96.668
96.632
96.603
96.644
96.668
96.685
96.693
96.693
96.685
96.668
96.644
96.603
96.552
96.603
96.632
96.649
96.658
96.658
96.649
96.632
96.603
96.552
89.743
89.894
89.98
90.031
90.056
90.056
90.031
89.98
89.894
89.743
89.894
90.014
90.087
90.137
90.161
90.161
90.137
90.087
90.014
89.894
89.98
90.087
90.152
90.199
90.223
90.223
90.199
90.152
90.087
89.98
90.031
90.137
90.199
90.245
90.267
90.267
90.245
90.199
90.137
90.031
90.056
90.161
90.223
90.267
90.289
90.289
90.267
90.223
90.161
90.056
90.056
90.161
90.223
90.267
90.289
90.289
90.267
90.223
90.161
90.056
90.031
90.137
90.199
90.245
90.267
90.267
90.245
90.199
90.137
90.031
89.98
90.087
90.152
90.199
90.223
90.223
90.199
90.152
90.087
89.98
89.894
90.014
90.087
90.137
90.161
90.161
90.137
90.087
90.014
89.894
89.743
89.894
89.98
90.031
90.056
90.056
90.031
89.98
89.894
89.743
83.186
83.434
83.574
83.658
83.7
83.7
83.658
83.574
83.434
83.186
83.434
83.632
83.75
83.832
83.872
83.872
83.832
83.75
83.632
83.434
83.574
83.75
83.856
83.935
83.973
83.973
83.935
83.856
83.75
83.574
83.658
83.832
83.935
84.009
84.046
84.046
84.009
83.935
83.832
83.658
83.7
83.872
83.973
84.046
84.081
84.081
84.046
83.973
83.872
83.7
83.7
83.872
83.973
84.046
84.081
84.081
84.046
83.973
83.872
83.7
83.658
83.832
83.935
84.009
84.046
84.046
84.009
83.935
83.832
83.658
83.574
83.75
83.856
83.935
83.973
83.973
83.935
83.856
83.75
83.574
83.434
83.632
83.75
83.832
83.872
83.872
83.832
83.75
83.632
83.434
83.186
83.434
83.574
83.658
83.7
83.7
83.658
83.574
83.434
83.186
77.045
77.384
77.574
77.689
77.747
77.747
77.689
77.574
77.384
77.045
77.384
77.653
77.814
77.926
77.98
77.98
77.926
77.814
77.653
77.384
77.574
77.814
77.959
78.066
78.118
78.118
78.066
77.959
77.814
77.574
77.689
77.926
78.066
78.168
78.218
78.218
78.168
78.066
77.926
77.689
77.747
77.98
78.118
78.218
78.266
78.266
78.218
78.118
77.98
77.747
77.747
77.98
78.118
78.218
78.266
78.266
78.218
78.118
77.98
77.747
77.689
77.926
78.066
78.168
78.218
78.218
78.168
78.066
77.926
77.689
77.574
77.814
77.959
78.066
78.118
78.118
78.066
77.959
77.814
77.574
77.384
77.653
77.814
77.926
77.98
77.98
77.926
77.814
77.653
77.384
77.045
77.384
77.574
77.689
77.747
77.747
77.689
77.574
77.384
77.045
71.47
71.891
72.128
72.27
72.342
72.342
72.27
72.128
71.891
71.47
71.891
72.225
72.426
72.564
72.632
72.632
72.564
72.426
72.225
71.891
72.128
72.426
72.606
72.739
72.804
72.804
72.739
72.606
72.426
72.128
72.27
72.564
72.739
72.865
72.927
72.927
72.865
72.739
72.564
72.27
72.342
72.632
72.804
72.927
72.987
72.987
72.927
72.804
72.632
72.342
72.342
72.632
72.804
72.927
72.987
72.987
72.927
72.804
72.632
72.342
72.27
72.564
72.739
72.865
72.927
72.927
72.865
72.739
72.564
72.27
72.128
72.426
72.606
72.739
72.804
72.804
72.739
72.606
72.426
72.128
71.891
72.225
72.426
72.564
72.632
72.632
72.564
72.426
72.225
71.891
71.47
71.891
72.128
72.27
72.342
72.342
72.27
72.128
71.891
71.47
66.599
67.091
67.368
67.535
67.618
67.618
67.535
67.368
67.091
66.599
67.091
67.482
67.717
67.879
67.958
67.958
67.879
67.717
67.482
67.091
67.368
67.717
67.928
68.083
68.159
68.159
68.083
67.928
67.717
67.368
67.535
67.879
68.083
68.23
68.303
68.303
68.23
68.083
67.879
67.535
67.618
67.958
68.159
68.303
68.374
68.374
68.303
68.159
67.958
67.618
67.618
67.958
68.159
68.303
68.374
68.374
68.303
68.159
67.958
67.618
67.535
67.879
68.083
68.23
68.303
68.303
68.23
68.083
67.879
67.535
67.368
67.717
67.928
68.083
68.159
68.159
68.083
67.928
67.717
67.368
67.091
67.482
67.717
67.879
67.958
67.958
67.879
67.717
67.482
67.091
66.599
67.091
67.368
67.535
67.618
67.618
67.535
67.368
67.091
66.599
62.551
63.103
63.413
63.6
63.693
63.693
63.6
63.413
63.103
62.551
63.103
63.54
63.804
63.985
64.074
64.074
63.985
63.804
63.54
63.103
63.413
63.804
64.04
64.214
64.299
64.299
64.214
64.04
63.804
63.413
63.6
63.985
64.214
64.379
64.46
64.46
64.379
64.214
63.985
63.6
63.693
64.074
64.299
64.46
64.54
64.54
64.46
64.299
64.074
63.693
63.693
64.074
64.299
64.46
64.54
64.54
64.46
64.299
64.074
63.693
63.6
63.985
64.214
64.379
64.46
64.46
64.379
64.214
63.985
63.6
63.413
63.804
64.04
64.214
64.299
64.299
64.214
64.04
63.804
63.413
63.103
63.54
63.804
63.985
64.074
64.074
63.985
63.804
63.54
63.103
62.551
63.103
63.413
63.6
63.693
63.693
63.6
63.413
63.103
62.551
59.425
60.022
60.359
60.561
60.662
60.662
60.561
60.359
60.022
59.425
60.022
60.496
60.782
60.978
61.074
61.074
60.978
60.782
60.496
60.022
60.359
60.782
61.037
61.226
61.318
61.318
61.226
61.037
60.782
60.359
60.561
60.978
61.226
61.405
61.493
61.493
61.405
61.226
60.978
60.561
60.662
61.074
61.318
61.493
61.579
61.579
61.493
61.318
61.074
60.662
60.662
61.074
61.318
61.493
61.579
61.579
61.493
61.318
61.074
60.662
60.561
60.978
61.226
61.405
61.493
61.493
61.405
61.226
60.978
60.561
60.359
60.782
61.037
61.226
61.318
61.318
61.226
61.037
60.782
60.359
60.022
60.496
60.782
60.978
61.074
61.074
60.978
60.782
60.496
60.022
59.425
60.022
60.359
60.561
60.662
60.662
60.561
60.359
60.022
59.425
57.298
57.926
58.28
58.492
58.599
58.599
58.492
58.28
57.926
57.298
57.926
58.425
58.725
58.932
59.033
59.033
58.932
58.725
58.425
57.926
58.28
58.725
58.994
59.192
59.289
59.289
59.192
58.994
58.725
58.28
58.492
58.932
59.192
59.38
59.473
59.473
59.38
59.192
58.932
58.492
58.599
59.033
59.289
59.473
59.564
59.564
59.473
59.289
59.033
58.599
58.599
59.033
59.289
59.473
59.564
59.564
59.473
59.289
59.033
58.599
58.492
58.932
59.192
59.38
59.473
59.473
59.38
59.192
58.932
58.492
58.28
58.725
58.994
59.192
59.289
59.289
59.192
58.994
58.725
58.28
57.926
58.425
58.725
58.932
59.033
59.033
58.932
58.725
58.425
57.926
57.298
57.926
58.28
58.492
58.599
58.599
58.492
58.28
57.926
57.298
56.221
56.865
57.228
57.446
57.555
57.555
57.446
57.228
56.865
56.221
56.865
57.376
57.684
57.896
58
58
57.896
57.684
57.376
56.865
57.228
57.684
57.96
58.163
58.262
58.262
58.163
57.96
57.684
57.228
57.446
57.896
58.163
58.356
58.451
58.451
58.356
58.163
57.896
57.446
57.555
58
58.262
58.451
58.544
58.544
58.451
58.262
58
57.555
57.555
58
58.262
58.451
58.544
58.544
58.451
58.262
58
57.555
57.446
57.896
58.163
58.356
58.451
58.451
58.356
58.163
57.896
57.446
57.228
57.684
57.96
58.163
58.262
58.262
58.163
57.96
57.684
57.228
56.865
57.376
57.684
57.896
58
58
57.896
57.684
57.376
56.865
56.221
56.865
57.228
57.446
57.555
57.555
57.446
57.228
56.865
56.221
56.221
56.865
57.228
57.446
57.555
57.555
57.446
57.228
56.865
56.221
56.865
57.376
57.684
57.896
58
58
57.896
57.684
57.376
56.865
57.228
57.684
57.96
58.163
58.262
58.262
58.163
57.96
57.684
57.228
57.446
57.896
58.163
58.356
58.451
58.451
58.356
58.163
57.896
57.446
57.555
58
58.262
58.451
58.544
58.544
58.451
58.262
58
57.555
57.555
58
58.262
58.451
58.544
58.544
58.451
58.262
58
57.555
57.446
57.896
58.163
58.356
58.451
58.451
58.356
58.163
57.896
57.446
57.228
57.684
57.96
58.163
58.262
58.262
58.163
57.96
57.684
57.228
56.865
57.376
57.684
57.896
58
58
57.896
57.684
57.376
56.865
56.221
56.865
57.228
57.446
57.555
57.555
57.446
57.228
56.865
56.221
57.298
57.926
58.28
58.492
58.599
58.599
58.492
58.28
57.926
57.298
57.926
58.425
58.725
58.932
59.033
59.033
58.932
58.725
58.425
57.926
58.28
58.725
58.994
59.192
59.289
59.289
59.192
58.994
58.725
58.28
58.492
58.932
59.192
59.38
59.473
59.473
59.38
59.192
58.932
58.492
58.599
59.033
59.289
59.473
59.564
59.564
59.473
59.289
59.033
58.599
58.599
59.033
59.289
59.473
59.564
59.564
59.473
59.289
59.033
58.599
58.492
58.932
59.192
59.38
59.473
59.473
59.38
59.192
58.932
58.492
58.28
58.725
58.994
59.192
59.289
59.289
59.192
58.994
58.725
58.28
57.926
58.425
58.725
58.932
59.033
59.033
58.932
58.725
58.425
57.926
57.298
57.926
58.28
58.492
58.599
58.599
58.492
58.28
57.926
57.298
59.425
60.022
60.359
60.561
60.662
60.662
60.561
60.359
60.022
59.425
60.022
60.496
60.782
60.978
61.074
61.074
60.978
60.782
60.496
60.022
60.359
60.782
61.037
61.226
61.318
61.318
61.226
61.037
60.782
60.359
60.561
60.978
61.226
61.405
61.493
61.493
61.405
61.226
60.978
60.561
60.662
61.074
61.318
61.493
61.579
61.579
61.493
61.318
61.074
60.662
60.662
61.074
61.318
61.493
61.579
61.579
61.493
61.318
61.074
60.662
60.561
60.978
61.226
61.405
61.493
61.493
61.405
61.226
60.978
60.561
60.359
60.782
61.037
61.226
61.318
61.318
61.226
61.037
60.782
60.359
60.022
60.496
60.782
60.978
61.074
61.074
60.978
60.782
60.496
60.022
59.425
60.022
60.359
60.561
60.662
60.662
60.561
60.359
60.022
59.425
62.551
63.103
63.413
63.6
63.693
63.693
63.6
63.413
63.103
62.551
63.103
63.54
63.804
63.985
64.074
64.074
63.985
63.804
63.54
63.103
63.413
63.804
64.04
64.214
64.299
64.299
64.214
64.04
63.804
63.413
63.6
63.985
64.214
64.379
64.46
64.46
64.379
64.214
63.985
63.6
63.693
64.074
64.299
64.46
64.54
64.54
64.46
64.299
64.074
63.693
63.693
64.074
64.299
64.46
64.54
64.54
64.46
64.299
64.074
63.693
63.6
63.985
64.214
64.379
64.46
64.46
64.379
64.214
63.985
63.6
63.413
63.804
64.04
64.214
64.299
64.299
64.214
64.04
63.804
63.413
63.103
63.54
63.804
63.985
64.074
64.074
63.985
63.804
63.54
63.103
62.551
63.103
63.413
63.6
63.693
63.693
63.6
63.413
63.103
62.551
66.599
67.091
67.368
67.535
67.618
67.618
67.535
67.368
67.091
66.599
67.091
67.482
67.717
67.879
67.958
67.958
67.879
67.717
67.482
67.091
67.368
67.717
67.928
68.083
68.159
68.159
68.083
67.928
67.717
67.368
67.535
67.879
68.083
68.23
68.303
68.303
68.23
68.083
67.879
67.535
67.618
67.958
68.159
68.303
68.374
68.374
68.303
68.159
67.958
67.618
67.618
67.958
68.159
68.303
68.374
68.374
68.303
68.159
67.958
67.618
67.535
67.879
68.083
68.23
68.303
68.303
68.23
68.083
67.879
67.535
67.368
67.717
67.928
68.083
68.159
68.159
68.083
67.928
67.717
67.368
67.091
67.482
67.717
67.879
67.958
67.958
67.879
67.717
67.482
67.091
66.599
67.091
67.368
67.535
67.618
67.618
67.535
67.368
67.091
66.599
71.47
71.891
72.128
72.27
72.342
72.342
72.27
72.128
71.891
71.47
71.891
72.225
72.426
72.564
72.632
72.632
72.564
72.426
72.225
71.891
72.128
72.426
72.606
72.739
72.804
72.804
72.739
72.606
72.426
72.128
72.27
72.564
72.739
72.865
72.927
72.927
72.865
72.739
72.564
72.27
72.342
72.632
72.804
72.927
72.987
72.987
72.927
72.804
72.632
72.342
72.342
72.632
72.804
72.927
72.987
72.987
72.927
72.804
72.632
72.342
72.27
72.564
72.739
72.865
72.927
72.927
72.865
72.739
72.564
72.27
72.128
72.426
72.606
72.739
72.804
72.804
72.739
72.606
72.426
72.128
71.891
72.225
72.426
72.564
72.632
72.632
72.564
72.426
72.225
71.891
71.47
71.891
72.128
72.27
72.342
72.342
72.27
72.128
71.891
71.47
77.045
77.384
77.574
77.689
77.747
77.747
77.689
77.574
77.384
77.045
77.384
77.653
77.814
77.926
77.98
77.98
77.926
77.814
77.653
77.384
77.574
77.814
77.959
78.066
78.118
78.118
78.066
77.959
77.814
77.574
77.689
77.926
78.066
78.168
78.218
78.218
78.168
78.066
77.926
77.689
77.747
77.98
78.118
78.218
78.266
78.266
78.218
78.118
77.98
77.747
77.747
77.98
78.118
78.218
78.266
78.266
78.218
78.118
77.98
77.747
77.689
77.926
78.066
78.168
78.218
78.218
78.168
78.066
77.926
77.689
77.574
77.814
77.959
78.066
78.118
78.118
78.066
77.959
77.814
77.574
77.384
77.653
77.814
77.926
77.98
77.98
77.926
77.814
77.653
77.384
77.045
77.384
77.574
77.689
77.747
77.747
77.689
77.574
77.384
77.045
83.186
83.434
83.574
83.658
83.7
83.7
83.658
83.574
83.434
83.186
83.434
83.632
83.75
83.832
83.872
83.872
83.832
83.75
83.632
83.434
83.574
83.75
83.856
83.935
83.973
83.973
83.935
83.856
83.75
83.574
83.658
83.832
83.935
84.009
84.046
84.046
84.009
83.935
83.832
83.658
83.7
83.872
83.973
84.046
84.081
84.081
84.046
83.973
83.872
83.7
83.7
83.872
83.973
84.046
84.081
84.081
84.046
83.973
83.872
83.7
83.658
83.832
83.935
84.009
84.046
84.046
84.009
83.935
83.832
83.658
83.574
83.75
83.856
83.935
83.973
83.973
83.935
83.856
83.75
83.574
83.434
83.632
83.75
83.832
83.872
83.872
83.832
83.75
83.632
83.434
83.186
83.434
83.574
83.658
83.7
83.7
83.658
83.574
83.434
83.186
89.743
89.894
89.98
90.031
90.056
90.056
90.031
89.98
89.894
89.743
89.894
90.014
90.087
90.137
90.161
90.161
90.137
90.087
90.014
89.894
89.98
90.087
90.152
90.199
90.223
90.223
90.199
90.152
90.087
89.98
90.031
90.137
90.199
90.245
90.267
90.267
90.245
90.199
90.137
90.031
90.056
90.161
90.223
90.267
90.289
90.289
90.267
90.223
90.161
90.056
90.056
90.161
90.223
90.267
90.289
90.289
90.267
90.223
90.161
90.056
90.031
90.137
90.199
90.245
90.267
90.267
90.245
90.199
90.137
90.031
89.98
90.087
90.152
90.199
90.223
90.223
90.199
90.152
90.087
89.98
89.894
90.014
90.087
90.137
90.161
90.161
90.137
90.087
90.014
89.894
89.743
89.894
89.98
90.031
90.056
90.056
90.031
89.98
89.894
89.743
96.552
96.603
96.632
96.649
96.658
96.658
96.649
96.632
96.603
96.552
96.603
96.644
96.668
96.685
96.693
96.693
96.685
96.668
96.644
96.603
96.632
96.668
96.69
96.706
96.714
96.714
96.706
96.69
96.668
96.632
96.649
96.685
96.706
96.721
96.729
96.729
96.721
96.706
96.685
96.649
96.658
96.693
96.714
96.729
96.736
96.736
96.729
96.714
96.693
96.658
96.658
96.693
96.714
96.729
96.736
96.736
96.729
96.714
96.693
96.658
96.649
96.685
96.706
96.721
96.729
96.729
96.721
96.706
96.685
96.649
96.632
96.668
96.69
96.706
96.714
96.714
96.706
96.69
96.668
96.632
96.603
96.644
96.668
96.685
96.693
96.693
96.685
96.668
96.644
96.603
96.552
96.603
96.632
96.649
96.658
96.658
96.649
96.632
96.603
96.552
103.45
103.4
103.37
103.35
103.34
103.34
103.35
103.37
103.4
103.45
103.4
103.36
103.33
103.31
103.31
103.31
103.31
103.33
103.36
103.4
103.37
103.33
103.31
103.29
103.29
103.29
103.29
103.31
103.33
103.37
103.35
103.31
103.29
103.28
103.27
103.27
103.28
103.29
103.31
103.35
103.34
103.31
103.29
103.27
103.26
103.26
103.27
103.29
103.31
103.34
103.34
103.31
103.29
103.27
103.26
103.26
103.27
103.29
103.31
103.34
103.35
103.31
103.29
103.28
103.27
103.27
103.28
103.29
103.31
103.35
103.37
103.33
103.31
103.29
103.29
103.29
103.29
103.31
103.33
103.37
103.4
103.36
103.33
103.31
103.31
103.31
103.31
103.33
103.36
103.4
103.45
103.4
103.37
103.35
103.34
103.34
103.35
103.37
103.4
103.45
110.25
110.1
110.02
109.97
109.94
109.94
109.97
110.02
110.1
110.25
110.1
109.98
109.91
109.86
109.83
109.83
109.86
109.91
109.98
110.1
110.02
109.91
109.84
109.79
109.77
109.77
109.79
109.84
109.91
110.02
109.97
109.86
109.79
109.75
109.73
109.73
109.75
109.79
109.86
109.97
109.94
109.83
109.77
109.73
109.71
109.71
109.73
109.77
109.83
109.94
109.94
109.83
109.77
109.73
109.71
109.71
109.73
109.77
109.83
109.94
109.97
109.86
109.79
109.75
109.73
109.73
109.75
109.79
109.86
109.97
110.02
109.91
109.84
109.79
109.77
109.77
109.79
109.84
109.91
110.02
110.1
109.98
109.91
109.86
109.83
109.83
109.86
109.91
109.98
110.1
110.25
110.1
110.02
109.97
109.94
109.94
109.97
110.02
110.1
110.25
116.81
116.56
116.42
116.34
116.29
116.29
116.34
116.42
116.56
116.81
116.56
116.36
116.24
116.16
116.12
116.12
116.16
116.24
116.36
116.56
116.42
116.24
116.13
116.06
116.02
116.02
116.06
116.13
116.24
116.42
116.34
116.16
116.06
115.98
115.94
115.94
115.98
116.06
116.16
116.34
116.29
116.12
116.02
115.94
115.91
115.91
115.94
116.02
116.12
116.29
116.29
116.12
116.02
115.94
115.91
115.91
115.94
116.02
116.12
116.29
116.34
116.16
116.06
115.98
115.94
115.94
115.98
116.06
116.16
116.34
116.42
116.24
116.13
116.06
116.02
116.02
116.06
116.13
116.24
116.42
116.56
116.36
116.24
116.16
116.12
116.12
116.16
116.24
116.36
116.56
116.81
116.56
116.42
116.34
116.29
116.29
116.34
116.42
116.56
116.81
