140.03
138.93
138.35
138.02
137.86
137.86
138.02
138.35
138.93
140.03
138.93
138.13
137.67
137.36
137.21
137.21
137.36
137.67
138.13
138.93
138.35
137.67
137.28
136.99
136.85
136.85
136.99
137.28
137.67
138.35
138.02
137.36
136.99
136.72
136.59
136.59
136.72
136.99
137.36
138.02
137.86
137.21
136.85
136.59
136.46
136.46
136.59
136.85
137.21
137.86
137.86
137.21
136.85
136.59
136.46
136.46
136.59
136.85
137.21
137.86
138.02
137.36
136.99
136.72
136.59
136.59
136.72
136.99
137.36
138.02
138.35
137.67
137.28
136.99
136.85
136.85
136.99
137.28
137.67
138.35
138.93
138.13
137.67
137.36
137.21
137.21
137.36
137.67
138.13
138.93
140.03
138.93
138.35
138.02
137.86
137.86
138.02
138.35
138.93
140.03
124.82
124.06
123.68
123.46
123.35
123.35
123.46
123.68
124.06
124.82
124.06
123.53
123.23
123.03
122.93
122.93
123.03
123.23
123.53
124.06
123.68
123.23
122.97
122.78
122.69
122.69
122.78
122.97
123.23
123.68
123.46
123.03
122.78
122.61
122.52
122.52
122.61
122.78
123.03
123.46
123.35
122.93
122.69
122.52
122.44
122.44
122.52
122.69
122.93
123.35
123.35
122.93
122.69
122.52
122.44
122.44
122.52
122.69
122.93
123.35
123.46
123.03
122.78
122.61
122.52
122.52
122.61
122.78
123.03
123.46
123.68
123.23
122.97
122.78
122.69
122.69
122.78
122.97
123.23
123.68
124.06
123.53
123.23
123.03
122.93
122.93
123.03
123.23
123.53
124.06
124.82
124.06
123.68
123.46
123.35
123.35
123.46
123.68
124.06
124.82
108.43
108.15
108.01
107.94
107.9
107.9
107.94
108.01
108.15
108.43
108.15
107.96
107.86
107.78
107.75
107.75
107.78
107.86
107.96
108.15
108.01
107.86
107.77
107.7
107.67
107.67
107.7
107.77
107.86
108.01
107.94
107.78
107.7
107.64
107.61
107.61
107.64
107.7
107.78
107.94
107.9
107.75
107.67
107.61
107.58
107.58
107.61
107.67
107.75
107.9
107.9
107.75
107.67
107.61
107.58
107.58
107.61
107.67
107.75
107.9
107.94
107.78
107.7
107.64
107.61
107.61
107.64
107.7
107.78
107.94
108.01
107.86
107.77
107.7
107.67
107.67
107.7
107.77
107.86
108.01
108.15
107.96
107.86
107.78
107.75
107.75
107.78
107.86
107.96
108.15
108.43
108.15
108.01
107.94
107.9
107.9
107.94
108.01
108.15
108.43
91.569
91.851
91.986
92.063
92.102
92.102
92.063
91.986
91.851
91.569
91.851
92.038
92.143
92.214
92.249
92.249
92.214
92.143
92.038
91.851
91.986
92.143
92.232
92.299
92.331
92.331
92.299
92.232
92.143
91.986
92.063
92.214
92.299
92.36
92.39
92.39
92.36
92.299
92.214
92.063
92.102
92.249
92.331
92.39
92.418
92.418
92.39
92.331
92.249
92.102
92.102
92.249
92.331
92.39
92.418
92.418
92.39
92.331
92.249
92.102
92.063
92.214
92.299
92.36
92.39
92.39
92.36
92.299
92.214
92.063
91.986
92.143
92.232
92.299
92.331
92.331
92.299
92.232
92.143
91.986
91.851
92.038
92.143
92.214
92.249
92.249
92.214
92.143
92.038
91.851
91.569
91.851
91.986
92.063
92.102
92.102
92.063
91.986
91.851
91.569
75.177
75.928
76.309
76.529
76.639
76.639
76.529
76.309
75.928
75.177
75.928
76.456
76.756
76.961
77.059
77.059
76.961
76.756
76.456
75.928
76.309
76.756
77.012
77.203
77.295
77.295
77.203
77.012
76.756
76.309
76.529
76.961
77.203
77.379
77.464
77.464
77.379
77.203
76.961
76.529
76.639
77.059
77.295
77.464
77.547
77.547
77.464
77.295
77.059
76.639
76.639
77.059
77.295
77.464
77.547
77.547
77.464
77.295
77.059
76.639
76.529
76.961
77.203
77.379
77.464
77.464
77.379
77.203
76.961
76.529
76.309
76.756
77.012
77.203
77.295
77.295
77.203
77.012
76.756
76.309
75.928
76.456
76.756
76.961
77.059
77.059
76.961
76.756
76.456
75.928
75.177
75.928
76.309
76.529
76.639
76.639
76.529
76.309
75.928
75.177
59.963
61.06
61.632
61.965
62.13
62.13
61.965
61.632
61.06
59.963
61.06
61.854
62.309
62.621
62.771
62.771
62.621
62.309
61.854
61.06
61.632
62.309
62.701
62.993
63.133
63.133
62.993
62.701
62.309
61.632
61.965
62.621
62.993
63.262
63.393
63.393
63.262
62.993
62.621
61.965
62.13
62.771
63.133
63.393
63.519
63.519
63.393
63.133
62.771
62.13
62.13
62.771
63.133
63.393
63.519
63.519
63.393
63.133
62.771
62.13
61.965
62.621
62.993
63.262
63.393
63.393
63.262
62.993
62.621
61.965
61.632
62.309
62.701
62.993
63.133
63.133
62.993
62.701
62.309
61.632
61.06
61.854
62.309
62.621
62.771
62.771
62.621
62.309
61.854
61.06
59.963
61.06
61.632
61.965
62.13
62.13
61.965
61.632
61.06
59.963
46.5
47.792
48.48
48.882
49.083
49.083
48.882
48.48
47.792
46.5
47.792
48.751
49.307
49.688
49.871
49.871
49.688
49.307
48.751
47.792
48.48
49.307
49.79
50.148
50.321
50.321
50.148
49.79
49.307
48.48
48.882
49.688
50.148
50.48
50.643
50.643
50.48
50.148
49.688
48.882
49.083
49.871
50.321
50.643
50.8
50.8
50.643
50.321
49.871
49.083
49.083
49.871
50.321
50.643
50.8
50.8
50.643
50.321
49.871
49.083
48.882
49.688
50.148
50.48
50.643
50.643
50.48
50.148
49.688
48.882
48.48
49.307
49.79
50.148
50.321
50.321
50.148
49.79
49.307
48.48
47.792
48.751
49.307
49.688
49.871
49.871
49.688
49.307
48.751
47.792
46.5
47.792
48.48
48.882
49.083
49.083
48.882
48.48
47.792
46.5
35.126
36.468
37.198
37.629
37.844
37.844
37.629
37.198
36.468
35.126
36.468
37.492
38.093
38.505
38.704
38.704
38.505
38.093
37.492
36.468
37.198
38.093
38.621
39.011
39.2
39.2
39.011
38.621
38.093
37.198
37.629
38.505
39.011
39.376
39.554
39.554
39.376
39.011
38.505
37.629
37.844
38.704
39.2
39.554
39.728
39.728
39.554
39.2
38.704
37.844
37.844
38.704
39.2
39.554
39.728
39.728
39.554
39.2
38.704
37.844
37.629
38.505
39.011
39.376
39.554
39.554
39.376
39.011
38.505
37.629
37.198
38.093
38.621
39.011
39.2
39.2
39.011
38.621
38.093
37.198
36.468
37.492
38.093
38.505
38.704
38.704
38.505
38.093
37.492
36.468
35.126
36.468
37.198
37.629
37.844
37.844
37.629
37.198
36.468
35.126
25.954
27.24
27.956
28.381
28.593
28.593
28.381
27.956
27.24
25.954
27.24
28.249
28.85
29.261
29.461
29.461
29.261
28.85
28.249
27.24
27.956
28.85
29.383
29.776
29.966
29.966
29.776
29.383
28.85
27.956
28.381
29.261
29.776
30.146
30.328
30.328
30.146
29.776
29.261
28.381
28.593
29.461
29.966
30.328
30.505
30.505
30.328
29.966
29.461
28.593
28.593
29.461
29.966
30.328
30.505
30.505
30.328
29.966
29.461
28.593
28.381
29.261
29.776
30.146
30.328
30.328
30.146
29.776
29.261
28.381
27.956
28.85
29.383
29.776
29.966
29.966
29.776
29.383
28.85
27.956
27.24
28.249
28.85
29.261
29.461
29.461
29.261
28.85
28.249
27.24
25.954
27.24
27.956
28.381
28.593
28.593
28.381
27.956
27.24
25.954
18.93
20.102
20.768
21.166
21.365
21.365
21.166
20.768
20.102
18.93
20.102
21.047
21.616
22.006
22.196
22.196
22.006
21.616
21.047
20.102
20.768
21.616
22.128
22.504
22.687
22.687
22.504
22.128
21.616
20.768
21.166
22.006
22.504
22.862
23.038
23.038
22.862
22.504
22.006
21.166
21.365
22.196
22.687
23.038
23.21
23.21
23.038
22.687
22.196
21.365
21.365
22.196
22.687
23.038
23.21
23.21
23.038
22.687
22.196
21.365
21.166
22.006
22.504
22.862
23.038
23.038
22.862
22.504
22.006
21.166
20.768
21.616
22.128
22.504
22.687
22.687
22.504
22.128
21.616
20.768
20.102
21.047
21.616
22.006
22.196
22.196
22.006
21.616
21.047
20.102
18.93
20.102
20.768
21.166
21.365
21.365
21.166
20.768
20.102
18.93
13.903
14.945
15.549
15.912
16.094
16.094
15.912
15.549
14.945
13.903
14.945
15.807
16.334
16.695
16.872
16.872
16.695
16.334
15.807
14.945
15.549
16.334
16.814
17.165
17.336
17.336
17.165
16.814
16.334
15.549
15.912
16.695
17.165
17.501
17.667
17.667
17.501
17.165
16.695
15.912
16.094
16.872
17.336
17.667
17.83
17.83
17.667
17.336
16.872
16.094
16.094
16.872
17.336
17.667
17.83
17.83
17.667
17.336
16.872
16.094
15.912
16.695
17.165
17.501
17.667
17.667
17.501
17.165
16.695
15.912
15.549
16.334
16.814
17.165
17.336
17.336
17.165
16.814
16.334
15.549
14.945
15.807
16.334
16.695
16.872
16.872
16.695
16.334
15.807
14.945
13.903
14.945
15.549
15.912
16.094
16.094
15.912
15.549
14.945
13.903
10.686
11.62
12.172
12.505
12.672
12.672
12.505
12.172
11.62
10.686
11.62
12.412
12.9
13.235
13.399
13.399
13.235
12.9
12.412
11.62
12.172
12.9
13.349
13.677
13.837
13.837
13.677
13.349
12.9
12.172
12.505
13.235
13.677
13.993
14.149
14.149
13.993
13.677
13.235
12.505
12.672
13.399
13.837
14.149
14.303
14.303
14.149
13.837
13.399
12.672
12.672
13.399
13.837
14.149
14.303
14.303
14.149
13.837
13.399
12.672
12.505
13.235
13.677
13.993
14.149
14.149
13.993
13.677
13.235
12.505
12.172
12.9
13.349
13.677
13.837
13.837
13.677
13.349
12.9
12.172
11.62
12.412
12.9
13.235
13.399
13.399
13.235
12.9
12.412
11.62
10.686
11.62
12.172
12.505
12.672
12.672
12.505
12.172
11.62
10.686
9.1215
9.9968
10.518
10.834
10.993
10.993
10.834
10.518
9.9968
9.1215
9.9968
10.747
11.213
11.532
11.689
11.689
11.532
11.213
10.747
9.9968
10.518
11.213
11.644
11.958
12.112
12.112
11.958
11.644
11.213
10.518
10.834
11.532
11.958
12.262
12.413
12.413
12.262
11.958
11.532
10.834
10.993
11.689
12.112
12.413
12.562
12.562
12.413
12.112
11.689
10.993
10.993
11.689
12.112
12.413
12.562
12.562
12.413
12.112
11.689
10.993
10.834
11.532
11.958
12.262
12.413
12.413
12.262
11.958
11.532
10.834
10.518
11.213
11.644
11.958
12.112
12.112
11.958
11.644
11.213
10.518
9.9968
10.747
11.213
11.532
11.689
11.689
11.532
11.213
10.747
9.9968
9.1215
9.9968
10.518
10.834
10.993
10.993
10.834
10.518
9.9968
9.1215
9.1215
9.9968
10.518
10.834
10.993
10.993
10.834
10.518
9.9968
9.1215
9.9968
10.747
11.213
11.532
11.689
11.689
11.532
11.213
10.747
9.9968
10.518
11.213
11.644
11.958
12.112
12.112
11.958
11.644
11.213
10.518
10.834
11.532
11.958
12.262
12.413
12.413
12.262
11.958
11.532
10.834
10.993
11.689
12.112
12.413
12.562
12.562
12.413
12.112
11.689
10.993
10.993
11.689
12.112
12.413
12.562
12.562
12.413
12.112
11.689
10.993
10.834
11.532
11.958
12.262
12.413
12.413
12.262
11.958
11.532
10.834
10.518
11.213
11.644
11.958
12.112
12.112
11.958
11.644
11.213
10.518
9.9968
10.747
11.213
11.532
11.689
11.689
11.532
11.213
10.747
9.9968
9.1215
9.9968
10.518
10.834
10.993
10.993
10.834
10.518
9.9968
9.1215
10.686
11.62
12.172
12.505
12.672
12.672
12.505
12.172
11.62
10.686
11.62
12.412
12.9
13.235
13.399
13.399
13.235
12.9
12.412
11.62
12.172
12.9
13.349
13.677
13.837
13.837
13.677
13.349
12.9
12.172
12.505
13.235
13.677
13.993
14.149
14.149
13.993
13.677
13.235
12.505
12.672
13.399
13.837
14.149
14.303
14.303
14.149
13.837
13.399
12.672
12.672
13.399
13.837
14.149
14.303
14.303
14.149
13.837
13.399
12.672
12.505
13.235
13.677
13.993
14.149
14.149
13.993
13.677
13.235
12.505
12.172
12.9
13.349
13.677
13.837
13.837
13.677
13.349
12.9
12.172
11.62
12.412
12.9
13.235
13.399
13.399
13.235
12.9
12.412
11.62
10.686
11.62
12.172
12.505
12.672
12.672
12.505
12.172
11.62
10.686
13.903
14.945
15.549
15.912
16.094
16.094
15.912
15.549
14.945
13.903
14.945
15.807
16.334
16.695
16.872
16.872
16.695
16.334
15.807
14.945
15.549
16.334
16.814
17.165
17.336
17.336
17.165
16.814
16.334
15.549
15.912
16.695
17.165
17.501
17.667
17.667
17.501
17.165
16.695
15.912
16.094
16.872
17.336
17.667
17.83
17.83
17.667
17.336
16.872
16.094
16.094
16.872
17.336
17.667
17.83
17.83
17.667
17.336
16.872
16.094
15.912
16.695
17.165
17.501
17.667
17.667
17.501
17.165
16.695
15.912
15.549
16.334
16.814
17.165
17.336
17.336
17.165
16.814
16.334
15.549
14.945
15.807
16.334
16.695
16.872
16.872
16.695
16.334
15.807
14.945
13.903
14.945
15.549
15.912
16.094
16.094
15.912
15.549
14.945
13.903
18.93
20.102
20.768
21.166
21.365
21.365
21.166
20.768
20.102
18.93
20.102
21.047
21.616
22.006
22.196
22.196
22.006
21.616
21.047
20.102
20.768
21.616
22.128
22.504
22.687
22.687
22.504
22.128
21.616
20.768
21.166
22.006
22.504
22.862
23.038
23.038
22.862
22.504
22.006
21.166
21.365
22.196
22.687
23.038
23.21
23.21
23.038
22.687
22.196
21.365
21.365
22.196
22.687
23.038
23.21
23.21
23.038
22.687
22.196
21.365
21.166
22.006
22.504
22.862
23.038
23.038
22.862
22.504
22.006
21.166
20.768
21.616
22.128
22.504
22.687
22.687
22.504
22.128
21.616
20.768
20.102
21.047
21.616
22.006
22.196
22.196
22.006
21.616
21.047
20.102
18.93
20.102
20.768
21.166
21.365
21.365
21.166
20.768
20.102
18.93
25.954
27.24
27.956
28.381
28.593
28.593
28.381
27.956
27.24
25.954
27.24
28.249
28.85
29.261
29.461
29.461
29.261
28.85
28.249
27.24
27.956
28.85
29.383
29.776
29.966
29.966
29.776
29.383
28.85
27.956
28.381
29.261
29.776
30.146
30.328
30.328
30.146
29.776
29.261
28.381
28.593
29.461
29.966
30.328
30.505
30.505
30.328
29.966
29.461
28.593
28.593
29.461
29.966
30.328
30.505
30.505
30.328
29.966
29.461
28.593
28.381
29.261
29.776
30.146
30.328
30.328
30.146
29.776
29.261
28.381
27.956
28.85
29.383
29.776
29.966
29.966
29.776
29.383
28.85
27.956
27.24
28.249
28.85
29.261
29.461
29.461
29.261
28.85
28.249
27.24
25.954
27.24
27.956
28.381
28.593
28.593
28.381
27.956
27.24
25.954
35.126
36.468
37.198
37.629
37.844
37.844
37.629
37.198
36.468
35.126
36.468
37.492
38.093
38.505
38.704
38.704
38.505
38.093
37.492
36.468
37.198
38.093
38.621
39.011
39.2
39.2
39.011
38.621
38.093
37.198
37.629
38.505
39.011
39.376
39.554
39.554
39.376
39.011
38.505
37.629
37.844
38.704
39.2
39.554
39.728
39.728
39.554
39.2
38.704
37.844
37.844
38.704
39.2
39.554
39.728
39.728
39.554
39.2
38.704
37.844
37.629
38.505
39.011
39.376
39.554
39.554
39.376
39.011
38.505
37.629
37.198
38.093
38.621
39.011
39.2
39.2
39.011
38.621
38.093
37.198
36.468
37.492
38.093
38.505
38.704
38.704
38.505
38.093
37.492
36.468
35.126
36.468
37.198
37.629
37.844
37.844
37.629
37.198
36.468
35.126
46.5
47.792
48.48
48.882
49.083
49.083
48.882
48.48
47.792
46.5
47.792
48.751
49.307
49.688
49.871
49.871
49.688
49.307
48.751
47.792
48.48
49.307
49.79
50.148
50.321
50.321
50.148
49.79
49.307
48.48
48.882
49.688
50.148
50.48
50.643
50.643
50.48
50.148
49.688
48.882
49.083
49.871
50.321
50.643
50.8
50.8
50.643
50.321
49.871
49.083
49.083
49.871
50.321
50.643
50.8
50.8
50.643
50.321
49.871
49.083
48.882
49.688
50.148
50.48
50.643
50.643
50.48
50.148
49.688
48.882
48.48
49.307
49.79
50.148
50.321
50.321
50.148
49.79
49.307
48.48
47.792
48.751
49.307
49.688
49.871
49.871
49.688
49.307
48.751
47.792
46.5
47.792
48.48
48.882
49.083
49.083
48.882
48.48
47.792
46.5
59.963
61.06
61.632
61.965
62.13
62.13
61.965
61.632
61.06
59.963
61.06
61.854
62.309
62.621
62.771
62.771
62.621
62.309
61.854
61.06
61.632
62.309
62.701
62.993
63.133
63.133
62.993
62.701
62.309
61.632
61.965
62.621
62.993
63.262
63.393
63.393
63.262
62.993
62.621
61.965
62.13
62.771
63.133
63.393
63.519
63.519
63.393
63.133
62.771
62.13
62.13
62.771
63.133
63.393
63.519
63.519
63.393
63.133
62.771
62.13
61.965
62.621
62.993
63.262
63.393
63.393
63.262
62.993
62.621
61.965
61.632
62.309
62.701
62.993
63.133
63.133
62.993
62.701
62.309
61.632
61.06
61.854
62.309
62.621
62.771
62.771
62.621
62.309
61.854
61.06
59.963
61.06
61.632
61.965
62.13
62.13
61.965
61.632
61.06
59.963
75.177
75.928
76.309
76.529
76.639
76.639
76.529
76.309
75.928
75.177
75.928
76.456
76.756
76.961
77.059
77.059
76.961
76.756
76.456
75.928
76.309
76.756
77.012
77.203
77.295
77.295
77.203
77.012
76.756
76.309
76.529
76.961
77.203
77.379
77.464
77.464
77.379
77.203
76.961
76.529
76.639
77.059
77.295
77.464
77.547
77.547
77.464
77.295
77.059
76.639
76.639
77.059
77.295
77.464
77.547
77.547
77.464
77.295
77.059
76.639
76.529
76.961
77.203
77.379
77.464
77.464
77.379
77.203
76.961
76.529
76.309
76.756
77.012
77.203
77.295
77.295
77.203
77.012
76.756
76.309
75.928
76.456
76.756
76.961
77.059
77.059
76.961
76.756
76.456
75.928
75.177
75.928
76.309
76.529
76.639
76.639
76.529
76.309
75.928
75.177
91.569
91.851
91.986
92.063
92.102
92.102
92.063
91.986
91.851
91.569
91.851
92.038
92.143
92.214
92.249
92.249
92.214
92.143
92.038
91.851
91.986
92.143
92.232
92.299
92.331
92.331
92.299
92.232
92.143
91.986
92.063
92.214
92.299
92.36
92.39
92.39
92.36
92.299
92.214
92.063
92.102
92.249
92.331
92.39
92.418
92.418
92.39
92.331
92.249
92.102
92.102
92.249
92.331
92.39
92.418
92.418
92.39
92.331
92.249
92.102
92.063
92.214
92.299
92.36
92.39
92.39
92.36
92.299
92.214
92.063
91.986
92.143
92.232
92.299
92.331
92.331
92.299
92.232
92.143
91.986
91.851
92.038
92.143
92.214
92.249
92.249
92.214
92.143
92.038
91.851
91.569
91.851
91.986
92.063
92.102
92.102
92.063
91.986
91.851
91.569
108.43
108.15
108.01
107.94
107.9
107.9
107.94
108.01
108.15
108.43
108.15
107.96
107.86
107.78
107.75
107.75
107.78
107.86
107.96
108.15
108.01
107.86
107.77
107.7
107.67
107.67
107.7
107.77
107.86
108.01
107.94
107.78
107.7
107.64
107.61
107.61
107.64
107.7
107.78
107.94
107.9
107.75
107.67
107.61
107.58
107.58
107.61
107.67
107.75
107.9
107.9
107.75
107.67
107.61
107.58
107.58
107.61
107.67
107.75
107.9
107.94
107.78
107.7
107.64
107.61
107.61
107.64
107.7
107.78
107.94
108.01
107.86
107.77
107.7
107.67
107.67
107.7
107.77
107.86
108.01
108.15
107.96
107.86
107.78
107.75
107.75
107.78
107.86
107.96
108.15
108.43
108.15
108.01
107.94
107.9
107.9
107.94
108.01
108.15
108.43
124.82
124.06
123.68
123.46
123.35
123.35
123.46
123.68
124.06
124.82
124.06
123.53
123.23
123.03
122.93
122.93
123.03
123.23
123.53
124.06
123.68
123.23
122.97
122.78
122.69
122.69
122.78
122.97
123.23
123.68
123.46
123.03
122.78
122.61
122.52
122.52
122.61
122.78
123.03
123.46
123.35
122.93
122.69
122.52
122.44
122.44
122.52
122.69
122.93
123.35
123.35
122.93
122.69
122.52
122.44
122.44
122.52
122.69
122.93
123.35
123.46
123.03
122.78
122.61
122.52
122.52
122.61
122.78
123.03
123.46
123.68
123.23
122.97
122.78
122.69
122.69
122.78
122.97
123.23
123.68
124.06
123.53
123.23
123.03
122.93
122.93
123.03
123.23
123.53
124.06
124.82
124.06
123.68
123.46
123.35
123.35
123.46
123.68
124.06
124.82
140.03
138.93
138.35
138.02
137.86
137.86
138.02
138.35
138.93
140.03
138.93
138.13
137.67
137.36
137.21
137.21
137.36
137.67
138.13
138.93
138.35
137.67
137.28
136.99
136.85
136.85
136.99
137.28
137.67
138.35
138.02
137.36
136.99
136.72
136.59
136.59
136.72
136.99
137.36
138.02
137.86
137.21
136.85
136.59
136.46
136.46
136.59
136.85
137.21
137.86
137.86
137.21
136.85
136.59
136.46
136.46
136.59
136.85
137.21
137.86
138.02
137.36
136.99
136.72
136.59
136.59
136.72
136.99
137.36
138.02
138.35
137.67
137.28
136.99
136.85
136.85
136.99
137.28
137.67
138.35
138.93
138.13
137.67
137.36
137.21
137.21
137.36
137.67
138.13
138.93
140.03
138.93
138.35
138.02
137.86
137.86
138.02
138.35
138.93
140.03
