120.98
120.66
120.49
120.38
120.33
120.33
120.38
120.49
120.66
120.98
120.66
120.41
120.26
120.16
120.11
120.11
120.16
120.26
120.41
120.66
120.49
120.26
120.13
120.03
119.98
119.98
120.03
120.13
120.26
120.49
120.38
120.16
120.03
119.93
119.89
119.89
119.93
120.03
120.16
120.38
120.33
120.11
119.98
119.89
119.84
119.84
119.89
119.98
120.11
120.33
120.33
120.11
119.98
119.89
119.84
119.84
119.89
119.98
120.11
120.33
120.38
120.16
120.03
119.93
119.89
119.89
119.93
120.03
120.16
120.38
120.49
120.26
120.13
120.03
119.98
119.98
120.03
120.13
120.26
120.49
120.66
120.41
120.26
120.16
120.11
120.11
120.16
120.26
120.41
120.66
120.98
120.66
120.49
120.38
120.33
120.33
120.38
120.49
120.66
120.98
112.8
112.61
112.5
112.44
112.4
112.4
112.44
112.5
112.61
112.8
112.61
112.45
112.36
112.3
112.27
112.27
112.3
112.36
112.45
112.61
112.5
112.36
112.28
112.22
112.19
112.19
112.22
112.28
112.36
112.5
112.44
112.3
112.22
112.16
112.13
112.13
112.16
112.22
112.3
112.44
112.4
112.27
112.19
112.13
112.11
112.11
112.13
112.19
112.27
112.4
112.4
112.27
112.19
112.13
112.11
112.11
112.13
112.19
112.27
112.4
112.44
112.3
112.22
112.16
112.13
112.13
112.16
112.22
112.3
112.44
112.5
112.36
112.28
112.22
112.19
112.19
112.22
112.28
112.36
112.5
112.61
112.45
112.36
112.3
112.27
112.27
112.3
112.36
112.45
112.61
112.8
112.61
112.5
112.44
112.4
112.4
112.44
112.5
112.61
112.8
104.3
104.24
104.2
104.18
104.17
104.17
104.18
104.2
104.24
104.3
104.24
104.19
104.16
104.14
104.13
104.13
104.14
104.16
104.19
104.24
104.2
104.16
104.13
104.11
104.1
104.1
104.11
104.13
104.16
104.2
104.18
104.14
104.11
104.09
104.08
104.08
104.09
104.11
104.14
104.18
104.17
104.13
104.1
104.08
104.07
104.07
104.08
104.1
104.13
104.17
104.17
104.13
104.1
104.08
104.07
104.07
104.08
104.1
104.13
104.17
104.18
104.14
104.11
104.09
104.08
104.08
104.09
104.11
104.14
104.18
104.2
104.16
104.13
104.11
104.1
104.1
104.11
104.13
104.16
104.2
104.24
104.19
104.16
104.14
104.13
104.13
104.14
104.16
104.19
104.24
104.3
104.24
104.2
104.18
104.17
104.17
104.18
104.2
104.24
104.3
95.696
95.76
95.797
95.819
95.83
95.83
95.819
95.797
95.76
95.696
95.76
95.812
95.842
95.864
95.874
95.874
95.864
95.842
95.812
95.76
95.797
95.842
95.87
95.89
95.9
95.9
95.89
95.87
95.842
95.797
95.819
95.864
95.89
95.909
95.919
95.919
95.909
95.89
95.864
95.819
95.83
95.874
95.9
95.919
95.928
95.928
95.919
95.9
95.874
95.83
95.83
95.874
95.9
95.919
95.928
95.928
95.919
95.9
95.874
95.83
95.819
95.864
95.89
95.909
95.919
95.919
95.909
95.89
95.864
95.819
95.797
95.842
95.87
95.89
95.9
95.9
95.89
95.87
95.842
95.797
95.76
95.812
95.842
95.864
95.874
95.874
95.864
95.842
95.812
95.76
95.696
95.76
95.797
95.819
95.83
95.83
95.819
95.797
95.76
95.696
87.195
87.387
87.495
87.56
87.593
87.593
87.56
87.495
87.387
87.195
87.387
87.539
87.631
87.694
87.724
87.724
87.694
87.631
87.539
87.387
87.495
87.631
87.712
87.773
87.802
87.802
87.773
87.712
87.631
87.495
87.56
87.694
87.773
87.83
87.858
87.858
87.83
87.773
87.694
87.56
87.593
87.724
87.802
87.858
87.886
87.886
87.858
87.802
87.724
87.593
87.593
87.724
87.802
87.858
87.886
87.886
87.858
87.802
87.724
87.593
87.56
87.694
87.773
87.83
87.858
87.858
87.83
87.773
87.694
87.56
87.495
87.631
87.712
87.773
87.802
87.802
87.773
87.712
87.631
87.495
87.387
87.539
87.631
87.694
87.724
87.724
87.694
87.631
87.539
87.387
87.195
87.387
87.495
87.56
87.593
87.593
87.56
87.495
87.387
87.195
79.015
79.329
79.506
79.612
79.665
79.665
79.612
79.506
79.329
79.015
79.329
79.578
79.727
79.83
79.881
79.881
79.83
79.727
79.578
79.329
79.506
79.727
79.861
79.96
80.008
80.008
79.96
79.861
79.727
79.506
79.612
79.83
79.96
80.053
80.099
80.099
80.053
79.96
79.83
79.612
79.665
79.881
80.008
80.099
80.144
80.144
80.099
80.008
79.881
79.665
79.665
79.881
80.008
80.099
80.144
80.144
80.099
80.008
79.881
79.665
79.612
79.83
79.96
80.053
80.099
80.099
80.053
79.96
79.83
79.612
79.506
79.727
79.861
79.96
80.008
80.008
79.96
79.861
79.727
79.506
79.329
79.578
79.727
79.83
79.881
79.881
79.83
79.727
79.578
79.329
79.015
79.329
79.506
79.612
79.665
79.665
79.612
79.506
79.329
79.015
71.359
71.787
72.027
72.171
72.243
72.243
72.171
72.027
71.787
71.359
71.787
72.125
72.328
72.469
72.537
72.537
72.469
72.328
72.125
71.787
72.027
72.328
72.51
72.645
72.71
72.71
72.645
72.51
72.328
72.027
72.171
72.469
72.645
72.772
72.835
72.835
72.772
72.645
72.469
72.171
72.243
72.537
72.71
72.835
72.896
72.896
72.835
72.71
72.537
72.243
72.243
72.537
72.71
72.835
72.896
72.896
72.835
72.71
72.537
72.243
72.171
72.469
72.645
72.772
72.835
72.835
72.772
72.645
72.469
72.171
72.027
72.328
72.51
72.645
72.71
72.71
72.645
72.51
72.328
72.027
71.787
72.125
72.328
72.469
72.537
72.537
72.469
72.328
72.125
71.787
71.359
71.787
72.027
72.171
72.243
72.243
72.171
72.027
71.787
71.359
64.417
64.945
65.243
65.421
65.511
65.511
65.421
65.243
64.945
64.417
64.945
65.364
65.616
65.79
65.875
65.875
65.79
65.616
65.364
64.945
65.243
65.616
65.842
66.009
66.09
66.09
66.009
65.842
65.616
65.243
65.421
65.79
66.009
66.166
66.244
66.244
66.166
66.009
65.79
65.421
65.511
65.875
66.09
66.244
66.32
66.32
66.244
66.09
65.875
65.511
65.511
65.875
66.09
66.244
66.32
66.32
66.244
66.09
65.875
65.511
65.421
65.79
66.009
66.166
66.244
66.244
66.166
66.009
65.79
65.421
65.243
65.616
65.842
66.009
66.09
66.09
66.009
65.842
65.616
65.243
64.945
65.364
65.616
65.79
65.875
65.875
65.79
65.616
65.364
64.945
64.417
64.945
65.243
65.421
65.511
65.511
65.421
65.243
64.945
64.417
58.357
58.973
59.32
59.528
59.633
59.633
59.528
59.32
58.973
58.357
58.973
59.462
59.756
59.959
60.058
60.058
59.959
59.756
59.462
58.973
59.32
59.756
60.019
60.214
60.308
60.308
60.214
60.019
59.756
59.32
59.528
59.959
60.214
60.398
60.488
60.488
60.398
60.214
59.959
59.528
59.633
60.058
60.308
60.488
60.577
60.577
60.488
60.308
60.058
59.633
59.633
60.058
60.308
60.488
60.577
60.577
60.488
60.308
60.058
59.633
59.528
59.959
60.214
60.398
60.488
60.488
60.398
60.214
59.959
59.528
59.32
59.756
60.019
60.214
60.308
60.308
60.214
60.019
59.756
59.32
58.973
59.462
59.756
59.959
60.058
60.058
59.959
59.756
59.462
58.973
58.357
58.973
59.32
59.528
59.633
59.633
59.528
59.32
58.973
58.357
53.328
54.015
54.402
54.635
54.752
54.752
54.635
54.402
54.015
53.328
54.015
54.561
54.889
55.116
55.226
55.226
55.116
54.889
54.561
54.015
54.402
54.889
55.184
55.401
55.507
55.507
55.401
55.184
54.889
54.402
54.635
55.116
55.401
55.607
55.708
55.708
55.607
55.401
55.116
54.635
54.752
55.226
55.507
55.708
55.807
55.807
55.708
55.507
55.226
54.752
54.752
55.226
55.507
55.708
55.807
55.807
55.708
55.507
55.226
54.752
54.635
55.116
55.401
55.607
55.708
55.708
55.607
55.401
55.116
54.635
54.402
54.889
55.184
55.401
55.507
55.507
55.401
55.184
54.889
54.402
54.015
54.561
54.889
55.116
55.226
55.226
55.116
54.889
54.561
54.015
53.328
54.015
54.402
54.635
54.752
54.752
54.635
54.402
54.015
53.328
49.448
50.19
50.608
50.859
50.985
50.985
50.859
50.608
50.19
49.448
50.19
50.779
51.134
51.379
51.498
51.498
51.379
51.134
50.779
50.19
50.608
51.134
51.452
51.687
51.801
51.801
51.687
51.452
51.134
50.608
50.859
51.379
51.687
51.909
52.019
52.019
51.909
51.687
51.379
50.859
50.985
51.498
51.801
52.019
52.126
52.126
52.019
51.801
51.498
50.985
50.985
51.498
51.801
52.019
52.126
52.126
52.019
51.801
51.498
50.985
50.859
51.379
51.687
51.909
52.019
52.019
51.909
51.687
51.379
50.859
50.608
51.134
51.452
51.687
51.801
51.801
51.687
51.452
51.134
50.608
50.19
50.779
51.134
51.379
51.498
51.498
51.379
51.134
50.779
50.19
49.448
50.19
50.608
50.859
50.985
50.985
50.859
50.608
50.19
49.448
46.809
47.588
48.027
48.291
48.423
48.423
48.291
48.027
47.588
46.809
47.588
48.207
48.58
48.837
48.962
48.962
48.837
48.58
48.207
47.588
48.027
48.58
48.914
49.16
49.281
49.281
49.16
48.914
48.58
48.027
48.291
48.837
49.16
49.394
49.509
49.509
49.394
49.16
48.837
48.291
48.423
48.962
49.281
49.509
49.622
49.622
49.509
49.281
48.962
48.423
48.423
48.962
49.281
49.509
49.622
49.622
49.509
49.281
48.962
48.423
48.291
48.837
49.16
49.394
49.509
49.509
49.394
49.16
48.837
48.291
48.027
48.58
48.914
49.16
49.281
49.281
49.16
48.914
48.58
48.027
47.588
48.207
48.58
48.837
48.962
48.962
48.837
48.58
48.207
47.588
46.809
47.588
48.027
48.291
48.423
48.423
48.291
48.027
47.588
46.809
45.475
46.272
46.721
46.991
47.127
47.127
46.991
46.721
46.272
45.475
46.272
46.906
47.287
47.55
47.679
47.679
47.55
47.287
46.906
46.272
46.721
47.287
47.629
47.882
48.005
48.005
47.882
47.629
47.287
46.721
46.991
47.55
47.882
48.121
48.239
48.239
48.121
47.882
47.55
46.991
47.127
47.679
48.005
48.239
48.354
48.354
48.239
48.005
47.679
47.127
47.127
47.679
48.005
48.239
48.354
48.354
48.239
48.005
47.679
47.127
46.991
47.55
47.882
48.121
48.239
48.239
48.121
47.882
47.55
46.991
46.721
47.287
47.629
47.882
48.005
48.005
47.882
47.629
47.287
46.721
46.272
46.906
47.287
47.55
47.679
47.679
47.55
47.287
46.906
46.272
45.475
46.272
46.721
46.991
47.127
47.127
46.991
46.721
46.272
45.475
45.475
46.272
46.721
46.991
47.127
47.127
46.991
46.721
46.272
45.475
46.272
46.906
47.287
47.55
47.679
47.679
47.55
47.287
46.906
46.272
46.721
47.287
47.629
47.882
48.005
48.005
47.882
47.629
47.287
46.721
46.991
47.55
47.882
48.121
48.239
48.239
48.121
47.882
47.55
46.991
47.127
47.679
48.005
48.239
48.354
48.354
48.239
48.005
47.679
47.127
47.127
47.679
48.005
48.239
48.354
48.354
48.239
48.005
47.679
47.127
46.991
47.55
47.882
48.121
48.239
48.239
48.121
47.882
47.55
46.991
46.721
47.287
47.629
47.882
48.005
48.005
47.882
47.629
47.287
46.721
46.272
46.906
47.287
47.55
47.679
47.679
47.55
47.287
46.906
46.272
45.475
46.272
46.721
46.991
47.127
47.127
46.991
46.721
46.272
45.475
46.809
47.588
48.027
48.291
48.423
48.423
48.291
48.027
47.588
46.809
47.588
48.207
48.58
48.837
48.962
48.962
48.837
48.58
48.207
47.588
48.027
48.58
48.914
49.16
49.281
49.281
49.16
48.914
48.58
48.027
48.291
48.837
49.16
49.394
49.509
49.509
49.394
49.16
48.837
48.291
48.423
48.962
49.281
49.509
49.622
49.622
49.509
49.281
48.962
48.423
48.423
48.962
49.281
49.509
49.622
49.622
49.509
49.281
48.962
48.423
48.291
48.837
49.16
49.394
49.509
49.509
49.394
49.16
48.837
48.291
48.027
48.58
48.914
49.16
49.281
49.281
49.16
48.914
48.58
48.027
47.588
48.207
48.58
48.837
48.962
48.962
48.837
48.58
48.207
47.588
46.809
47.588
48.027
48.291
48.423
48.423
48.291
48.027
47.588
46.809
49.448
50.19
50.608
50.859
50.985
50.985
50.859
50.608
50.19
49.448
50.19
50.779
51.134
51.379
51.498
51.498
51.379
51.134
50.779
50.19
50.608
51.134
51.452
51.687
51.801
51.801
51.687
51.452
51.134
50.608
50.859
51.379
51.687
51.909
52.019
52.019
51.909
51.687
51.379
50.859
50.985
51.498
51.801
52.019
52.126
52.126
52.019
51.801
51.498
50.985
50.985
51.498
51.801
52.019
52.126
52.126
52.019
51.801
51.498
50.985
50.859
51.379
51.687
51.909
52.019
52.019
51.909
51.687
51.379
50.859
50.608
51.134
51.452
51.687
51.801
51.801
51.687
51.452
51.134
50.608
50.19
50.779
51.134
51.379
51.498
51.498
51.379
51.134
50.779
50.19
49.448
50.19
50.608
50.859
50.985
50.985
50.859
50.608
50.19
49.448
53.328
54.015
54.402
54.635
54.752
54.752
54.635
54.402
54.015
53.328
54.015
54.561
54.889
55.116
55.226
55.226
55.116
54.889
54.561
54.015
54.402
54.889
55.184
55.401
55.507
55.507
55.401
55.184
54.889
54.402
54.635
55.116
55.401
55.607
55.708
55.708
55.607
55.401
55.116
54.635
54.752
55.226
55.507
55.708
55.807
55.807
55.708
55.507
55.226
54.752
54.752
55.226
55.507
55.708
55.807
55.807
55.708
55.507
55.226
54.752
54.635
55.116
55.401
55.607
55.708
55.708
55.607
55.401
55.116
54.635
54.402
54.889
55.184
55.401
55.507
55.507
55.401
55.184
54.889
54.402
54.015
54.561
54.889
55.116
55.226
55.226
55.116
54.889
54.561
54.015
53.328
54.015
54.402
54.635
54.752
54.752
54.635
54.402
54.015
53.328
58.357
58.973
59.32
59.528
59.633
59.633
59.528
59.32
58.973
58.357
58.973
59.462
59.756
59.959
60.058
60.058
59.959
59.756
59.462
58.973
59.32
59.756
60.019
60.214
60.308
60.308
60.214
60.019
59.756
59.32
59.528
59.959
60.214
60.398
60.488
60.488
60.398
60.214
59.959
59.528
59.633
60.058
60.308
60.488
60.577
60.577
60.488
60.308
60.058
59.633
59.633
60.058
60.308
60.488
60.577
60.577
60.488
60.308
60.058
59.633
59.528
59.959
60.214
60.398
60.488
60.488
60.398
60.214
59.959
59.528
59.32
59.756
60.019
60.214
60.308
60.308
60.214
60.019
59.756
59.32
58.973
59.462
59.756
59.959
60.058
60.058
59.959
59.756
59.462
58.973
58.357
58.973
59.32
59.528
59.633
59.633
59.528
59.32
58.973
58.357
64.417
64.945
65.243
65.421
65.511
65.511
65.421
65.243
64.945
64.417
64.945
65.364
65.616
65.79
65.875
65.875
65.79
65.616
65.364
64.945
65.243
65.616
65.842
66.009
66.09
66.09
66.009
65.842
65.616
65.243
65.421
65.79
66.009
66.166
66.244
66.244
66.166
66.009
65.79
65.421
65.511
65.875
66.09
66.244
66.32
66.32
66.244
66.09
65.875
65.511
65.511
65.875
66.09
66.244
66.32
66.32
66.244
66.09
65.875
65.511
65.421
65.79
66.009
66.166
66.244
66.244
66.166
66.009
65.79
65.421
65.243
65.616
65.842
66.009
66.09
66.09
66.009
65.842
65.616
65.243
64.945
65.364
65.616
65.79
65.875
65.875
65.79
65.616
65.364
64.945
64.417
64.945
65.243
65.421
65.511
65.511
65.421
65.243
64.945
64.417
71.359
71.787
72.027
72.171
72.243
72.243
72.171
72.027
71.787
71.359
71.787
72.125
72.328
72.469
72.537
72.537
72.469
72.328
72.125
71.787
72.027
72.328
72.51
72.645
72.71
72.71
72.645
72.51
72.328
72.027
72.171
72.469
72.645
72.772
72.835
72.835
72.772
72.645
72.469
72.171
72.243
72.537
72.71
72.835
72.896
72.896
72.835
72.71
72.537
72.243
72.243
72.537
72.71
72.835
72.896
72.896
72.835
72.71
72.537
72.243
72.171
72.469
72.645
72.772
72.835
72.835
72.772
72.645
72.469
72.171
72.027
72.328
72.51
72.645
72.71
72.71
72.645
72.51
72.328
72.027
71.787
72.125
72.328
72.469
72.537
72.537
72.469
72.328
72.125
71.787
71.359
71.787
72.027
72.171
72.243
72.243
72.171
72.027
71.787
71.359
79.015
79.329
79.506
79.612
79.665
79.665
79.612
79.506
79.329
79.015
79.329
79.578
79.727
79.83
79.881
79.881
79.83
79.727
79.578
79.329
79.506
79.727
79.861
79.96
80.008
80.008
79.96
79.861
79.727
79.506
79.612
79.83
79.96
80.053
80.099
80.099
80.053
79.96
79.83
79.612
79.665
79.881
80.008
80.099
80.144
80.144
80.099
80.008
79.881
79.665
79.665
79.881
80.008
80.099
80.144
80.144
80.099
80.008
79.881
79.665
79.612
79.83
79.96
80.053
80.099
80.099
80.053
79.96
79.83
79.612
79.506
79.727
79.861
79.96
80.008
80.008
79.96
79.861
79.727
79.506
79.329
79.578
79.727
79.83
79.881
79.881
79.83
79.727
79.578
79.329
79.015
79.329
79.506
79.612
79.665
79.665
79.612
79.506
79.329
79.015
87.195
87.387
87.495
87.56
87.593
87.593
87.56
87.495
87.387
87.195
87.387
87.539
87.631
87.694
87.724
87.724
87.694
87.631
87.539
87.387
87.495
87.631
87.712
87.773
87.802
87.802
87.773
87.712
87.631
87.495
87.56
87.694
87.773
87.83
87.858
87.858
87.83
87.773
87.694
87.56
87.593
87.724
87.802
87.858
87.886
87.886
87.858
87.802
87.724
87.593
87.593
87.724
87.802
87.858
87.886
87.886
87.858
87.802
87.724
87.593
87.56
87.694
87.773
87.83
87.858
87.858
87.83
87.773
87.694
87.56
87.495
87.631
87.712
87.773
87.802
87.802
87.773
87.712
87.631
87.495
87.387
87.539
87.631
87.694
87.724
87.724
87.694
87.631
87.539
87.387
87.195
87.387
87.495
87.56
87.593
87.593
87.56
87.495
87.387
87.195
95.696
95.76
95.797
95.819
95.83
95.83
95.819
95.797
95.76
95.696
95.76
95.812
95.842
95.864
95.874
95.874
95.864
95.842
95.812
95.76
95.797
95.842
95.87
95.89
95.9
95.9
95.89
95.87
95.842
95.797
95.819
95.864
95.89
95.909
95.919
95.919
95.909
95.89
95.864
95.819
95.83
95.874
95.9
95.919
95.928
95.928
95.919
95.9
95.874
95.83
95.83
95.874
95.9
95.919
95.928
95.928
95.919
95.9
95.874
95.83
95.819
95.864
95.89
95.909
95.919
95.919
95.909
95.89
95.864
95.819
95.797
95.842
95.87
95.89
95.9
95.9
95.89
95.87
95.842
95.797
95.76
95.812
95.842
95.864
95.874
95.874
95.864
95.842
95.812
95.76
95.696
95.76
95.797
95.819
95.83
95.83
95.819
95.797
95.76
95.696
104.3
104.24
104.2
104.18
104.17
104.17
104.18
104.2
104.24
104.3
104.24
104.19
104.16
104.14
104.13
104.13
104.14
104.16
104.19
104.24
104.2
104.16
104.13
104.11
104.1
104.1
104.11
104.13
104.16
104.2
104.18
104.14
104.11
104.09
104.08
104.08
104.09
104.11
104.14
104.18
104.17
104.13
104.1
104.08
104.07
104.07
104.08
104.1
104.13
104.17
104.17
104.13
104.1
104.08
104.07
104.07
104.08
104.1
104.13
104.17
104.18
104.14
104.11
104.09
104.08
104.08
104.09
104.11
104.14
104.18
104.2
104.16
104.13
104.11
104.1
104.1
104.11
104.13
104.16
104.2
104.24
104.19
104.16
104.14
104.13
104.13
104.14
104.16
104.19
104.24
104.3
104.24
104.2
104.18
104.17
104.17
104.18
104.2
104.24
104.3
112.8
112.61
112.5
112.44
112.4
112.4
112.44
112.5
112.61
112.8
112.61
112.45
112.36
112.3
112.27
112.27
112.3
112.36
112.45
112.61
112.5
112.36
112.28
112.22
112.19
112.19
112.22
112.28
112.36
112.5
112.44
112.3
112.22
112.16
112.13
112.13
112.16
112.22
112.3
112.44
112.4
112.27
112.19
112.13
112.11
112.11
112.13
112.19
112.27
112.4
112.4
112.27
112.19
112.13
112.11
112.11
112.13
112.19
112.27
112.4
112.44
112.3
112.22
112.16
112.13
112.13
112.16
112.22
112.3
112.44
112.5
112.36
112.28
112.22
112.19
112.19
112.22
112.28
112.36
112.5
112.61
112.45
112.36
112.3
112.27
112.27
112.3
112.36
112.45
112.61
112.8
112.61
112.5
112.44
112.4
112.4
112.44
112.5
112.61
112.8
120.98
120.66
120.49
120.38
120.33
120.33
120.38
120.49
120.66
120.98
120.66
120.41
120.26
120.16
120.11
120.11
120.16
120.26
120.41
120.66
120.49
120.26
120.13
120.03
119.98
119.98
120.03
120.13
120.26
120.49
120.38
120.16
120.03
119.93
119.89
119.89
119.93
120.03
120.16
120.38
120.33
120.11
119.98
119.89
119.84
119.84
119.89
119.98
120.11
120.33
120.33
120.11
119.98
119.89
119.84
119.84
119.89
119.98
120.11
120.33
120.38
120.16
120.03
119.93
119.89
119.89
119.93
120.03
120.16
120.38
120.49
120.26
120.13
120.03
119.98
119.98
120.03
120.13
120.26
120.49
120.66
120.41
120.26
120.16
120.11
120.11
120.16
120.26
120.41
120.66
120.98
120.66
120.49
120.38
120.33
120.33
120.38
120.49
120.66
120.98
