114.25
114.04
113.92
113.85
113.81
113.81
113.85
113.92
114.04
114.25
114.04
113.87
113.77
113.7
113.66
113.66
113.7
113.77
113.87
114.04
113.92
113.77
113.68
113.61
113.58
113.58
113.61
113.68
113.77
113.92
113.85
113.7
113.61
113.55
113.52
113.52
113.55
113.61
113.7
113.85
113.81
113.66
113.58
113.52
113.49
113.49
113.52
113.58
113.66
113.81
113.81
113.66
113.58
113.52
113.49
113.49
113.52
113.58
113.66
113.81
113.85
113.7
113.61
113.55
113.52
113.52
113.55
113.61
113.7
113.85
113.92
113.77
113.68
113.61
113.58
113.58
113.61
113.68
113.77
113.92
114.04
113.87
113.77
113.7
113.66
113.66
113.7
113.77
113.87
114.04
114.25
114.04
113.92
113.85
113.81
113.81
113.85
113.92
114.04
114.25
108.69
108.56
108.49
108.45
108.43
108.43
108.45
108.49
108.56
108.69
108.56
108.46
108.4
108.36
108.34
108.34
108.36
108.4
108.46
108.56
108.49
108.4
108.34
108.3
108.28
108.28
108.3
108.34
108.4
108.49
108.45
108.36
108.3
108.26
108.25
108.25
108.26
108.3
108.36
108.45
108.43
108.34
108.28
108.25
108.23
108.23
108.25
108.28
108.34
108.43
108.43
108.34
108.28
108.25
108.23
108.23
108.25
108.28
108.34
108.43
108.45
108.36
108.3
108.26
108.25
108.25
108.26
108.3
108.36
108.45
108.49
108.4
108.34
108.3
108.28
108.28
108.3
108.34
108.4
108.49
108.56
108.46
108.4
108.36
108.34
108.34
108.36
108.4
108.46
108.56
108.69
108.56
108.49
108.45
108.43
108.43
108.45
108.49
108.56
108.69
102.92
102.88
102.85
102.84
102.83
102.83
102.84
102.85
102.88
102.92
102.88
102.84
102.82
102.81
102.8
102.8
102.81
102.82
102.84
102.88
102.85
102.82
102.81
102.79
102.79
102.79
102.79
102.81
102.82
102.85
102.84
102.81
102.79
102.78
102.77
102.77
102.78
102.79
102.81
102.84
102.83
102.8
102.79
102.77
102.77
102.77
102.77
102.79
102.8
102.83
102.83
102.8
102.79
102.77
102.77
102.77
102.77
102.79
102.8
102.83
102.84
102.81
102.79
102.78
102.77
102.77
102.78
102.79
102.81
102.84
102.85
102.82
102.81
102.79
102.79
102.79
102.79
102.81
102.82
102.85
102.88
102.84
102.82
102.81
102.8
102.8
102.81
102.82
102.84
102.88
102.92
102.88
102.85
102.84
102.83
102.83
102.84
102.85
102.88
102.92
97.078
97.121
97.145
97.16
97.167
97.167
97.16
97.145
97.121
97.078
97.121
97.155
97.176
97.19
97.197
97.197
97.19
97.176
97.155
97.121
97.145
97.176
97.194
97.208
97.215
97.215
97.208
97.194
97.176
97.145
97.16
97.19
97.208
97.221
97.227
97.227
97.221
97.208
97.19
97.16
97.167
97.197
97.215
97.227
97.233
97.233
97.227
97.215
97.197
97.167
97.167
97.197
97.215
97.227
97.233
97.233
97.227
97.215
97.197
97.167
97.16
97.19
97.208
97.221
97.227
97.227
97.221
97.208
97.19
97.16
97.145
97.176
97.194
97.208
97.215
97.215
97.208
97.194
97.176
97.145
97.121
97.155
97.176
97.19
97.197
97.197
97.19
97.176
97.155
97.121
97.078
97.121
97.145
97.16
97.167
97.167
97.16
97.145
97.121
97.078
91.306
91.434
91.506
91.55
91.572
91.572
91.55
91.506
91.434
91.306
91.434
91.536
91.597
91.639
91.66
91.66
91.639
91.597
91.536
91.434
91.506
91.597
91.652
91.693
91.712
91.712
91.693
91.652
91.597
91.506
91.55
91.639
91.693
91.731
91.75
91.75
91.731
91.693
91.639
91.55
91.572
91.66
91.712
91.75
91.768
91.768
91.75
91.712
91.66
91.572
91.572
91.66
91.712
91.75
91.768
91.768
91.75
91.712
91.66
91.572
91.55
91.639
91.693
91.731
91.75
91.75
91.731
91.693
91.639
91.55
91.506
91.597
91.652
91.693
91.712
91.712
91.693
91.652
91.597
91.506
91.434
91.536
91.597
91.639
91.66
91.66
91.639
91.597
91.536
91.434
91.306
91.434
91.506
91.55
91.572
91.572
91.55
91.506
91.434
91.306
85.749
85.959
86.077
86.148
86.184
86.184
86.148
86.077
85.959
85.749
85.959
86.125
86.226
86.295
86.329
86.329
86.295
86.226
86.125
85.959
86.077
86.226
86.316
86.382
86.414
86.414
86.382
86.316
86.226
86.077
86.148
86.295
86.382
86.445
86.476
86.476
86.445
86.382
86.295
86.148
86.184
86.329
86.414
86.476
86.506
86.506
86.476
86.414
86.329
86.184
86.184
86.329
86.414
86.476
86.506
86.506
86.476
86.414
86.329
86.184
86.148
86.295
86.382
86.445
86.476
86.476
86.445
86.382
86.295
86.148
86.077
86.226
86.316
86.382
86.414
86.414
86.382
86.316
86.226
86.077
85.959
86.125
86.226
86.295
86.329
86.329
86.295
86.226
86.125
85.959
85.749
85.959
86.077
86.148
86.184
86.184
86.148
86.077
85.959
85.749
80.542
80.829
80.99
81.087
81.136
81.136
81.087
80.99
80.829
80.542
80.829
81.057
81.193
81.288
81.334
81.334
81.288
81.193
81.057
80.829
80.99
81.193
81.316
81.407
81.451
81.451
81.407
81.316
81.193
80.99
81.087
81.288
81.407
81.492
81.535
81.535
81.492
81.407
81.288
81.087
81.136
81.334
81.451
81.535
81.576
81.576
81.535
81.451
81.334
81.136
81.136
81.334
81.451
81.535
81.576
81.576
81.535
81.451
81.334
81.136
81.087
81.288
81.407
81.492
81.535
81.535
81.492
81.407
81.288
81.087
80.99
81.193
81.316
81.407
81.451
81.451
81.407
81.316
81.193
80.99
80.829
81.057
81.193
81.288
81.334
81.334
81.288
81.193
81.057
80.829
80.542
80.829
80.99
81.087
81.136
81.136
81.087
80.99
80.829
80.542
75.815
76.172
76.372
76.493
76.553
76.553
76.493
76.372
76.172
75.815
76.172
76.454
76.625
76.742
76.799
76.799
76.742
76.625
76.454
76.172
76.372
76.625
76.777
76.89
76.944
76.944
76.89
76.777
76.625
76.372
76.493
76.742
76.89
76.996
77.049
77.049
76.996
76.89
76.742
76.493
76.553
76.799
76.944
77.049
77.1
77.1
77.049
76.944
76.799
76.553
76.553
76.799
76.944
77.049
77.1
77.1
77.049
76.944
76.799
76.553
76.493
76.742
76.89
76.996
77.049
77.049
76.996
76.89
76.742
76.493
76.372
76.625
76.777
76.89
76.944
76.944
76.89
76.777
76.625
76.372
76.172
76.454
76.625
76.742
76.799
76.799
76.742
76.625
76.454
76.172
75.815
76.172
76.372
76.493
76.553
76.553
76.493
76.372
76.172
75.815
71.684
72.101
72.336
72.477
72.548
72.548
72.477
72.336
72.101
71.684
72.101
72.432
72.631
72.769
72.836
72.836
72.769
72.631
72.432
72.101
72.336
72.631
72.81
72.942
73.006
73.006
72.942
72.81
72.631
72.336
72.477
72.769
72.942
73.066
73.128
73.128
73.066
72.942
72.769
72.477
72.548
72.836
73.006
73.128
73.188
73.188
73.128
73.006
72.836
72.548
72.548
72.836
73.006
73.128
73.188
73.188
73.128
73.006
72.836
72.548
72.477
72.769
72.942
73.066
73.128
73.128
73.066
72.942
72.769
72.477
72.336
72.631
72.81
72.942
73.006
73.006
72.942
72.81
72.631
72.336
72.101
72.432
72.631
72.769
72.836
72.836
72.769
72.631
72.432
72.101
71.684
72.101
72.336
72.477
72.548
72.548
72.477
72.336
72.101
71.684
68.25
68.718
68.981
69.139
69.219
69.219
69.139
68.981
68.718
68.25
68.718
69.089
69.312
69.466
69.541
69.541
69.466
69.312
69.089
68.718
68.981
69.312
69.512
69.66
69.732
69.732
69.66
69.512
69.312
68.981
69.139
69.466
69.66
69.8
69.869
69.869
69.8
69.66
69.466
69.139
69.219
69.541
69.732
69.869
69.936
69.936
69.869
69.732
69.541
69.219
69.219
69.541
69.732
69.869
69.936
69.936
69.869
69.732
69.541
69.219
69.139
69.466
69.66
69.8
69.869
69.869
69.8
69.66
69.466
69.139
68.981
69.312
69.512
69.66
69.732
69.732
69.66
69.512
69.312
68.981
68.718
69.089
69.312
69.466
69.541
69.541
69.466
69.312
69.089
68.718
68.25
68.718
68.981
69.139
69.219
69.219
69.139
68.981
68.718
68.25
65.599
66.105
66.39
66.561
66.647
66.647
66.561
66.39
66.105
65.599
66.105
66.507
66.749
66.916
66.997
66.997
66.916
66.749
66.507
66.105
66.39
66.749
66.966
67.126
67.204
67.204
67.126
66.966
66.749
66.39
66.561
66.916
67.126
67.277
67.352
67.352
67.277
67.126
66.916
66.561
66.647
66.997
67.204
67.352
67.425
67.425
67.352
67.204
66.997
66.647
66.647
66.997
67.204
67.352
67.425
67.425
67.352
67.204
66.997
66.647
66.561
66.916
67.126
67.277
67.352
67.352
67.277
67.126
66.916
66.561
66.39
66.749
66.966
67.126
67.204
67.204
67.126
66.966
66.749
66.39
66.105
66.507
66.749
66.916
66.997
66.997
66.916
66.749
66.507
66.105
65.599
66.105
66.39
66.561
66.647
66.647
66.561
66.39
66.105
65.599
63.794
64.327
64.627
64.807
64.897
64.897
64.807
64.627
64.327
63.794
64.327
64.75
65.004
65.18
65.265
65.265
65.18
65.004
64.75
64.327
64.627
65.004
65.232
65.401
65.483
65.483
65.401
65.232
65.004
64.627
64.807
65.18
65.401
65.56
65.639
65.639
65.56
65.401
65.18
64.807
64.897
65.265
65.483
65.639
65.716
65.716
65.639
65.483
65.265
64.897
64.897
65.265
65.483
65.639
65.716
65.716
65.639
65.483
65.265
64.897
64.807
65.18
65.401
65.56
65.639
65.639
65.56
65.401
65.18
64.807
64.627
65.004
65.232
65.401
65.483
65.483
65.401
65.232
65.004
64.627
64.327
64.75
65.004
65.18
65.265
65.265
65.18
65.004
64.75
64.327
63.794
64.327
64.627
64.807
64.897
64.897
64.807
64.627
64.327
63.794
62.88
63.426
63.734
63.919
64.011
64.011
63.919
63.734
63.426
62.88
63.426
63.86
64.121
64.301
64.389
64.389
64.301
64.121
63.86
63.426
63.734
64.121
64.355
64.527
64.612
64.612
64.527
64.355
64.121
63.734
63.919
64.301
64.527
64.691
64.772
64.772
64.691
64.527
64.301
63.919
64.011
64.389
64.612
64.772
64.85
64.85
64.772
64.612
64.389
64.011
64.011
64.389
64.612
64.772
64.85
64.85
64.772
64.612
64.389
64.011
63.919
64.301
64.527
64.691
64.772
64.772
64.691
64.527
64.301
63.919
63.734
64.121
64.355
64.527
64.612
64.612
64.527
64.355
64.121
63.734
63.426
63.86
64.121
64.301
64.389
64.389
64.301
64.121
63.86
63.426
62.88
63.426
63.734
63.919
64.011
64.011
63.919
63.734
63.426
62.88
62.88
63.426
63.734
63.919
64.011
64.011
63.919
63.734
63.426
62.88
63.426
63.86
64.121
64.301
64.389
64.389
64.301
64.121
63.86
63.426
63.734
64.121
64.355
64.527
64.612
64.612
64.527
64.355
64.121
63.734
63.919
64.301
64.527
64.691
64.772
64.772
64.691
64.527
64.301
63.919
64.011
64.389
64.612
64.772
64.85
64.85
64.772
64.612
64.389
64.011
64.011
64.389
64.612
64.772
64.85
64.85
64.772
64.612
64.389
64.011
63.919
64.301
64.527
64.691
64.772
64.772
64.691
64.527
64.301
63.919
63.734
64.121
64.355
64.527
64.612
64.612
64.527
64.355
64.121
63.734
63.426
63.86
64.121
64.301
64.389
64.389
64.301
64.121
63.86
63.426
62.88
63.426
63.734
63.919
64.011
64.011
63.919
63.734
63.426
62.88
63.794
64.327
64.627
64.807
64.897
64.897
64.807
64.627
64.327
63.794
64.327
64.75
65.004
65.18
65.265
65.265
65.18
65.004
64.75
64.327
64.627
65.004
65.232
65.401
65.483
65.483
65.401
65.232
65.004
64.627
64.807
65.18
65.401
65.56
65.639
65.639
65.56
65.401
65.18
64.807
64.897
65.265
65.483
65.639
65.716
65.716
65.639
65.483
65.265
64.897
64.897
65.265
65.483
65.639
65.716
65.716
65.639
65.483
65.265
64.897
64.807
65.18
65.401
65.56
65.639
65.639
65.56
65.401
65.18
64.807
64.627
65.004
65.232
65.401
65.483
65.483
65.401
65.232
65.004
64.627
64.327
64.75
65.004
65.18
65.265
65.265
65.18
65.004
64.75
64.327
63.794
64.327
64.627
64.807
64.897
64.897
64.807
64.627
64.327
63.794
65.599
66.105
66.39
66.561
66.647
66.647
66.561
66.39
66.105
65.599
66.105
66.507
66.749
66.916
66.997
66.997
66.916
66.749
66.507
66.105
66.39
66.749
66.966
67.126
67.204
67.204
67.126
66.966
66.749
66.39
66.561
66.916
67.126
67.277
67.352
67.352
67.277
67.126
66.916
66.561
66.647
66.997
67.204
67.352
67.425
67.425
67.352
67.204
66.997
66.647
66.647
66.997
67.204
67.352
67.425
67.425
67.352
67.204
66.997
66.647
66.561
66.916
67.126
67.277
67.352
67.352
67.277
67.126
66.916
66.561
66.39
66.749
66.966
67.126
67.204
67.204
67.126
66.966
66.749
66.39
66.105
66.507
66.749
66.916
66.997
66.997
66.916
66.749
66.507
66.105
65.599
66.105
66.39
66.561
66.647
66.647
66.561
66.39
66.105
65.599
68.25
68.718
68.981
69.139
69.219
69.219
69.139
68.981
68.718
68.25
68.718
69.089
69.312
69.466
69.541
69.541
69.466
69.312
69.089
68.718
68.981
69.312
69.512
69.66
69.732
69.732
69.66
69.512
69.312
68.981
69.139
69.466
69.66
69.8
69.869
69.869
69.8
69.66
69.466
69.139
69.219
69.541
69.732
69.869
69.936
69.936
69.869
69.732
69.541
69.219
69.219
69.541
69.732
69.869
69.936
69.936
69.869
69.732
69.541
69.219
69.139
69.466
69.66
69.8
69.869
69.869
69.8
69.66
69.466
69.139
68.981
69.312
69.512
69.66
69.732
69.732
69.66
69.512
69.312
68.981
68.718
69.089
69.312
69.466
69.541
69.541
69.466
69.312
69.089
68.718
68.25
68.718
68.981
69.139
69.219
69.219
69.139
68.981
68.718
68.25
71.684
72.101
72.336
72.477
72.548
72.548
72.477
72.336
72.101
71.684
72.101
72.432
72.631
72.769
72.836
72.836
72.769
72.631
72.432
72.101
72.336
72.631
72.81
72.942
73.006
73.006
72.942
72.81
72.631
72.336
72.477
72.769
72.942
73.066
73.128
73.128
73.066
72.942
72.769
72.477
72.548
72.836
73.006
73.128
73.188
73.188
73.128
73.006
72.836
72.548
72.548
72.836
73.006
73.128
73.188
73.188
73.128
73.006
72.836
72.548
72.477
72.769
72.942
73.066
73.128
73.128
73.066
72.942
72.769
72.477
72.336
72.631
72.81
72.942
73.006
73.006
72.942
72.81
72.631
72.336
72.101
72.432
72.631
72.769
72.836
72.836
72.769
72.631
72.432
72.101
71.684
72.101
72.336
72.477
72.548
72.548
72.477
72.336
72.101
71.684
75.815
76.172
76.372
76.493
76.553
76.553
76.493
76.372
76.172
75.815
76.172
76.454
76.625
76.742
76.799
76.799
76.742
76.625
76.454
76.172
76.372
76.625
76.777
76.89
76.944
76.944
76.89
76.777
76.625
76.372
76.493
76.742
76.89
76.996
77.049
77.049
76.996
76.89
76.742
76.493
76.553
76.799
76.944
77.049
77.1
77.1
77.049
76.944
76.799
76.553
76.553
76.799
76.944
77.049
77.1
77.1
77.049
76.944
76.799
76.553
76.493
76.742
76.89
76.996
77.049
77.049
76.996
76.89
76.742
76.493
76.372
76.625
76.777
76.89
76.944
76.944
76.89
76.777
76.625
76.372
76.172
76.454
76.625
76.742
76.799
76.799
76.742
76.625
76.454
76.172
75.815
76.172
76.372
76.493
76.553
76.553
76.493
76.372
76.172
75.815
80.542
80.829
80.99
81.087
81.136
81.136
81.087
80.99
80.829
80.542
80.829
81.057
81.193
81.288
81.334
81.334
81.288
81.193
81.057
80.829
80.99
81.193
81.316
81.407
81.451
81.451
81.407
81.316
81.193
80.99
81.087
81.288
81.407
81.492
81.535
81.535
81.492
81.407
81.288
81.087
81.136
81.334
81.451
81.535
81.576
81.576
81.535
81.451
81.334
81.136
81.136
81.334
81.451
81.535
81.576
81.576
81.535
81.451
81.334
81.136
81.087
81.288
81.407
81.492
81.535
81.535
81.492
81.407
81.288
81.087
80.99
81.193
81.316
81.407
81.451
81.451
81.407
81.316
81.193
80.99
80.829
81.057
81.193
81.288
81.334
81.334
81.288
81.193
81.057
80.829
80.542
80.829
80.99
81.087
81.136
81.136
81.087
80.99
80.829
80.542
85.749
85.959
86.077
86.148
86.184
86.184
86.148
86.077
85.959
85.749
85.959
86.125
86.226
86.295
86.329
86.329
86.295
86.226
86.125
85.959
86.077
86.226
86.316
86.382
86.414
86.414
86.382
86.316
86.226
86.077
86.148
86.295
86.382
86.445
86.476
86.476
86.445
86.382
86.295
86.148
86.184
86.329
86.414
86.476
86.506
86.506
86.476
86.414
86.329
86.184
86.184
86.329
86.414
86.476
86.506
86.506
86.476
86.414
86.329
86.184
86.148
86.295
86.382
86.445
86.476
86.476
86.445
86.382
86.295
86.148
86.077
86.226
86.316
86.382
86.414
86.414
86.382
86.316
86.226
86.077
85.959
86.125
86.226
86.295
86.329
86.329
86.295
86.226
86.125
85.959
85.749
85.959
86.077
86.148
86.184
86.184
86.148
86.077
85.959
85.749
91.306
91.434
91.506
91.55
91.572
91.572
91.55
91.506
91.434
91.306
91.434
91.536
91.597
91.639
91.66
91.66
91.639
91.597
91.536
91.434
91.506
91.597
91.652
91.693
91.712
91.712
91.693
91.652
91.597
91.506
91.55
91.639
91.693
91.731
91.75
91.75
91.731
91.693
91.639
91.55
91.572
91.66
91.712
91.75
91.768
91.768
91.75
91.712
91.66
91.572
91.572
91.66
91.712
91.75
91.768
91.768
91.75
91.712
91.66
91.572
91.55
91.639
91.693
91.731
91.75
91.75
91.731
91.693
91.639
91.55
91.506
91.597
91.652
91.693
91.712
91.712
91.693
91.652
91.597
91.506
91.434
91.536
91.597
91.639
91.66
91.66
91.639
91.597
91.536
91.434
91.306
91.434
91.506
91.55
91.572
91.572
91.55
91.506
91.434
91.306
97.078
97.121
97.145
97.16
97.167
97.167
97.16
97.145
97.121
97.078
97.121
97.155
97.176
97.19
97.197
97.197
97.19
97.176
97.155
97.121
97.145
97.176
97.194
97.208
97.215
97.215
97.208
97.194
97.176
97.145
97.16
97.19
97.208
97.221
97.227
97.227
97.221
97.208
97.19
97.16
97.167
97.197
97.215
97.227
97.233
97.233
97.227
97.215
97.197
97.167
97.167
97.197
97.215
97.227
97.233
97.233
97.227
97.215
97.197
97.167
97.16
97.19
97.208
97.221
97.227
97.227
97.221
97.208
97.19
97.16
97.145
97.176
97.194
97.208
97.215
97.215
97.208
97.194
97.176
97.145
97.121
97.155
97.176
97.19
97.197
97.197
97.19
97.176
97.155
97.121
97.078
97.121
97.145
97.16
97.167
97.167
97.16
97.145
97.121
97.078
102.92
102.88
102.85
102.84
102.83
102.83
102.84
102.85
102.88
102.92
102.88
102.84
102.82
102.81
102.8
102.8
102.81
102.82
102.84
102.88
102.85
102.82
102.81
102.79
102.79
102.79
102.79
102.81
102.82
102.85
102.84
102.81
102.79
102.78
102.77
102.77
102.78
102.79
102.81
102.84
102.83
102.8
102.79
102.77
102.77
102.77
102.77
102.79
102.8
102.83
102.83
102.8
102.79
102.77
102.77
102.77
102.77
102.79
102.8
102.83
102.84
102.81
102.79
102.78
102.77
102.77
102.78
102.79
102.81
102.84
102.85
102.82
102.81
102.79
102.79
102.79
102.79
102.81
102.82
102.85
102.88
102.84
102.82
102.81
102.8
102.8
102.81
102.82
102.84
102.88
102.92
102.88
102.85
102.84
102.83
102.83
102.84
102.85
102.88
102.92
108.69
108.56
108.49
108.45
108.43
108.43
108.45
108.49
108.56
108.69
108.56
108.46
108.4
108.36
108.34
108.34
108.36
108.4
108.46
108.56
108.49
108.4
108.34
108.3
108.28
108.28
108.3
108.34
108.4
108.49
108.45
108.36
108.3
108.26
108.25
108.25
108.26
108.3
108.36
108.45
108.43
108.34
108.28
108.25
108.23
108.23
108.25
108.28
108.34
108.43
108.43
108.34
108.28
108.25
108.23
108.23
108.25
108.28
108.34
108.43
108.45
108.36
108.3
108.26
108.25
108.25
108.26
108.3
108.36
108.45
108.49
108.4
108.34
108.3
108.28
108.28
108.3
108.34
108.4
108.49
108.56
108.46
108.4
108.36
108.34
108.34
108.36
108.4
108.46
108.56
108.69
108.56
108.49
108.45
108.43
108.43
108.45
108.49
108.56
108.69
114.25
114.04
113.92
113.85
113.81
113.81
113.85
113.92
114.04
114.25
114.04
113.87
113.77
113.7
113.66
113.66
113.7
113.77
113.87
114.04
113.92
113.77
113.68
113.61
113.58
113.58
113.61
113.68
113.77
113.92
113.85
113.7
113.61
113.55
113.52
113.52
113.55
113.61
113.7
113.85
113.81
113.66
113.58
113.52
113.49
113.49
113.52
113.58
113.66
113.81
113.81
113.66
113.58
113.52
113.49
113.49
113.52
113.58
113.66
113.81
113.85
113.7
113.61
113.55
113.52
113.52
113.55
113.61
113.7
113.85
113.92
113.77
113.68
113.61
113.58
113.58
113.61
113.68
113.77
113.92
114.04
113.87
113.77
113.7
113.66
113.66
113.7
113.77
113.87
114.04
114.25
114.04
113.92
113.85
113.81
113.81
113.85
113.92
114.04
114.25
