112.08
111.9
111.8
111.74
111.71
111.71
111.74
111.8
111.9
112.08
111.9
111.76
111.67
111.61
111.58
111.58
111.61
111.67
111.76
111.9
111.8
111.67
111.59
111.54
111.51
111.51
111.54
111.59
111.67
111.8
111.74
111.61
111.54
111.48
111.46
111.46
111.48
111.54
111.61
111.74
111.71
111.58
111.51
111.46
111.43
111.43
111.46
111.51
111.58
111.71
111.71
111.58
111.51
111.46
111.43
111.43
111.46
111.51
111.58
111.71
111.74
111.61
111.54
111.48
111.46
111.46
111.48
111.54
111.61
111.74
111.8
111.67
111.59
111.54
111.51
111.51
111.54
111.59
111.67
111.8
111.9
111.76
111.67
111.61
111.58
111.58
111.61
111.67
111.76
111.9
112.08
111.9
111.8
111.74
111.71
111.71
111.74
111.8
111.9
112.08
107.37
107.26
107.2
107.16
107.14
107.14
107.16
107.2
107.26
107.37
107.26
107.17
107.12
107.08
107.07
107.07
107.08
107.12
107.17
107.26
107.2
107.12
107.07
107.04
107.02
107.02
107.04
107.07
107.12
107.2
107.16
107.08
107.04
107.01
106.99
106.99
107.01
107.04
107.08
107.16
107.14
107.07
107.02
106.99
106.97
106.97
106.99
107.02
107.07
107.14
107.14
107.07
107.02
106.99
106.97
106.97
106.99
107.02
107.07
107.14
107.16
107.08
107.04
107.01
106.99
106.99
107.01
107.04
107.08
107.16
107.2
107.12
107.07
107.04
107.02
107.02
107.04
107.07
107.12
107.2
107.26
107.17
107.12
107.08
107.07
107.07
107.08
107.12
107.17
107.26
107.37
107.26
107.2
107.16
107.14
107.14
107.16
107.2
107.26
107.37
102.48
102.44
102.42
102.41
102.4
102.4
102.41
102.42
102.44
102.48
102.44
102.41
102.39
102.38
102.38
102.38
102.38
102.39
102.41
102.44
102.42
102.39
102.38
102.37
102.36
102.36
102.37
102.38
102.39
102.42
102.41
102.38
102.37
102.36
102.35
102.35
102.36
102.37
102.38
102.41
102.4
102.38
102.36
102.35
102.35
102.35
102.35
102.36
102.38
102.4
102.4
102.38
102.36
102.35
102.35
102.35
102.35
102.36
102.38
102.4
102.41
102.38
102.37
102.36
102.35
102.35
102.36
102.37
102.38
102.41
102.42
102.39
102.38
102.37
102.36
102.36
102.37
102.38
102.39
102.42
102.44
102.41
102.39
102.38
102.38
102.38
102.38
102.39
102.41
102.44
102.48
102.44
102.42
102.41
102.4
102.4
102.41
102.42
102.44
102.48
97.523
97.559
97.58
97.592
97.599
97.599
97.592
97.58
97.559
97.523
97.559
97.588
97.606
97.618
97.624
97.624
97.618
97.606
97.588
97.559
97.58
97.606
97.621
97.633
97.639
97.639
97.633
97.621
97.606
97.58
97.592
97.618
97.633
97.644
97.649
97.649
97.644
97.633
97.618
97.592
97.599
97.624
97.639
97.649
97.655
97.655
97.649
97.639
97.624
97.599
97.599
97.624
97.639
97.649
97.655
97.655
97.649
97.639
97.624
97.599
97.592
97.618
97.633
97.644
97.649
97.649
97.644
97.633
97.618
97.592
97.58
97.606
97.621
97.633
97.639
97.639
97.633
97.621
97.606
97.58
97.559
97.588
97.606
97.618
97.624
97.624
97.618
97.606
97.588
97.559
97.523
97.559
97.58
97.592
97.599
97.599
97.592
97.58
97.559
97.523
92.63
92.738
92.8
92.836
92.855
92.855
92.836
92.8
92.738
92.63
92.738
92.825
92.876
92.912
92.93
92.93
92.912
92.876
92.825
92.738
92.8
92.876
92.923
92.957
92.974
92.974
92.957
92.923
92.876
92.8
92.836
92.912
92.957
92.99
93.006
93.006
92.99
92.957
92.912
92.836
92.855
92.93
92.974
93.006
93.021
93.021
93.006
92.974
92.93
92.855
92.855
92.93
92.974
93.006
93.021
93.021
93.006
92.974
92.93
92.855
92.836
92.912
92.957
92.99
93.006
93.006
92.99
92.957
92.912
92.836
92.8
92.876
92.923
92.957
92.974
92.974
92.957
92.923
92.876
92.8
92.738
92.825
92.876
92.912
92.93
92.93
92.912
92.876
92.825
92.738
92.63
92.738
92.8
92.836
92.855
92.855
92.836
92.8
92.738
92.63
87.918
88.096
88.196
88.257
88.287
88.287
88.257
88.196
88.096
87.918
88.096
88.238
88.323
88.381
88.41
88.41
88.381
88.323
88.238
88.096
88.196
88.323
88.399
88.455
88.482
88.482
88.455
88.399
88.323
88.196
88.257
88.381
88.455
88.508
88.534
88.534
88.508
88.455
88.381
88.257
88.287
88.41
88.482
88.534
88.56
88.56
88.534
88.482
88.41
88.287
88.287
88.41
88.482
88.534
88.56
88.56
88.534
88.482
88.41
88.287
88.257
88.381
88.455
88.508
88.534
88.534
88.508
88.455
88.381
88.257
88.196
88.323
88.399
88.455
88.482
88.482
88.455
88.399
88.323
88.196
88.096
88.238
88.323
88.381
88.41
88.41
88.381
88.323
88.238
88.096
87.918
88.096
88.196
88.257
88.287
88.287
88.257
88.196
88.096
87.918
83.504
83.747
83.884
83.966
84.007
84.007
83.966
83.884
83.747
83.504
83.747
83.94
84.056
84.136
84.175
84.175
84.136
84.056
83.94
83.747
83.884
84.056
84.16
84.237
84.274
84.274
84.237
84.16
84.056
83.884
83.966
84.136
84.237
84.31
84.345
84.345
84.31
84.237
84.136
83.966
84.007
84.175
84.274
84.345
84.38
84.38
84.345
84.274
84.175
84.007
84.007
84.175
84.274
84.345
84.38
84.38
84.345
84.274
84.175
84.007
83.966
84.136
84.237
84.31
84.345
84.345
84.31
84.237
84.136
83.966
83.884
84.056
84.16
84.237
84.274
84.274
84.237
84.16
84.056
83.884
83.747
83.94
84.056
84.136
84.175
84.175
84.136
84.056
83.94
83.747
83.504
83.747
83.884
83.966
84.007
84.007
83.966
83.884
83.747
83.504
79.497
79.799
79.969
80.071
80.122
80.122
80.071
79.969
79.799
79.497
79.799
80.038
80.182
80.282
80.33
80.33
80.282
80.182
80.038
79.799
79.969
80.182
80.312
80.407
80.454
80.454
80.407
80.312
80.182
79.969
80.071
80.282
80.407
80.497
80.542
80.542
80.497
80.407
80.282
80.071
80.122
80.33
80.454
80.542
80.586
80.586
80.542
80.454
80.33
80.122
80.122
80.33
80.454
80.542
80.586
80.586
80.542
80.454
80.33
80.122
80.071
80.282
80.407
80.497
80.542
80.542
80.497
80.407
80.282
80.071
79.969
80.182
80.312
80.407
80.454
80.454
80.407
80.312
80.182
79.969
79.799
80.038
80.182
80.282
80.33
80.33
80.282
80.182
80.038
79.799
79.497
79.799
79.969
80.071
80.122
80.122
80.071
79.969
79.799
79.497
75.994
76.347
76.546
76.666
76.726
76.726
76.666
76.546
76.347
75.994
76.347
76.628
76.797
76.913
76.97
76.97
76.913
76.797
76.628
76.347
76.546
76.797
76.948
77.06
77.114
77.114
77.06
76.948
76.797
76.546
76.666
76.913
77.06
77.166
77.218
77.218
77.166
77.06
76.913
76.666
76.726
76.97
77.114
77.218
77.269
77.269
77.218
77.114
76.97
76.726
76.726
76.97
77.114
77.218
77.269
77.269
77.218
77.114
76.97
76.726
76.666
76.913
77.06
77.166
77.218
77.218
77.166
77.06
76.913
76.666
76.546
76.797
76.948
77.06
77.114
77.114
77.06
76.948
76.797
76.546
76.347
76.628
76.797
76.913
76.97
76.97
76.913
76.797
76.628
76.347
75.994
76.347
76.546
76.666
76.726
76.726
76.666
76.546
76.347
75.994
73.082
73.479
73.702
73.836
73.903
73.903
73.836
73.702
73.479
73.082
73.479
73.793
73.983
74.113
74.177
74.177
74.113
73.983
73.793
73.479
73.702
73.983
74.152
74.277
74.338
74.338
74.277
74.152
73.983
73.702
73.836
74.113
74.277
74.396
74.454
74.454
74.396
74.277
74.113
73.836
73.903
74.177
74.338
74.454
74.512
74.512
74.454
74.338
74.177
73.903
73.903
74.177
74.338
74.454
74.512
74.512
74.454
74.338
74.177
73.903
73.836
74.113
74.277
74.396
74.454
74.454
74.396
74.277
74.113
73.836
73.702
73.983
74.152
74.277
74.338
74.338
74.277
74.152
73.983
73.702
73.479
73.793
73.983
74.113
74.177
74.177
74.113
73.983
73.793
73.479
73.082
73.479
73.702
73.836
73.903
73.903
73.836
73.702
73.479
73.082
70.833
71.263
71.505
71.65
71.723
71.723
71.65
71.505
71.263
70.833
71.263
71.604
71.809
71.95
72.019
72.019
71.95
71.809
71.604
71.263
71.505
71.809
71.993
72.128
72.195
72.195
72.128
71.993
71.809
71.505
71.65
71.95
72.128
72.257
72.32
72.32
72.257
72.128
71.95
71.65
71.723
72.019
72.195
72.32
72.382
72.382
72.32
72.195
72.019
71.723
71.723
72.019
72.195
72.32
72.382
72.382
72.32
72.195
72.019
71.723
71.65
71.95
72.128
72.257
72.32
72.32
72.257
72.128
71.95
71.65
71.505
71.809
71.993
72.128
72.195
72.195
72.128
71.993
71.809
71.505
71.263
71.604
71.809
71.95
72.019
72.019
71.95
71.809
71.604
71.263
70.833
71.263
71.505
71.65
71.723
71.723
71.65
71.505
71.263
70.833
69.303
69.755
70.009
70.162
70.239
70.239
70.162
70.009
69.755
69.303
69.755
70.114
70.329
70.478
70.551
70.551
70.478
70.329
70.114
69.755
70.009
70.329
70.523
70.666
70.735
70.735
70.666
70.523
70.329
70.009
70.162
70.478
70.666
70.801
70.868
70.868
70.801
70.666
70.478
70.162
70.239
70.551
70.735
70.868
70.933
70.933
70.868
70.735
70.551
70.239
70.239
70.551
70.735
70.868
70.933
70.933
70.868
70.735
70.551
70.239
70.162
70.478
70.666
70.801
70.868
70.868
70.801
70.666
70.478
70.162
70.009
70.329
70.523
70.666
70.735
70.735
70.666
70.523
70.329
70.009
69.755
70.114
70.329
70.478
70.551
70.551
70.478
70.329
70.114
69.755
69.303
69.755
70.009
70.162
70.239
70.239
70.162
70.009
69.755
69.303
68.528
68.991
69.252
69.409
69.488
69.488
69.409
69.252
68.991
68.528
68.991
69.359
69.58
69.733
69.807
69.807
69.733
69.58
69.359
68.991
69.252
69.58
69.779
69.925
69.997
69.997
69.925
69.779
69.58
69.252
69.409
69.733
69.925
70.064
70.132
70.132
70.064
69.925
69.733
69.409
69.488
69.807
69.997
70.132
70.199
70.199
70.132
69.997
69.807
69.488
69.488
69.807
69.997
70.132
70.199
70.199
70.132
69.997
69.807
69.488
69.409
69.733
69.925
70.064
70.132
70.132
70.064
69.925
69.733
69.409
69.252
69.58
69.779
69.925
69.997
69.997
69.925
69.779
69.58
69.252
68.991
69.359
69.58
69.733
69.807
69.807
69.733
69.58
69.359
68.991
68.528
68.991
69.252
69.409
69.488
69.488
69.409
69.252
68.991
68.528
68.528
68.991
69.252
69.409
69.488
69.488
69.409
69.252
68.991
68.528
68.991
69.359
69.58
69.733
69.807
69.807
69.733
69.58
69.359
68.991
69.252
69.58
69.779
69.925
69.997
69.997
69.925
69.779
69.58
69.252
69.409
69.733
69.925
70.064
70.132
70.132
70.064
69.925
69.733
69.409
69.488
69.807
69.997
70.132
70.199
70.199
70.132
69.997
69.807
69.488
69.488
69.807
69.997
70.132
70.199
70.199
70.132
69.997
69.807
69.488
69.409
69.733
69.925
70.064
70.132
70.132
70.064
69.925
69.733
69.409
69.252
69.58
69.779
69.925
69.997
69.997
69.925
69.779
69.58
69.252
68.991
69.359
69.58
69.733
69.807
69.807
69.733
69.58
69.359
68.991
68.528
68.991
69.252
69.409
69.488
69.488
69.409
69.252
68.991
68.528
69.303
69.755
70.009
70.162
70.239
70.239
70.162
70.009
69.755
69.303
69.755
70.114
70.329
70.478
70.551
70.551
70.478
70.329
70.114
69.755
70.009
70.329
70.523
70.666
70.735
70.735
70.666
70.523
70.329
70.009
70.162
70.478
70.666
70.801
70.868
70.868
70.801
70.666
70.478
70.162
70.239
70.551
70.735
70.868
70.933
70.933
70.868
70.735
70.551
70.239
70.239
70.551
70.735
70.868
70.933
70.933
70.868
70.735
70.551
70.239
70.162
70.478
70.666
70.801
70.868
70.868
70.801
70.666
70.478
70.162
70.009
70.329
70.523
70.666
70.735
70.735
70.666
70.523
70.329
70.009
69.755
70.114
70.329
70.478
70.551
70.551
70.478
70.329
70.114
69.755
69.303
69.755
70.009
70.162
70.239
70.239
70.162
70.009
69.755
69.303
70.833
71.263
71.505
71.65
71.723
71.723
71.65
71.505
71.263
70.833
71.263
71.604
71.809
71.95
72.019
72.019
71.95
71.809
71.604
71.263
71.505
71.809
71.993
72.128
72.195
72.195
72.128
71.993
71.809
71.505
71.65
71.95
72.128
72.257
72.32
72.32
72.257
72.128
71.95
71.65
71.723
72.019
72.195
72.32
72.382
72.382
72.32
72.195
72.019
71.723
71.723
72.019
72.195
72.32
72.382
72.382
72.32
72.195
72.019
71.723
71.65
71.95
72.128
72.257
72.32
72.32
72.257
72.128
71.95
71.65
71.505
71.809
71.993
72.128
72.195
72.195
72.128
71.993
71.809
71.505
71.263
71.604
71.809
71.95
72.019
72.019
71.95
71.809
71.604
71.263
70.833
71.263
71.505
71.65
71.723
71.723
71.65
71.505
71.263
70.833
73.082
73.479
73.702
73.836
73.903
73.903
73.836
73.702
73.479
73.082
73.479
73.793
73.983
74.113
74.177
74.177
74.113
73.983
73.793
73.479
73.702
73.983
74.152
74.277
74.338
74.338
74.277
74.152
73.983
73.702
73.836
74.113
74.277
74.396
74.454
74.454
74.396
74.277
74.113
73.836
73.903
74.177
74.338
74.454
74.512
74.512
74.454
74.338
74.177
73.903
73.903
74.177
74.338
74.454
74.512
74.512
74.454
74.338
74.177
73.903
73.836
74.113
74.277
74.396
74.454
74.454
74.396
74.277
74.113
73.836
73.702
73.983
74.152
74.277
74.338
74.338
74.277
74.152
73.983
73.702
73.479
73.793
73.983
74.113
74.177
74.177
74.113
73.983
73.793
73.479
73.082
73.479
73.702
73.836
73.903
73.903
73.836
73.702
73.479
73.082
75.994
76.347
76.546
76.666
76.726
76.726
76.666
76.546
76.347
75.994
76.347
76.628
76.797
76.913
76.97
76.97
76.913
76.797
76.628
76.347
76.546
76.797
76.948
77.06
77.114
77.114
77.06
76.948
76.797
76.546
76.666
76.913
77.06
77.166
77.218
77.218
77.166
77.06
76.913
76.666
76.726
76.97
77.114
77.218
77.269
77.269
77.218
77.114
76.97
76.726
76.726
76.97
77.114
77.218
77.269
77.269
77.218
77.114
76.97
76.726
76.666
76.913
77.06
77.166
77.218
77.218
77.166
77.06
76.913
76.666
76.546
76.797
76.948
77.06
77.114
77.114
77.06
76.948
76.797
76.546
76.347
76.628
76.797
76.913
76.97
76.97
76.913
76.797
76.628
76.347
75.994
76.347
76.546
76.666
76.726
76.726
76.666
76.546
76.347
75.994
79.497
79.799
79.969
80.071
80.122
80.122
80.071
79.969
79.799
79.497
79.799
80.038
80.182
80.282
80.33
80.33
80.282
80.182
80.038
79.799
79.969
80.182
80.312
80.407
80.454
80.454
80.407
80.312
80.182
79.969
80.071
80.282
80.407
80.497
80.542
80.542
80.497
80.407
80.282
80.071
80.122
80.33
80.454
80.542
80.586
80.586
80.542
80.454
80.33
80.122
80.122
80.33
80.454
80.542
80.586
80.586
80.542
80.454
80.33
80.122
80.071
80.282
80.407
80.497
80.542
80.542
80.497
80.407
80.282
80.071
79.969
80.182
80.312
80.407
80.454
80.454
80.407
80.312
80.182
79.969
79.799
80.038
80.182
80.282
80.33
80.33
80.282
80.182
80.038
79.799
79.497
79.799
79.969
80.071
80.122
80.122
80.071
79.969
79.799
79.497
83.504
83.747
83.884
83.966
84.007
84.007
83.966
83.884
83.747
83.504
83.747
83.94
84.056
84.136
84.175
84.175
84.136
84.056
83.94
83.747
83.884
84.056
84.16
84.237
84.274
84.274
84.237
84.16
84.056
83.884
83.966
84.136
84.237
84.31
84.345
84.345
84.31
84.237
84.136
83.966
84.007
84.175
84.274
84.345
84.38
84.38
84.345
84.274
84.175
84.007
84.007
84.175
84.274
84.345
84.38
84.38
84.345
84.274
84.175
84.007
83.966
84.136
84.237
84.31
84.345
84.345
84.31
84.237
84.136
83.966
83.884
84.056
84.16
84.237
84.274
84.274
84.237
84.16
84.056
83.884
83.747
83.94
84.056
84.136
84.175
84.175
84.136
84.056
83.94
83.747
83.504
83.747
83.884
83.966
84.007
84.007
83.966
83.884
83.747
83.504
87.918
88.096
88.196
88.257
88.287
88.287
88.257
88.196
88.096
87.918
88.096
88.238
88.323
88.381
88.41
88.41
88.381
88.323
88.238
88.096
88.196
88.323
88.399
88.455
88.482
88.482
88.455
88.399
88.323
88.196
88.257
88.381
88.455
88.508
88.534
88.534
88.508
88.455
88.381
88.257
88.287
88.41
88.482
88.534
88.56
88.56
88.534
88.482
88.41
88.287
88.287
88.41
88.482
88.534
88.56
88.56
88.534
88.482
88.41
88.287
88.257
88.381
88.455
88.508
88.534
88.534
88.508
88.455
88.381
88.257
88.196
88.323
88.399
88.455
88.482
88.482
88.455
88.399
88.323
88.196
88.096
88.238
88.323
88.381
88.41
88.41
88.381
88.323
88.238
88.096
87.918
88.096
88.196
88.257
88.287
88.287
88.257
88.196
88.096
87.918
92.63
92.738
92.8
92.836
92.855
92.855
92.836
92.8
92.738
92.63
92.738
92.825
92.876
92.912
92.93
92.93
92.912
92.876
92.825
92.738
92.8
92.876
92.923
92.957
92.974
92.974
92.957
92.923
92.876
92.8
92.836
92.912
92.957
92.99
93.006
93.006
92.99
92.957
92.912
92.836
92.855
92.93
92.974
93.006
93.021
93.021
93.006
92.974
92.93
92.855
92.855
92.93
92.974
93.006
93.021
93.021
93.006
92.974
92.93
92.855
92.836
92.912
92.957
92.99
93.006
93.006
92.99
92.957
92.912
92.836
92.8
92.876
92.923
92.957
92.974
92.974
92.957
92.923
92.876
92.8
92.738
92.825
92.876
92.912
92.93
92.93
92.912
92.876
92.825
92.738
92.63
92.738
92.8
92.836
92.855
92.855
92.836
92.8
92.738
92.63
97.523
97.559
97.58
97.592
97.599
97.599
97.592
97.58
97.559
97.523
97.559
97.588
97.606
97.618
97.624
97.624
97.618
97.606
97.588
97.559
97.58
97.606
97.621
97.633
97.639
97.639
97.633
97.621
97.606
97.58
97.592
97.618
97.633
97.644
97.649
97.649
97.644
97.633
97.618
97.592
97.599
97.624
97.639
97.649
97.655
97.655
97.649
97.639
97.624
97.599
97.599
97.624
97.639
97.649
97.655
97.655
97.649
97.639
97.624
97.599
97.592
97.618
97.633
97.644
97.649
97.649
97.644
97.633
97.618
97.592
97.58
97.606
97.621
97.633
97.639
97.639
97.633
97.621
97.606
97.58
97.559
97.588
97.606
97.618
97.624
97.624
97.618
97.606
97.588
97.559
97.523
97.559
97.58
97.592
97.599
97.599
97.592
97.58
97.559
97.523
102.48
102.44
102.42
102.41
102.4
102.4
102.41
102.42
102.44
102.48
102.44
102.41
102.39
102.38
102.38
102.38
102.38
102.39
102.41
102.44
102.42
102.39
102.38
102.37
102.36
102.36
102.37
102.38
102.39
102.42
102.41
102.38
102.37
102.36
102.35
102.35
102.36
102.37
102.38
102.41
102.4
102.38
102.36
102.35
102.35
102.35
102.35
102.36
102.38
102.4
102.4
102.38
102.36
102.35
102.35
102.35
102.35
102.36
102.38
102.4
102.41
102.38
102.37
102.36
102.35
102.35
102.36
102.37
102.38
102.41
102.42
102.39
102.38
102.37
102.36
102.36
102.37
102.38
102.39
102.42
102.44
102.41
102.39
102.38
102.38
102.38
102.38
102.39
102.41
102.44
102.48
102.44
102.42
102.41
102.4
102.4
102.41
102.42
102.44
102.48
107.37
107.26
107.2
107.16
107.14
107.14
107.16
107.2
107.26
107.37
107.26
107.17
107.12
107.08
107.07
107.07
107.08
107.12
107.17
107.26
107.2
107.12
107.07
107.04
107.02
107.02
107.04
107.07
107.12
107.2
107.16
107.08
107.04
107.01
106.99
106.99
107.01
107.04
107.08
107.16
107.14
107.07
107.02
106.99
106.97
106.97
106.99
107.02
107.07
107.14
107.14
107.07
107.02
106.99
106.97
106.97
106.99
107.02
107.07
107.14
107.16
107.08
107.04
107.01
106.99
106.99
107.01
107.04
107.08
107.16
107.2
107.12
107.07
107.04
107.02
107.02
107.04
107.07
107.12
107.2
107.26
107.17
107.12
107.08
107.07
107.07
107.08
107.12
107.17
107.26
107.37
107.26
107.2
107.16
107.14
107.14
107.16
107.2
107.26
107.37
112.08
111.9
111.8
111.74
111.71
111.71
111.74
111.8
111.9
112.08
111.9
111.76
111.67
111.61
111.58
111.58
111.61
111.67
111.76
111.9
111.8
111.67
111.59
111.54
111.51
111.51
111.54
111.59
111.67
111.8
111.74
111.61
111.54
111.48
111.46
111.46
111.48
111.54
111.61
111.74
111.71
111.58
111.51
111.46
111.43
111.43
111.46
111.51
111.58
111.71
111.71
111.58
111.51
111.46
111.43
111.43
111.46
111.51
111.58
111.71
111.74
111.61
111.54
111.48
111.46
111.46
111.48
111.54
111.61
111.74
111.8
111.67
111.59
111.54
111.51
111.51
111.54
111.59
111.67
111.8
111.9
111.76
111.67
111.61
111.58
111.58
111.61
111.67
111.76
111.9
112.08
111.9
111.8
111.74
111.71
111.71
111.74
111.8
111.9
112.08
