136.71
135.85
135.39
135.12
134.99
134.99
135.12
135.39
135.85
136.71
135.85
135.21
134.84
134.58
134.46
134.46
134.58
134.84
135.21
135.85
135.39
134.84
134.52
134.28
134.16
134.16
134.28
134.52
134.84
135.39
135.12
134.58
134.28
134.06
133.95
133.95
134.06
134.28
134.58
135.12
134.99
134.46
134.16
133.95
133.84
133.84
133.95
134.16
134.46
134.99
134.99
134.46
134.16
133.95
133.84
133.84
133.95
134.16
134.46
134.99
135.12
134.58
134.28
134.06
133.95
133.95
134.06
134.28
134.58
135.12
135.39
134.84
134.52
134.28
134.16
134.16
134.28
134.52
134.84
135.39
135.85
135.21
134.84
134.58
134.46
134.46
134.58
134.84
135.21
135.85
136.71
135.85
135.39
135.12
134.99
134.99
135.12
135.39
135.85
136.71
122.63
122.06
121.76
121.59
121.5
121.5
121.59
121.76
122.06
122.63
122.06
121.65
121.41
121.24
121.17
121.17
121.24
121.41
121.65
122.06
121.76
121.41
121.2
121.05
120.97
120.97
121.05
121.2
121.41
121.76
121.59
121.24
121.05
120.91
120.84
120.84
120.91
121.05
121.24
121.59
121.5
121.17
120.97
120.84
120.77
120.77
120.84
120.97
121.17
121.5
121.5
121.17
120.97
120.84
120.77
120.77
120.84
120.97
121.17
121.5
121.59
121.24
121.05
120.91
120.84
120.84
120.91
121.05
121.24
121.59
121.76
121.41
121.2
121.05
120.97
120.97
121.05
121.2
121.41
121.76
122.06
121.65
121.41
121.24
121.17
121.17
121.24
121.41
121.65
122.06
122.63
122.06
121.76
121.59
121.5
121.5
121.59
121.76
122.06
122.63
107.65
107.45
107.35
107.29
107.26
107.26
107.29
107.35
107.45
107.65
107.45
107.31
107.23
107.17
107.14
107.14
107.17
107.23
107.31
107.45
107.35
107.23
107.15
107.1
107.08
107.08
107.1
107.15
107.23
107.35
107.29
107.17
107.1
107.05
107.03
107.03
107.05
107.1
107.17
107.29
107.26
107.14
107.08
107.03
107.01
107.01
107.03
107.08
107.14
107.26
107.26
107.14
107.08
107.03
107.01
107.01
107.03
107.08
107.14
107.26
107.29
107.17
107.1
107.05
107.03
107.03
107.05
107.1
107.17
107.29
107.35
107.23
107.15
107.1
107.08
107.08
107.1
107.15
107.23
107.35
107.45
107.31
107.23
107.17
107.14
107.14
107.17
107.23
107.31
107.45
107.65
107.45
107.35
107.29
107.26
107.26
107.29
107.35
107.45
107.65
92.346
92.549
92.652
92.712
92.742
92.742
92.712
92.652
92.549
92.346
92.549
92.692
92.774
92.83
92.858
92.858
92.83
92.774
92.692
92.549
92.652
92.774
92.845
92.898
92.923
92.923
92.898
92.845
92.774
92.652
92.712
92.83
92.898
92.946
92.97
92.97
92.946
92.898
92.83
92.712
92.742
92.858
92.923
92.97
92.993
92.993
92.97
92.923
92.858
92.742
92.742
92.858
92.923
92.97
92.993
92.993
92.97
92.923
92.858
92.742
92.712
92.83
92.898
92.946
92.97
92.97
92.946
92.898
92.83
92.712
92.652
92.774
92.845
92.898
92.923
92.923
92.898
92.845
92.774
92.652
92.549
92.692
92.774
92.83
92.858
92.858
92.83
92.774
92.692
92.549
92.346
92.549
92.652
92.712
92.742
92.742
92.712
92.652
92.549
92.346
77.366
77.933
78.23
78.404
78.49
78.49
78.404
78.23
77.933
77.366
77.933
78.344
78.582
78.745
78.824
78.824
78.745
78.582
78.344
77.933
78.23
78.582
78.787
78.94
79.014
79.014
78.94
78.787
78.582
78.23
78.404
78.745
78.94
79.081
79.151
79.151
79.081
78.94
78.745
78.404
78.49
78.824
79.014
79.151
79.218
79.218
79.151
79.014
78.824
78.49
78.49
78.824
79.014
79.151
79.218
79.218
79.151
79.014
78.824
78.49
78.404
78.745
78.94
79.081
79.151
79.151
79.081
78.94
78.745
78.404
78.23
78.582
78.787
78.94
79.014
79.014
78.94
78.787
78.582
78.23
77.933
78.344
78.582
78.745
78.824
78.824
78.745
78.582
78.344
77.933
77.366
77.933
78.23
78.404
78.49
78.49
78.404
78.23
77.933
77.366
63.285
64.144
64.599
64.868
65.002
65.002
64.868
64.599
64.144
63.285
64.144
64.777
65.145
65.398
65.52
65.52
65.398
65.145
64.777
64.144
64.599
65.145
65.464
65.702
65.817
65.817
65.702
65.464
65.145
64.599
64.868
65.398
65.702
65.923
66.03
66.03
65.923
65.702
65.398
64.868
65.002
65.52
65.817
66.03
66.135
66.135
66.03
65.817
65.52
65.002
65.002
65.52
65.817
66.03
66.135
66.135
66.03
65.817
65.52
65.002
64.868
65.398
65.702
65.923
66.03
66.03
65.923
65.702
65.398
64.868
64.599
65.145
65.464
65.702
65.817
65.817
65.702
65.464
65.145
64.599
64.144
64.777
65.145
65.398
65.52
65.52
65.398
65.145
64.777
64.144
63.285
64.144
64.599
64.868
65.002
65.002
64.868
64.599
64.144
63.285
50.578
51.633
52.2
52.536
52.703
52.703
52.536
52.2
51.633
50.578
51.633
52.424
52.887
53.206
53.36
53.36
53.206
52.887
52.424
51.633
52.2
52.887
53.292
53.593
53.738
53.738
53.593
53.292
52.887
52.2
52.536
53.206
53.593
53.873
54.01
54.01
53.873
53.593
53.206
52.536
52.703
53.36
53.738
54.01
54.143
54.143
54.01
53.738
53.36
52.703
52.703
53.36
53.738
54.01
54.143
54.143
54.01
53.738
53.36
52.703
52.536
53.206
53.593
53.873
54.01
54.01
53.873
53.593
53.206
52.536
52.2
52.887
53.292
53.593
53.738
53.738
53.593
53.292
52.887
52.2
51.633
52.424
52.887
53.206
53.36
53.36
53.206
52.887
52.424
51.633
50.578
51.633
52.2
52.536
52.703
52.703
52.536
52.2
51.633
50.578
39.577
40.729
41.359
41.732
41.919
41.919
41.732
41.359
40.729
39.577
40.729
41.611
42.131
42.489
42.663
42.663
42.489
42.131
41.611
40.729
41.359
42.131
42.589
42.929
43.094
43.094
42.929
42.589
42.131
41.359
41.732
42.489
42.929
43.247
43.403
43.403
43.247
42.929
42.489
41.732
41.919
42.663
43.094
43.403
43.555
43.555
43.403
43.094
42.663
41.919
41.919
42.663
43.094
43.403
43.555
43.555
43.403
43.094
42.663
41.919
41.732
42.489
42.929
43.247
43.403
43.403
43.247
42.929
42.489
41.732
41.359
42.131
42.589
42.929
43.094
43.094
42.929
42.589
42.131
41.359
40.729
41.611
42.131
42.489
42.663
42.663
42.489
42.131
41.611
40.729
39.577
40.729
41.359
41.732
41.919
41.919
41.732
41.359
40.729
39.577
30.461
31.629
32.278
32.665
32.858
32.858
32.665
32.278
31.629
30.461
31.629
32.542
33.085
33.459
33.641
33.641
33.459
33.085
32.542
31.629
32.278
33.085
33.569
33.926
34.099
34.099
33.926
33.569
33.085
32.278
32.665
33.459
33.926
34.262
34.428
34.428
34.262
33.926
33.459
32.665
32.858
33.641
34.099
34.428
34.589
34.589
34.428
34.099
33.641
32.858
32.858
33.641
34.099
34.428
34.589
34.589
34.428
34.099
33.641
32.858
32.665
33.459
33.926
34.262
34.428
34.428
34.262
33.926
33.459
32.665
32.278
33.085
33.569
33.926
34.099
34.099
33.926
33.569
33.085
32.278
31.629
32.542
33.085
33.459
33.641
33.641
33.459
33.085
32.542
31.629
30.461
31.629
32.278
32.665
32.858
32.858
32.665
32.278
31.629
30.461
23.283
24.413
25.051
25.433
25.624
25.624
25.433
25.051
24.413
23.283
24.413
25.315
25.857
26.23
26.412
26.412
26.23
25.857
25.315
24.413
25.051
25.857
26.344
26.702
26.877
26.877
26.702
26.344
25.857
25.051
25.433
26.23
26.702
27.042
27.21
27.21
27.042
26.702
26.23
25.433
25.624
26.412
26.877
27.21
27.374
27.374
27.21
26.877
26.412
25.624
25.624
26.412
26.877
27.21
27.374
27.374
27.21
26.877
26.412
25.624
25.433
26.23
26.702
27.042
27.21
27.21
27.042
26.702
26.23
25.433
25.051
25.857
26.344
26.702
26.877
26.877
26.702
26.344
25.857
25.051
24.413
25.315
25.857
26.23
26.412
26.412
26.23
25.857
25.315
24.413
23.283
24.413
25.051
25.433
25.624
25.624
25.433
25.051
24.413
23.283
18.009
19.076
19.689
20.057
20.241
20.241
20.057
19.689
19.076
18.009
19.076
19.946
20.474
20.837
21.014
21.014
20.837
20.474
19.946
19.076
19.689
20.474
20.952
21.302
21.474
21.474
21.302
20.952
20.474
19.689
20.057
20.837
21.302
21.637
21.802
21.802
21.637
21.302
20.837
20.057
20.241
21.014
21.474
21.802
21.964
21.964
21.802
21.474
21.014
20.241
20.241
21.014
21.474
21.802
21.964
21.964
21.802
21.474
21.014
20.241
20.057
20.837
21.302
21.637
21.802
21.802
21.637
21.302
20.837
20.057
19.689
20.474
20.952
21.302
21.474
21.474
21.302
20.952
20.474
19.689
19.076
19.946
20.474
20.837
21.014
21.014
20.837
20.474
19.946
19.076
18.009
19.076
19.689
20.057
20.241
20.241
20.057
19.689
19.076
18.009
14.56
15.569
16.156
16.509
16.686
16.686
16.509
16.156
15.569
14.56
15.569
16.405
16.916
17.267
17.439
17.439
17.267
16.916
16.405
15.569
16.156
16.916
17.382
17.723
17.89
17.89
17.723
17.382
16.916
16.156
16.509
17.267
17.723
18.05
18.212
18.212
18.05
17.723
17.267
16.509
16.686
17.439
17.89
18.212
18.371
18.371
18.212
17.89
17.439
16.686
16.686
17.439
17.89
18.212
18.371
18.371
18.212
17.89
17.439
16.686
16.509
17.267
17.723
18.05
18.212
18.212
18.05
17.723
17.267
16.509
16.156
16.916
17.382
17.723
17.89
17.89
17.723
17.382
16.916
16.156
15.569
16.405
16.916
17.267
17.439
17.439
17.267
16.916
16.405
15.569
14.56
15.569
16.156
16.509
16.686
16.686
16.509
16.156
15.569
14.56
12.86
13.834
14.405
14.749
14.922
14.922
14.749
14.405
13.834
12.86
13.834
14.649
15.149
15.493
15.661
15.661
15.493
15.149
14.649
13.834
14.405
15.149
15.607
15.942
16.106
16.106
15.942
15.607
15.149
14.405
14.749
15.493
15.942
16.264
16.423
16.423
16.264
15.942
15.493
14.749
14.922
15.661
16.106
16.423
16.58
16.58
16.423
16.106
15.661
14.922
14.922
15.661
16.106
16.423
16.58
16.58
16.423
16.106
15.661
14.922
14.749
15.493
15.942
16.264
16.423
16.423
16.264
15.942
15.493
14.749
14.405
15.149
15.607
15.942
16.106
16.106
15.942
15.607
15.149
14.405
13.834
14.649
15.149
15.493
15.661
15.661
15.493
15.149
14.649
13.834
12.86
13.834
14.405
14.749
14.922
14.922
14.749
14.405
13.834
12.86
12.86
13.834
14.405
14.749
14.922
14.922
14.749
14.405
13.834
12.86
13.834
14.649
15.149
15.493
15.661
15.661
15.493
15.149
14.649
13.834
14.405
15.149
15.607
15.942
16.106
16.106
15.942
15.607
15.149
14.405
14.749
15.493
15.942
16.264
16.423
16.423
16.264
15.942
15.493
14.749
14.922
15.661
16.106
16.423
16.58
16.58
16.423
16.106
15.661
14.922
14.922
15.661
16.106
16.423
16.58
16.58
16.423
16.106
15.661
14.922
14.749
15.493
15.942
16.264
16.423
16.423
16.264
15.942
15.493
14.749
14.405
15.149
15.607
15.942
16.106
16.106
15.942
15.607
15.149
14.405
13.834
14.649
15.149
15.493
15.661
15.661
15.493
15.149
14.649
13.834
12.86
13.834
14.405
14.749
14.922
14.922
14.749
14.405
13.834
12.86
14.56
15.569
16.156
16.509
16.686
16.686
16.509
16.156
15.569
14.56
15.569
16.405
16.916
17.267
17.439
17.439
17.267
16.916
16.405
15.569
16.156
16.916
17.382
17.723
17.89
17.89
17.723
17.382
16.916
16.156
16.509
17.267
17.723
18.05
18.212
18.212
18.05
17.723
17.267
16.509
16.686
17.439
17.89
18.212
18.371
18.371
18.212
17.89
17.439
16.686
16.686
17.439
17.89
18.212
18.371
18.371
18.212
17.89
17.439
16.686
16.509
17.267
17.723
18.05
18.212
18.212
18.05
17.723
17.267
16.509
16.156
16.916
17.382
17.723
17.89
17.89
17.723
17.382
16.916
16.156
15.569
16.405
16.916
17.267
17.439
17.439
17.267
16.916
16.405
15.569
14.56
15.569
16.156
16.509
16.686
16.686
16.509
16.156
15.569
14.56
18.009
19.076
19.689
20.057
20.241
20.241
20.057
19.689
19.076
18.009
19.076
19.946
20.474
20.837
21.014
21.014
20.837
20.474
19.946
19.076
19.689
20.474
20.952
21.302
21.474
21.474
21.302
20.952
20.474
19.689
20.057
20.837
21.302
21.637
21.802
21.802
21.637
21.302
20.837
20.057
20.241
21.014
21.474
21.802
21.964
21.964
21.802
21.474
21.014
20.241
20.241
21.014
21.474
21.802
21.964
21.964
21.802
21.474
21.014
20.241
20.057
20.837
21.302
21.637
21.802
21.802
21.637
21.302
20.837
20.057
19.689
20.474
20.952
21.302
21.474
21.474
21.302
20.952
20.474
19.689
19.076
19.946
20.474
20.837
21.014
21.014
20.837
20.474
19.946
19.076
18.009
19.076
19.689
20.057
20.241
20.241
20.057
19.689
19.076
18.009
23.283
24.413
25.051
25.433
25.624
25.624
25.433
25.051
24.413
23.283
24.413
25.315
25.857
26.23
26.412
26.412
26.23
25.857
25.315
24.413
25.051
25.857
26.344
26.702
26.877
26.877
26.702
26.344
25.857
25.051
25.433
26.23
26.702
27.042
27.21
27.21
27.042
26.702
26.23
25.433
25.624
26.412
26.877
27.21
27.374
27.374
27.21
26.877
26.412
25.624
25.624
26.412
26.877
27.21
27.374
27.374
27.21
26.877
26.412
25.624
25.433
26.23
26.702
27.042
27.21
27.21
27.042
26.702
26.23
25.433
25.051
25.857
26.344
26.702
26.877
26.877
26.702
26.344
25.857
25.051
24.413
25.315
25.857
26.23
26.412
26.412
26.23
25.857
25.315
24.413
23.283
24.413
25.051
25.433
25.624
25.624
25.433
25.051
24.413
23.283
30.461
31.629
32.278
32.665
32.858
32.858
32.665
32.278
31.629
30.461
31.629
32.542
33.085
33.459
33.641
33.641
33.459
33.085
32.542
31.629
32.278
33.085
33.569
33.926
34.099
34.099
33.926
33.569
33.085
32.278
32.665
33.459
33.926
34.262
34.428
34.428
34.262
33.926
33.459
32.665
32.858
33.641
34.099
34.428
34.589
34.589
34.428
34.099
33.641
32.858
32.858
33.641
34.099
34.428
34.589
34.589
34.428
34.099
33.641
32.858
32.665
33.459
33.926
34.262
34.428
34.428
34.262
33.926
33.459
32.665
32.278
33.085
33.569
33.926
34.099
34.099
33.926
33.569
33.085
32.278
31.629
32.542
33.085
33.459
33.641
33.641
33.459
33.085
32.542
31.629
30.461
31.629
32.278
32.665
32.858
32.858
32.665
32.278
31.629
30.461
39.577
40.729
41.359
41.732
41.919
41.919
41.732
41.359
40.729
39.577
40.729
41.611
42.131
42.489
42.663
42.663
42.489
42.131
41.611
40.729
41.359
42.131
42.589
42.929
43.094
43.094
42.929
42.589
42.131
41.359
41.732
42.489
42.929
43.247
43.403
43.403
43.247
42.929
42.489
41.732
41.919
42.663
43.094
43.403
43.555
43.555
43.403
43.094
42.663
41.919
41.919
42.663
43.094
43.403
43.555
43.555
43.403
43.094
42.663
41.919
41.732
42.489
42.929
43.247
43.403
43.403
43.247
42.929
42.489
41.732
41.359
42.131
42.589
42.929
43.094
43.094
42.929
42.589
42.131
41.359
40.729
41.611
42.131
42.489
42.663
42.663
42.489
42.131
41.611
40.729
39.577
40.729
41.359
41.732
41.919
41.919
41.732
41.359
40.729
39.577
50.578
51.633
52.2
52.536
52.703
52.703
52.536
52.2
51.633
50.578
51.633
52.424
52.887
53.206
53.36
53.36
53.206
52.887
52.424
51.633
52.2
52.887
53.292
53.593
53.738
53.738
53.593
53.292
52.887
52.2
52.536
53.206
53.593
53.873
54.01
54.01
53.873
53.593
53.206
52.536
52.703
53.36
53.738
54.01
54.143
54.143
54.01
53.738
53.36
52.703
52.703
53.36
53.738
54.01
54.143
54.143
54.01
53.738
53.36
52.703
52.536
53.206
53.593
53.873
54.01
54.01
53.873
53.593
53.206
52.536
52.2
52.887
53.292
53.593
53.738
53.738
53.593
53.292
52.887
52.2
51.633
52.424
52.887
53.206
53.36
53.36
53.206
52.887
52.424
51.633
50.578
51.633
52.2
52.536
52.703
52.703
52.536
52.2
51.633
50.578
63.285
64.144
64.599
64.868
65.002
65.002
64.868
64.599
64.144
63.285
64.144
64.777
65.145
65.398
65.52
65.52
65.398
65.145
64.777
64.144
64.599
65.145
65.464
65.702
65.817
65.817
65.702
65.464
65.145
64.599
64.868
65.398
65.702
65.923
66.03
66.03
65.923
65.702
65.398
64.868
65.002
65.52
65.817
66.03
66.135
66.135
66.03
65.817
65.52
65.002
65.002
65.52
65.817
66.03
66.135
66.135
66.03
65.817
65.52
65.002
64.868
65.398
65.702
65.923
66.03
66.03
65.923
65.702
65.398
64.868
64.599
65.145
65.464
65.702
65.817
65.817
65.702
65.464
65.145
64.599
64.144
64.777
65.145
65.398
65.52
65.52
65.398
65.145
64.777
64.144
63.285
64.144
64.599
64.868
65.002
65.002
64.868
64.599
64.144
63.285
77.366
77.933
78.23
78.404
78.49
78.49
78.404
78.23
77.933
77.366
77.933
78.344
78.582
78.745
78.824
78.824
78.745
78.582
78.344
77.933
78.23
78.582
78.787
78.94
79.014
79.014
78.94
78.787
78.582
78.23
78.404
78.745
78.94
79.081
79.151
79.151
79.081
78.94
78.745
78.404
78.49
78.824
79.014
79.151
79.218
79.218
79.151
79.014
78.824
78.49
78.49
78.824
79.014
79.151
79.218
79.218
79.151
79.014
78.824
78.49
78.404
78.745
78.94
79.081
79.151
79.151
79.081
78.94
78.745
78.404
78.23
78.582
78.787
78.94
79.014
79.014
78.94
78.787
78.582
78.23
77.933
78.344
78.582
78.745
78.824
78.824
78.745
78.582
78.344
77.933
77.366
77.933
78.23
78.404
78.49
78.49
78.404
78.23
77.933
77.366
92.346
92.549
92.652
92.712
92.742
92.742
92.712
92.652
92.549
92.346
92.549
92.692
92.774
92.83
92.858
92.858
92.83
92.774
92.692
92.549
92.652
92.774
92.845
92.898
92.923
92.923
92.898
92.845
92.774
92.652
92.712
92.83
92.898
92.946
92.97
92.97
92.946
92.898
92.83
92.712
92.742
92.858
92.923
92.97
92.993
92.993
92.97
92.923
92.858
92.742
92.742
92.858
92.923
92.97
92.993
92.993
92.97
92.923
92.858
92.742
92.712
92.83
92.898
92.946
92.97
92.97
92.946
92.898
92.83
92.712
92.652
92.774
92.845
92.898
92.923
92.923
92.898
92.845
92.774
92.652
92.549
92.692
92.774
92.83
92.858
92.858
92.83
92.774
92.692
92.549
92.346
92.549
92.652
92.712
92.742
92.742
92.712
92.652
92.549
92.346
107.65
107.45
107.35
107.29
107.26
107.26
107.29
107.35
107.45
107.65
107.45
107.31
107.23
107.17
107.14
107.14
107.17
107.23
107.31
107.45
107.35
107.23
107.15
107.1
107.08
107.08
107.1
107.15
107.23
107.35
107.29
107.17
107.1
107.05
107.03
107.03
107.05
107.1
107.17
107.29
107.26
107.14
107.08
107.03
107.01
107.01
107.03
107.08
107.14
107.26
107.26
107.14
107.08
107.03
107.01
107.01
107.03
107.08
107.14
107.26
107.29
107.17
107.1
107.05
107.03
107.03
107.05
107.1
107.17
107.29
107.35
107.23
107.15
107.1
107.08
107.08
107.1
107.15
107.23
107.35
107.45
107.31
107.23
107.17
107.14
107.14
107.17
107.23
107.31
107.45
107.65
107.45
107.35
107.29
107.26
107.26
107.29
107.35
107.45
107.65
122.63
122.06
121.76
121.59
121.5
121.5
121.59
121.76
122.06
122.63
122.06
121.65
121.41
121.24
121.17
121.17
121.24
121.41
121.65
122.06
121.76
121.41
121.2
121.05
120.97
120.97
121.05
121.2
121.41
121.76
121.59
121.24
121.05
120.91
120.84
120.84
120.91
121.05
121.24
121.59
121.5
121.17
120.97
120.84
120.77
120.77
120.84
120.97
121.17
121.5
121.5
121.17
120.97
120.84
120.77
120.77
120.84
120.97
121.17
121.5
121.59
121.24
121.05
120.91
120.84
120.84
120.91
121.05
121.24
121.59
121.76
121.41
121.2
121.05
120.97
120.97
121.05
121.2
121.41
121.76
122.06
121.65
121.41
121.24
121.17
121.17
121.24
121.41
121.65
122.06
122.63
122.06
121.76
121.59
121.5
121.5
121.59
121.76
122.06
122.63
136.71
135.85
135.39
135.12
134.99
134.99
135.12
135.39
135.85
136.71
135.85
135.21
134.84
134.58
134.46
134.46
134.58
134.84
135.21
135.85
135.39
134.84
134.52
134.28
134.16
134.16
134.28
134.52
134.84
135.39
135.12
134.58
134.28
134.06
133.95
133.95
134.06
134.28
134.58
135.12
134.99
134.46
134.16
133.95
133.84
133.84
133.95
134.16
134.46
134.99
134.99
134.46
134.16
133.95
133.84
133.84
133.95
134.16
134.46
134.99
135.12
134.58
134.28
134.06
133.95
133.95
134.06
134.28
134.58
135.12
135.39
134.84
134.52
134.28
134.16
134.16
134.28
134.52
134.84
135.39
135.85
135.21
134.84
134.58
134.46
134.46
134.58
134.84
135.21
135.85
136.71
135.85
135.39
135.12
134.99
134.99
135.12
135.39
135.85
136.71
