144.3
142.83
142.08
141.65
141.44
141.44
141.65
142.08
142.83
144.3
142.83
141.78
141.19
140.79
140.61
140.61
140.79
141.19
141.78
142.83
142.08
141.19
140.69
140.32
140.14
140.14
140.32
140.69
141.19
142.08
141.65
140.79
140.32
139.98
139.81
139.81
139.98
140.32
140.79
141.65
141.44
140.61
140.14
139.81
139.65
139.65
139.81
140.14
140.61
141.44
141.44
140.61
140.14
139.81
139.65
139.65
139.81
140.14
140.61
141.44
141.65
140.79
140.32
139.98
139.81
139.81
139.98
140.32
140.79
141.65
142.08
141.19
140.69
140.32
140.14
140.14
140.32
140.69
141.19
142.08
142.83
141.78
141.19
140.79
140.61
140.61
140.79
141.19
141.78
142.83
144.3
142.83
142.08
141.65
141.44
141.44
141.65
142.08
142.83
144.3
127.73
126.67
126.15
125.86
125.71
125.71
125.86
126.15
126.67
127.73
126.67
125.94
125.54
125.28
125.15
125.15
125.28
125.54
125.94
126.67
126.15
125.54
125.21
124.96
124.84
124.84
124.96
125.21
125.54
126.15
125.86
125.28
124.96
124.73
124.62
124.62
124.73
124.96
125.28
125.86
125.71
125.15
124.84
124.62
124.51
124.51
124.62
124.84
125.15
125.71
125.71
125.15
124.84
124.62
124.51
124.51
124.62
124.84
125.15
125.71
125.86
125.28
124.96
124.73
124.62
124.62
124.73
124.96
125.28
125.86
126.15
125.54
125.21
124.96
124.84
124.84
124.96
125.21
125.54
126.15
126.67
125.94
125.54
125.28
125.15
125.15
125.28
125.54
125.94
126.67
127.73
126.67
126.15
125.86
125.71
125.71
125.86
126.15
126.67
127.73
109.51
109.07
108.88
108.78
108.72
108.72
108.78
108.88
109.07
109.51
109.07
108.81
108.66
108.57
108.52
108.52
108.57
108.66
108.81
109.07
108.88
108.66
108.55
108.46
108.42
108.42
108.46
108.55
108.66
108.88
108.78
108.57
108.46
108.38
108.34
108.34
108.38
108.46
108.57
108.78
108.72
108.52
108.42
108.34
108.3
108.3
108.34
108.42
108.52
108.72
108.72
108.52
108.42
108.34
108.3
108.3
108.34
108.42
108.52
108.72
108.78
108.57
108.46
108.38
108.34
108.34
108.38
108.46
108.57
108.78
108.88
108.66
108.55
108.46
108.42
108.42
108.46
108.55
108.66
108.88
109.07
108.81
108.66
108.57
108.52
108.52
108.57
108.66
108.81
109.07
109.51
109.07
108.88
108.78
108.72
108.72
108.78
108.88
109.07
109.51
90.484
90.928
91.121
91.222
91.275
91.275
91.222
91.121
90.928
90.484
90.928
91.193
91.335
91.43
91.476
91.476
91.43
91.335
91.193
90.928
91.121
91.335
91.454
91.542
91.584
91.584
91.542
91.454
91.335
91.121
91.222
91.43
91.542
91.622
91.661
91.661
91.622
91.542
91.43
91.222
91.275
91.476
91.584
91.661
91.698
91.698
91.661
91.584
91.476
91.275
91.275
91.476
91.584
91.661
91.698
91.698
91.661
91.584
91.476
91.275
91.222
91.43
91.542
91.622
91.661
91.661
91.622
91.542
91.43
91.222
91.121
91.335
91.454
91.542
91.584
91.584
91.542
91.454
91.335
91.121
90.928
91.193
91.335
91.43
91.476
91.476
91.43
91.335
91.193
90.928
90.484
90.928
91.121
91.222
91.275
91.275
91.222
91.121
90.928
90.484
72.268
73.325
73.844
74.134
74.278
74.278
74.134
73.844
73.325
72.268
73.325
74.044
74.443
74.712
74.839
74.839
74.712
74.443
74.044
73.325
73.844
74.443
74.778
75.028
75.147
75.147
75.028
74.778
74.443
73.844
74.134
74.712
75.028
75.256
75.366
75.366
75.256
75.028
74.712
74.134
74.278
74.839
75.147
75.366
75.472
75.472
75.366
75.147
74.839
74.278
74.278
74.839
75.147
75.366
75.472
75.472
75.366
75.147
74.839
74.278
74.134
74.712
75.028
75.256
75.366
75.366
75.256
75.028
74.712
74.134
73.844
74.443
74.778
75.028
75.147
75.147
75.028
74.778
74.443
73.844
73.325
74.044
74.443
74.712
74.839
74.839
74.712
74.443
74.044
73.325
72.268
73.325
73.844
74.134
74.278
74.278
74.134
73.844
73.325
72.268
55.694
57.156
57.906
58.332
58.543
58.543
58.332
57.906
57.156
55.694
57.156
58.2
58.788
59.186
59.375
59.375
59.186
58.788
58.2
57.156
57.906
58.788
59.289
59.66
59.836
59.836
59.66
59.289
58.788
57.906
58.332
59.186
59.66
60.001
60.165
60.165
60.001
59.66
59.186
58.332
58.543
59.375
59.836
60.165
60.325
60.325
60.165
59.836
59.375
58.543
58.543
59.375
59.836
60.165
60.325
60.325
60.165
59.836
59.375
58.543
58.332
59.186
59.66
60.001
60.165
60.165
60.001
59.66
59.186
58.332
57.906
58.788
59.289
59.66
59.836
59.836
59.66
59.289
58.788
57.906
57.156
58.2
58.788
59.186
59.375
59.375
59.186
58.788
58.2
57.156
55.694
57.156
57.906
58.332
58.543
58.543
58.332
57.906
57.156
55.694
41.478
43.1
43.957
44.45
44.695
44.695
44.45
43.957
43.1
41.478
43.1
44.3
44.988
45.455
45.678
45.678
45.455
44.988
44.3
43.1
43.957
44.988
45.583
46.022
46.231
46.231
46.022
45.583
44.988
43.957
44.45
45.455
46.022
46.428
46.625
46.625
46.428
46.022
45.455
44.45
44.695
45.678
46.231
46.625
46.817
46.817
46.625
46.231
45.678
44.695
44.695
45.678
46.231
46.625
46.817
46.817
46.625
46.231
45.678
44.695
44.45
45.455
46.022
46.428
46.625
46.625
46.428
46.022
45.455
44.45
43.957
44.988
45.583
46.022
46.231
46.231
46.022
45.583
44.988
43.957
43.1
44.3
44.988
45.455
45.678
45.678
45.455
44.988
44.3
43.1
41.478
43.1
43.957
44.45
44.695
44.695
44.45
43.957
43.1
41.478
29.913
31.486
32.344
32.844
33.093
33.093
32.844
32.344
31.486
29.913
31.486
32.696
33.403
33.882
34.114
34.114
33.882
33.403
32.696
31.486
32.344
33.403
34.022
34.477
34.696
34.696
34.477
34.022
33.403
32.344
32.844
33.882
34.477
34.904
35.111
35.111
34.904
34.477
33.882
32.844
33.093
34.114
34.696
35.111
35.313
35.313
35.111
34.696
34.114
33.093
33.093
34.114
34.696
35.111
35.313
35.313
35.111
34.696
34.114
33.093
32.844
33.882
34.477
34.904
35.111
35.111
34.904
34.477
33.882
32.844
32.344
33.403
34.022
34.477
34.696
34.696
34.477
34.022
33.403
32.344
31.486
32.696
33.403
33.882
34.114
34.114
33.882
33.403
32.696
31.486
29.913
31.486
32.344
32.844
33.093
33.093
32.844
32.344
31.486
29.913
20.967
22.367
23.153
23.616
23.847
23.847
23.616
23.153
22.367
20.967
22.367
23.483
24.146
24.597
24.816
24.816
24.597
24.146
23.483
22.367
23.153
24.146
24.737
25.17
25.379
25.379
25.17
24.737
24.146
23.153
23.616
24.597
25.17
25.579
25.779
25.779
25.579
25.17
24.597
23.616
23.847
24.816
25.379
25.779
25.975
25.975
25.779
25.379
24.816
23.847
23.847
24.816
25.379
25.779
25.975
25.975
25.779
25.379
24.816
23.847
23.616
24.597
25.17
25.579
25.779
25.779
25.579
25.17
24.597
23.616
23.153
24.146
24.737
25.17
25.379
25.379
25.17
24.737
24.146
23.153
22.367
23.483
24.146
24.597
24.816
24.816
24.597
24.146
23.483
22.367
20.967
22.367
23.153
23.616
23.847
23.847
23.616
23.153
22.367
20.967
14.404
15.58
16.259
16.662
16.864
16.864
16.662
16.259
15.58
14.404
15.58
16.55
17.137
17.537
17.732
17.732
17.537
17.137
16.55
15.58
16.259
17.137
17.669
18.057
18.245
18.245
18.057
17.669
17.137
16.259
16.662
17.537
18.057
18.427
18.609
18.609
18.427
18.057
17.537
16.662
16.864
17.732
18.245
18.609
18.789
18.789
18.609
18.245
17.732
16.864
16.864
17.732
18.245
18.609
18.789
18.789
18.609
18.245
17.732
16.864
16.662
17.537
18.057
18.427
18.609
18.609
18.427
18.057
17.537
16.662
16.259
17.137
17.669
18.057
18.245
18.245
18.057
17.669
17.137
16.259
15.58
16.55
17.137
17.537
17.732
17.732
17.537
17.137
16.55
15.58
14.404
15.58
16.259
16.662
16.864
16.864
16.662
16.259
15.58
14.404
9.891
10.854
11.423
11.765
11.936
11.936
11.765
11.423
10.854
9.891
10.854
11.673
12.179
12.523
12.692
12.692
12.523
12.179
11.673
10.854
11.423
12.179
12.644
12.981
13.146
13.146
12.981
12.644
12.179
11.423
11.765
12.523
12.981
13.307
13.468
13.468
13.307
12.981
12.523
11.765
11.936
12.692
13.146
13.468
13.627
13.627
13.468
13.146
12.692
11.936
11.936
12.692
13.146
13.468
13.627
13.627
13.468
13.146
12.692
11.936
11.765
12.523
12.981
13.307
13.468
13.468
13.307
12.981
12.523
11.765
11.423
12.179
12.644
12.981
13.146
13.146
12.981
12.644
12.179
11.423
10.854
11.673
12.179
12.523
12.692
12.692
12.523
12.179
11.673
10.854
9.891
10.854
11.423
11.765
11.936
11.936
11.765
11.423
10.854
9.891
7.0993
7.9002
8.384
8.6762
8.8229
8.8229
8.6762
8.384
7.9002
7.0993
7.9002
8.6007
9.0399
9.3387
9.4859
9.4859
9.3387
9.0399
8.6007
7.9002
8.384
9.0399
9.449
9.7452
9.8907
9.8907
9.7452
9.449
9.0399
8.384
8.6762
9.3387
9.7452
10.034
10.177
10.177
10.034
9.7452
9.3387
8.6762
8.8229
9.4859
9.8907
10.177
10.319
10.319
10.177
9.8907
9.4859
8.8229
8.8229
9.4859
9.8907
10.177
10.319
10.319
10.177
9.8907
9.4859
8.8229
8.6762
9.3387
9.7452
10.034
10.177
10.177
10.034
9.7452
9.3387
8.6762
8.384
9.0399
9.449
9.7452
9.8907
9.8907
9.7452
9.449
9.0399
8.384
7.9002
8.6007
9.0399
9.3387
9.4859
9.4859
9.3387
9.0399
8.6007
7.9002
7.0993
7.9002
8.384
8.6762
8.8229
8.8229
8.6762
8.384
7.9002
7.0993
5.7725
6.487
6.9244
7.1897
7.3231
7.3231
7.1897
6.9244
6.487
5.7725
6.487
7.1228
7.5253
7.7991
7.9344
7.9344
7.7991
7.5253
7.1228
6.487
6.9244
7.5253
7.9034
8.1766
8.3111
8.3111
8.1766
7.9034
7.5253
6.9244
7.1897
7.7991
8.1766
8.4446
8.5775
8.5775
8.4446
8.1766
7.7991
7.1897
7.3231
7.9344
8.3111
8.5775
8.7096
8.7096
8.5775
8.3111
7.9344
7.3231
7.3231
7.9344
8.3111
8.5775
8.7096
8.7096
8.5775
8.3111
7.9344
7.3231
7.1897
7.7991
8.1766
8.4446
8.5775
8.5775
8.4446
8.1766
7.7991
7.1897
6.9244
7.5253
7.9034
8.1766
8.3111
8.3111
8.1766
7.9034
7.5253
6.9244
6.487
7.1228
7.5253
7.7991
7.9344
7.9344
7.7991
7.5253
7.1228
6.487
5.7725
6.487
6.9244
7.1897
7.3231
7.3231
7.1897
6.9244
6.487
5.7725
5.7725
6.487
6.9244
7.1897
7.3231
7.3231
7.1897
6.9244
6.487
5.7725
6.487
7.1228
7.5253
7.7991
7.9344
7.9344
7.7991
7.5253
7.1228
6.487
6.9244
7.5253
7.9034
8.1766
8.3111
8.3111
8.1766
7.9034
7.5253
6.9244
7.1897
7.7991
8.1766
8.4446
8.5775
8.5775
8.4446
8.1766
7.7991
7.1897
7.3231
7.9344
8.3111
8.5775
8.7096
8.7096
8.5775
8.3111
7.9344
7.3231
7.3231
7.9344
8.3111
8.5775
8.7096
8.7096
8.5775
8.3111
7.9344
7.3231
7.1897
7.7991
8.1766
8.4446
8.5775
8.5775
8.4446
8.1766
7.7991
7.1897
6.9244
7.5253
7.9034
8.1766
8.3111
8.3111
8.1766
7.9034
7.5253
6.9244
6.487
7.1228
7.5253
7.7991
7.9344
7.9344
7.7991
7.5253
7.1228
6.487
5.7725
6.487
6.9244
7.1897
7.3231
7.3231
7.1897
6.9244
6.487
5.7725
7.0993
7.9002
8.384
8.6762
8.8229
8.8229
8.6762
8.384
7.9002
7.0993
7.9002
8.6007
9.0399
9.3387
9.4859
9.4859
9.3387
9.0399
8.6007
7.9002
8.384
9.0399
9.449
9.7452
9.8907
9.8907
9.7452
9.449
9.0399
8.384
8.6762
9.3387
9.7452
10.034
10.177
10.177
10.034
9.7452
9.3387
8.6762
8.8229
9.4859
9.8907
10.177
10.319
10.319
10.177
9.8907
9.4859
8.8229
8.8229
9.4859
9.8907
10.177
10.319
10.319
10.177
9.8907
9.4859
8.8229
8.6762
9.3387
9.7452
10.034
10.177
10.177
10.034
9.7452
9.3387
8.6762
8.384
9.0399
9.449
9.7452
9.8907
9.8907
9.7452
9.449
9.0399
8.384
7.9002
8.6007
9.0399
9.3387
9.4859
9.4859
9.3387
9.0399
8.6007
7.9002
7.0993
7.9002
8.384
8.6762
8.8229
8.8229
8.6762
8.384
7.9002
7.0993
9.891
10.854
11.423
11.765
11.936
11.936
11.765
11.423
10.854
9.891
10.854
11.673
12.179
12.523
12.692
12.692
12.523
12.179
11.673
10.854
11.423
12.179
12.644
12.981
13.146
13.146
12.981
12.644
12.179
11.423
11.765
12.523
12.981
13.307
13.468
13.468
13.307
12.981
12.523
11.765
11.936
12.692
13.146
13.468
13.627
13.627
13.468
13.146
12.692
11.936
11.936
12.692
13.146
13.468
13.627
13.627
13.468
13.146
12.692
11.936
11.765
12.523
12.981
13.307
13.468
13.468
13.307
12.981
12.523
11.765
11.423
12.179
12.644
12.981
13.146
13.146
12.981
12.644
12.179
11.423
10.854
11.673
12.179
12.523
12.692
12.692
12.523
12.179
11.673
10.854
9.891
10.854
11.423
11.765
11.936
11.936
11.765
11.423
10.854
9.891
14.404
15.58
16.259
16.662
16.864
16.864
16.662
16.259
15.58
14.404
15.58
16.55
17.137
17.537
17.732
17.732
17.537
17.137
16.55
15.58
16.259
17.137
17.669
18.057
18.245
18.245
18.057
17.669
17.137
16.259
16.662
17.537
18.057
18.427
18.609
18.609
18.427
18.057
17.537
16.662
16.864
17.732
18.245
18.609
18.789
18.789
18.609
18.245
17.732
16.864
16.864
17.732
18.245
18.609
18.789
18.789
18.609
18.245
17.732
16.864
16.662
17.537
18.057
18.427
18.609
18.609
18.427
18.057
17.537
16.662
16.259
17.137
17.669
18.057
18.245
18.245
18.057
17.669
17.137
16.259
15.58
16.55
17.137
17.537
17.732
17.732
17.537
17.137
16.55
15.58
14.404
15.58
16.259
16.662
16.864
16.864
16.662
16.259
15.58
14.404
20.967
22.367
23.153
23.616
23.847
23.847
23.616
23.153
22.367
20.967
22.367
23.483
24.146
24.597
24.816
24.816
24.597
24.146
23.483
22.367
23.153
24.146
24.737
25.17
25.379
25.379
25.17
24.737
24.146
23.153
23.616
24.597
25.17
25.579
25.779
25.779
25.579
25.17
24.597
23.616
23.847
24.816
25.379
25.779
25.975
25.975
25.779
25.379
24.816
23.847
23.847
24.816
25.379
25.779
25.975
25.975
25.779
25.379
24.816
23.847
23.616
24.597
25.17
25.579
25.779
25.779
25.579
25.17
24.597
23.616
23.153
24.146
24.737
25.17
25.379
25.379
25.17
24.737
24.146
23.153
22.367
23.483
24.146
24.597
24.816
24.816
24.597
24.146
23.483
22.367
20.967
22.367
23.153
23.616
23.847
23.847
23.616
23.153
22.367
20.967
29.913
31.486
32.344
32.844
33.093
33.093
32.844
32.344
31.486
29.913
31.486
32.696
33.403
33.882
34.114
34.114
33.882
33.403
32.696
31.486
32.344
33.403
34.022
34.477
34.696
34.696
34.477
34.022
33.403
32.344
32.844
33.882
34.477
34.904
35.111
35.111
34.904
34.477
33.882
32.844
33.093
34.114
34.696
35.111
35.313
35.313
35.111
34.696
34.114
33.093
33.093
34.114
34.696
35.111
35.313
35.313
35.111
34.696
34.114
33.093
32.844
33.882
34.477
34.904
35.111
35.111
34.904
34.477
33.882
32.844
32.344
33.403
34.022
34.477
34.696
34.696
34.477
34.022
33.403
32.344
31.486
32.696
33.403
33.882
34.114
34.114
33.882
33.403
32.696
31.486
29.913
31.486
32.344
32.844
33.093
33.093
32.844
32.344
31.486
29.913
41.478
43.1
43.957
44.45
44.695
44.695
44.45
43.957
43.1
41.478
43.1
44.3
44.988
45.455
45.678
45.678
45.455
44.988
44.3
43.1
43.957
44.988
45.583
46.022
46.231
46.231
46.022
45.583
44.988
43.957
44.45
45.455
46.022
46.428
46.625
46.625
46.428
46.022
45.455
44.45
44.695
45.678
46.231
46.625
46.817
46.817
46.625
46.231
45.678
44.695
44.695
45.678
46.231
46.625
46.817
46.817
46.625
46.231
45.678
44.695
44.45
45.455
46.022
46.428
46.625
46.625
46.428
46.022
45.455
44.45
43.957
44.988
45.583
46.022
46.231
46.231
46.022
45.583
44.988
43.957
43.1
44.3
44.988
45.455
45.678
45.678
45.455
44.988
44.3
43.1
41.478
43.1
43.957
44.45
44.695
44.695
44.45
43.957
43.1
41.478
55.694
57.156
57.906
58.332
58.543
58.543
58.332
57.906
57.156
55.694
57.156
58.2
58.788
59.186
59.375
59.375
59.186
58.788
58.2
57.156
57.906
58.788
59.289
59.66
59.836
59.836
59.66
59.289
58.788
57.906
58.332
59.186
59.66
60.001
60.165
60.165
60.001
59.66
59.186
58.332
58.543
59.375
59.836
60.165
60.325
60.325
60.165
59.836
59.375
58.543
58.543
59.375
59.836
60.165
60.325
60.325
60.165
59.836
59.375
58.543
58.332
59.186
59.66
60.001
60.165
60.165
60.001
59.66
59.186
58.332
57.906
58.788
59.289
59.66
59.836
59.836
59.66
59.289
58.788
57.906
57.156
58.2
58.788
59.186
59.375
59.375
59.186
58.788
58.2
57.156
55.694
57.156
57.906
58.332
58.543
58.543
58.332
57.906
57.156
55.694
72.268
73.325
73.844
74.134
74.278
74.278
74.134
73.844
73.325
72.268
73.325
74.044
74.443
74.712
74.839
74.839
74.712
74.443
74.044
73.325
73.844
74.443
74.778
75.028
75.147
75.147
75.028
74.778
74.443
73.844
74.134
74.712
75.028
75.256
75.366
75.366
75.256
75.028
74.712
74.134
74.278
74.839
75.147
75.366
75.472
75.472
75.366
75.147
74.839
74.278
74.278
74.839
75.147
75.366
75.472
75.472
75.366
75.147
74.839
74.278
74.134
74.712
75.028
75.256
75.366
75.366
75.256
75.028
74.712
74.134
73.844
74.443
74.778
75.028
75.147
75.147
75.028
74.778
74.443
73.844
73.325
74.044
74.443
74.712
74.839
74.839
74.712
74.443
74.044
73.325
72.268
73.325
73.844
74.134
74.278
74.278
74.134
73.844
73.325
72.268
90.484
90.928
91.121
91.222
91.275
91.275
91.222
91.121
90.928
90.484
90.928
91.193
91.335
91.43
91.476
91.476
91.43
91.335
91.193
90.928
91.121
91.335
91.454
91.542
91.584
91.584
91.542
91.454
91.335
91.121
91.222
91.43
91.542
91.622
91.661
91.661
91.622
91.542
91.43
91.222
91.275
91.476
91.584
91.661
91.698
91.698
91.661
91.584
91.476
91.275
91.275
91.476
91.584
91.661
91.698
91.698
91.661
91.584
91.476
91.275
91.222
91.43
91.542
91.622
91.661
91.661
91.622
91.542
91.43
91.222
91.121
91.335
91.454
91.542
91.584
91.584
91.542
91.454
91.335
91.121
90.928
91.193
91.335
91.43
91.476
91.476
91.43
91.335
91.193
90.928
90.484
90.928
91.121
91.222
91.275
91.275
91.222
91.121
90.928
90.484
109.51
109.07
108.88
108.78
108.72
108.72
108.78
108.88
109.07
109.51
109.07
108.81
108.66
108.57
108.52
108.52
108.57
108.66
108.81
109.07
108.88
108.66
108.55
108.46
108.42
108.42
108.46
108.55
108.66
108.88
108.78
108.57
108.46
108.38
108.34
108.34
108.38
108.46
108.57
108.78
108.72
108.52
108.42
108.34
108.3
108.3
108.34
108.42
108.52
108.72
108.72
108.52
108.42
108.34
108.3
108.3
108.34
108.42
108.52
108.72
108.78
108.57
108.46
108.38
108.34
108.34
108.38
108.46
108.57
108.78
108.88
108.66
108.55
108.46
108.42
108.42
108.46
108.55
108.66
108.88
109.07
108.81
108.66
108.57
108.52
108.52
108.57
108.66
108.81
109.07
109.51
109.07
108.88
108.78
108.72
108.72
108.78
108.88
109.07
109.51
127.73
126.67
126.15
125.86
125.71
125.71
125.86
126.15
126.67
127.73
126.67
125.94
125.54
125.28
125.15
125.15
125.28
125.54
125.94
126.67
126.15
125.54
125.21
124.96
124.84
124.84
124.96
125.21
125.54
126.15
125.86
125.28
124.96
124.73
124.62
124.62
124.73
124.96
125.28
125.86
125.71
125.15
124.84
124.62
124.51
124.51
124.62
124.84
125.15
125.71
125.71
125.15
124.84
124.62
124.51
124.51
124.62
124.84
125.15
125.71
125.86
125.28
124.96
124.73
124.62
124.62
124.73
124.96
125.28
125.86
126.15
125.54
125.21
124.96
124.84
124.84
124.96
125.21
125.54
126.15
126.67
125.94
125.54
125.28
125.15
125.15
125.28
125.54
125.94
126.67
127.73
126.67
126.15
125.86
125.71
125.71
125.86
126.15
126.67
127.73
144.3
142.83
142.08
141.65
141.44
141.44
141.65
142.08
142.83
144.3
142.83
141.78
141.19
140.79
140.61
140.61
140.79
141.19
141.78
142.83
142.08
141.19
140.69
140.32
140.14
140.14
140.32
140.69
141.19
142.08
141.65
140.79
140.32
139.98
139.81
139.81
139.98
140.32
140.79
141.65
141.44
140.61
140.14
139.81
139.65
139.65
139.81
140.14
140.61
141.44
141.44
140.61
140.14
139.81
139.65
139.65
139.81
140.14
140.61
141.44
141.65
140.79
140.32
139.98
139.81
139.81
139.98
140.32
140.79
141.65
142.08
141.19
140.69
140.32
140.14
140.14
140.32
140.69
141.19
142.08
142.83
141.78
141.19
140.79
140.61
140.61
140.79
141.19
141.78
142.83
144.3
142.83
142.08
141.65
141.44
141.44
141.65
142.08
142.83
144.3
