122.19
121.85
121.66
121.55
121.49
121.49
121.55
121.66
121.85
122.19
121.85
121.58
121.42
121.31
121.26
121.26
121.31
121.42
121.58
121.85
121.66
121.42
121.28
121.17
121.12
121.12
121.17
121.28
121.42
121.66
121.55
121.31
121.17
121.07
121.03
121.03
121.07
121.17
121.31
121.55
121.49
121.26
121.12
121.03
120.98
120.98
121.03
121.12
121.26
121.49
121.49
121.26
121.12
121.03
120.98
120.98
121.03
121.12
121.26
121.49
121.55
121.31
121.17
121.07
121.03
121.03
121.07
121.17
121.31
121.55
121.66
121.42
121.28
121.17
121.12
121.12
121.17
121.28
121.42
121.66
121.85
121.58
121.42
121.31
121.26
121.26
121.31
121.42
121.58
121.85
122.19
121.85
121.66
121.55
121.49
121.49
121.55
121.66
121.85
122.19
113.54
113.33
113.22
113.15
113.11
113.11
113.15
113.22
113.33
113.54
113.33
113.17
113.07
113
112.97
112.97
113
113.07
113.17
113.33
113.22
113.07
112.98
112.92
112.89
112.89
112.92
112.98
113.07
113.22
113.15
113
112.92
112.86
112.83
112.83
112.86
112.92
113
113.15
113.11
112.97
112.89
112.83
112.8
112.8
112.83
112.89
112.97
113.11
113.11
112.97
112.89
112.83
112.8
112.8
112.83
112.89
112.97
113.11
113.15
113
112.92
112.86
112.83
112.83
112.86
112.92
113
113.15
113.22
113.07
112.98
112.92
112.89
112.89
112.92
112.98
113.07
113.22
113.33
113.17
113.07
113
112.97
112.97
113
113.07
113.17
113.33
113.54
113.33
113.22
113.15
113.11
113.11
113.15
113.22
113.33
113.54
104.55
104.48
104.44
104.42
104.41
104.41
104.42
104.44
104.48
104.55
104.48
104.43
104.4
104.37
104.36
104.36
104.37
104.4
104.43
104.48
104.44
104.4
104.37
104.35
104.33
104.33
104.35
104.37
104.4
104.44
104.42
104.37
104.35
104.32
104.31
104.31
104.32
104.35
104.37
104.42
104.41
104.36
104.33
104.31
104.3
104.3
104.31
104.33
104.36
104.41
104.41
104.36
104.33
104.31
104.3
104.3
104.31
104.33
104.36
104.41
104.42
104.37
104.35
104.32
104.31
104.31
104.32
104.35
104.37
104.42
104.44
104.4
104.37
104.35
104.33
104.33
104.35
104.37
104.4
104.44
104.48
104.43
104.4
104.37
104.36
104.36
104.37
104.4
104.43
104.48
104.55
104.48
104.44
104.42
104.41
104.41
104.42
104.44
104.48
104.55
95.447
95.516
95.555
95.578
95.59
95.59
95.578
95.555
95.516
95.447
95.516
95.571
95.604
95.626
95.637
95.637
95.626
95.604
95.571
95.516
95.555
95.604
95.633
95.654
95.665
95.665
95.654
95.633
95.604
95.555
95.578
95.626
95.654
95.675
95.685
95.685
95.675
95.654
95.626
95.578
95.59
95.637
95.665
95.685
95.695
95.695
95.685
95.665
95.637
95.59
95.59
95.637
95.665
95.685
95.695
95.695
95.685
95.665
95.637
95.59
95.578
95.626
95.654
95.675
95.685
95.685
95.675
95.654
95.626
95.578
95.555
95.604
95.633
95.654
95.665
95.665
95.654
95.633
95.604
95.555
95.516
95.571
95.604
95.626
95.637
95.637
95.626
95.604
95.571
95.516
95.447
95.516
95.555
95.578
95.59
95.59
95.578
95.555
95.516
95.447
86.457
86.662
86.777
86.846
86.881
86.881
86.846
86.777
86.662
86.457
86.662
86.824
86.921
86.988
87.021
87.021
86.988
86.921
86.824
86.662
86.777
86.921
87.008
87.072
87.104
87.104
87.072
87.008
86.921
86.777
86.846
86.988
87.072
87.133
87.163
87.163
87.133
87.072
86.988
86.846
86.881
87.021
87.104
87.163
87.192
87.192
87.163
87.104
87.021
86.881
86.881
87.021
87.104
87.163
87.192
87.192
87.163
87.104
87.021
86.881
86.846
86.988
87.072
87.133
87.163
87.163
87.133
87.072
86.988
86.846
86.777
86.921
87.008
87.072
87.104
87.104
87.072
87.008
86.921
86.777
86.662
86.824
86.921
86.988
87.021
87.021
86.988
86.921
86.824
86.662
86.457
86.662
86.777
86.846
86.881
86.881
86.846
86.777
86.662
86.457
77.808
78.143
78.331
78.444
78.5
78.5
78.444
78.331
78.143
77.808
78.143
78.407
78.566
78.676
78.729
78.729
78.676
78.566
78.407
78.143
78.331
78.566
78.709
78.814
78.865
78.865
78.814
78.709
78.566
78.331
78.444
78.676
78.814
78.913
78.962
78.962
78.913
78.814
78.676
78.444
78.5
78.729
78.865
78.962
79.01
79.01
78.962
78.865
78.729
78.5
78.5
78.729
78.865
78.962
79.01
79.01
78.962
78.865
78.729
78.5
78.444
78.676
78.814
78.913
78.962
78.962
78.913
78.814
78.676
78.444
78.331
78.566
78.709
78.814
78.865
78.865
78.814
78.709
78.566
78.331
78.143
78.407
78.566
78.676
78.729
78.729
78.676
78.566
78.407
78.143
77.808
78.143
78.331
78.444
78.5
78.5
78.444
78.331
78.143
77.808
69.717
70.172
70.427
70.581
70.658
70.658
70.581
70.427
70.172
69.717
70.172
70.532
70.748
70.897
70.969
70.969
70.897
70.748
70.532
70.172
70.427
70.748
70.941
71.084
71.154
71.154
71.084
70.941
70.748
70.427
70.581
70.897
71.084
71.219
71.286
71.286
71.219
71.084
70.897
70.581
70.658
70.969
71.154
71.286
71.351
71.351
71.286
71.154
70.969
70.658
70.658
70.969
71.154
71.286
71.351
71.351
71.286
71.154
70.969
70.658
70.581
70.897
71.084
71.219
71.286
71.286
71.219
71.084
70.897
70.581
70.427
70.748
70.941
71.084
71.154
71.154
71.084
70.941
70.748
70.427
70.172
70.532
70.748
70.897
70.969
70.969
70.897
70.748
70.532
70.172
69.717
70.172
70.427
70.581
70.658
70.658
70.581
70.427
70.172
69.717
62.385
62.947
63.262
63.452
63.547
63.547
63.452
63.262
62.947
62.385
62.947
63.391
63.658
63.842
63.932
63.932
63.842
63.658
63.391
62.947
63.262
63.658
63.897
64.074
64.16
64.16
64.074
63.897
63.658
63.262
63.452
63.842
64.074
64.241
64.324
64.324
64.241
64.074
63.842
63.452
63.547
63.932
64.16
64.324
64.404
64.404
64.324
64.16
63.932
63.547
63.547
63.932
64.16
64.324
64.404
64.404
64.324
64.16
63.932
63.547
63.452
63.842
64.074
64.241
64.324
64.324
64.241
64.074
63.842
63.452
63.262
63.658
63.897
64.074
64.16
64.16
64.074
63.897
63.658
63.262
62.947
63.391
63.658
63.842
63.932
63.932
63.842
63.658
63.391
62.947
62.385
62.947
63.262
63.452
63.547
63.547
63.452
63.262
62.947
62.385
55.99
56.643
57.01
57.23
57.341
57.341
57.23
57.01
56.643
55.99
56.643
57.16
57.471
57.686
57.791
57.791
57.686
57.471
57.16
56.643
57.01
57.471
57.75
57.956
58.056
58.056
57.956
57.75
57.471
57.01
57.23
57.686
57.956
58.15
58.246
58.246
58.15
57.956
57.686
57.23
57.341
57.791
58.056
58.246
58.34
58.34
58.246
58.056
57.791
57.341
57.341
57.791
58.056
58.246
58.34
58.34
58.246
58.056
57.791
57.341
57.23
57.686
57.956
58.15
58.246
58.246
58.15
57.956
57.686
57.23
57.01
57.471
57.75
57.956
58.056
58.056
57.956
57.75
57.471
57.01
56.643
57.16
57.471
57.686
57.791
57.791
57.686
57.471
57.16
56.643
55.99
56.643
57.01
57.23
57.341
57.341
57.23
57.01
56.643
55.99
50.685
51.412
51.822
52.067
52.191
52.191
52.067
51.822
51.412
50.685
51.412
51.989
52.336
52.575
52.692
52.692
52.575
52.336
51.989
51.412
51.822
52.336
52.647
52.877
52.989
52.989
52.877
52.647
52.336
51.822
52.067
52.575
52.877
53.094
53.201
53.201
53.094
52.877
52.575
52.067
52.191
52.692
52.989
53.201
53.306
53.306
53.201
52.989
52.692
52.191
52.191
52.692
52.989
53.201
53.306
53.306
53.201
52.989
52.692
52.191
52.067
52.575
52.877
53.094
53.201
53.201
53.094
52.877
52.575
52.067
51.822
52.336
52.647
52.877
52.989
52.989
52.877
52.647
52.336
51.822
51.412
51.989
52.336
52.575
52.692
52.692
52.575
52.336
51.989
51.412
50.685
51.412
51.822
52.067
52.191
52.191
52.067
51.822
51.412
50.685
46.596
47.379
47.82
48.085
48.218
48.218
48.085
47.82
47.379
46.596
47.379
48.001
48.375
48.633
48.76
48.76
48.633
48.375
48.001
47.379
47.82
48.375
48.711
48.959
49.08
49.08
48.959
48.711
48.375
47.82
48.085
48.633
48.959
49.193
49.309
49.309
49.193
48.959
48.633
48.085
48.218
48.76
49.08
49.309
49.422
49.422
49.309
49.08
48.76
48.218
48.218
48.76
49.08
49.309
49.422
49.422
49.309
49.08
48.76
48.218
48.085
48.633
48.959
49.193
49.309
49.309
49.193
48.959
48.633
48.085
47.82
48.375
48.711
48.959
49.08
49.08
48.959
48.711
48.375
47.82
47.379
48.001
48.375
48.633
48.76
48.76
48.633
48.375
48.001
47.379
46.596
47.379
47.82
48.085
48.218
48.218
48.085
47.82
47.379
46.596
43.817
44.637
45.1
45.378
45.517
45.517
45.378
45.1
44.637
43.817
44.637
45.29
45.682
45.953
46.085
46.085
45.953
45.682
45.29
44.637
45.1
45.682
46.034
46.294
46.421
46.421
46.294
46.034
45.682
45.1
45.378
45.953
46.294
46.541
46.662
46.662
46.541
46.294
45.953
45.378
45.517
46.085
46.421
46.662
46.781
46.781
46.662
46.421
46.085
45.517
45.517
46.085
46.421
46.662
46.781
46.781
46.662
46.421
46.085
45.517
45.378
45.953
46.294
46.541
46.662
46.662
46.541
46.294
45.953
45.378
45.1
45.682
46.034
46.294
46.421
46.421
46.294
46.034
45.682
45.1
44.637
45.29
45.682
45.953
46.085
46.085
45.953
45.682
45.29
44.637
43.817
44.637
45.1
45.378
45.517
45.517
45.378
45.1
44.637
43.817
42.411
43.251
43.724
44.008
44.151
44.151
44.008
43.724
43.251
42.411
43.251
43.918
44.32
44.597
44.733
44.733
44.597
44.32
43.918
43.251
43.724
44.32
44.68
44.947
45.076
45.076
44.947
44.68
44.32
43.724
44.008
44.597
44.947
45.199
45.323
45.323
45.199
44.947
44.597
44.008
44.151
44.733
45.076
45.323
45.445
45.445
45.323
45.076
44.733
44.151
44.151
44.733
45.076
45.323
45.445
45.445
45.323
45.076
44.733
44.151
44.008
44.597
44.947
45.199
45.323
45.323
45.199
44.947
44.597
44.008
43.724
44.32
44.68
44.947
45.076
45.076
44.947
44.68
44.32
43.724
43.251
43.918
44.32
44.597
44.733
44.733
44.597
44.32
43.918
43.251
42.411
43.251
43.724
44.008
44.151
44.151
44.008
43.724
43.251
42.411
42.411
43.251
43.724
44.008
44.151
44.151
44.008
43.724
43.251
42.411
43.251
43.918
44.32
44.597
44.733
44.733
44.597
44.32
43.918
43.251
43.724
44.32
44.68
44.947
45.076
45.076
44.947
44.68
44.32
43.724
44.008
44.597
44.947
45.199
45.323
45.323
45.199
44.947
44.597
44.008
44.151
44.733
45.076
45.323
45.445
45.445
45.323
45.076
44.733
44.151
44.151
44.733
45.076
45.323
45.445
45.445
45.323
45.076
44.733
44.151
44.008
44.597
44.947
45.199
45.323
45.323
45.199
44.947
44.597
44.008
43.724
44.32
44.68
44.947
45.076
45.076
44.947
44.68
44.32
43.724
43.251
43.918
44.32
44.597
44.733
44.733
44.597
44.32
43.918
43.251
42.411
43.251
43.724
44.008
44.151
44.151
44.008
43.724
43.251
42.411
43.817
44.637
45.1
45.378
45.517
45.517
45.378
45.1
44.637
43.817
44.637
45.29
45.682
45.953
46.085
46.085
45.953
45.682
45.29
44.637
45.1
45.682
46.034
46.294
46.421
46.421
46.294
46.034
45.682
45.1
45.378
45.953
46.294
46.541
46.662
46.662
46.541
46.294
45.953
45.378
45.517
46.085
46.421
46.662
46.781
46.781
46.662
46.421
46.085
45.517
45.517
46.085
46.421
46.662
46.781
46.781
46.662
46.421
46.085
45.517
45.378
45.953
46.294
46.541
46.662
46.662
46.541
46.294
45.953
45.378
45.1
45.682
46.034
46.294
46.421
46.421
46.294
46.034
45.682
45.1
44.637
45.29
45.682
45.953
46.085
46.085
45.953
45.682
45.29
44.637
43.817
44.637
45.1
45.378
45.517
45.517
45.378
45.1
44.637
43.817
46.596
47.379
47.82
48.085
48.218
48.218
48.085
47.82
47.379
46.596
47.379
48.001
48.375
48.633
48.76
48.76
48.633
48.375
48.001
47.379
47.82
48.375
48.711
48.959
49.08
49.08
48.959
48.711
48.375
47.82
48.085
48.633
48.959
49.193
49.309
49.309
49.193
48.959
48.633
48.085
48.218
48.76
49.08
49.309
49.422
49.422
49.309
49.08
48.76
48.218
48.218
48.76
49.08
49.309
49.422
49.422
49.309
49.08
48.76
48.218
48.085
48.633
48.959
49.193
49.309
49.309
49.193
48.959
48.633
48.085
47.82
48.375
48.711
48.959
49.08
49.08
48.959
48.711
48.375
47.82
47.379
48.001
48.375
48.633
48.76
48.76
48.633
48.375
48.001
47.379
46.596
47.379
47.82
48.085
48.218
48.218
48.085
47.82
47.379
46.596
50.685
51.412
51.822
52.067
52.191
52.191
52.067
51.822
51.412
50.685
51.412
51.989
52.336
52.575
52.692
52.692
52.575
52.336
51.989
51.412
51.822
52.336
52.647
52.877
52.989
52.989
52.877
52.647
52.336
51.822
52.067
52.575
52.877
53.094
53.201
53.201
53.094
52.877
52.575
52.067
52.191
52.692
52.989
53.201
53.306
53.306
53.201
52.989
52.692
52.191
52.191
52.692
52.989
53.201
53.306
53.306
53.201
52.989
52.692
52.191
52.067
52.575
52.877
53.094
53.201
53.201
53.094
52.877
52.575
52.067
51.822
52.336
52.647
52.877
52.989
52.989
52.877
52.647
52.336
51.822
51.412
51.989
52.336
52.575
52.692
52.692
52.575
52.336
51.989
51.412
50.685
51.412
51.822
52.067
52.191
52.191
52.067
51.822
51.412
50.685
55.99
56.643
57.01
57.23
57.341
57.341
57.23
57.01
56.643
55.99
56.643
57.16
57.471
57.686
57.791
57.791
57.686
57.471
57.16
56.643
57.01
57.471
57.75
57.956
58.056
58.056
57.956
57.75
57.471
57.01
57.23
57.686
57.956
58.15
58.246
58.246
58.15
57.956
57.686
57.23
57.341
57.791
58.056
58.246
58.34
58.34
58.246
58.056
57.791
57.341
57.341
57.791
58.056
58.246
58.34
58.34
58.246
58.056
57.791
57.341
57.23
57.686
57.956
58.15
58.246
58.246
58.15
57.956
57.686
57.23
57.01
57.471
57.75
57.956
58.056
58.056
57.956
57.75
57.471
57.01
56.643
57.16
57.471
57.686
57.791
57.791
57.686
57.471
57.16
56.643
55.99
56.643
57.01
57.23
57.341
57.341
57.23
57.01
56.643
55.99
62.385
62.947
63.262
63.452
63.547
63.547
63.452
63.262
62.947
62.385
62.947
63.391
63.658
63.842
63.932
63.932
63.842
63.658
63.391
62.947
63.262
63.658
63.897
64.074
64.16
64.16
64.074
63.897
63.658
63.262
63.452
63.842
64.074
64.241
64.324
64.324
64.241
64.074
63.842
63.452
63.547
63.932
64.16
64.324
64.404
64.404
64.324
64.16
63.932
63.547
63.547
63.932
64.16
64.324
64.404
64.404
64.324
64.16
63.932
63.547
63.452
63.842
64.074
64.241
64.324
64.324
64.241
64.074
63.842
63.452
63.262
63.658
63.897
64.074
64.16
64.16
64.074
63.897
63.658
63.262
62.947
63.391
63.658
63.842
63.932
63.932
63.842
63.658
63.391
62.947
62.385
62.947
63.262
63.452
63.547
63.547
63.452
63.262
62.947
62.385
69.717
70.172
70.427
70.581
70.658
70.658
70.581
70.427
70.172
69.717
70.172
70.532
70.748
70.897
70.969
70.969
70.897
70.748
70.532
70.172
70.427
70.748
70.941
71.084
71.154
71.154
71.084
70.941
70.748
70.427
70.581
70.897
71.084
71.219
71.286
71.286
71.219
71.084
70.897
70.581
70.658
70.969
71.154
71.286
71.351
71.351
71.286
71.154
70.969
70.658
70.658
70.969
71.154
71.286
71.351
71.351
71.286
71.154
70.969
70.658
70.581
70.897
71.084
71.219
71.286
71.286
71.219
71.084
70.897
70.581
70.427
70.748
70.941
71.084
71.154
71.154
71.084
70.941
70.748
70.427
70.172
70.532
70.748
70.897
70.969
70.969
70.897
70.748
70.532
70.172
69.717
70.172
70.427
70.581
70.658
70.658
70.581
70.427
70.172
69.717
77.808
78.143
78.331
78.444
78.5
78.5
78.444
78.331
78.143
77.808
78.143
78.407
78.566
78.676
78.729
78.729
78.676
78.566
78.407
78.143
78.331
78.566
78.709
78.814
78.865
78.865
78.814
78.709
78.566
78.331
78.444
78.676
78.814
78.913
78.962
78.962
78.913
78.814
78.676
78.444
78.5
78.729
78.865
78.962
79.01
79.01
78.962
78.865
78.729
78.5
78.5
78.729
78.865
78.962
79.01
79.01
78.962
78.865
78.729
78.5
78.444
78.676
78.814
78.913
78.962
78.962
78.913
78.814
78.676
78.444
78.331
78.566
78.709
78.814
78.865
78.865
78.814
78.709
78.566
78.331
78.143
78.407
78.566
78.676
78.729
78.729
78.676
78.566
78.407
78.143
77.808
78.143
78.331
78.444
78.5
78.5
78.444
78.331
78.143
77.808
86.457
86.662
86.777
86.846
86.881
86.881
86.846
86.777
86.662
86.457
86.662
86.824
86.921
86.988
87.021
87.021
86.988
86.921
86.824
86.662
86.777
86.921
87.008
87.072
87.104
87.104
87.072
87.008
86.921
86.777
86.846
86.988
87.072
87.133
87.163
87.163
87.133
87.072
86.988
86.846
86.881
87.021
87.104
87.163
87.192
87.192
87.163
87.104
87.021
86.881
86.881
87.021
87.104
87.163
87.192
87.192
87.163
87.104
87.021
86.881
86.846
86.988
87.072
87.133
87.163
87.163
87.133
87.072
86.988
86.846
86.777
86.921
87.008
87.072
87.104
87.104
87.072
87.008
86.921
86.777
86.662
86.824
86.921
86.988
87.021
87.021
86.988
86.921
86.824
86.662
86.457
86.662
86.777
86.846
86.881
86.881
86.846
86.777
86.662
86.457
95.447
95.516
95.555
95.578
95.59
95.59
95.578
95.555
95.516
95.447
95.516
95.571
95.604
95.626
95.637
95.637
95.626
95.604
95.571
95.516
95.555
95.604
95.633
95.654
95.665
95.665
95.654
95.633
95.604
95.555
95.578
95.626
95.654
95.675
95.685
95.685
95.675
95.654
95.626
95.578
95.59
95.637
95.665
95.685
95.695
95.695
95.685
95.665
95.637
95.59
95.59
95.637
95.665
95.685
95.695
95.695
95.685
95.665
95.637
95.59
95.578
95.626
95.654
95.675
95.685
95.685
95.675
95.654
95.626
95.578
95.555
95.604
95.633
95.654
95.665
95.665
95.654
95.633
95.604
95.555
95.516
95.571
95.604
95.626
95.637
95.637
95.626
95.604
95.571
95.516
95.447
95.516
95.555
95.578
95.59
95.59
95.578
95.555
95.516
95.447
104.55
104.48
104.44
104.42
104.41
104.41
104.42
104.44
104.48
104.55
104.48
104.43
104.4
104.37
104.36
104.36
104.37
104.4
104.43
104.48
104.44
104.4
104.37
104.35
104.33
104.33
104.35
104.37
104.4
104.44
104.42
104.37
104.35
104.32
104.31
104.31
104.32
104.35
104.37
104.42
104.41
104.36
104.33
104.31
104.3
104.3
104.31
104.33
104.36
104.41
104.41
104.36
104.33
104.31
104.3
104.3
104.31
104.33
104.36
104.41
104.42
104.37
104.35
104.32
104.31
104.31
104.32
104.35
104.37
104.42
104.44
104.4
104.37
104.35
104.33
104.33
104.35
104.37
104.4
104.44
104.48
104.43
104.4
104.37
104.36
104.36
104.37
104.4
104.43
104.48
104.55
104.48
104.44
104.42
104.41
104.41
104.42
104.44
104.48
104.55
113.54
113.33
113.22
113.15
113.11
113.11
113.15
113.22
113.33
113.54
113.33
113.17
113.07
113
112.97
112.97
113
113.07
113.17
113.33
113.22
113.07
112.98
112.92
112.89
112.89
112.92
112.98
113.07
113.22
113.15
113
112.92
112.86
112.83
112.83
112.86
112.92
113
113.15
113.11
112.97
112.89
112.83
112.8
112.8
112.83
112.89
112.97
113.11
113.11
112.97
112.89
112.83
112.8
112.8
112.83
112.89
112.97
113.11
113.15
113
112.92
112.86
112.83
112.83
112.86
112.92
113
113.15
113.22
113.07
112.98
112.92
112.89
112.89
112.92
112.98
113.07
113.22
113.33
113.17
113.07
113
112.97
112.97
113
113.07
113.17
113.33
113.54
113.33
113.22
113.15
113.11
113.11
113.15
113.22
113.33
113.54
122.19
121.85
121.66
121.55
121.49
121.49
121.55
121.66
121.85
122.19
121.85
121.58
121.42
121.31
121.26
121.26
121.31
121.42
121.58
121.85
121.66
121.42
121.28
121.17
121.12
121.12
121.17
121.28
121.42
121.66
121.55
121.31
121.17
121.07
121.03
121.03
121.07
121.17
121.31
121.55
121.49
121.26
121.12
121.03
120.98
120.98
121.03
121.12
121.26
121.49
121.49
121.26
121.12
121.03
120.98
120.98
121.03
121.12
121.26
121.49
121.55
121.31
121.17
121.07
121.03
121.03
121.07
121.17
121.31
121.55
121.66
121.42
121.28
121.17
121.12
121.12
121.17
121.28
121.42
121.66
121.85
121.58
121.42
121.31
121.26
121.26
121.31
121.42
121.58
121.85
122.19
121.85
121.66
121.55
121.49
121.49
121.55
121.66
121.85
122.19
