117.76
117.5
117.35
117.26
117.22
117.22
117.26
117.35
117.5
117.76
117.5
117.29
117.16
117.08
117.03
117.03
117.08
117.16
117.29
117.5
117.35
117.16
117.05
116.97
116.93
116.93
116.97
117.05
117.16
117.35
117.26
117.08
116.97
116.89
116.85
116.85
116.89
116.97
117.08
117.26
117.22
117.03
116.93
116.85
116.81
116.81
116.85
116.93
117.03
117.22
117.22
117.03
116.93
116.85
116.81
116.81
116.85
116.93
117.03
117.22
117.26
117.08
116.97
116.89
116.85
116.85
116.89
116.97
117.08
117.26
117.35
117.16
117.05
116.97
116.93
116.93
116.97
117.05
117.16
117.35
117.5
117.29
117.16
117.08
117.03
117.03
117.08
117.16
117.29
117.5
117.76
117.5
117.35
117.26
117.22
117.22
117.26
117.35
117.5
117.76
110.84
110.68
110.59
110.53
110.5
110.5
110.53
110.59
110.68
110.84
110.68
110.55
110.47
110.42
110.39
110.39
110.42
110.47
110.55
110.68
110.59
110.47
110.4
110.35
110.33
110.33
110.35
110.4
110.47
110.59
110.53
110.42
110.35
110.3
110.28
110.28
110.3
110.35
110.42
110.53
110.5
110.39
110.33
110.28
110.26
110.26
110.28
110.33
110.39
110.5
110.5
110.39
110.33
110.28
110.26
110.26
110.28
110.33
110.39
110.5
110.53
110.42
110.35
110.3
110.28
110.28
110.3
110.35
110.42
110.53
110.59
110.47
110.4
110.35
110.33
110.33
110.35
110.4
110.47
110.59
110.68
110.55
110.47
110.42
110.39
110.39
110.42
110.47
110.55
110.68
110.84
110.68
110.59
110.53
110.5
110.5
110.53
110.59
110.68
110.84
103.64
103.59
103.56
103.54
103.53
103.53
103.54
103.56
103.59
103.64
103.59
103.55
103.52
103.5
103.49
103.49
103.5
103.52
103.55
103.59
103.56
103.52
103.5
103.48
103.47
103.47
103.48
103.5
103.52
103.56
103.54
103.5
103.48
103.46
103.46
103.46
103.46
103.48
103.5
103.54
103.53
103.49
103.47
103.46
103.45
103.45
103.46
103.47
103.49
103.53
103.53
103.49
103.47
103.46
103.45
103.45
103.46
103.47
103.49
103.53
103.54
103.5
103.48
103.46
103.46
103.46
103.46
103.48
103.5
103.54
103.56
103.52
103.5
103.48
103.47
103.47
103.48
103.5
103.52
103.56
103.59
103.55
103.52
103.5
103.49
103.49
103.5
103.52
103.55
103.59
103.64
103.59
103.56
103.54
103.53
103.53
103.54
103.56
103.59
103.64
96.357
96.411
96.441
96.459
96.468
96.468
96.459
96.441
96.411
96.357
96.411
96.453
96.479
96.497
96.506
96.506
96.497
96.479
96.453
96.411
96.441
96.479
96.502
96.519
96.527
96.527
96.519
96.502
96.479
96.441
96.459
96.497
96.519
96.535
96.543
96.543
96.535
96.519
96.497
96.459
96.468
96.506
96.527
96.543
96.551
96.551
96.543
96.527
96.506
96.468
96.468
96.506
96.527
96.543
96.551
96.551
96.543
96.527
96.506
96.468
96.459
96.497
96.519
96.535
96.543
96.543
96.535
96.519
96.497
96.459
96.441
96.479
96.502
96.519
96.527
96.527
96.519
96.502
96.479
96.441
96.411
96.453
96.479
96.497
96.506
96.506
96.497
96.479
96.453
96.411
96.357
96.411
96.441
96.459
96.468
96.468
96.459
96.441
96.411
96.357
89.16
89.32
89.411
89.465
89.492
89.492
89.465
89.411
89.32
89.16
89.32
89.448
89.524
89.577
89.603
89.603
89.577
89.524
89.448
89.32
89.411
89.524
89.593
89.644
89.668
89.668
89.644
89.593
89.524
89.411
89.465
89.577
89.644
89.692
89.715
89.715
89.692
89.644
89.577
89.465
89.492
89.603
89.668
89.715
89.738
89.738
89.715
89.668
89.603
89.492
89.492
89.603
89.668
89.715
89.738
89.738
89.715
89.668
89.603
89.492
89.465
89.577
89.644
89.692
89.715
89.715
89.692
89.644
89.577
89.465
89.411
89.524
89.593
89.644
89.668
89.668
89.644
89.593
89.524
89.411
89.32
89.448
89.524
89.577
89.603
89.603
89.577
89.524
89.448
89.32
89.16
89.32
89.411
89.465
89.492
89.492
89.465
89.411
89.32
89.16
82.232
82.495
82.643
82.731
82.776
82.776
82.731
82.643
82.495
82.232
82.495
82.703
82.829
82.915
82.957
82.957
82.915
82.829
82.703
82.495
82.643
82.829
82.941
83.024
83.064
83.064
83.024
82.941
82.829
82.643
82.731
82.915
83.024
83.102
83.141
83.141
83.102
83.024
82.915
82.731
82.776
82.957
83.064
83.141
83.179
83.179
83.141
83.064
82.957
82.776
82.776
82.957
83.064
83.141
83.179
83.179
83.141
83.064
82.957
82.776
82.731
82.915
83.024
83.102
83.141
83.141
83.102
83.024
82.915
82.731
82.643
82.829
82.941
83.024
83.064
83.064
83.024
82.941
82.829
82.643
82.495
82.703
82.829
82.915
82.957
82.957
82.915
82.829
82.703
82.495
82.232
82.495
82.643
82.731
82.776
82.776
82.731
82.643
82.495
82.232
75.743
76.101
76.303
76.424
76.485
76.485
76.424
76.303
76.101
75.743
76.101
76.386
76.557
76.675
76.732
76.732
76.675
76.557
76.386
76.101
76.303
76.557
76.71
76.823
76.878
76.878
76.823
76.71
76.557
76.303
76.424
76.675
76.823
76.93
76.983
76.983
76.93
76.823
76.675
76.424
76.485
76.732
76.878
76.983
77.035
77.035
76.983
76.878
76.732
76.485
76.485
76.732
76.878
76.983
77.035
77.035
76.983
76.878
76.732
76.485
76.424
76.675
76.823
76.93
76.983
76.983
76.93
76.823
76.675
76.424
76.303
76.557
76.71
76.823
76.878
76.878
76.823
76.71
76.557
76.303
76.101
76.386
76.557
76.675
76.732
76.732
76.675
76.557
76.386
76.101
75.743
76.101
76.303
76.424
76.485
76.485
76.424
76.303
76.101
75.743
69.853
70.298
70.549
70.699
70.775
70.775
70.699
70.549
70.298
69.853
70.298
70.651
70.864
71.01
71.082
71.082
71.01
70.864
70.651
70.298
70.549
70.864
71.054
71.195
71.263
71.263
71.195
71.054
70.864
70.549
70.699
71.01
71.195
71.328
71.393
71.393
71.328
71.195
71.01
70.699
70.775
71.082
71.263
71.393
71.457
71.457
71.393
71.263
71.082
70.775
70.775
71.082
71.263
71.393
71.457
71.457
71.393
71.263
71.082
70.775
70.699
71.01
71.195
71.328
71.393
71.393
71.328
71.195
71.01
70.699
70.549
70.864
71.054
71.195
71.263
71.263
71.195
71.054
70.864
70.549
70.298
70.651
70.864
71.01
71.082
71.082
71.01
70.864
70.651
70.298
69.853
70.298
70.549
70.699
70.775
70.775
70.699
70.549
70.298
69.853
64.708
65.228
65.521
65.697
65.785
65.785
65.697
65.521
65.228
64.708
65.228
65.641
65.889
66.061
66.144
66.144
66.061
65.889
65.641
65.228
65.521
65.889
66.112
66.276
66.357
66.357
66.276
66.112
65.889
65.521
65.697
66.061
66.276
66.432
66.509
66.509
66.432
66.276
66.061
65.697
65.785
66.144
66.357
66.509
66.584
66.584
66.509
66.357
66.144
65.785
65.785
66.144
66.357
66.509
66.584
66.584
66.509
66.357
66.144
65.785
65.697
66.061
66.276
66.432
66.509
66.509
66.432
66.276
66.061
65.697
65.521
65.889
66.112
66.276
66.357
66.357
66.276
66.112
65.889
65.521
65.228
65.641
65.889
66.061
66.144
66.144
66.061
65.889
65.641
65.228
64.708
65.228
65.521
65.697
65.785
65.785
65.697
65.521
65.228
64.708
60.432
61.015
61.343
61.54
61.639
61.639
61.54
61.343
61.015
60.432
61.015
61.477
61.756
61.948
62.041
62.041
61.948
61.756
61.477
61.015
61.343
61.756
62.005
62.189
62.279
62.279
62.189
62.005
61.756
61.343
61.54
61.948
62.189
62.364
62.45
62.45
62.364
62.189
61.948
61.54
61.639
62.041
62.279
62.45
62.534
62.534
62.45
62.279
62.041
61.639
61.639
62.041
62.279
62.45
62.534
62.534
62.45
62.279
62.041
61.639
61.54
61.948
62.189
62.364
62.45
62.45
62.364
62.189
61.948
61.54
61.343
61.756
62.005
62.189
62.279
62.279
62.189
62.005
61.756
61.343
61.015
61.477
61.756
61.948
62.041
62.041
61.948
61.756
61.477
61.015
60.432
61.015
61.343
61.54
61.639
61.639
61.54
61.343
61.015
60.432
57.131
57.762
58.117
58.33
58.437
58.437
58.33
58.117
57.762
57.131
57.762
58.263
58.564
58.772
58.873
58.873
58.772
58.564
58.263
57.762
58.117
58.564
58.834
59.033
59.13
59.13
59.033
58.834
58.564
58.117
58.33
58.772
59.033
59.222
59.315
59.315
59.222
59.033
58.772
58.33
58.437
58.873
59.13
59.315
59.406
59.406
59.315
59.13
58.873
58.437
58.437
58.873
59.13
59.315
59.406
59.406
59.315
59.13
58.873
58.437
58.33
58.772
59.033
59.222
59.315
59.315
59.222
59.033
58.772
58.33
58.117
58.564
58.834
59.033
59.13
59.13
59.033
58.834
58.564
58.117
57.762
58.263
58.564
58.772
58.873
58.873
58.772
58.564
58.263
57.762
57.131
57.762
58.117
58.33
58.437
58.437
58.33
58.117
57.762
57.131
54.885
55.548
55.922
56.146
56.259
56.259
56.146
55.922
55.548
54.885
55.548
56.075
56.392
56.61
56.717
56.717
56.61
56.392
56.075
55.548
55.922
56.392
56.676
56.886
56.988
56.988
56.886
56.676
56.392
55.922
56.146
56.61
56.886
57.084
57.182
57.182
57.084
56.886
56.61
56.146
56.259
56.717
56.988
57.182
57.278
57.278
57.182
56.988
56.717
56.259
56.259
56.717
56.988
57.182
57.278
57.278
57.182
56.988
56.717
56.259
56.146
56.61
56.886
57.084
57.182
57.182
57.084
56.886
56.61
56.146
55.922
56.392
56.676
56.886
56.988
56.988
56.886
56.676
56.392
55.922
55.548
56.075
56.392
56.61
56.717
56.717
56.61
56.392
56.075
55.548
54.885
55.548
55.922
56.146
56.259
56.259
56.146
55.922
55.548
54.885
53.748
54.428
54.811
55.041
55.156
55.156
55.041
54.811
54.428
53.748
54.428
54.968
55.292
55.516
55.626
55.626
55.516
55.292
54.968
54.428
54.811
55.292
55.583
55.798
55.903
55.903
55.798
55.583
55.292
54.811
55.041
55.516
55.798
56.002
56.102
56.102
56.002
55.798
55.516
55.041
55.156
55.626
55.903
56.102
56.2
56.2
56.102
55.903
55.626
55.156
55.156
55.626
55.903
56.102
56.2
56.2
56.102
55.903
55.626
55.156
55.041
55.516
55.798
56.002
56.102
56.102
56.002
55.798
55.516
55.041
54.811
55.292
55.583
55.798
55.903
55.903
55.798
55.583
55.292
54.811
54.428
54.968
55.292
55.516
55.626
55.626
55.516
55.292
54.968
54.428
53.748
54.428
54.811
55.041
55.156
55.156
55.041
54.811
54.428
53.748
53.748
54.428
54.811
55.041
55.156
55.156
55.041
54.811
54.428
53.748
54.428
54.968
55.292
55.516
55.626
55.626
55.516
55.292
54.968
54.428
54.811
55.292
55.583
55.798
55.903
55.903
55.798
55.583
55.292
54.811
55.041
55.516
55.798
56.002
56.102
56.102
56.002
55.798
55.516
55.041
55.156
55.626
55.903
56.102
56.2
56.2
56.102
55.903
55.626
55.156
55.156
55.626
55.903
56.102
56.2
56.2
56.102
55.903
55.626
55.156
55.041
55.516
55.798
56.002
56.102
56.102
56.002
55.798
55.516
55.041
54.811
55.292
55.583
55.798
55.903
55.903
55.798
55.583
55.292
54.811
54.428
54.968
55.292
55.516
55.626
55.626
55.516
55.292
54.968
54.428
53.748
54.428
54.811
55.041
55.156
55.156
55.041
54.811
54.428
53.748
54.885
55.548
55.922
56.146
56.259
56.259
56.146
55.922
55.548
54.885
55.548
56.075
56.392
56.61
56.717
56.717
56.61
56.392
56.075
55.548
55.922
56.392
56.676
56.886
56.988
56.988
56.886
56.676
56.392
55.922
56.146
56.61
56.886
57.084
57.182
57.182
57.084
56.886
56.61
56.146
56.259
56.717
56.988
57.182
57.278
57.278
57.182
56.988
56.717
56.259
56.259
56.717
56.988
57.182
57.278
57.278
57.182
56.988
56.717
56.259
56.146
56.61
56.886
57.084
57.182
57.182
57.084
56.886
56.61
56.146
55.922
56.392
56.676
56.886
56.988
56.988
56.886
56.676
56.392
55.922
55.548
56.075
56.392
56.61
56.717
56.717
56.61
56.392
56.075
55.548
54.885
55.548
55.922
56.146
56.259
56.259
56.146
55.922
55.548
54.885
57.131
57.762
58.117
58.33
58.437
58.437
58.33
58.117
57.762
57.131
57.762
58.263
58.564
58.772
58.873
58.873
58.772
58.564
58.263
57.762
58.117
58.564
58.834
59.033
59.13
59.13
59.033
58.834
58.564
58.117
58.33
58.772
59.033
59.222
59.315
59.315
59.222
59.033
58.772
58.33
58.437
58.873
59.13
59.315
59.406
59.406
59.315
59.13
58.873
58.437
58.437
58.873
59.13
59.315
59.406
59.406
59.315
59.13
58.873
58.437
58.33
58.772
59.033
59.222
59.315
59.315
59.222
59.033
58.772
58.33
58.117
58.564
58.834
59.033
59.13
59.13
59.033
58.834
58.564
58.117
57.762
58.263
58.564
58.772
58.873
58.873
58.772
58.564
58.263
57.762
57.131
57.762
58.117
58.33
58.437
58.437
58.33
58.117
57.762
57.131
60.432
61.015
61.343
61.54
61.639
61.639
61.54
61.343
61.015
60.432
61.015
61.477
61.756
61.948
62.041
62.041
61.948
61.756
61.477
61.015
61.343
61.756
62.005
62.189
62.279
62.279
62.189
62.005
61.756
61.343
61.54
61.948
62.189
62.364
62.45
62.45
62.364
62.189
61.948
61.54
61.639
62.041
62.279
62.45
62.534
62.534
62.45
62.279
62.041
61.639
61.639
62.041
62.279
62.45
62.534
62.534
62.45
62.279
62.041
61.639
61.54
61.948
62.189
62.364
62.45
62.45
62.364
62.189
61.948
61.54
61.343
61.756
62.005
62.189
62.279
62.279
62.189
62.005
61.756
61.343
61.015
61.477
61.756
61.948
62.041
62.041
61.948
61.756
61.477
61.015
60.432
61.015
61.343
61.54
61.639
61.639
61.54
61.343
61.015
60.432
64.708
65.228
65.521
65.697
65.785
65.785
65.697
65.521
65.228
64.708
65.228
65.641
65.889
66.061
66.144
66.144
66.061
65.889
65.641
65.228
65.521
65.889
66.112
66.276
66.357
66.357
66.276
66.112
65.889
65.521
65.697
66.061
66.276
66.432
66.509
66.509
66.432
66.276
66.061
65.697
65.785
66.144
66.357
66.509
66.584
66.584
66.509
66.357
66.144
65.785
65.785
66.144
66.357
66.509
66.584
66.584
66.509
66.357
66.144
65.785
65.697
66.061
66.276
66.432
66.509
66.509
66.432
66.276
66.061
65.697
65.521
65.889
66.112
66.276
66.357
66.357
66.276
66.112
65.889
65.521
65.228
65.641
65.889
66.061
66.144
66.144
66.061
65.889
65.641
65.228
64.708
65.228
65.521
65.697
65.785
65.785
65.697
65.521
65.228
64.708
69.853
70.298
70.549
70.699
70.775
70.775
70.699
70.549
70.298
69.853
70.298
70.651
70.864
71.01
71.082
71.082
71.01
70.864
70.651
70.298
70.549
70.864
71.054
71.195
71.263
71.263
71.195
71.054
70.864
70.549
70.699
71.01
71.195
71.328
71.393
71.393
71.328
71.195
71.01
70.699
70.775
71.082
71.263
71.393
71.457
71.457
71.393
71.263
71.082
70.775
70.775
71.082
71.263
71.393
71.457
71.457
71.393
71.263
71.082
70.775
70.699
71.01
71.195
71.328
71.393
71.393
71.328
71.195
71.01
70.699
70.549
70.864
71.054
71.195
71.263
71.263
71.195
71.054
70.864
70.549
70.298
70.651
70.864
71.01
71.082
71.082
71.01
70.864
70.651
70.298
69.853
70.298
70.549
70.699
70.775
70.775
70.699
70.549
70.298
69.853
75.743
76.101
76.303
76.424
76.485
76.485
76.424
76.303
76.101
75.743
76.101
76.386
76.557
76.675
76.732
76.732
76.675
76.557
76.386
76.101
76.303
76.557
76.71
76.823
76.878
76.878
76.823
76.71
76.557
76.303
76.424
76.675
76.823
76.93
76.983
76.983
76.93
76.823
76.675
76.424
76.485
76.732
76.878
76.983
77.035
77.035
76.983
76.878
76.732
76.485
76.485
76.732
76.878
76.983
77.035
77.035
76.983
76.878
76.732
76.485
76.424
76.675
76.823
76.93
76.983
76.983
76.93
76.823
76.675
76.424
76.303
76.557
76.71
76.823
76.878
76.878
76.823
76.71
76.557
76.303
76.101
76.386
76.557
76.675
76.732
76.732
76.675
76.557
76.386
76.101
75.743
76.101
76.303
76.424
76.485
76.485
76.424
76.303
76.101
75.743
82.232
82.495
82.643
82.731
82.776
82.776
82.731
82.643
82.495
82.232
82.495
82.703
82.829
82.915
82.957
82.957
82.915
82.829
82.703
82.495
82.643
82.829
82.941
83.024
83.064
83.064
83.024
82.941
82.829
82.643
82.731
82.915
83.024
83.102
83.141
83.141
83.102
83.024
82.915
82.731
82.776
82.957
83.064
83.141
83.179
83.179
83.141
83.064
82.957
82.776
82.776
82.957
83.064
83.141
83.179
83.179
83.141
83.064
82.957
82.776
82.731
82.915
83.024
83.102
83.141
83.141
83.102
83.024
82.915
82.731
82.643
82.829
82.941
83.024
83.064
83.064
83.024
82.941
82.829
82.643
82.495
82.703
82.829
82.915
82.957
82.957
82.915
82.829
82.703
82.495
82.232
82.495
82.643
82.731
82.776
82.776
82.731
82.643
82.495
82.232
89.16
89.32
89.411
89.465
89.492
89.492
89.465
89.411
89.32
89.16
89.32
89.448
89.524
89.577
89.603
89.603
89.577
89.524
89.448
89.32
89.411
89.524
89.593
89.644
89.668
89.668
89.644
89.593
89.524
89.411
89.465
89.577
89.644
89.692
89.715
89.715
89.692
89.644
89.577
89.465
89.492
89.603
89.668
89.715
89.738
89.738
89.715
89.668
89.603
89.492
89.492
89.603
89.668
89.715
89.738
89.738
89.715
89.668
89.603
89.492
89.465
89.577
89.644
89.692
89.715
89.715
89.692
89.644
89.577
89.465
89.411
89.524
89.593
89.644
89.668
89.668
89.644
89.593
89.524
89.411
89.32
89.448
89.524
89.577
89.603
89.603
89.577
89.524
89.448
89.32
89.16
89.32
89.411
89.465
89.492
89.492
89.465
89.411
89.32
89.16
96.357
96.411
96.441
96.459
96.468
96.468
96.459
96.441
96.411
96.357
96.411
96.453
96.479
96.497
96.506
96.506
96.497
96.479
96.453
96.411
96.441
96.479
96.502
96.519
96.527
96.527
96.519
96.502
96.479
96.441
96.459
96.497
96.519
96.535
96.543
96.543
96.535
96.519
96.497
96.459
96.468
96.506
96.527
96.543
96.551
96.551
96.543
96.527
96.506
96.468
96.468
96.506
96.527
96.543
96.551
96.551
96.543
96.527
96.506
96.468
96.459
96.497
96.519
96.535
96.543
96.543
96.535
96.519
96.497
96.459
96.441
96.479
96.502
96.519
96.527
96.527
96.519
96.502
96.479
96.441
96.411
96.453
96.479
96.497
96.506
96.506
96.497
96.479
96.453
96.411
96.357
96.411
96.441
96.459
96.468
96.468
96.459
96.441
96.411
96.357
103.64
103.59
103.56
103.54
103.53
103.53
103.54
103.56
103.59
103.64
103.59
103.55
103.52
103.5
103.49
103.49
103.5
103.52
103.55
103.59
103.56
103.52
103.5
103.48
103.47
103.47
103.48
103.5
103.52
103.56
103.54
103.5
103.48
103.46
103.46
103.46
103.46
103.48
103.5
103.54
103.53
103.49
103.47
103.46
103.45
103.45
103.46
103.47
103.49
103.53
103.53
103.49
103.47
103.46
103.45
103.45
103.46
103.47
103.49
103.53
103.54
103.5
103.48
103.46
103.46
103.46
103.46
103.48
103.5
103.54
103.56
103.52
103.5
103.48
103.47
103.47
103.48
103.5
103.52
103.56
103.59
103.55
103.52
103.5
103.49
103.49
103.5
103.52
103.55
103.59
103.64
103.59
103.56
103.54
103.53
103.53
103.54
103.56
103.59
103.64
110.84
110.68
110.59
110.53
110.5
110.5
110.53
110.59
110.68
110.84
110.68
110.55
110.47
110.42
110.39
110.39
110.42
110.47
110.55
110.68
110.59
110.47
110.4
110.35
110.33
110.33
110.35
110.4
110.47
110.59
110.53
110.42
110.35
110.3
110.28
110.28
110.3
110.35
110.42
110.53
110.5
110.39
110.33
110.28
110.26
110.26
110.28
110.33
110.39
110.5
110.5
110.39
110.33
110.28
110.26
110.26
110.28
110.33
110.39
110.5
110.53
110.42
110.35
110.3
110.28
110.28
110.3
110.35
110.42
110.53
110.59
110.47
110.4
110.35
110.33
110.33
110.35
110.4
110.47
110.59
110.68
110.55
110.47
110.42
110.39
110.39
110.42
110.47
110.55
110.68
110.84
110.68
110.59
110.53
110.5
110.5
110.53
110.59
110.68
110.84
117.76
117.5
117.35
117.26
117.22
117.22
117.26
117.35
117.5
117.76
117.5
117.29
117.16
117.08
117.03
117.03
117.08
117.16
117.29
117.5
117.35
117.16
117.05
116.97
116.93
116.93
116.97
117.05
117.16
117.35
117.26
117.08
116.97
116.89
116.85
116.85
116.89
116.97
117.08
117.26
117.22
117.03
116.93
116.85
116.81
116.81
116.85
116.93
117.03
117.22
117.22
117.03
116.93
116.85
116.81
116.81
116.85
116.93
117.03
117.22
117.26
117.08
116.97
116.89
116.85
116.85
116.89
116.97
117.08
117.26
117.35
117.16
117.05
116.97
116.93
116.93
116.97
117.05
117.16
117.35
117.5
117.29
117.16
117.08
117.03
117.03
117.08
117.16
117.29
117.5
117.76
117.5
117.35
117.26
117.22
117.22
117.26
117.35
117.5
117.76
