169.94
166.54
164.67
163.79
163.4
163.4
163.79
164.67
166.54
169.94
166.54
163.65
162.05
161.17
160.79
160.79
161.17
162.05
163.65
166.54
164.67
162.05
160.66
159.81
159.45
159.45
159.81
160.66
162.05
164.67
163.79
161.17
159.81
159
158.64
158.64
159
159.81
161.17
163.79
163.4
160.79
159.45
158.64
158.29
158.29
158.64
159.45
160.79
163.4
163.4
160.79
159.45
158.64
158.29
158.29
158.64
159.45
160.79
163.4
163.79
161.17
159.81
159
158.64
158.64
159
159.81
161.17
163.79
164.67
162.05
160.66
159.81
159.45
159.45
159.81
160.66
162.05
164.67
166.54
163.65
162.05
161.17
160.79
160.79
161.17
162.05
163.65
166.54
169.94
166.54
164.67
163.79
163.4
163.4
163.79
164.67
166.54
169.94
148.83
144.85
142.99
142.33
142.01
142.01
142.33
142.99
144.85
148.83
144.85
141.94
140.54
139.88
139.58
139.58
139.88
140.54
141.94
144.85
142.99
140.54
139.48
138.8
138.51
138.51
138.8
139.48
140.54
142.99
142.33
139.88
138.8
138.17
137.88
137.88
138.17
138.8
139.88
142.33
142.01
139.58
138.51
137.88
137.61
137.61
137.88
138.51
139.58
142.01
142.01
139.58
138.51
137.88
137.61
137.61
137.88
138.51
139.58
142.01
142.33
139.88
138.8
138.17
137.88
137.88
138.17
138.8
139.88
142.33
142.99
140.54
139.48
138.8
138.51
138.51
138.8
139.48
140.54
142.99
144.85
141.94
140.54
139.88
139.58
139.58
139.88
140.54
141.94
144.85
148.83
144.85
142.99
142.33
142.01
142.01
142.33
142.99
144.85
148.83
121.61
117.59
116.08
115.87
115.72
115.72
115.87
116.08
117.59
121.61
117.59
115.26
114.4
114.17
114.04
114.04
114.17
114.4
115.26
117.59
116.08
114.4
113.84
113.59
113.47
113.47
113.59
113.84
114.4
116.08
115.87
114.17
113.59
113.36
113.25
113.25
113.36
113.59
114.17
115.87
115.72
114.04
113.47
113.25
113.13
113.13
113.25
113.47
114.04
115.72
115.72
114.04
113.47
113.25
113.13
113.13
113.25
113.47
114.04
115.72
115.87
114.17
113.59
113.36
113.25
113.25
113.36
113.59
114.17
115.87
116.08
114.4
113.84
113.59
113.47
113.47
113.59
113.84
114.4
116.08
117.59
115.26
114.4
114.17
114.04
114.04
114.17
114.4
115.26
117.59
121.61
117.59
116.08
115.87
115.72
115.72
115.87
116.08
117.59
121.61
78.388
82.407
83.916
84.128
84.282
84.282
84.128
83.916
82.407
78.388
82.407
84.743
85.596
85.832
85.96
85.96
85.832
85.596
84.743
82.407
83.916
85.596
86.161
86.407
86.527
86.527
86.407
86.161
85.596
83.916
84.128
85.832
86.407
86.637
86.753
86.753
86.637
86.407
85.832
84.128
84.282
85.96
86.527
86.753
86.865
86.865
86.753
86.527
85.96
84.282
84.282
85.96
86.527
86.753
86.865
86.865
86.753
86.527
85.96
84.282
84.128
85.832
86.407
86.637
86.753
86.753
86.637
86.407
85.832
84.128
83.916
85.596
86.161
86.407
86.527
86.527
86.407
86.161
85.596
83.916
82.407
84.743
85.596
85.832
85.96
85.96
85.832
85.596
84.743
82.407
78.388
82.407
83.916
84.128
84.282
84.282
84.128
83.916
82.407
78.388
51.167
55.141
56.998
57.664
57.98
57.98
57.664
56.998
55.141
51.167
55.141
58.043
59.44
60.108
60.406
60.406
60.108
59.44
58.043
55.141
56.998
59.44
60.503
61.179
61.474
61.474
61.179
60.503
59.44
56.998
57.664
60.108
61.179
61.816
62.098
62.098
61.816
61.179
60.108
57.664
57.98
60.406
61.474
62.098
62.374
62.374
62.098
61.474
60.406
57.98
57.98
60.406
61.474
62.098
62.374
62.374
62.098
61.474
60.406
57.98
57.664
60.108
61.179
61.816
62.098
62.098
61.816
61.179
60.108
57.664
56.998
59.44
60.503
61.179
61.474
61.474
61.179
60.503
59.44
56.998
55.141
58.043
59.44
60.108
60.406
60.406
60.108
59.44
58.043
55.141
51.167
55.141
56.998
57.664
57.98
57.98
57.664
56.998
55.141
51.167
30.053
33.453
35.32
36.2
36.586
36.586
36.2
35.32
33.453
30.053
33.453
36.334
37.927
38.81
39.19
39.19
38.81
37.927
36.334
33.453
35.32
37.927
39.311
40.163
40.53
40.53
40.163
39.311
37.927
35.32
36.2
38.81
40.163
40.979
41.335
41.335
40.979
40.163
38.81
36.2
36.586
39.19
40.53
41.335
41.687
41.687
41.335
40.53
39.19
36.586
36.586
39.19
40.53
41.335
41.687
41.687
41.335
40.53
39.19
36.586
36.2
38.81
40.163
40.979
41.335
41.335
40.979
40.163
38.81
36.2
35.32
37.927
39.311
40.163
40.53
40.53
40.163
39.311
37.927
35.32
33.453
36.334
37.927
38.81
39.19
39.19
38.81
37.927
36.334
33.453
30.053
33.453
35.32
36.2
36.586
36.586
36.2
35.32
33.453
30.053
16.729
19.25
20.69
21.407
21.74
21.74
21.407
20.69
19.25
16.729
19.25
21.482
22.781
23.531
23.872
23.872
23.531
22.781
21.482
19.25
20.69
22.781
23.955
24.701
25.04
25.04
24.701
23.955
22.781
20.69
21.407
23.531
24.701
25.432
25.766
25.766
25.432
24.701
23.531
21.407
21.74
23.872
25.04
25.766
26.098
26.098
25.766
25.04
23.872
21.74
21.74
23.872
25.04
25.766
26.098
26.098
25.766
25.04
23.872
21.74
21.407
23.531
24.701
25.432
25.766
25.766
25.432
24.701
23.531
21.407
20.69
22.781
23.955
24.701
25.04
25.04
24.701
23.955
22.781
20.69
19.25
21.482
22.781
23.531
23.872
23.872
23.531
22.781
21.482
19.25
16.729
19.25
20.69
21.407
21.74
21.74
21.407
20.69
19.25
16.729
8.796
10.378
11.342
11.856
12.1
12.1
11.856
11.342
10.378
8.796
10.378
11.87
12.791
13.346
13.606
13.606
13.346
12.791
11.87
10.378
11.342
12.791
13.66
14.225
14.488
14.488
14.225
13.66
12.791
11.342
11.856
13.346
14.225
14.787
15.05
15.05
14.787
14.225
13.346
11.856
12.1
13.606
14.488
15.05
15.314
15.314
15.05
14.488
13.606
12.1
12.1
13.606
14.488
15.05
15.314
15.314
15.05
14.488
13.606
12.1
11.856
13.346
14.225
14.787
15.05
15.05
14.787
14.225
13.346
11.856
11.342
12.791
13.66
14.225
14.488
14.488
14.225
13.66
12.791
11.342
10.378
11.87
12.791
13.346
13.606
13.606
13.346
12.791
11.87
10.378
8.796
10.378
11.342
11.856
12.1
12.1
11.856
11.342
10.378
8.796
4.4169
5.3287
5.9099
6.2344
6.3906
6.3906
6.2344
5.9099
5.3287
4.4169
5.3287
6.2304
6.8109
7.1697
7.3407
7.3407
7.1697
6.8109
6.2304
5.3287
5.9099
6.8109
7.3758
7.7476
7.9242
7.9242
7.7476
7.3758
6.8109
5.9099
6.2344
7.1697
7.7476
8.1233
8.3024
8.3024
8.1233
7.7476
7.1697
6.2344
6.3906
7.3407
7.9242
8.3024
8.4827
8.4827
8.3024
7.9242
7.3407
6.3906
6.3906
7.3407
7.9242
8.3024
8.4827
8.4827
8.3024
7.9242
7.3407
6.3906
6.2344
7.1697
7.7476
8.1233
8.3024
8.3024
8.1233
7.7476
7.1697
6.2344
5.9099
6.8109
7.3758
7.7476
7.9242
7.9242
7.7476
7.3758
6.8109
5.9099
5.3287
6.2304
6.8109
7.1697
7.3407
7.3407
7.1697
6.8109
6.2304
5.3287
4.4169
5.3287
5.9099
6.2344
6.3906
6.3906
6.2344
5.9099
5.3287
4.4169
2.1165
2.6063
2.9297
3.1157
3.2069
3.2069
3.1157
2.9297
2.6063
2.1165
2.6063
3.109
3.4441
3.6552
3.7577
3.7577
3.6552
3.4441
3.109
2.6063
2.9297
3.4441
3.779
4.0021
4.1099
4.1099
4.0021
3.779
3.4441
2.9297
3.1157
3.6552
4.0021
4.2305
4.3412
4.3412
4.2305
4.0021
3.6552
3.1157
3.2069
3.7577
4.1099
4.3412
4.4534
4.4534
4.3412
4.1099
3.7577
3.2069
3.2069
3.7577
4.1099
4.3412
4.4534
4.4534
4.3412
4.1099
3.7577
3.2069
3.1157
3.6552
4.0021
4.2305
4.3412
4.3412
4.2305
4.0021
3.6552
3.1157
2.9297
3.4441
3.779
4.0021
4.1099
4.1099
4.0021
3.779
3.4441
2.9297
2.6063
3.109
3.4441
3.6552
3.7577
3.7577
3.6552
3.4441
3.109
2.6063
2.1165
2.6063
2.9297
3.1157
3.2069
3.2069
3.1157
2.9297
2.6063
2.1165
0.98264
1.2321
1.4019
1.5021
1.5518
1.5518
1.5021
1.4019
1.2321
0.98264
1.2321
1.4968
1.6787
1.7949
1.8521
1.8521
1.7949
1.6787
1.4968
1.2321
1.4019
1.6787
1.8646
1.9895
2.0507
2.0507
1.9895
1.8646
1.6787
1.4019
1.5021
1.7949
1.9895
2.119
2.1825
2.1825
2.119
1.9895
1.7949
1.5021
1.5518
1.8521
2.0507
2.1825
2.2472
2.2472
2.1825
2.0507
1.8521
1.5518
1.5518
1.8521
2.0507
2.1825
2.2472
2.2472
2.1825
2.0507
1.8521
1.5518
1.5021
1.7949
1.9895
2.119
2.1825
2.1825
2.119
1.9895
1.7949
1.5021
1.4019
1.6787
1.8646
1.9895
2.0507
2.0507
1.9895
1.8646
1.6787
1.4019
1.2321
1.4968
1.6787
1.7949
1.8521
1.8521
1.7949
1.6787
1.4968
1.2321
0.98264
1.2321
1.4019
1.5021
1.5518
1.5518
1.5021
1.4019
1.2321
0.98264
0.45915
0.58573
0.67435
0.72775
0.75445
0.75445
0.72775
0.67435
0.58573
0.45915
0.58573
0.72435
0.82216
0.88546
0.91692
0.91692
0.88546
0.82216
0.72435
0.58573
0.67435
0.82216
0.92434
0.99347
1.0277
1.0277
0.99347
0.92434
0.82216
0.67435
0.72775
0.88546
0.99347
1.0659
1.1018
1.1018
1.0659
0.99347
0.88546
0.72775
0.75445
0.91692
1.0277
1.1018
1.1386
1.1386
1.1018
1.0277
0.91692
0.75445
0.75445
0.91692
1.0277
1.1018
1.1386
1.1386
1.1018
1.0277
0.91692
0.75445
0.72775
0.88546
0.99347
1.0659
1.1018
1.1018
1.0659
0.99347
0.88546
0.72775
0.67435
0.82216
0.92434
0.99347
1.0277
1.0277
0.99347
0.92434
0.82216
0.67435
0.58573
0.72435
0.82216
0.88546
0.91692
0.91692
0.88546
0.82216
0.72435
0.58573
0.45915
0.58573
0.67435
0.72775
0.75445
0.75445
0.72775
0.67435
0.58573
0.45915
0.25833
0.33455
0.38912
0.4225
0.43932
0.43932
0.4225
0.38912
0.33455
0.25833
0.33455
0.42017
0.48189
0.5222
0.54239
0.54239
0.5222
0.48189
0.42017
0.33455
0.38912
0.48189
0.54749
0.5921
0.61438
0.61438
0.5921
0.54749
0.48189
0.38912
0.4225
0.5222
0.5921
0.63925
0.66285
0.66285
0.63925
0.5921
0.5222
0.4225
0.43932
0.54239
0.61438
0.66285
0.68709
0.68709
0.66285
0.61438
0.54239
0.43932
0.43932
0.54239
0.61438
0.66285
0.68709
0.68709
0.66285
0.61438
0.54239
0.43932
0.4225
0.5222
0.5921
0.63925
0.66285
0.66285
0.63925
0.5921
0.5222
0.4225
0.38912
0.48189
0.54749
0.5921
0.61438
0.61438
0.5921
0.54749
0.48189
0.38912
0.33455
0.42017
0.48189
0.5222
0.54239
0.54239
0.5222
0.48189
0.42017
0.33455
0.25833
0.33455
0.38912
0.4225
0.43932
0.43932
0.4225
0.38912
0.33455
0.25833
0.25833
0.33455
0.38912
0.4225
0.43932
0.43932
0.4225
0.38912
0.33455
0.25833
0.33455
0.42017
0.48189
0.5222
0.54239
0.54239
0.5222
0.48189
0.42017
0.33455
0.38912
0.48189
0.54749
0.5921
0.61438
0.61438
0.5921
0.54749
0.48189
0.38912
0.4225
0.5222
0.5921
0.63925
0.66285
0.66285
0.63925
0.5921
0.5222
0.4225
0.43932
0.54239
0.61438
0.66285
0.68709
0.68709
0.66285
0.61438
0.54239
0.43932
0.43932
0.54239
0.61438
0.66285
0.68709
0.68709
0.66285
0.61438
0.54239
0.43932
0.4225
0.5222
0.5921
0.63925
0.66285
0.66285
0.63925
0.5921
0.5222
0.4225
0.38912
0.48189
0.54749
0.5921
0.61438
0.61438
0.5921
0.54749
0.48189
0.38912
0.33455
0.42017
0.48189
0.5222
0.54239
0.54239
0.5222
0.48189
0.42017
0.33455
0.25833
0.33455
0.38912
0.4225
0.43932
0.43932
0.4225
0.38912
0.33455
0.25833
0.45915
0.58573
0.67435
0.72775
0.75445
0.75445
0.72775
0.67435
0.58573
0.45915
0.58573
0.72435
0.82216
0.88546
0.91692
0.91692
0.88546
0.82216
0.72435
0.58573
0.67435
0.82216
0.92434
0.99347
1.0277
1.0277
0.99347
0.92434
0.82216
0.67435
0.72775
0.88546
0.99347
1.0659
1.1018
1.1018
1.0659
0.99347
0.88546
0.72775
0.75445
0.91692
1.0277
1.1018
1.1386
1.1386
1.1018
1.0277
0.91692
0.75445
0.75445
0.91692
1.0277
1.1018
1.1386
1.1386
1.1018
1.0277
0.91692
0.75445
0.72775
0.88546
0.99347
1.0659
1.1018
1.1018
1.0659
0.99347
0.88546
0.72775
0.67435
0.82216
0.92434
0.99347
1.0277
1.0277
0.99347
0.92434
0.82216
0.67435
0.58573
0.72435
0.82216
0.88546
0.91692
0.91692
0.88546
0.82216
0.72435
0.58573
0.45915
0.58573
0.67435
0.72775
0.75445
0.75445
0.72775
0.67435
0.58573
0.45915
0.98264
1.2321
1.4019
1.5021
1.5518
1.5518
1.5021
1.4019
1.2321
0.98264
1.2321
1.4968
1.6787
1.7949
1.8521
1.8521
1.7949
1.6787
1.4968
1.2321
1.4019
1.6787
1.8646
1.9895
2.0507
2.0507
1.9895
1.8646
1.6787
1.4019
1.5021
1.7949
1.9895
2.119
2.1825
2.1825
2.119
1.9895
1.7949
1.5021
1.5518
1.8521
2.0507
2.1825
2.2472
2.2472
2.1825
2.0507
1.8521
1.5518
1.5518
1.8521
2.0507
2.1825
2.2472
2.2472
2.1825
2.0507
1.8521
1.5518
1.5021
1.7949
1.9895
2.119
2.1825
2.1825
2.119
1.9895
1.7949
1.5021
1.4019
1.6787
1.8646
1.9895
2.0507
2.0507
1.9895
1.8646
1.6787
1.4019
1.2321
1.4968
1.6787
1.7949
1.8521
1.8521
1.7949
1.6787
1.4968
1.2321
0.98264
1.2321
1.4019
1.5021
1.5518
1.5518
1.5021
1.4019
1.2321
0.98264
2.1165
2.6063
2.9297
3.1157
3.2069
3.2069
3.1157
2.9297
2.6063
2.1165
2.6063
3.109
3.4441
3.6552
3.7577
3.7577
3.6552
3.4441
3.109
2.6063
2.9297
3.4441
3.779
4.0021
4.1099
4.1099
4.0021
3.779
3.4441
2.9297
3.1157
3.6552
4.0021
4.2305
4.3412
4.3412
4.2305
4.0021
3.6552
3.1157
3.2069
3.7577
4.1099
4.3412
4.4534
4.4534
4.3412
4.1099
3.7577
3.2069
3.2069
3.7577
4.1099
4.3412
4.4534
4.4534
4.3412
4.1099
3.7577
3.2069
3.1157
3.6552
4.0021
4.2305
4.3412
4.3412
4.2305
4.0021
3.6552
3.1157
2.9297
3.4441
3.779
4.0021
4.1099
4.1099
4.0021
3.779
3.4441
2.9297
2.6063
3.109
3.4441
3.6552
3.7577
3.7577
3.6552
3.4441
3.109
2.6063
2.1165
2.6063
2.9297
3.1157
3.2069
3.2069
3.1157
2.9297
2.6063
2.1165
4.4169
5.3287
5.9099
6.2344
6.3906
6.3906
6.2344
5.9099
5.3287
4.4169
5.3287
6.2304
6.8109
7.1697
7.3407
7.3407
7.1697
6.8109
6.2304
5.3287
5.9099
6.8109
7.3758
7.7476
7.9242
7.9242
7.7476
7.3758
6.8109
5.9099
6.2344
7.1697
7.7476
8.1233
8.3024
8.3024
8.1233
7.7476
7.1697
6.2344
6.3906
7.3407
7.9242
8.3024
8.4827
8.4827
8.3024
7.9242
7.3407
6.3906
6.3906
7.3407
7.9242
8.3024
8.4827
8.4827
8.3024
7.9242
7.3407
6.3906
6.2344
7.1697
7.7476
8.1233
8.3024
8.3024
8.1233
7.7476
7.1697
6.2344
5.9099
6.8109
7.3758
7.7476
7.9242
7.9242
7.7476
7.3758
6.8109
5.9099
5.3287
6.2304
6.8109
7.1697
7.3407
7.3407
7.1697
6.8109
6.2304
5.3287
4.4169
5.3287
5.9099
6.2344
6.3906
6.3906
6.2344
5.9099
5.3287
4.4169
8.796
10.378
11.342
11.856
12.1
12.1
11.856
11.342
10.378
8.796
10.378
11.87
12.791
13.346
13.606
13.606
13.346
12.791
11.87
10.378
11.342
12.791
13.66
14.225
14.488
14.488
14.225
13.66
12.791
11.342
11.856
13.346
14.225
14.787
15.05
15.05
14.787
14.225
13.346
11.856
12.1
13.606
14.488
15.05
15.314
15.314
15.05
14.488
13.606
12.1
12.1
13.606
14.488
15.05
15.314
15.314
15.05
14.488
13.606
12.1
11.856
13.346
14.225
14.787
15.05
15.05
14.787
14.225
13.346
11.856
11.342
12.791
13.66
14.225
14.488
14.488
14.225
13.66
12.791
11.342
10.378
11.87
12.791
13.346
13.606
13.606
13.346
12.791
11.87
10.378
8.796
10.378
11.342
11.856
12.1
12.1
11.856
11.342
10.378
8.796
16.729
19.25
20.69
21.407
21.74
21.74
21.407
20.69
19.25
16.729
19.25
21.482
22.781
23.531
23.872
23.872
23.531
22.781
21.482
19.25
20.69
22.781
23.955
24.701
25.04
25.04
24.701
23.955
22.781
20.69
21.407
23.531
24.701
25.432
25.766
25.766
25.432
24.701
23.531
21.407
21.74
23.872
25.04
25.766
26.098
26.098
25.766
25.04
23.872
21.74
21.74
23.872
25.04
25.766
26.098
26.098
25.766
25.04
23.872
21.74
21.407
23.531
24.701
25.432
25.766
25.766
25.432
24.701
23.531
21.407
20.69
22.781
23.955
24.701
25.04
25.04
24.701
23.955
22.781
20.69
19.25
21.482
22.781
23.531
23.872
23.872
23.531
22.781
21.482
19.25
16.729
19.25
20.69
21.407
21.74
21.74
21.407
20.69
19.25
16.729
30.053
33.453
35.32
36.2
36.586
36.586
36.2
35.32
33.453
30.053
33.453
36.334
37.927
38.81
39.19
39.19
38.81
37.927
36.334
33.453
35.32
37.927
39.311
40.163
40.53
40.53
40.163
39.311
37.927
35.32
36.2
38.81
40.163
40.979
41.335
41.335
40.979
40.163
38.81
36.2
36.586
39.19
40.53
41.335
41.687
41.687
41.335
40.53
39.19
36.586
36.586
39.19
40.53
41.335
41.687
41.687
41.335
40.53
39.19
36.586
36.2
38.81
40.163
40.979
41.335
41.335
40.979
40.163
38.81
36.2
35.32
37.927
39.311
40.163
40.53
40.53
40.163
39.311
37.927
35.32
33.453
36.334
37.927
38.81
39.19
39.19
38.81
37.927
36.334
33.453
30.053
33.453
35.32
36.2
36.586
36.586
36.2
35.32
33.453
30.053
51.167
55.141
56.998
57.664
57.98
57.98
57.664
56.998
55.141
51.167
55.141
58.043
59.44
60.108
60.406
60.406
60.108
59.44
58.043
55.141
56.998
59.44
60.503
61.179
61.474
61.474
61.179
60.503
59.44
56.998
57.664
60.108
61.179
61.816
62.098
62.098
61.816
61.179
60.108
57.664
57.98
60.406
61.474
62.098
62.374
62.374
62.098
61.474
60.406
57.98
57.98
60.406
61.474
62.098
62.374
62.374
62.098
61.474
60.406
57.98
57.664
60.108
61.179
61.816
62.098
62.098
61.816
61.179
60.108
57.664
56.998
59.44
60.503
61.179
61.474
61.474
61.179
60.503
59.44
56.998
55.141
58.043
59.44
60.108
60.406
60.406
60.108
59.44
58.043
55.141
51.167
55.141
56.998
57.664
57.98
57.98
57.664
56.998
55.141
51.167
78.388
82.407
83.916
84.128
84.282
84.282
84.128
83.916
82.407
78.388
82.407
84.743
85.596
85.832
85.96
85.96
85.832
85.596
84.743
82.407
83.916
85.596
86.161
86.407
86.527
86.527
86.407
86.161
85.596
83.916
84.128
85.832
86.407
86.637
86.753
86.753
86.637
86.407
85.832
84.128
84.282
85.96
86.527
86.753
86.865
86.865
86.753
86.527
85.96
84.282
84.282
85.96
86.527
86.753
86.865
86.865
86.753
86.527
85.96
84.282
84.128
85.832
86.407
86.637
86.753
86.753
86.637
86.407
85.832
84.128
83.916
85.596
86.161
86.407
86.527
86.527
86.407
86.161
85.596
83.916
82.407
84.743
85.596
85.832
85.96
85.96
85.832
85.596
84.743
82.407
78.388
82.407
83.916
84.128
84.282
84.282
84.128
83.916
82.407
78.388
121.61
117.59
116.08
115.87
115.72
115.72
115.87
116.08
117.59
121.61
117.59
115.26
114.4
114.17
114.04
114.04
114.17
114.4
115.26
117.59
116.08
114.4
113.84
113.59
113.47
113.47
113.59
113.84
114.4
116.08
115.87
114.17
113.59
113.36
113.25
113.25
113.36
113.59
114.17
115.87
115.72
114.04
113.47
113.25
113.13
113.13
113.25
113.47
114.04
115.72
115.72
114.04
113.47
113.25
113.13
113.13
113.25
113.47
114.04
115.72
115.87
114.17
113.59
113.36
113.25
113.25
113.36
113.59
114.17
115.87
116.08
114.4
113.84
113.59
113.47
113.47
113.59
113.84
114.4
116.08
117.59
115.26
114.4
114.17
114.04
114.04
114.17
114.4
115.26
117.59
121.61
117.59
116.08
115.87
115.72
115.72
115.87
116.08
117.59
121.61
148.83
144.85
142.99
142.33
142.01
142.01
142.33
142.99
144.85
148.83
144.85
141.94
140.54
139.88
139.58
139.58
139.88
140.54
141.94
144.85
142.99
140.54
139.48
138.8
138.51
138.51
138.8
139.48
140.54
142.99
142.33
139.88
138.8
138.17
137.88
137.88
138.17
138.8
139.88
142.33
142.01
139.58
138.51
137.88
137.61
137.61
137.88
138.51
139.58
142.01
142.01
139.58
138.51
137.88
137.61
137.61
137.88
138.51
139.58
142.01
142.33
139.88
138.8
138.17
137.88
137.88
138.17
138.8
139.88
142.33
142.99
140.54
139.48
138.8
138.51
138.51
138.8
139.48
140.54
142.99
144.85
141.94
140.54
139.88
139.58
139.58
139.88
140.54
141.94
144.85
148.83
144.85
142.99
142.33
142.01
142.01
142.33
142.99
144.85
148.83
169.94
166.54
164.67
163.79
163.4
163.4
163.79
164.67
166.54
169.94
166.54
163.65
162.05
161.17
160.79
160.79
161.17
162.05
163.65
166.54
164.67
162.05
160.66
159.81
159.45
159.45
159.81
160.66
162.05
164.67
163.79
161.17
159.81
159
158.64
158.64
159
159.81
161.17
163.79
163.4
160.79
159.45
158.64
158.29
158.29
158.64
159.45
160.79
163.4
163.4
160.79
159.45
158.64
158.29
158.29
158.64
159.45
160.79
163.4
163.79
161.17
159.81
159
158.64
158.64
159
159.81
161.17
163.79
164.67
162.05
160.66
159.81
159.45
159.45
159.81
160.66
162.05
164.67
166.54
163.65
162.05
161.17
160.79
160.79
161.17
162.05
163.65
166.54
169.94
166.54
164.67
163.79
163.4
163.4
163.79
164.67
166.54
169.94
