112.76
112.57
112.47
112.4
112.37
112.37
112.4
112.47
112.57
112.76
112.57
112.42
112.33
112.27
112.24
112.24
112.27
112.33
112.42
112.57
112.47
112.33
112.25
112.19
112.16
112.16
112.19
112.25
112.33
112.47
112.4
112.27
112.19
112.13
112.11
112.11
112.13
112.19
112.27
112.4
112.37
112.24
112.16
112.11
112.08
112.08
112.11
112.16
112.24
112.37
112.37
112.24
112.16
112.11
112.08
112.08
112.11
112.16
112.24
112.37
112.4
112.27
112.19
112.13
112.11
112.11
112.13
112.19
112.27
112.4
112.47
112.33
112.25
112.19
112.16
112.16
112.19
112.25
112.33
112.47
112.57
112.42
112.33
112.27
112.24
112.24
112.27
112.33
112.42
112.57
112.76
112.57
112.47
112.4
112.37
112.37
112.4
112.47
112.57
112.76
107.79
107.67
107.6
107.57
107.55
107.55
107.57
107.6
107.67
107.79
107.67
107.58
107.52
107.48
107.47
107.47
107.48
107.52
107.58
107.67
107.6
107.52
107.47
107.44
107.42
107.42
107.44
107.47
107.52
107.6
107.57
107.48
107.44
107.4
107.39
107.39
107.4
107.44
107.48
107.57
107.55
107.47
107.42
107.39
107.37
107.37
107.39
107.42
107.47
107.55
107.55
107.47
107.42
107.39
107.37
107.37
107.39
107.42
107.47
107.55
107.57
107.48
107.44
107.4
107.39
107.39
107.4
107.44
107.48
107.57
107.6
107.52
107.47
107.44
107.42
107.42
107.44
107.47
107.52
107.6
107.67
107.58
107.52
107.48
107.47
107.47
107.48
107.52
107.58
107.67
107.79
107.67
107.6
107.57
107.55
107.55
107.57
107.6
107.67
107.79
102.62
102.58
102.56
102.54
102.54
102.54
102.54
102.56
102.58
102.62
102.58
102.55
102.53
102.52
102.51
102.51
102.52
102.53
102.55
102.58
102.56
102.53
102.51
102.5
102.49
102.49
102.5
102.51
102.53
102.56
102.54
102.52
102.5
102.49
102.48
102.48
102.49
102.5
102.52
102.54
102.54
102.51
102.49
102.48
102.48
102.48
102.48
102.49
102.51
102.54
102.54
102.51
102.49
102.48
102.48
102.48
102.48
102.49
102.51
102.54
102.54
102.52
102.5
102.49
102.48
102.48
102.49
102.5
102.52
102.54
102.56
102.53
102.51
102.5
102.49
102.49
102.5
102.51
102.53
102.56
102.58
102.55
102.53
102.52
102.51
102.51
102.52
102.53
102.55
102.58
102.62
102.58
102.56
102.54
102.54
102.54
102.54
102.56
102.58
102.62
97.383
97.421
97.443
97.456
97.463
97.463
97.456
97.443
97.421
97.383
97.421
97.452
97.47
97.483
97.489
97.489
97.483
97.47
97.452
97.421
97.443
97.47
97.487
97.499
97.505
97.505
97.499
97.487
97.47
97.443
97.456
97.483
97.499
97.511
97.516
97.516
97.511
97.499
97.483
97.456
97.463
97.489
97.505
97.516
97.522
97.522
97.516
97.505
97.489
97.463
97.463
97.489
97.505
97.516
97.522
97.522
97.516
97.505
97.489
97.463
97.456
97.483
97.499
97.511
97.516
97.516
97.511
97.499
97.483
97.456
97.443
97.47
97.487
97.499
97.505
97.505
97.499
97.487
97.47
97.443
97.421
97.452
97.47
97.483
97.489
97.489
97.483
97.47
97.452
97.421
97.383
97.421
97.443
97.456
97.463
97.463
97.456
97.443
97.421
97.383
92.213
92.328
92.392
92.431
92.45
92.45
92.431
92.392
92.328
92.213
92.328
92.419
92.473
92.511
92.53
92.53
92.511
92.473
92.419
92.328
92.392
92.473
92.522
92.559
92.576
92.576
92.559
92.522
92.473
92.392
92.431
92.511
92.559
92.593
92.61
92.61
92.593
92.559
92.511
92.431
92.45
92.53
92.576
92.61
92.626
92.626
92.61
92.576
92.53
92.45
92.45
92.53
92.576
92.61
92.626
92.626
92.61
92.576
92.53
92.45
92.431
92.511
92.559
92.593
92.61
92.61
92.593
92.559
92.511
92.431
92.392
92.473
92.522
92.559
92.576
92.576
92.559
92.522
92.473
92.392
92.328
92.419
92.473
92.511
92.53
92.53
92.511
92.473
92.419
92.328
92.213
92.328
92.392
92.431
92.45
92.45
92.431
92.392
92.328
92.213
87.235
87.423
87.529
87.592
87.624
87.624
87.592
87.529
87.423
87.235
87.423
87.572
87.662
87.724
87.754
87.754
87.724
87.662
87.572
87.423
87.529
87.662
87.742
87.802
87.831
87.831
87.802
87.742
87.662
87.529
87.592
87.724
87.802
87.858
87.886
87.886
87.858
87.802
87.724
87.592
87.624
87.754
87.831
87.886
87.913
87.913
87.886
87.831
87.754
87.624
87.624
87.754
87.831
87.886
87.913
87.913
87.886
87.831
87.754
87.624
87.592
87.724
87.802
87.858
87.886
87.886
87.858
87.802
87.724
87.592
87.529
87.662
87.742
87.802
87.831
87.831
87.802
87.742
87.662
87.529
87.423
87.572
87.662
87.724
87.754
87.754
87.724
87.662
87.572
87.423
87.235
87.423
87.529
87.592
87.624
87.624
87.592
87.529
87.423
87.235
82.571
82.828
82.972
83.059
83.103
83.103
83.059
82.972
82.828
82.571
82.828
83.031
83.154
83.239
83.28
83.28
83.239
83.154
83.031
82.828
82.972
83.154
83.264
83.345
83.385
83.385
83.345
83.264
83.154
82.972
83.059
83.239
83.345
83.422
83.46
83.46
83.422
83.345
83.239
83.059
83.103
83.28
83.385
83.46
83.497
83.497
83.46
83.385
83.28
83.103
83.103
83.28
83.385
83.46
83.497
83.497
83.46
83.385
83.28
83.103
83.059
83.239
83.345
83.422
83.46
83.46
83.422
83.345
83.239
83.059
82.972
83.154
83.264
83.345
83.385
83.385
83.345
83.264
83.154
82.972
82.828
83.031
83.154
83.239
83.28
83.28
83.239
83.154
83.031
82.828
82.571
82.828
82.972
83.059
83.103
83.103
83.059
82.972
82.828
82.571
78.337
78.656
78.835
78.943
78.997
78.997
78.943
78.835
78.656
78.337
78.656
78.909
79.061
79.166
79.218
79.218
79.166
79.061
78.909
78.656
78.835
79.061
79.198
79.299
79.348
79.348
79.299
79.198
79.061
78.835
78.943
79.166
79.299
79.394
79.441
79.441
79.394
79.299
79.166
78.943
78.997
79.218
79.348
79.441
79.487
79.487
79.441
79.348
79.218
78.997
78.997
79.218
79.348
79.441
79.487
79.487
79.441
79.348
79.218
78.997
78.943
79.166
79.299
79.394
79.441
79.441
79.394
79.299
79.166
78.943
78.835
79.061
79.198
79.299
79.348
79.348
79.299
79.198
79.061
78.835
78.656
78.909
79.061
79.166
79.218
79.218
79.166
79.061
78.909
78.656
78.337
78.656
78.835
78.943
78.997
78.997
78.943
78.835
78.656
78.337
74.636
75.009
75.22
75.346
75.409
75.409
75.346
75.22
75.009
74.636
75.009
75.306
75.484
75.607
75.667
75.667
75.607
75.484
75.306
75.009
75.22
75.484
75.644
75.762
75.82
75.82
75.762
75.644
75.484
75.22
75.346
75.607
75.762
75.874
75.929
75.929
75.874
75.762
75.607
75.346
75.409
75.667
75.82
75.929
75.983
75.983
75.929
75.82
75.667
75.409
75.409
75.667
75.82
75.929
75.983
75.983
75.929
75.82
75.667
75.409
75.346
75.607
75.762
75.874
75.929
75.929
75.874
75.762
75.607
75.346
75.22
75.484
75.644
75.762
75.82
75.82
75.762
75.644
75.484
75.22
75.009
75.306
75.484
75.607
75.667
75.667
75.607
75.484
75.306
75.009
74.636
75.009
75.22
75.346
75.409
75.409
75.346
75.22
75.009
74.636
71.559
71.978
72.214
72.356
72.427
72.427
72.356
72.214
71.978
71.559
71.978
72.311
72.511
72.649
72.716
72.716
72.649
72.511
72.311
71.978
72.214
72.511
72.69
72.822
72.887
72.887
72.822
72.69
72.511
72.214
72.356
72.649
72.822
72.948
73.009
73.009
72.948
72.822
72.649
72.356
72.427
72.716
72.887
73.009
73.07
73.07
73.009
72.887
72.716
72.427
72.427
72.716
72.887
73.009
73.07
73.07
73.009
72.887
72.716
72.427
72.356
72.649
72.822
72.948
73.009
73.009
72.948
72.822
72.649
72.356
72.214
72.511
72.69
72.822
72.887
72.887
72.822
72.69
72.511
72.214
71.978
72.311
72.511
72.649
72.716
72.716
72.649
72.511
72.311
71.978
71.559
71.978
72.214
72.356
72.427
72.427
72.356
72.214
71.978
71.559
69.183
69.637
69.893
70.046
70.123
70.123
70.046
69.893
69.637
69.183
69.637
69.997
70.214
70.363
70.436
70.436
70.363
70.214
69.997
69.637
69.893
70.214
70.408
70.552
70.622
70.622
70.552
70.408
70.214
69.893
70.046
70.363
70.552
70.687
70.754
70.754
70.687
70.552
70.363
70.046
70.123
70.436
70.622
70.754
70.82
70.82
70.754
70.622
70.436
70.123
70.123
70.436
70.622
70.754
70.82
70.82
70.754
70.622
70.436
70.123
70.046
70.363
70.552
70.687
70.754
70.754
70.687
70.552
70.363
70.046
69.893
70.214
70.408
70.552
70.622
70.622
70.552
70.408
70.214
69.893
69.637
69.997
70.214
70.363
70.436
70.436
70.363
70.214
69.997
69.637
69.183
69.637
69.893
70.046
70.123
70.123
70.046
69.893
69.637
69.183
67.566
68.044
68.313
68.474
68.555
68.555
68.474
68.313
68.044
67.566
68.044
68.423
68.651
68.808
68.885
68.885
68.808
68.651
68.423
68.044
68.313
68.651
68.855
69.006
69.08
69.08
69.006
68.855
68.651
68.313
68.474
68.808
69.006
69.149
69.22
69.22
69.149
69.006
68.808
68.474
68.555
68.885
69.08
69.22
69.288
69.288
69.22
69.08
68.885
68.555
68.555
68.885
69.08
69.22
69.288
69.288
69.22
69.08
68.885
68.555
68.474
68.808
69.006
69.149
69.22
69.22
69.149
69.006
68.808
68.474
68.313
68.651
68.855
69.006
69.08
69.08
69.006
68.855
68.651
68.313
68.044
68.423
68.651
68.808
68.885
68.885
68.808
68.651
68.423
68.044
67.566
68.044
68.313
68.474
68.555
68.555
68.474
68.313
68.044
67.566
66.748
67.237
67.513
67.678
67.762
67.762
67.678
67.513
67.237
66.748
67.237
67.626
67.86
68.021
68.1
68.1
68.021
67.86
67.626
67.237
67.513
67.86
68.069
68.224
68.299
68.299
68.224
68.069
67.86
67.513
67.678
68.021
68.224
68.37
68.443
68.443
68.37
68.224
68.021
67.678
67.762
68.1
68.299
68.443
68.513
68.513
68.443
68.299
68.1
67.762
67.762
68.1
68.299
68.443
68.513
68.513
68.443
68.299
68.1
67.762
67.678
68.021
68.224
68.37
68.443
68.443
68.37
68.224
68.021
67.678
67.513
67.86
68.069
68.224
68.299
68.299
68.224
68.069
67.86
67.513
67.237
67.626
67.86
68.021
68.1
68.1
68.021
67.86
67.626
67.237
66.748
67.237
67.513
67.678
67.762
67.762
67.678
67.513
67.237
66.748
66.748
67.237
67.513
67.678
67.762
67.762
67.678
67.513
67.237
66.748
67.237
67.626
67.86
68.021
68.1
68.1
68.021
67.86
67.626
67.237
67.513
67.86
68.069
68.224
68.299
68.299
68.224
68.069
67.86
67.513
67.678
68.021
68.224
68.37
68.443
68.443
68.37
68.224
68.021
67.678
67.762
68.1
68.299
68.443
68.513
68.513
68.443
68.299
68.1
67.762
67.762
68.1
68.299
68.443
68.513
68.513
68.443
68.299
68.1
67.762
67.678
68.021
68.224
68.37
68.443
68.443
68.37
68.224
68.021
67.678
67.513
67.86
68.069
68.224
68.299
68.299
68.224
68.069
67.86
67.513
67.237
67.626
67.86
68.021
68.1
68.1
68.021
67.86
67.626
67.237
66.748
67.237
67.513
67.678
67.762
67.762
67.678
67.513
67.237
66.748
67.566
68.044
68.313
68.474
68.555
68.555
68.474
68.313
68.044
67.566
68.044
68.423
68.651
68.808
68.885
68.885
68.808
68.651
68.423
68.044
68.313
68.651
68.855
69.006
69.08
69.08
69.006
68.855
68.651
68.313
68.474
68.808
69.006
69.149
69.22
69.22
69.149
69.006
68.808
68.474
68.555
68.885
69.08
69.22
69.288
69.288
69.22
69.08
68.885
68.555
68.555
68.885
69.08
69.22
69.288
69.288
69.22
69.08
68.885
68.555
68.474
68.808
69.006
69.149
69.22
69.22
69.149
69.006
68.808
68.474
68.313
68.651
68.855
69.006
69.08
69.08
69.006
68.855
68.651
68.313
68.044
68.423
68.651
68.808
68.885
68.885
68.808
68.651
68.423
68.044
67.566
68.044
68.313
68.474
68.555
68.555
68.474
68.313
68.044
67.566
69.183
69.637
69.893
70.046
70.123
70.123
70.046
69.893
69.637
69.183
69.637
69.997
70.214
70.363
70.436
70.436
70.363
70.214
69.997
69.637
69.893
70.214
70.408
70.552
70.622
70.622
70.552
70.408
70.214
69.893
70.046
70.363
70.552
70.687
70.754
70.754
70.687
70.552
70.363
70.046
70.123
70.436
70.622
70.754
70.82
70.82
70.754
70.622
70.436
70.123
70.123
70.436
70.622
70.754
70.82
70.82
70.754
70.622
70.436
70.123
70.046
70.363
70.552
70.687
70.754
70.754
70.687
70.552
70.363
70.046
69.893
70.214
70.408
70.552
70.622
70.622
70.552
70.408
70.214
69.893
69.637
69.997
70.214
70.363
70.436
70.436
70.363
70.214
69.997
69.637
69.183
69.637
69.893
70.046
70.123
70.123
70.046
69.893
69.637
69.183
71.559
71.978
72.214
72.356
72.427
72.427
72.356
72.214
71.978
71.559
71.978
72.311
72.511
72.649
72.716
72.716
72.649
72.511
72.311
71.978
72.214
72.511
72.69
72.822
72.887
72.887
72.822
72.69
72.511
72.214
72.356
72.649
72.822
72.948
73.009
73.009
72.948
72.822
72.649
72.356
72.427
72.716
72.887
73.009
73.07
73.07
73.009
72.887
72.716
72.427
72.427
72.716
72.887
73.009
73.07
73.07
73.009
72.887
72.716
72.427
72.356
72.649
72.822
72.948
73.009
73.009
72.948
72.822
72.649
72.356
72.214
72.511
72.69
72.822
72.887
72.887
72.822
72.69
72.511
72.214
71.978
72.311
72.511
72.649
72.716
72.716
72.649
72.511
72.311
71.978
71.559
71.978
72.214
72.356
72.427
72.427
72.356
72.214
71.978
71.559
74.636
75.009
75.22
75.346
75.409
75.409
75.346
75.22
75.009
74.636
75.009
75.306
75.484
75.607
75.667
75.667
75.607
75.484
75.306
75.009
75.22
75.484
75.644
75.762
75.82
75.82
75.762
75.644
75.484
75.22
75.346
75.607
75.762
75.874
75.929
75.929
75.874
75.762
75.607
75.346
75.409
75.667
75.82
75.929
75.983
75.983
75.929
75.82
75.667
75.409
75.409
75.667
75.82
75.929
75.983
75.983
75.929
75.82
75.667
75.409
75.346
75.607
75.762
75.874
75.929
75.929
75.874
75.762
75.607
75.346
75.22
75.484
75.644
75.762
75.82
75.82
75.762
75.644
75.484
75.22
75.009
75.306
75.484
75.607
75.667
75.667
75.607
75.484
75.306
75.009
74.636
75.009
75.22
75.346
75.409
75.409
75.346
75.22
75.009
74.636
78.337
78.656
78.835
78.943
78.997
78.997
78.943
78.835
78.656
78.337
78.656
78.909
79.061
79.166
79.218
79.218
79.166
79.061
78.909
78.656
78.835
79.061
79.198
79.299
79.348
79.348
79.299
79.198
79.061
78.835
78.943
79.166
79.299
79.394
79.441
79.441
79.394
79.299
79.166
78.943
78.997
79.218
79.348
79.441
79.487
79.487
79.441
79.348
79.218
78.997
78.997
79.218
79.348
79.441
79.487
79.487
79.441
79.348
79.218
78.997
78.943
79.166
79.299
79.394
79.441
79.441
79.394
79.299
79.166
78.943
78.835
79.061
79.198
79.299
79.348
79.348
79.299
79.198
79.061
78.835
78.656
78.909
79.061
79.166
79.218
79.218
79.166
79.061
78.909
78.656
78.337
78.656
78.835
78.943
78.997
78.997
78.943
78.835
78.656
78.337
82.571
82.828
82.972
83.059
83.103
83.103
83.059
82.972
82.828
82.571
82.828
83.031
83.154
83.239
83.28
83.28
83.239
83.154
83.031
82.828
82.972
83.154
83.264
83.345
83.385
83.385
83.345
83.264
83.154
82.972
83.059
83.239
83.345
83.422
83.46
83.46
83.422
83.345
83.239
83.059
83.103
83.28
83.385
83.46
83.497
83.497
83.46
83.385
83.28
83.103
83.103
83.28
83.385
83.46
83.497
83.497
83.46
83.385
83.28
83.103
83.059
83.239
83.345
83.422
83.46
83.46
83.422
83.345
83.239
83.059
82.972
83.154
83.264
83.345
83.385
83.385
83.345
83.264
83.154
82.972
82.828
83.031
83.154
83.239
83.28
83.28
83.239
83.154
83.031
82.828
82.571
82.828
82.972
83.059
83.103
83.103
83.059
82.972
82.828
82.571
87.235
87.423
87.529
87.592
87.624
87.624
87.592
87.529
87.423
87.235
87.423
87.572
87.662
87.724
87.754
87.754
87.724
87.662
87.572
87.423
87.529
87.662
87.742
87.802
87.831
87.831
87.802
87.742
87.662
87.529
87.592
87.724
87.802
87.858
87.886
87.886
87.858
87.802
87.724
87.592
87.624
87.754
87.831
87.886
87.913
87.913
87.886
87.831
87.754
87.624
87.624
87.754
87.831
87.886
87.913
87.913
87.886
87.831
87.754
87.624
87.592
87.724
87.802
87.858
87.886
87.886
87.858
87.802
87.724
87.592
87.529
87.662
87.742
87.802
87.831
87.831
87.802
87.742
87.662
87.529
87.423
87.572
87.662
87.724
87.754
87.754
87.724
87.662
87.572
87.423
87.235
87.423
87.529
87.592
87.624
87.624
87.592
87.529
87.423
87.235
92.213
92.328
92.392
92.431
92.45
92.45
92.431
92.392
92.328
92.213
92.328
92.419
92.473
92.511
92.53
92.53
92.511
92.473
92.419
92.328
92.392
92.473
92.522
92.559
92.576
92.576
92.559
92.522
92.473
92.392
92.431
92.511
92.559
92.593
92.61
92.61
92.593
92.559
92.511
92.431
92.45
92.53
92.576
92.61
92.626
92.626
92.61
92.576
92.53
92.45
92.45
92.53
92.576
92.61
92.626
92.626
92.61
92.576
92.53
92.45
92.431
92.511
92.559
92.593
92.61
92.61
92.593
92.559
92.511
92.431
92.392
92.473
92.522
92.559
92.576
92.576
92.559
92.522
92.473
92.392
92.328
92.419
92.473
92.511
92.53
92.53
92.511
92.473
92.419
92.328
92.213
92.328
92.392
92.431
92.45
92.45
92.431
92.392
92.328
92.213
97.383
97.421
97.443
97.456
97.463
97.463
97.456
97.443
97.421
97.383
97.421
97.452
97.47
97.483
97.489
97.489
97.483
97.47
97.452
97.421
97.443
97.47
97.487
97.499
97.505
97.505
97.499
97.487
97.47
97.443
97.456
97.483
97.499
97.511
97.516
97.516
97.511
97.499
97.483
97.456
97.463
97.489
97.505
97.516
97.522
97.522
97.516
97.505
97.489
97.463
97.463
97.489
97.505
97.516
97.522
97.522
97.516
97.505
97.489
97.463
97.456
97.483
97.499
97.511
97.516
97.516
97.511
97.499
97.483
97.456
97.443
97.47
97.487
97.499
97.505
97.505
97.499
97.487
97.47
97.443
97.421
97.452
97.47
97.483
97.489
97.489
97.483
97.47
97.452
97.421
97.383
97.421
97.443
97.456
97.463
97.463
97.456
97.443
97.421
97.383
102.62
102.58
102.56
102.54
102.54
102.54
102.54
102.56
102.58
102.62
102.58
102.55
102.53
102.52
102.51
102.51
102.52
102.53
102.55
102.58
102.56
102.53
102.51
102.5
102.49
102.49
102.5
102.51
102.53
102.56
102.54
102.52
102.5
102.49
102.48
102.48
102.49
102.5
102.52
102.54
102.54
102.51
102.49
102.48
102.48
102.48
102.48
102.49
102.51
102.54
102.54
102.51
102.49
102.48
102.48
102.48
102.48
102.49
102.51
102.54
102.54
102.52
102.5
102.49
102.48
102.48
102.49
102.5
102.52
102.54
102.56
102.53
102.51
102.5
102.49
102.49
102.5
102.51
102.53
102.56
102.58
102.55
102.53
102.52
102.51
102.51
102.52
102.53
102.55
102.58
102.62
102.58
102.56
102.54
102.54
102.54
102.54
102.56
102.58
102.62
107.79
107.67
107.6
107.57
107.55
107.55
107.57
107.6
107.67
107.79
107.67
107.58
107.52
107.48
107.47
107.47
107.48
107.52
107.58
107.67
107.6
107.52
107.47
107.44
107.42
107.42
107.44
107.47
107.52
107.6
107.57
107.48
107.44
107.4
107.39
107.39
107.4
107.44
107.48
107.57
107.55
107.47
107.42
107.39
107.37
107.37
107.39
107.42
107.47
107.55
107.55
107.47
107.42
107.39
107.37
107.37
107.39
107.42
107.47
107.55
107.57
107.48
107.44
107.4
107.39
107.39
107.4
107.44
107.48
107.57
107.6
107.52
107.47
107.44
107.42
107.42
107.44
107.47
107.52
107.6
107.67
107.58
107.52
107.48
107.47
107.47
107.48
107.52
107.58
107.67
107.79
107.67
107.6
107.57
107.55
107.55
107.57
107.6
107.67
107.79
112.76
112.57
112.47
112.4
112.37
112.37
112.4
112.47
112.57
112.76
112.57
112.42
112.33
112.27
112.24
112.24
112.27
112.33
112.42
112.57
112.47
112.33
112.25
112.19
112.16
112.16
112.19
112.25
112.33
112.47
112.4
112.27
112.19
112.13
112.11
112.11
112.13
112.19
112.27
112.4
112.37
112.24
112.16
112.11
112.08
112.08
112.11
112.16
112.24
112.37
112.37
112.24
112.16
112.11
112.08
112.08
112.11
112.16
112.24
112.37
112.4
112.27
112.19
112.13
112.11
112.11
112.13
112.19
112.27
112.4
112.47
112.33
112.25
112.19
112.16
112.16
112.19
112.25
112.33
112.47
112.57
112.42
112.33
112.27
112.24
112.24
112.27
112.33
112.42
112.57
112.76
112.57
112.47
112.4
112.37
112.37
112.4
112.47
112.57
112.76
