123.47
123.11
122.91
122.79
122.73
122.73
122.79
122.91
123.11
123.47
123.11
122.83
122.66
122.54
122.48
122.48
122.54
122.66
122.83
123.11
122.91
122.66
122.5
122.39
122.34
122.34
122.39
122.5
122.66
122.91
122.79
122.54
122.39
122.29
122.23
122.23
122.29
122.39
122.54
122.79
122.73
122.48
122.34
122.23
122.18
122.18
122.23
122.34
122.48
122.73
122.73
122.48
122.34
122.23
122.18
122.18
122.23
122.34
122.48
122.73
122.79
122.54
122.39
122.29
122.23
122.23
122.29
122.39
122.54
122.79
122.91
122.66
122.5
122.39
122.34
122.34
122.39
122.5
122.66
122.91
123.11
122.83
122.66
122.54
122.48
122.48
122.54
122.66
122.83
123.11
123.47
123.11
122.91
122.79
122.73
122.73
122.79
122.91
123.11
123.47
114.33
114.11
113.98
113.91
113.87
113.87
113.91
113.98
114.11
114.33
114.11
113.93
113.83
113.76
113.72
113.72
113.76
113.83
113.93
114.11
113.98
113.83
113.73
113.66
113.63
113.63
113.66
113.73
113.83
113.98
113.91
113.76
113.66
113.6
113.57
113.57
113.6
113.66
113.76
113.91
113.87
113.72
113.63
113.57
113.54
113.54
113.57
113.63
113.72
113.87
113.87
113.72
113.63
113.57
113.54
113.54
113.57
113.63
113.72
113.87
113.91
113.76
113.66
113.6
113.57
113.57
113.6
113.66
113.76
113.91
113.98
113.83
113.73
113.66
113.63
113.63
113.66
113.73
113.83
113.98
114.11
113.93
113.83
113.76
113.72
113.72
113.76
113.83
113.93
114.11
114.33
114.11
113.98
113.91
113.87
113.87
113.91
113.98
114.11
114.33
104.82
104.74
104.7
104.68
104.66
104.66
104.68
104.7
104.74
104.82
104.74
104.69
104.65
104.63
104.61
104.61
104.63
104.65
104.69
104.74
104.7
104.65
104.62
104.6
104.58
104.58
104.6
104.62
104.65
104.7
104.68
104.63
104.6
104.57
104.56
104.56
104.57
104.6
104.63
104.68
104.66
104.61
104.58
104.56
104.55
104.55
104.56
104.58
104.61
104.66
104.66
104.61
104.58
104.56
104.55
104.55
104.56
104.58
104.61
104.66
104.68
104.63
104.6
104.57
104.56
104.56
104.57
104.6
104.63
104.68
104.7
104.65
104.62
104.6
104.58
104.58
104.6
104.62
104.65
104.7
104.74
104.69
104.65
104.63
104.61
104.61
104.63
104.65
104.69
104.74
104.82
104.74
104.7
104.68
104.66
104.66
104.68
104.7
104.74
104.82
95.182
95.256
95.297
95.322
95.335
95.335
95.322
95.297
95.256
95.182
95.256
95.314
95.349
95.373
95.385
95.385
95.373
95.349
95.314
95.256
95.297
95.349
95.381
95.404
95.415
95.415
95.404
95.381
95.349
95.297
95.322
95.373
95.404
95.426
95.436
95.436
95.426
95.404
95.373
95.322
95.335
95.385
95.415
95.436
95.447
95.447
95.436
95.415
95.385
95.335
95.335
95.385
95.415
95.436
95.447
95.447
95.436
95.415
95.385
95.335
95.322
95.373
95.404
95.426
95.436
95.436
95.426
95.404
95.373
95.322
95.297
95.349
95.381
95.404
95.415
95.415
95.404
95.381
95.349
95.297
95.256
95.314
95.349
95.373
95.385
95.385
95.373
95.349
95.314
95.256
95.182
95.256
95.297
95.322
95.335
95.335
95.322
95.297
95.256
95.182
85.668
85.888
86.011
86.085
86.122
86.122
86.085
86.011
85.888
85.668
85.888
86.062
86.166
86.237
86.272
86.272
86.237
86.166
86.062
85.888
86.011
86.166
86.258
86.327
86.361
86.361
86.327
86.258
86.166
86.011
86.085
86.237
86.327
86.392
86.424
86.424
86.392
86.327
86.237
86.085
86.122
86.272
86.361
86.424
86.455
86.455
86.424
86.361
86.272
86.122
86.122
86.272
86.361
86.424
86.455
86.455
86.424
86.361
86.272
86.122
86.085
86.237
86.327
86.392
86.424
86.424
86.392
86.327
86.237
86.085
86.011
86.166
86.258
86.327
86.361
86.361
86.327
86.258
86.166
86.011
85.888
86.062
86.166
86.237
86.272
86.272
86.237
86.166
86.062
85.888
85.668
85.888
86.011
86.085
86.122
86.122
86.085
86.011
85.888
85.668
76.521
76.879
77.08
77.201
77.261
77.261
77.201
77.08
76.879
76.521
76.879
77.162
77.332
77.449
77.506
77.506
77.449
77.332
77.162
76.879
77.08
77.332
77.483
77.595
77.65
77.65
77.595
77.483
77.332
77.08
77.201
77.449
77.595
77.701
77.753
77.753
77.701
77.595
77.449
77.201
77.261
77.506
77.65
77.753
77.804
77.804
77.753
77.65
77.506
77.261
77.261
77.506
77.65
77.753
77.804
77.804
77.753
77.65
77.506
77.261
77.201
77.449
77.595
77.701
77.753
77.753
77.701
77.595
77.449
77.201
77.08
77.332
77.483
77.595
77.65
77.65
77.595
77.483
77.332
77.08
76.879
77.162
77.332
77.449
77.506
77.506
77.449
77.332
77.162
76.879
76.521
76.879
77.08
77.201
77.261
77.261
77.201
77.08
76.879
76.521
67.97
68.455
68.728
68.891
68.973
68.973
68.891
68.728
68.455
67.97
68.455
68.839
69.069
69.228
69.305
69.305
69.228
69.069
68.839
68.455
68.728
69.069
69.275
69.427
69.501
69.501
69.427
69.275
69.069
68.728
68.891
69.228
69.427
69.571
69.641
69.641
69.571
69.427
69.228
68.891
68.973
69.305
69.501
69.641
69.711
69.711
69.641
69.501
69.305
68.973
68.973
69.305
69.501
69.641
69.711
69.711
69.641
69.501
69.305
68.973
68.891
69.228
69.427
69.571
69.641
69.641
69.571
69.427
69.228
68.891
68.728
69.069
69.275
69.427
69.501
69.501
69.427
69.275
69.069
68.728
68.455
68.839
69.069
69.228
69.305
69.305
69.228
69.069
68.839
68.455
67.97
68.455
68.728
68.891
68.973
68.973
68.891
68.728
68.455
67.97
60.228
60.826
61.161
61.362
61.463
61.463
61.362
61.161
60.826
60.228
60.826
61.298
61.582
61.778
61.873
61.873
61.778
61.582
61.298
60.826
61.161
61.582
61.836
62.024
62.115
62.115
62.024
61.836
61.582
61.161
61.362
61.778
62.024
62.201
62.288
62.288
62.201
62.024
61.778
61.362
61.463
61.873
62.115
62.288
62.374
62.374
62.288
62.115
61.873
61.463
61.463
61.873
62.115
62.288
62.374
62.374
62.288
62.115
61.873
61.463
61.362
61.778
62.024
62.201
62.288
62.288
62.201
62.024
61.778
61.362
61.161
61.582
61.836
62.024
62.115
62.115
62.024
61.836
61.582
61.161
60.826
61.298
61.582
61.778
61.873
61.873
61.778
61.582
61.298
60.826
60.228
60.826
61.161
61.362
61.463
61.463
61.362
61.161
60.826
60.228
53.483
54.175
54.564
54.798
54.915
54.915
54.798
54.564
54.175
53.483
54.175
54.723
55.053
55.28
55.391
55.391
55.28
55.053
54.723
54.175
54.564
55.053
55.348
55.566
55.672
55.672
55.566
55.348
55.053
54.564
54.798
55.28
55.566
55.772
55.874
55.874
55.772
55.566
55.28
54.798
54.915
55.391
55.672
55.874
55.974
55.974
55.874
55.672
55.391
54.915
54.915
55.391
55.672
55.874
55.974
55.974
55.874
55.672
55.391
54.915
54.798
55.28
55.566
55.772
55.874
55.874
55.772
55.566
55.28
54.798
54.564
55.053
55.348
55.566
55.672
55.672
55.566
55.348
55.053
54.564
54.175
54.723
55.053
55.28
55.391
55.391
55.28
55.053
54.723
54.175
53.483
54.175
54.564
54.798
54.915
54.915
54.798
54.564
54.175
53.483
47.893
48.661
49.094
49.354
49.484
49.484
49.354
49.094
48.661
47.893
48.661
49.271
49.638
49.891
50.014
50.014
49.891
49.638
49.271
48.661
49.094
49.638
49.967
50.209
50.328
50.328
50.209
49.967
49.638
49.094
49.354
49.891
50.209
50.439
50.552
50.552
50.439
50.209
49.891
49.354
49.484
50.014
50.328
50.552
50.663
50.663
50.552
50.328
50.014
49.484
49.484
50.014
50.328
50.552
50.663
50.663
50.552
50.328
50.014
49.484
49.354
49.891
50.209
50.439
50.552
50.552
50.439
50.209
49.891
49.354
49.094
49.638
49.967
50.209
50.328
50.328
50.209
49.967
49.638
49.094
48.661
49.271
49.638
49.891
50.014
50.014
49.891
49.638
49.271
48.661
47.893
48.661
49.094
49.354
49.484
49.484
49.354
49.094
48.661
47.893
43.588
44.413
44.879
45.158
45.298
45.298
45.158
44.879
44.413
43.588
44.413
45.069
45.464
45.736
45.869
45.869
45.736
45.464
45.069
44.413
44.879
45.464
45.818
46.079
46.207
46.207
46.079
45.818
45.464
44.879
45.158
45.736
46.079
46.327
46.449
46.449
46.327
46.079
45.736
45.158
45.298
45.869
46.207
46.449
46.568
46.568
46.449
46.207
45.869
45.298
45.298
45.869
46.207
46.449
46.568
46.568
46.449
46.207
45.869
45.298
45.158
45.736
46.079
46.327
46.449
46.449
46.327
46.079
45.736
45.158
44.879
45.464
45.818
46.079
46.207
46.207
46.079
45.818
45.464
44.879
44.413
45.069
45.464
45.736
45.869
45.869
45.736
45.464
45.069
44.413
43.588
44.413
44.879
45.158
45.298
45.298
45.158
44.879
44.413
43.588
40.664
41.528
42.014
42.307
42.454
42.454
42.307
42.014
41.528
40.664
41.528
42.214
42.628
42.913
43.052
43.052
42.913
42.628
42.214
41.528
42.014
42.628
42.999
43.272
43.406
43.406
43.272
42.999
42.628
42.014
42.307
42.913
43.272
43.532
43.66
43.66
43.532
43.272
42.913
42.307
42.454
43.052
43.406
43.66
43.785
43.785
43.66
43.406
43.052
42.454
42.454
43.052
43.406
43.66
43.785
43.785
43.66
43.406
43.052
42.454
42.307
42.913
43.272
43.532
43.66
43.66
43.532
43.272
42.913
42.307
42.014
42.628
42.999
43.272
43.406
43.406
43.272
42.999
42.628
42.014
41.528
42.214
42.628
42.913
43.052
43.052
42.913
42.628
42.214
41.528
40.664
41.528
42.014
42.307
42.454
42.454
42.307
42.014
41.528
40.664
39.187
40.068
40.566
40.865
41.015
41.015
40.865
40.566
40.068
39.187
40.068
40.771
41.193
41.485
41.627
41.627
41.485
41.193
40.771
40.068
40.566
41.193
41.573
41.853
41.989
41.989
41.853
41.573
41.193
40.566
40.865
41.485
41.853
42.118
42.249
42.249
42.118
41.853
41.485
40.865
41.015
41.627
41.989
42.249
42.377
42.377
42.249
41.989
41.627
41.015
41.015
41.627
41.989
42.249
42.377
42.377
42.249
41.989
41.627
41.015
40.865
41.485
41.853
42.118
42.249
42.249
42.118
41.853
41.485
40.865
40.566
41.193
41.573
41.853
41.989
41.989
41.853
41.573
41.193
40.566
40.068
40.771
41.193
41.485
41.627
41.627
41.485
41.193
40.771
40.068
39.187
40.068
40.566
40.865
41.015
41.015
40.865
40.566
40.068
39.187
39.187
40.068
40.566
40.865
41.015
41.015
40.865
40.566
40.068
39.187
40.068
40.771
41.193
41.485
41.627
41.627
41.485
41.193
40.771
40.068
40.566
41.193
41.573
41.853
41.989
41.989
41.853
41.573
41.193
40.566
40.865
41.485
41.853
42.118
42.249
42.249
42.118
41.853
41.485
40.865
41.015
41.627
41.989
42.249
42.377
42.377
42.249
41.989
41.627
41.015
41.015
41.627
41.989
42.249
42.377
42.377
42.249
41.989
41.627
41.015
40.865
41.485
41.853
42.118
42.249
42.249
42.118
41.853
41.485
40.865
40.566
41.193
41.573
41.853
41.989
41.989
41.853
41.573
41.193
40.566
40.068
40.771
41.193
41.485
41.627
41.627
41.485
41.193
40.771
40.068
39.187
40.068
40.566
40.865
41.015
41.015
40.865
40.566
40.068
39.187
40.664
41.528
42.014
42.307
42.454
42.454
42.307
42.014
41.528
40.664
41.528
42.214
42.628
42.913
43.052
43.052
42.913
42.628
42.214
41.528
42.014
42.628
42.999
43.272
43.406
43.406
43.272
42.999
42.628
42.014
42.307
42.913
43.272
43.532
43.66
43.66
43.532
43.272
42.913
42.307
42.454
43.052
43.406
43.66
43.785
43.785
43.66
43.406
43.052
42.454
42.454
43.052
43.406
43.66
43.785
43.785
43.66
43.406
43.052
42.454
42.307
42.913
43.272
43.532
43.66
43.66
43.532
43.272
42.913
42.307
42.014
42.628
42.999
43.272
43.406
43.406
43.272
42.999
42.628
42.014
41.528
42.214
42.628
42.913
43.052
43.052
42.913
42.628
42.214
41.528
40.664
41.528
42.014
42.307
42.454
42.454
42.307
42.014
41.528
40.664
43.588
44.413
44.879
45.158
45.298
45.298
45.158
44.879
44.413
43.588
44.413
45.069
45.464
45.736
45.869
45.869
45.736
45.464
45.069
44.413
44.879
45.464
45.818
46.079
46.207
46.207
46.079
45.818
45.464
44.879
45.158
45.736
46.079
46.327
46.449
46.449
46.327
46.079
45.736
45.158
45.298
45.869
46.207
46.449
46.568
46.568
46.449
46.207
45.869
45.298
45.298
45.869
46.207
46.449
46.568
46.568
46.449
46.207
45.869
45.298
45.158
45.736
46.079
46.327
46.449
46.449
46.327
46.079
45.736
45.158
44.879
45.464
45.818
46.079
46.207
46.207
46.079
45.818
45.464
44.879
44.413
45.069
45.464
45.736
45.869
45.869
45.736
45.464
45.069
44.413
43.588
44.413
44.879
45.158
45.298
45.298
45.158
44.879
44.413
43.588
47.893
48.661
49.094
49.354
49.484
49.484
49.354
49.094
48.661
47.893
48.661
49.271
49.638
49.891
50.014
50.014
49.891
49.638
49.271
48.661
49.094
49.638
49.967
50.209
50.328
50.328
50.209
49.967
49.638
49.094
49.354
49.891
50.209
50.439
50.552
50.552
50.439
50.209
49.891
49.354
49.484
50.014
50.328
50.552
50.663
50.663
50.552
50.328
50.014
49.484
49.484
50.014
50.328
50.552
50.663
50.663
50.552
50.328
50.014
49.484
49.354
49.891
50.209
50.439
50.552
50.552
50.439
50.209
49.891
49.354
49.094
49.638
49.967
50.209
50.328
50.328
50.209
49.967
49.638
49.094
48.661
49.271
49.638
49.891
50.014
50.014
49.891
49.638
49.271
48.661
47.893
48.661
49.094
49.354
49.484
49.484
49.354
49.094
48.661
47.893
53.483
54.175
54.564
54.798
54.915
54.915
54.798
54.564
54.175
53.483
54.175
54.723
55.053
55.28
55.391
55.391
55.28
55.053
54.723
54.175
54.564
55.053
55.348
55.566
55.672
55.672
55.566
55.348
55.053
54.564
54.798
55.28
55.566
55.772
55.874
55.874
55.772
55.566
55.28
54.798
54.915
55.391
55.672
55.874
55.974
55.974
55.874
55.672
55.391
54.915
54.915
55.391
55.672
55.874
55.974
55.974
55.874
55.672
55.391
54.915
54.798
55.28
55.566
55.772
55.874
55.874
55.772
55.566
55.28
54.798
54.564
55.053
55.348
55.566
55.672
55.672
55.566
55.348
55.053
54.564
54.175
54.723
55.053
55.28
55.391
55.391
55.28
55.053
54.723
54.175
53.483
54.175
54.564
54.798
54.915
54.915
54.798
54.564
54.175
53.483
60.228
60.826
61.161
61.362
61.463
61.463
61.362
61.161
60.826
60.228
60.826
61.298
61.582
61.778
61.873
61.873
61.778
61.582
61.298
60.826
61.161
61.582
61.836
62.024
62.115
62.115
62.024
61.836
61.582
61.161
61.362
61.778
62.024
62.201
62.288
62.288
62.201
62.024
61.778
61.362
61.463
61.873
62.115
62.288
62.374
62.374
62.288
62.115
61.873
61.463
61.463
61.873
62.115
62.288
62.374
62.374
62.288
62.115
61.873
61.463
61.362
61.778
62.024
62.201
62.288
62.288
62.201
62.024
61.778
61.362
61.161
61.582
61.836
62.024
62.115
62.115
62.024
61.836
61.582
61.161
60.826
61.298
61.582
61.778
61.873
61.873
61.778
61.582
61.298
60.826
60.228
60.826
61.161
61.362
61.463
61.463
61.362
61.161
60.826
60.228
67.97
68.455
68.728
68.891
68.973
68.973
68.891
68.728
68.455
67.97
68.455
68.839
69.069
69.228
69.305
69.305
69.228
69.069
68.839
68.455
68.728
69.069
69.275
69.427
69.501
69.501
69.427
69.275
69.069
68.728
68.891
69.228
69.427
69.571
69.641
69.641
69.571
69.427
69.228
68.891
68.973
69.305
69.501
69.641
69.711
69.711
69.641
69.501
69.305
68.973
68.973
69.305
69.501
69.641
69.711
69.711
69.641
69.501
69.305
68.973
68.891
69.228
69.427
69.571
69.641
69.641
69.571
69.427
69.228
68.891
68.728
69.069
69.275
69.427
69.501
69.501
69.427
69.275
69.069
68.728
68.455
68.839
69.069
69.228
69.305
69.305
69.228
69.069
68.839
68.455
67.97
68.455
68.728
68.891
68.973
68.973
68.891
68.728
68.455
67.97
76.521
76.879
77.08
77.201
77.261
77.261
77.201
77.08
76.879
76.521
76.879
77.162
77.332
77.449
77.506
77.506
77.449
77.332
77.162
76.879
77.08
77.332
77.483
77.595
77.65
77.65
77.595
77.483
77.332
77.08
77.201
77.449
77.595
77.701
77.753
77.753
77.701
77.595
77.449
77.201
77.261
77.506
77.65
77.753
77.804
77.804
77.753
77.65
77.506
77.261
77.261
77.506
77.65
77.753
77.804
77.804
77.753
77.65
77.506
77.261
77.201
77.449
77.595
77.701
77.753
77.753
77.701
77.595
77.449
77.201
77.08
77.332
77.483
77.595
77.65
77.65
77.595
77.483
77.332
77.08
76.879
77.162
77.332
77.449
77.506
77.506
77.449
77.332
77.162
76.879
76.521
76.879
77.08
77.201
77.261
77.261
77.201
77.08
76.879
76.521
85.668
85.888
86.011
86.085
86.122
86.122
86.085
86.011
85.888
85.668
85.888
86.062
86.166
86.237
86.272
86.272
86.237
86.166
86.062
85.888
86.011
86.166
86.258
86.327
86.361
86.361
86.327
86.258
86.166
86.011
86.085
86.237
86.327
86.392
86.424
86.424
86.392
86.327
86.237
86.085
86.122
86.272
86.361
86.424
86.455
86.455
86.424
86.361
86.272
86.122
86.122
86.272
86.361
86.424
86.455
86.455
86.424
86.361
86.272
86.122
86.085
86.237
86.327
86.392
86.424
86.424
86.392
86.327
86.237
86.085
86.011
86.166
86.258
86.327
86.361
86.361
86.327
86.258
86.166
86.011
85.888
86.062
86.166
86.237
86.272
86.272
86.237
86.166
86.062
85.888
85.668
85.888
86.011
86.085
86.122
86.122
86.085
86.011
85.888
85.668
95.182
95.256
95.297
95.322
95.335
95.335
95.322
95.297
95.256
95.182
95.256
95.314
95.349
95.373
95.385
95.385
95.373
95.349
95.314
95.256
95.297
95.349
95.381
95.404
95.415
95.415
95.404
95.381
95.349
95.297
95.322
95.373
95.404
95.426
95.436
95.436
95.426
95.404
95.373
95.322
95.335
95.385
95.415
95.436
95.447
95.447
95.436
95.415
95.385
95.335
95.335
95.385
95.415
95.436
95.447
95.447
95.436
95.415
95.385
95.335
95.322
95.373
95.404
95.426
95.436
95.436
95.426
95.404
95.373
95.322
95.297
95.349
95.381
95.404
95.415
95.415
95.404
95.381
95.349
95.297
95.256
95.314
95.349
95.373
95.385
95.385
95.373
95.349
95.314
95.256
95.182
95.256
95.297
95.322
95.335
95.335
95.322
95.297
95.256
95.182
104.82
104.74
104.7
104.68
104.66
104.66
104.68
104.7
104.74
104.82
104.74
104.69
104.65
104.63
104.61
104.61
104.63
104.65
104.69
104.74
104.7
104.65
104.62
104.6
104.58
104.58
104.6
104.62
104.65
104.7
104.68
104.63
104.6
104.57
104.56
104.56
104.57
104.6
104.63
104.68
104.66
104.61
104.58
104.56
104.55
104.55
104.56
104.58
104.61
104.66
104.66
104.61
104.58
104.56
104.55
104.55
104.56
104.58
104.61
104.66
104.68
104.63
104.6
104.57
104.56
104.56
104.57
104.6
104.63
104.68
104.7
104.65
104.62
104.6
104.58
104.58
104.6
104.62
104.65
104.7
104.74
104.69
104.65
104.63
104.61
104.61
104.63
104.65
104.69
104.74
104.82
104.74
104.7
104.68
104.66
104.66
104.68
104.7
104.74
104.82
114.33
114.11
113.98
113.91
113.87
113.87
113.91
113.98
114.11
114.33
114.11
113.93
113.83
113.76
113.72
113.72
113.76
113.83
113.93
114.11
113.98
113.83
113.73
113.66
113.63
113.63
113.66
113.73
113.83
113.98
113.91
113.76
113.66
113.6
113.57
113.57
113.6
113.66
113.76
113.91
113.87
113.72
113.63
113.57
113.54
113.54
113.57
113.63
113.72
113.87
113.87
113.72
113.63
113.57
113.54
113.54
113.57
113.63
113.72
113.87
113.91
113.76
113.66
113.6
113.57
113.57
113.6
113.66
113.76
113.91
113.98
113.83
113.73
113.66
113.63
113.63
113.66
113.73
113.83
113.98
114.11
113.93
113.83
113.76
113.72
113.72
113.76
113.83
113.93
114.11
114.33
114.11
113.98
113.91
113.87
113.87
113.91
113.98
114.11
114.33
123.47
123.11
122.91
122.79
122.73
122.73
122.79
122.91
123.11
123.47
123.11
122.83
122.66
122.54
122.48
122.48
122.54
122.66
122.83
123.11
122.91
122.66
122.5
122.39
122.34
122.34
122.39
122.5
122.66
122.91
122.79
122.54
122.39
122.29
122.23
122.23
122.29
122.39
122.54
122.79
122.73
122.48
122.34
122.23
122.18
122.18
122.23
122.34
122.48
122.73
122.73
122.48
122.34
122.23
122.18
122.18
122.23
122.34
122.48
122.73
122.79
122.54
122.39
122.29
122.23
122.23
122.29
122.39
122.54
122.79
122.91
122.66
122.5
122.39
122.34
122.34
122.39
122.5
122.66
122.91
123.11
122.83
122.66
122.54
122.48
122.48
122.54
122.66
122.83
123.11
123.47
123.11
122.91
122.79
122.73
122.73
122.79
122.91
123.11
123.47
