111.43
111.26
111.17
111.11
111.08
111.08
111.11
111.17
111.26
111.43
111.26
111.13
111.05
110.99
110.96
110.96
110.99
111.05
111.13
111.26
111.17
111.05
110.97
110.92
110.89
110.89
110.92
110.97
111.05
111.17
111.11
110.99
110.92
110.87
110.85
110.85
110.87
110.92
110.99
111.11
111.08
110.96
110.89
110.85
110.82
110.82
110.85
110.89
110.96
111.08
111.08
110.96
110.89
110.85
110.82
110.82
110.85
110.89
110.96
111.08
111.11
110.99
110.92
110.87
110.85
110.85
110.87
110.92
110.99
111.11
111.17
111.05
110.97
110.92
110.89
110.89
110.92
110.97
111.05
111.17
111.26
111.13
111.05
110.99
110.96
110.96
110.99
111.05
111.13
111.26
111.43
111.26
111.17
111.11
111.08
111.08
111.11
111.17
111.26
111.43
106.97
106.87
106.81
106.78
106.76
106.76
106.78
106.81
106.87
106.97
106.87
106.79
106.74
106.7
106.69
106.69
106.7
106.74
106.79
106.87
106.81
106.74
106.69
106.66
106.65
106.65
106.66
106.69
106.74
106.81
106.78
106.7
106.66
106.63
106.62
106.62
106.63
106.66
106.7
106.78
106.76
106.69
106.65
106.62
106.6
106.6
106.62
106.65
106.69
106.76
106.76
106.69
106.65
106.62
106.6
106.6
106.62
106.65
106.69
106.76
106.78
106.7
106.66
106.63
106.62
106.62
106.63
106.66
106.7
106.78
106.81
106.74
106.69
106.66
106.65
106.65
106.66
106.69
106.74
106.81
106.87
106.79
106.74
106.7
106.69
106.69
106.7
106.74
106.79
106.87
106.97
106.87
106.81
106.78
106.76
106.76
106.78
106.81
106.87
106.97
102.34
102.31
102.29
102.28
102.27
102.27
102.28
102.29
102.31
102.34
102.31
102.28
102.27
102.25
102.25
102.25
102.25
102.27
102.28
102.31
102.29
102.27
102.25
102.24
102.23
102.23
102.24
102.25
102.27
102.29
102.28
102.25
102.24
102.23
102.22
102.22
102.23
102.24
102.25
102.28
102.27
102.25
102.23
102.22
102.22
102.22
102.22
102.23
102.25
102.27
102.27
102.25
102.23
102.22
102.22
102.22
102.22
102.23
102.25
102.27
102.28
102.25
102.24
102.23
102.22
102.22
102.23
102.24
102.25
102.28
102.29
102.27
102.25
102.24
102.23
102.23
102.24
102.25
102.27
102.29
102.31
102.28
102.27
102.25
102.25
102.25
102.25
102.27
102.28
102.31
102.34
102.31
102.29
102.28
102.27
102.27
102.28
102.29
102.31
102.34
97.656
97.69
97.71
97.721
97.727
97.727
97.721
97.71
97.69
97.656
97.69
97.718
97.734
97.745
97.751
97.751
97.745
97.734
97.718
97.69
97.71
97.734
97.749
97.76
97.765
97.765
97.76
97.749
97.734
97.71
97.721
97.745
97.76
97.77
97.775
97.775
97.77
97.76
97.745
97.721
97.727
97.751
97.765
97.775
97.78
97.78
97.775
97.765
97.751
97.727
97.727
97.751
97.765
97.775
97.78
97.78
97.775
97.765
97.751
97.727
97.721
97.745
97.76
97.77
97.775
97.775
97.77
97.76
97.745
97.721
97.71
97.734
97.749
97.76
97.765
97.765
97.76
97.749
97.734
97.71
97.69
97.718
97.734
97.745
97.751
97.751
97.745
97.734
97.718
97.69
97.656
97.69
97.71
97.721
97.727
97.727
97.721
97.71
97.69
97.656
93.025
93.127
93.185
93.22
93.237
93.237
93.22
93.185
93.127
93.025
93.127
93.209
93.258
93.292
93.308
93.308
93.292
93.258
93.209
93.127
93.185
93.258
93.302
93.334
93.35
93.35
93.334
93.302
93.258
93.185
93.22
93.292
93.334
93.365
93.38
93.38
93.365
93.334
93.292
93.22
93.237
93.308
93.35
93.38
93.395
93.395
93.38
93.35
93.308
93.237
93.237
93.308
93.35
93.38
93.395
93.395
93.38
93.35
93.308
93.237
93.22
93.292
93.334
93.365
93.38
93.38
93.365
93.334
93.292
93.22
93.185
93.258
93.302
93.334
93.35
93.35
93.334
93.302
93.258
93.185
93.127
93.209
93.258
93.292
93.308
93.308
93.292
93.258
93.209
93.127
93.025
93.127
93.185
93.22
93.237
93.237
93.22
93.185
93.127
93.025
88.565
88.734
88.829
88.886
88.914
88.914
88.886
88.829
88.734
88.565
88.734
88.867
88.948
89.003
89.03
89.03
89.003
88.948
88.867
88.734
88.829
88.948
89.02
89.073
89.099
89.099
89.073
89.02
88.948
88.829
88.886
89.003
89.073
89.124
89.148
89.148
89.124
89.073
89.003
88.886
88.914
89.03
89.099
89.148
89.173
89.173
89.148
89.099
89.03
88.914
88.914
89.03
89.099
89.148
89.173
89.173
89.148
89.099
89.03
88.914
88.886
89.003
89.073
89.124
89.148
89.148
89.124
89.073
89.003
88.886
88.829
88.948
89.02
89.073
89.099
89.099
89.073
89.02
88.948
88.829
88.734
88.867
88.948
89.003
89.03
89.03
89.003
88.948
88.867
88.734
88.565
88.734
88.829
88.886
88.914
88.914
88.886
88.829
88.734
88.565
84.388
84.618
84.747
84.825
84.864
84.864
84.825
84.747
84.618
84.388
84.618
84.8
84.91
84.986
85.023
85.023
84.986
84.91
84.8
84.618
84.747
84.91
85.008
85.081
85.116
85.116
85.081
85.008
84.91
84.747
84.825
84.986
85.081
85.15
85.184
85.184
85.15
85.081
84.986
84.825
84.864
85.023
85.116
85.184
85.217
85.217
85.184
85.116
85.023
84.864
84.864
85.023
85.116
85.184
85.217
85.217
85.184
85.116
85.023
84.864
84.825
84.986
85.081
85.15
85.184
85.184
85.15
85.081
84.986
84.825
84.747
84.91
85.008
85.081
85.116
85.116
85.081
85.008
84.91
84.747
84.618
84.8
84.91
84.986
85.023
85.023
84.986
84.91
84.8
84.618
84.388
84.618
84.747
84.825
84.864
84.864
84.825
84.747
84.618
84.388
80.595
80.88
81.041
81.138
81.186
81.186
81.138
81.041
80.88
80.595
80.88
81.107
81.244
81.338
81.384
81.384
81.338
81.244
81.107
80.88
81.041
81.244
81.366
81.456
81.5
81.5
81.456
81.366
81.244
81.041
81.138
81.338
81.456
81.542
81.584
81.584
81.542
81.456
81.338
81.138
81.186
81.384
81.5
81.584
81.625
81.625
81.584
81.5
81.384
81.186
81.186
81.384
81.5
81.584
81.625
81.625
81.584
81.5
81.384
81.186
81.138
81.338
81.456
81.542
81.584
81.584
81.542
81.456
81.338
81.138
81.041
81.244
81.366
81.456
81.5
81.5
81.456
81.366
81.244
81.041
80.88
81.107
81.244
81.338
81.384
81.384
81.338
81.244
81.107
80.88
80.595
80.88
81.041
81.138
81.186
81.186
81.138
81.041
80.88
80.595
77.279
77.614
77.802
77.915
77.972
77.972
77.915
77.802
77.614
77.279
77.614
77.879
78.039
78.149
78.203
78.203
78.149
78.039
77.879
77.614
77.802
78.039
78.182
78.288
78.34
78.34
78.288
78.182
78.039
77.802
77.915
78.149
78.288
78.388
78.438
78.438
78.388
78.288
78.149
77.915
77.972
78.203
78.34
78.438
78.486
78.486
78.438
78.34
78.203
77.972
77.972
78.203
78.34
78.438
78.486
78.486
78.438
78.34
78.203
77.972
77.915
78.149
78.288
78.388
78.438
78.438
78.388
78.288
78.149
77.915
77.802
78.039
78.182
78.288
78.34
78.34
78.288
78.182
78.039
77.802
77.614
77.879
78.039
78.149
78.203
78.203
78.149
78.039
77.879
77.614
77.279
77.614
77.802
77.915
77.972
77.972
77.915
77.802
77.614
77.279
74.524
74.899
75.11
75.237
75.3
75.3
75.237
75.11
74.899
74.524
74.899
75.196
75.376
75.499
75.559
75.559
75.499
75.376
75.196
74.899
75.11
75.376
75.536
75.655
75.712
75.712
75.655
75.536
75.376
75.11
75.237
75.499
75.655
75.767
75.822
75.822
75.767
75.655
75.499
75.237
75.3
75.559
75.712
75.822
75.876
75.876
75.822
75.712
75.559
75.3
75.3
75.559
75.712
75.822
75.876
75.876
75.822
75.712
75.559
75.3
75.237
75.499
75.655
75.767
75.822
75.822
75.767
75.655
75.499
75.237
75.11
75.376
75.536
75.655
75.712
75.712
75.655
75.536
75.376
75.11
74.899
75.196
75.376
75.499
75.559
75.559
75.499
75.376
75.196
74.899
74.524
74.899
75.11
75.237
75.3
75.3
75.237
75.11
74.899
74.524
72.395
72.802
73.03
73.168
73.237
73.237
73.168
73.03
72.802
72.395
72.802
73.124
73.318
73.452
73.517
73.517
73.452
73.318
73.124
72.802
73.03
73.318
73.492
73.621
73.683
73.683
73.621
73.492
73.318
73.03
73.168
73.452
73.621
73.742
73.802
73.802
73.742
73.621
73.452
73.168
73.237
73.517
73.683
73.802
73.861
73.861
73.802
73.683
73.517
73.237
73.237
73.517
73.683
73.802
73.861
73.861
73.802
73.683
73.517
73.237
73.168
73.452
73.621
73.742
73.802
73.802
73.742
73.621
73.452
73.168
73.03
73.318
73.492
73.621
73.683
73.683
73.621
73.492
73.318
73.03
72.802
73.124
73.318
73.452
73.517
73.517
73.452
73.318
73.124
72.802
72.395
72.802
73.03
73.168
73.237
73.237
73.168
73.03
72.802
72.395
70.946
71.374
71.615
71.76
71.832
71.832
71.76
71.615
71.374
70.946
71.374
71.714
71.918
72.059
72.128
72.128
72.059
71.918
71.714
71.374
71.615
71.918
72.101
72.236
72.302
72.302
72.236
72.101
71.918
71.615
71.76
72.059
72.236
72.364
72.427
72.427
72.364
72.236
72.059
71.76
71.832
72.128
72.302
72.427
72.489
72.489
72.427
72.302
72.128
71.832
71.832
72.128
72.302
72.427
72.489
72.489
72.427
72.302
72.128
71.832
71.76
72.059
72.236
72.364
72.427
72.427
72.364
72.236
72.059
71.76
71.615
71.918
72.101
72.236
72.302
72.302
72.236
72.101
71.918
71.615
71.374
71.714
71.918
72.059
72.128
72.128
72.059
71.918
71.714
71.374
70.946
71.374
71.615
71.76
71.832
71.832
71.76
71.615
71.374
70.946
70.213
70.651
70.898
71.047
71.121
71.121
71.047
70.898
70.651
70.213
70.651
71
71.209
71.353
71.424
71.424
71.353
71.209
71
70.651
70.898
71.209
71.397
71.535
71.603
71.603
71.535
71.397
71.209
70.898
71.047
71.353
71.535
71.667
71.731
71.731
71.667
71.535
71.353
71.047
71.121
71.424
71.603
71.731
71.795
71.795
71.731
71.603
71.424
71.121
71.121
71.424
71.603
71.731
71.795
71.795
71.731
71.603
71.424
71.121
71.047
71.353
71.535
71.667
71.731
71.731
71.667
71.535
71.353
71.047
70.898
71.209
71.397
71.535
71.603
71.603
71.535
71.397
71.209
70.898
70.651
71
71.209
71.353
71.424
71.424
71.353
71.209
71
70.651
70.213
70.651
70.898
71.047
71.121
71.121
71.047
70.898
70.651
70.213
70.213
70.651
70.898
71.047
71.121
71.121
71.047
70.898
70.651
70.213
70.651
71
71.209
71.353
71.424
71.424
71.353
71.209
71
70.651
70.898
71.209
71.397
71.535
71.603
71.603
71.535
71.397
71.209
70.898
71.047
71.353
71.535
71.667
71.731
71.731
71.667
71.535
71.353
71.047
71.121
71.424
71.603
71.731
71.795
71.795
71.731
71.603
71.424
71.121
71.121
71.424
71.603
71.731
71.795
71.795
71.731
71.603
71.424
71.121
71.047
71.353
71.535
71.667
71.731
71.731
71.667
71.535
71.353
71.047
70.898
71.209
71.397
71.535
71.603
71.603
71.535
71.397
71.209
70.898
70.651
71
71.209
71.353
71.424
71.424
71.353
71.209
71
70.651
70.213
70.651
70.898
71.047
71.121
71.121
71.047
70.898
70.651
70.213
70.946
71.374
71.615
71.76
71.832
71.832
71.76
71.615
71.374
70.946
71.374
71.714
71.918
72.059
72.128
72.128
72.059
71.918
71.714
71.374
71.615
71.918
72.101
72.236
72.302
72.302
72.236
72.101
71.918
71.615
71.76
72.059
72.236
72.364
72.427
72.427
72.364
72.236
72.059
71.76
71.832
72.128
72.302
72.427
72.489
72.489
72.427
72.302
72.128
71.832
71.832
72.128
72.302
72.427
72.489
72.489
72.427
72.302
72.128
71.832
71.76
72.059
72.236
72.364
72.427
72.427
72.364
72.236
72.059
71.76
71.615
71.918
72.101
72.236
72.302
72.302
72.236
72.101
71.918
71.615
71.374
71.714
71.918
72.059
72.128
72.128
72.059
71.918
71.714
71.374
70.946
71.374
71.615
71.76
71.832
71.832
71.76
71.615
71.374
70.946
72.395
72.802
73.03
73.168
73.237
73.237
73.168
73.03
72.802
72.395
72.802
73.124
73.318
73.452
73.517
73.517
73.452
73.318
73.124
72.802
73.03
73.318
73.492
73.621
73.683
73.683
73.621
73.492
73.318
73.03
73.168
73.452
73.621
73.742
73.802
73.802
73.742
73.621
73.452
73.168
73.237
73.517
73.683
73.802
73.861
73.861
73.802
73.683
73.517
73.237
73.237
73.517
73.683
73.802
73.861
73.861
73.802
73.683
73.517
73.237
73.168
73.452
73.621
73.742
73.802
73.802
73.742
73.621
73.452
73.168
73.03
73.318
73.492
73.621
73.683
73.683
73.621
73.492
73.318
73.03
72.802
73.124
73.318
73.452
73.517
73.517
73.452
73.318
73.124
72.802
72.395
72.802
73.03
73.168
73.237
73.237
73.168
73.03
72.802
72.395
74.524
74.899
75.11
75.237
75.3
75.3
75.237
75.11
74.899
74.524
74.899
75.196
75.376
75.499
75.559
75.559
75.499
75.376
75.196
74.899
75.11
75.376
75.536
75.655
75.712
75.712
75.655
75.536
75.376
75.11
75.237
75.499
75.655
75.767
75.822
75.822
75.767
75.655
75.499
75.237
75.3
75.559
75.712
75.822
75.876
75.876
75.822
75.712
75.559
75.3
75.3
75.559
75.712
75.822
75.876
75.876
75.822
75.712
75.559
75.3
75.237
75.499
75.655
75.767
75.822
75.822
75.767
75.655
75.499
75.237
75.11
75.376
75.536
75.655
75.712
75.712
75.655
75.536
75.376
75.11
74.899
75.196
75.376
75.499
75.559
75.559
75.499
75.376
75.196
74.899
74.524
74.899
75.11
75.237
75.3
75.3
75.237
75.11
74.899
74.524
77.279
77.614
77.802
77.915
77.972
77.972
77.915
77.802
77.614
77.279
77.614
77.879
78.039
78.149
78.203
78.203
78.149
78.039
77.879
77.614
77.802
78.039
78.182
78.288
78.34
78.34
78.288
78.182
78.039
77.802
77.915
78.149
78.288
78.388
78.438
78.438
78.388
78.288
78.149
77.915
77.972
78.203
78.34
78.438
78.486
78.486
78.438
78.34
78.203
77.972
77.972
78.203
78.34
78.438
78.486
78.486
78.438
78.34
78.203
77.972
77.915
78.149
78.288
78.388
78.438
78.438
78.388
78.288
78.149
77.915
77.802
78.039
78.182
78.288
78.34
78.34
78.288
78.182
78.039
77.802
77.614
77.879
78.039
78.149
78.203
78.203
78.149
78.039
77.879
77.614
77.279
77.614
77.802
77.915
77.972
77.972
77.915
77.802
77.614
77.279
80.595
80.88
81.041
81.138
81.186
81.186
81.138
81.041
80.88
80.595
80.88
81.107
81.244
81.338
81.384
81.384
81.338
81.244
81.107
80.88
81.041
81.244
81.366
81.456
81.5
81.5
81.456
81.366
81.244
81.041
81.138
81.338
81.456
81.542
81.584
81.584
81.542
81.456
81.338
81.138
81.186
81.384
81.5
81.584
81.625
81.625
81.584
81.5
81.384
81.186
81.186
81.384
81.5
81.584
81.625
81.625
81.584
81.5
81.384
81.186
81.138
81.338
81.456
81.542
81.584
81.584
81.542
81.456
81.338
81.138
81.041
81.244
81.366
81.456
81.5
81.5
81.456
81.366
81.244
81.041
80.88
81.107
81.244
81.338
81.384
81.384
81.338
81.244
81.107
80.88
80.595
80.88
81.041
81.138
81.186
81.186
81.138
81.041
80.88
80.595
84.388
84.618
84.747
84.825
84.864
84.864
84.825
84.747
84.618
84.388
84.618
84.8
84.91
84.986
85.023
85.023
84.986
84.91
84.8
84.618
84.747
84.91
85.008
85.081
85.116
85.116
85.081
85.008
84.91
84.747
84.825
84.986
85.081
85.15
85.184
85.184
85.15
85.081
84.986
84.825
84.864
85.023
85.116
85.184
85.217
85.217
85.184
85.116
85.023
84.864
84.864
85.023
85.116
85.184
85.217
85.217
85.184
85.116
85.023
84.864
84.825
84.986
85.081
85.15
85.184
85.184
85.15
85.081
84.986
84.825
84.747
84.91
85.008
85.081
85.116
85.116
85.081
85.008
84.91
84.747
84.618
84.8
84.91
84.986
85.023
85.023
84.986
84.91
84.8
84.618
84.388
84.618
84.747
84.825
84.864
84.864
84.825
84.747
84.618
84.388
88.565
88.734
88.829
88.886
88.914
88.914
88.886
88.829
88.734
88.565
88.734
88.867
88.948
89.003
89.03
89.03
89.003
88.948
88.867
88.734
88.829
88.948
89.02
89.073
89.099
89.099
89.073
89.02
88.948
88.829
88.886
89.003
89.073
89.124
89.148
89.148
89.124
89.073
89.003
88.886
88.914
89.03
89.099
89.148
89.173
89.173
89.148
89.099
89.03
88.914
88.914
89.03
89.099
89.148
89.173
89.173
89.148
89.099
89.03
88.914
88.886
89.003
89.073
89.124
89.148
89.148
89.124
89.073
89.003
88.886
88.829
88.948
89.02
89.073
89.099
89.099
89.073
89.02
88.948
88.829
88.734
88.867
88.948
89.003
89.03
89.03
89.003
88.948
88.867
88.734
88.565
88.734
88.829
88.886
88.914
88.914
88.886
88.829
88.734
88.565
93.025
93.127
93.185
93.22
93.237
93.237
93.22
93.185
93.127
93.025
93.127
93.209
93.258
93.292
93.308
93.308
93.292
93.258
93.209
93.127
93.185
93.258
93.302
93.334
93.35
93.35
93.334
93.302
93.258
93.185
93.22
93.292
93.334
93.365
93.38
93.38
93.365
93.334
93.292
93.22
93.237
93.308
93.35
93.38
93.395
93.395
93.38
93.35
93.308
93.237
93.237
93.308
93.35
93.38
93.395
93.395
93.38
93.35
93.308
93.237
93.22
93.292
93.334
93.365
93.38
93.38
93.365
93.334
93.292
93.22
93.185
93.258
93.302
93.334
93.35
93.35
93.334
93.302
93.258
93.185
93.127
93.209
93.258
93.292
93.308
93.308
93.292
93.258
93.209
93.127
93.025
93.127
93.185
93.22
93.237
93.237
93.22
93.185
93.127
93.025
97.656
97.69
97.71
97.721
97.727
97.727
97.721
97.71
97.69
97.656
97.69
97.718
97.734
97.745
97.751
97.751
97.745
97.734
97.718
97.69
97.71
97.734
97.749
97.76
97.765
97.765
97.76
97.749
97.734
97.71
97.721
97.745
97.76
97.77
97.775
97.775
97.77
97.76
97.745
97.721
97.727
97.751
97.765
97.775
97.78
97.78
97.775
97.765
97.751
97.727
97.727
97.751
97.765
97.775
97.78
97.78
97.775
97.765
97.751
97.727
97.721
97.745
97.76
97.77
97.775
97.775
97.77
97.76
97.745
97.721
97.71
97.734
97.749
97.76
97.765
97.765
97.76
97.749
97.734
97.71
97.69
97.718
97.734
97.745
97.751
97.751
97.745
97.734
97.718
97.69
97.656
97.69
97.71
97.721
97.727
97.727
97.721
97.71
97.69
97.656
102.34
102.31
102.29
102.28
102.27
102.27
102.28
102.29
102.31
102.34
102.31
102.28
102.27
102.25
102.25
102.25
102.25
102.27
102.28
102.31
102.29
102.27
102.25
102.24
102.23
102.23
102.24
102.25
102.27
102.29
102.28
102.25
102.24
102.23
102.22
102.22
102.23
102.24
102.25
102.28
102.27
102.25
102.23
102.22
102.22
102.22
102.22
102.23
102.25
102.27
102.27
102.25
102.23
102.22
102.22
102.22
102.22
102.23
102.25
102.27
102.28
102.25
102.24
102.23
102.22
102.22
102.23
102.24
102.25
102.28
102.29
102.27
102.25
102.24
102.23
102.23
102.24
102.25
102.27
102.29
102.31
102.28
102.27
102.25
102.25
102.25
102.25
102.27
102.28
102.31
102.34
102.31
102.29
102.28
102.27
102.27
102.28
102.29
102.31
102.34
106.97
106.87
106.81
106.78
106.76
106.76
106.78
106.81
106.87
106.97
106.87
106.79
106.74
106.7
106.69
106.69
106.7
106.74
106.79
106.87
106.81
106.74
106.69
106.66
106.65
106.65
106.66
106.69
106.74
106.81
106.78
106.7
106.66
106.63
106.62
106.62
106.63
106.66
106.7
106.78
106.76
106.69
106.65
106.62
106.6
106.6
106.62
106.65
106.69
106.76
106.76
106.69
106.65
106.62
106.6
106.6
106.62
106.65
106.69
106.76
106.78
106.7
106.66
106.63
106.62
106.62
106.63
106.66
106.7
106.78
106.81
106.74
106.69
106.66
106.65
106.65
106.66
106.69
106.74
106.81
106.87
106.79
106.74
106.7
106.69
106.69
106.7
106.74
106.79
106.87
106.97
106.87
106.81
106.78
106.76
106.76
106.78
106.81
106.87
106.97
111.43
111.26
111.17
111.11
111.08
111.08
111.11
111.17
111.26
111.43
111.26
111.13
111.05
110.99
110.96
110.96
110.99
111.05
111.13
111.26
111.17
111.05
110.97
110.92
110.89
110.89
110.92
110.97
111.05
111.17
111.11
110.99
110.92
110.87
110.85
110.85
110.87
110.92
110.99
111.11
111.08
110.96
110.89
110.85
110.82
110.82
110.85
110.89
110.96
111.08
111.08
110.96
110.89
110.85
110.82
110.82
110.85
110.89
110.96
111.08
111.11
110.99
110.92
110.87
110.85
110.85
110.87
110.92
110.99
111.11
111.17
111.05
110.97
110.92
110.89
110.89
110.92
110.97
111.05
111.17
111.26
111.13
111.05
110.99
110.96
110.96
110.99
111.05
111.13
111.26
111.43
111.26
111.17
111.11
111.08
111.08
111.11
111.17
111.26
111.43
