150.06
148.04
147.02
146.46
146.18
146.18
146.46
147.02
148.04
150.06
148.04
146.59
145.8
145.27
145.03
145.03
145.27
145.8
146.59
148.04
147.02
145.8
145.12
144.63
144.4
144.4
144.63
145.12
145.8
147.02
146.46
145.27
144.63
144.18
143.97
143.97
144.18
144.63
145.27
146.46
146.18
145.03
144.4
143.97
143.76
143.76
143.97
144.4
145.03
146.18
146.18
145.03
144.4
143.97
143.76
143.76
143.97
144.4
145.03
146.18
146.46
145.27
144.63
144.18
143.97
143.97
144.18
144.63
145.27
146.46
147.02
145.8
145.12
144.63
144.4
144.4
144.63
145.12
145.8
147.02
148.04
146.59
145.8
145.27
145.03
145.03
145.27
145.8
146.59
148.04
150.06
148.04
147.02
146.46
146.18
146.18
146.46
147.02
148.04
150.06
131.86
130.27
129.52
129.12
128.93
128.93
129.12
129.52
130.27
131.86
130.27
129.21
128.65
128.28
128.11
128.11
128.28
128.65
129.21
130.27
129.52
128.65
128.19
127.84
127.68
127.68
127.84
128.19
128.65
129.52
129.12
128.28
127.84
127.53
127.39
127.39
127.53
127.84
128.28
129.12
128.93
128.11
127.68
127.39
127.24
127.24
127.39
127.68
128.11
128.93
128.93
128.11
127.68
127.39
127.24
127.24
127.39
127.68
128.11
128.93
129.12
128.28
127.84
127.53
127.39
127.39
127.53
127.84
128.28
129.12
129.52
128.65
128.19
127.84
127.68
127.68
127.84
128.19
128.65
129.52
130.27
129.21
128.65
128.28
128.11
128.11
128.28
128.65
129.21
130.27
131.86
130.27
129.52
129.12
128.93
128.93
129.12
129.52
130.27
131.86
111.22
110.4
110.09
109.95
109.88
109.88
109.95
110.09
110.4
111.22
110.4
109.97
109.76
109.63
109.57
109.57
109.63
109.76
109.97
110.4
110.09
109.76
109.6
109.47
109.42
109.42
109.47
109.6
109.76
110.09
109.95
109.63
109.47
109.36
109.31
109.31
109.36
109.47
109.63
109.95
109.88
109.57
109.42
109.31
109.26
109.26
109.31
109.42
109.57
109.88
109.88
109.57
109.42
109.31
109.26
109.26
109.31
109.42
109.57
109.88
109.95
109.63
109.47
109.36
109.31
109.31
109.36
109.47
109.63
109.95
110.09
109.76
109.6
109.47
109.42
109.42
109.47
109.6
109.76
110.09
110.4
109.97
109.76
109.63
109.57
109.57
109.63
109.76
109.97
110.4
111.22
110.4
110.09
109.95
109.88
109.88
109.95
110.09
110.4
111.22
88.78
89.596
89.907
90.044
90.119
90.119
90.044
89.907
89.596
88.78
89.596
90.026
90.235
90.366
90.428
90.428
90.366
90.235
90.026
89.596
89.907
90.235
90.402
90.525
90.582
90.582
90.525
90.402
90.235
89.907
90.044
90.366
90.525
90.636
90.689
90.689
90.636
90.525
90.366
90.044
90.119
90.428
90.582
90.689
90.74
90.74
90.689
90.582
90.428
90.119
90.119
90.428
90.582
90.689
90.74
90.74
90.689
90.582
90.428
90.119
90.044
90.366
90.525
90.636
90.689
90.689
90.636
90.525
90.366
90.044
89.907
90.235
90.402
90.525
90.582
90.582
90.525
90.402
90.235
89.907
89.596
90.026
90.235
90.366
90.428
90.428
90.366
90.235
90.026
89.596
88.78
89.596
89.907
90.044
90.119
90.119
90.044
89.907
89.596
88.78
68.129
69.72
70.473
70.865
71.06
71.06
70.865
70.473
69.72
68.129
69.72
70.774
71.337
71.702
71.873
71.873
71.702
71.337
70.774
69.72
70.473
71.337
71.798
72.141
72.3
72.3
72.141
71.798
71.337
70.473
70.865
71.702
72.141
72.451
72.599
72.599
72.451
72.141
71.702
70.865
71.06
71.873
72.3
72.599
72.741
72.741
72.599
72.3
71.873
71.06
71.06
71.873
72.3
72.599
72.741
72.741
72.599
72.3
71.873
71.06
70.865
71.702
72.141
72.451
72.599
72.599
72.451
72.141
71.702
70.865
70.473
71.337
71.798
72.141
72.3
72.3
72.141
71.798
71.337
70.473
69.72
70.774
71.337
71.702
71.873
71.873
71.702
71.337
70.774
69.72
68.129
69.72
70.473
70.865
71.06
71.06
70.865
70.473
69.72
68.129
49.936
51.946
52.969
53.529
53.801
53.801
53.529
52.969
51.946
49.936
51.946
53.388
54.183
54.707
54.952
54.952
54.707
54.183
53.388
51.946
52.969
54.183
54.855
55.343
55.572
55.572
55.343
54.855
54.183
52.969
53.529
54.707
55.343
55.792
56.006
56.006
55.792
55.343
54.707
53.529
53.801
54.952
55.572
56.006
56.213
56.213
56.006
55.572
54.952
53.801
53.801
54.952
55.572
56.006
56.213
56.213
56.006
55.572
54.952
53.801
53.529
54.707
55.343
55.792
56.006
56.006
55.792
55.343
54.707
53.529
52.969
54.183
54.855
55.343
55.572
55.572
55.343
54.855
54.183
52.969
51.946
53.388
54.183
54.707
54.952
54.952
54.707
54.183
53.388
51.946
49.936
51.946
52.969
53.529
53.801
53.801
53.529
52.969
51.946
49.936
35.111
37.155
38.238
38.845
39.143
39.143
38.845
38.238
37.155
35.111
37.155
38.693
39.567
40.146
40.421
40.421
40.146
39.567
38.693
37.155
38.238
39.567
40.321
40.867
41.126
41.126
40.867
40.321
39.567
38.238
38.845
40.146
40.867
41.376
41.621
41.621
41.376
40.867
40.146
38.845
39.143
40.421
41.126
41.621
41.859
41.859
41.621
41.126
40.421
39.143
39.143
40.421
41.126
41.621
41.859
41.859
41.621
41.126
40.421
39.143
38.845
40.146
40.867
41.376
41.621
41.621
41.376
40.867
40.146
38.845
38.238
39.567
40.321
40.867
41.126
41.126
40.867
40.321
39.567
38.238
37.155
38.693
39.567
40.146
40.421
40.421
40.146
39.567
38.693
37.155
35.111
37.155
38.238
38.845
39.143
39.143
38.845
38.238
37.155
35.111
23.744
25.549
26.547
27.119
27.401
27.401
27.119
26.547
25.549
23.744
25.549
26.976
27.81
28.365
28.632
28.632
28.365
27.81
26.976
25.549
26.547
27.81
28.545
29.076
29.33
29.33
29.076
28.545
27.81
26.547
27.119
28.365
29.076
29.577
29.82
29.82
29.577
29.076
28.365
27.119
27.401
28.632
29.33
29.82
30.057
30.057
29.82
29.33
28.632
27.401
27.401
28.632
29.33
29.82
30.057
30.057
29.82
29.33
28.632
27.401
27.119
28.365
29.076
29.577
29.82
29.82
29.577
29.076
28.365
27.119
26.547
27.81
28.545
29.076
29.33
29.33
29.076
28.545
27.81
26.547
25.549
26.976
27.81
28.365
28.632
28.632
28.365
27.81
26.976
25.549
23.744
25.549
26.547
27.119
27.401
27.401
27.119
26.547
25.549
23.744
15.5
16.955
17.789
18.274
18.515
18.515
18.274
17.789
16.955
15.5
16.955
18.155
18.875
19.356
19.589
19.589
19.356
18.875
18.155
16.955
17.789
18.875
19.523
19.989
20.214
20.214
19.989
19.523
18.875
17.789
18.274
19.356
19.989
20.435
20.652
20.652
20.435
19.989
19.356
18.274
18.515
19.589
20.214
20.652
20.866
20.866
20.652
20.214
19.589
18.515
18.515
19.589
20.214
20.652
20.866
20.866
20.652
20.214
19.589
18.515
18.274
19.356
19.989
20.435
20.652
20.652
20.435
19.989
19.356
18.274
17.789
18.875
19.523
19.989
20.214
20.214
19.989
19.523
18.875
17.789
16.955
18.155
18.875
19.356
19.589
19.589
19.356
18.875
18.155
16.955
15.5
16.955
17.789
18.274
18.515
18.515
18.274
17.789
16.955
15.5
9.8358
10.936
11.587
11.972
12.163
12.163
11.972
11.587
10.936
9.8358
10.936
11.88
12.46
12.849
13.038
13.038
12.849
12.46
11.88
10.936
11.587
12.46
12.992
13.374
13.56
13.56
13.374
12.992
12.46
11.587
11.972
12.849
13.374
13.744
13.926
13.926
13.744
13.374
12.849
11.972
12.163
13.038
13.56
13.926
14.105
14.105
13.926
13.56
13.038
12.163
12.163
13.038
13.56
13.926
14.105
14.105
13.926
13.56
13.038
12.163
11.972
12.849
13.374
13.744
13.926
13.926
13.744
13.374
12.849
11.972
11.587
12.46
12.992
13.374
13.56
13.56
13.374
12.992
12.46
11.587
10.936
11.88
12.46
12.849
13.038
13.038
12.849
12.46
11.88
10.936
9.8358
10.936
11.587
11.972
12.163
12.163
11.972
11.587
10.936
9.8358
6.1797
6.9846
7.4748
7.7681
7.9147
7.9147
7.7681
7.4748
6.9846
6.1797
6.9846
7.7006
8.1507
8.4535
8.6022
8.6022
8.4535
8.1507
7.7006
6.9846
7.4748
8.1507
8.5719
8.8737
9.0215
9.0215
8.8737
8.5719
8.1507
7.4748
7.7681
8.4535
8.8737
9.1697
9.3156
9.3156
9.1697
8.8737
8.4535
7.7681
7.9147
8.6022
9.0215
9.3156
9.4605
9.4605
9.3156
9.0215
8.6022
7.9147
7.9147
8.6022
9.0215
9.3156
9.4605
9.4605
9.3156
9.0215
8.6022
7.9147
7.7681
8.4535
8.8737
9.1697
9.3156
9.3156
9.1697
8.8737
8.4535
7.7681
7.4748
8.1507
8.5719
8.8737
9.0215
9.0215
8.8737
8.5719
8.1507
7.4748
6.9846
7.7006
8.1507
8.4535
8.6022
8.6022
8.4535
8.1507
7.7006
6.9846
6.1797
6.9846
7.4748
7.7681
7.9147
7.9147
7.7681
7.4748
6.9846
6.1797
4.0359
4.636
5.0112
5.238
5.3518
5.3518
5.238
5.0112
4.636
4.0359
4.636
5.1877
5.5418
5.7804
5.8984
5.8984
5.7804
5.5418
5.1877
4.636
5.0112
5.5418
5.879
6.1201
6.2389
6.2389
6.1201
5.879
5.5418
5.0112
5.238
5.7804
6.1201
6.3591
6.4776
6.4776
6.3591
6.1201
5.7804
5.238
5.3518
5.8984
6.2389
6.4776
6.5958
6.5958
6.4776
6.2389
5.8984
5.3518
5.3518
5.8984
6.2389
6.4776
6.5958
6.5958
6.4776
6.2389
5.8984
5.3518
5.238
5.7804
6.1201
6.3591
6.4776
6.4776
6.3591
6.1201
5.7804
5.238
5.0112
5.5418
5.879
6.1201
6.2389
6.2389
6.1201
5.879
5.5418
5.0112
4.636
5.1877
5.5418
5.7804
5.8984
5.8984
5.7804
5.5418
5.1877
4.636
4.0359
4.636
5.0112
5.238
5.3518
5.3518
5.238
5.0112
4.636
4.0359
3.054
3.5507
3.8666
4.0587
4.1555
4.1555
4.0587
3.8666
3.5507
3.054
3.5507
4.0174
4.321
4.5259
4.6276
4.6276
4.5259
4.321
4.0174
3.5507
3.8666
4.321
4.6137
4.8225
4.9258
4.9258
4.8225
4.6137
4.321
3.8666
4.0587
4.5259
4.8225
5.0311
5.1347
5.1347
5.0311
4.8225
4.5259
4.0587
4.1555
4.6276
4.9258
5.1347
5.2386
5.2386
5.1347
4.9258
4.6276
4.1555
4.1555
4.6276
4.9258
5.1347
5.2386
5.2386
5.1347
4.9258
4.6276
4.1555
4.0587
4.5259
4.8225
5.0311
5.1347
5.1347
5.0311
4.8225
4.5259
4.0587
3.8666
4.321
4.6137
4.8225
4.9258
4.9258
4.8225
4.6137
4.321
3.8666
3.5507
4.0174
4.321
4.5259
4.6276
4.6276
4.5259
4.321
4.0174
3.5507
3.054
3.5507
3.8666
4.0587
4.1555
4.1555
4.0587
3.8666
3.5507
3.054
3.054
3.5507
3.8666
4.0587
4.1555
4.1555
4.0587
3.8666
3.5507
3.054
3.5507
4.0174
4.321
4.5259
4.6276
4.6276
4.5259
4.321
4.0174
3.5507
3.8666
4.321
4.6137
4.8225
4.9258
4.9258
4.8225
4.6137
4.321
3.8666
4.0587
4.5259
4.8225
5.0311
5.1347
5.1347
5.0311
4.8225
4.5259
4.0587
4.1555
4.6276
4.9258
5.1347
5.2386
5.2386
5.1347
4.9258
4.6276
4.1555
4.1555
4.6276
4.9258
5.1347
5.2386
5.2386
5.1347
4.9258
4.6276
4.1555
4.0587
4.5259
4.8225
5.0311
5.1347
5.1347
5.0311
4.8225
4.5259
4.0587
3.8666
4.321
4.6137
4.8225
4.9258
4.9258
4.8225
4.6137
4.321
3.8666
3.5507
4.0174
4.321
4.5259
4.6276
4.6276
4.5259
4.321
4.0174
3.5507
3.054
3.5507
3.8666
4.0587
4.1555
4.1555
4.0587
3.8666
3.5507
3.054
4.0359
4.636
5.0112
5.238
5.3518
5.3518
5.238
5.0112
4.636
4.0359
4.636
5.1877
5.5418
5.7804
5.8984
5.8984
5.7804
5.5418
5.1877
4.636
5.0112
5.5418
5.879
6.1201
6.2389
6.2389
6.1201
5.879
5.5418
5.0112
5.238
5.7804
6.1201
6.3591
6.4776
6.4776
6.3591
6.1201
5.7804
5.238
5.3518
5.8984
6.2389
6.4776
6.5958
6.5958
6.4776
6.2389
5.8984
5.3518
5.3518
5.8984
6.2389
6.4776
6.5958
6.5958
6.4776
6.2389
5.8984
5.3518
5.238
5.7804
6.1201
6.3591
6.4776
6.4776
6.3591
6.1201
5.7804
5.238
5.0112
5.5418
5.879
6.1201
6.2389
6.2389
6.1201
5.879
5.5418
5.0112
4.636
5.1877
5.5418
5.7804
5.8984
5.8984
5.7804
5.5418
5.1877
4.636
4.0359
4.636
5.0112
5.238
5.3518
5.3518
5.238
5.0112
4.636
4.0359
6.1797
6.9846
7.4748
7.7681
7.9147
7.9147
7.7681
7.4748
6.9846
6.1797
6.9846
7.7006
8.1507
8.4535
8.6022
8.6022
8.4535
8.1507
7.7006
6.9846
7.4748
8.1507
8.5719
8.8737
9.0215
9.0215
8.8737
8.5719
8.1507
7.4748
7.7681
8.4535
8.8737
9.1697
9.3156
9.3156
9.1697
8.8737
8.4535
7.7681
7.9147
8.6022
9.0215
9.3156
9.4605
9.4605
9.3156
9.0215
8.6022
7.9147
7.9147
8.6022
9.0215
9.3156
9.4605
9.4605
9.3156
9.0215
8.6022
7.9147
7.7681
8.4535
8.8737
9.1697
9.3156
9.3156
9.1697
8.8737
8.4535
7.7681
7.4748
8.1507
8.5719
8.8737
9.0215
9.0215
8.8737
8.5719
8.1507
7.4748
6.9846
7.7006
8.1507
8.4535
8.6022
8.6022
8.4535
8.1507
7.7006
6.9846
6.1797
6.9846
7.4748
7.7681
7.9147
7.9147
7.7681
7.4748
6.9846
6.1797
9.8358
10.936
11.587
11.972
12.163
12.163
11.972
11.587
10.936
9.8358
10.936
11.88
12.46
12.849
13.038
13.038
12.849
12.46
11.88
10.936
11.587
12.46
12.992
13.374
13.56
13.56
13.374
12.992
12.46
11.587
11.972
12.849
13.374
13.744
13.926
13.926
13.744
13.374
12.849
11.972
12.163
13.038
13.56
13.926
14.105
14.105
13.926
13.56
13.038
12.163
12.163
13.038
13.56
13.926
14.105
14.105
13.926
13.56
13.038
12.163
11.972
12.849
13.374
13.744
13.926
13.926
13.744
13.374
12.849
11.972
11.587
12.46
12.992
13.374
13.56
13.56
13.374
12.992
12.46
11.587
10.936
11.88
12.46
12.849
13.038
13.038
12.849
12.46
11.88
10.936
9.8358
10.936
11.587
11.972
12.163
12.163
11.972
11.587
10.936
9.8358
15.5
16.955
17.789
18.274
18.515
18.515
18.274
17.789
16.955
15.5
16.955
18.155
18.875
19.356
19.589
19.589
19.356
18.875
18.155
16.955
17.789
18.875
19.523
19.989
20.214
20.214
19.989
19.523
18.875
17.789
18.274
19.356
19.989
20.435
20.652
20.652
20.435
19.989
19.356
18.274
18.515
19.589
20.214
20.652
20.866
20.866
20.652
20.214
19.589
18.515
18.515
19.589
20.214
20.652
20.866
20.866
20.652
20.214
19.589
18.515
18.274
19.356
19.989
20.435
20.652
20.652
20.435
19.989
19.356
18.274
17.789
18.875
19.523
19.989
20.214
20.214
19.989
19.523
18.875
17.789
16.955
18.155
18.875
19.356
19.589
19.589
19.356
18.875
18.155
16.955
15.5
16.955
17.789
18.274
18.515
18.515
18.274
17.789
16.955
15.5
23.744
25.549
26.547
27.119
27.401
27.401
27.119
26.547
25.549
23.744
25.549
26.976
27.81
28.365
28.632
28.632
28.365
27.81
26.976
25.549
26.547
27.81
28.545
29.076
29.33
29.33
29.076
28.545
27.81
26.547
27.119
28.365
29.076
29.577
29.82
29.82
29.577
29.076
28.365
27.119
27.401
28.632
29.33
29.82
30.057
30.057
29.82
29.33
28.632
27.401
27.401
28.632
29.33
29.82
30.057
30.057
29.82
29.33
28.632
27.401
27.119
28.365
29.076
29.577
29.82
29.82
29.577
29.076
28.365
27.119
26.547
27.81
28.545
29.076
29.33
29.33
29.076
28.545
27.81
26.547
25.549
26.976
27.81
28.365
28.632
28.632
28.365
27.81
26.976
25.549
23.744
25.549
26.547
27.119
27.401
27.401
27.119
26.547
25.549
23.744
35.111
37.155
38.238
38.845
39.143
39.143
38.845
38.238
37.155
35.111
37.155
38.693
39.567
40.146
40.421
40.421
40.146
39.567
38.693
37.155
38.238
39.567
40.321
40.867
41.126
41.126
40.867
40.321
39.567
38.238
38.845
40.146
40.867
41.376
41.621
41.621
41.376
40.867
40.146
38.845
39.143
40.421
41.126
41.621
41.859
41.859
41.621
41.126
40.421
39.143
39.143
40.421
41.126
41.621
41.859
41.859
41.621
41.126
40.421
39.143
38.845
40.146
40.867
41.376
41.621
41.621
41.376
40.867
40.146
38.845
38.238
39.567
40.321
40.867
41.126
41.126
40.867
40.321
39.567
38.238
37.155
38.693
39.567
40.146
40.421
40.421
40.146
39.567
38.693
37.155
35.111
37.155
38.238
38.845
39.143
39.143
38.845
38.238
37.155
35.111
49.936
51.946
52.969
53.529
53.801
53.801
53.529
52.969
51.946
49.936
51.946
53.388
54.183
54.707
54.952
54.952
54.707
54.183
53.388
51.946
52.969
54.183
54.855
55.343
55.572
55.572
55.343
54.855
54.183
52.969
53.529
54.707
55.343
55.792
56.006
56.006
55.792
55.343
54.707
53.529
53.801
54.952
55.572
56.006
56.213
56.213
56.006
55.572
54.952
53.801
53.801
54.952
55.572
56.006
56.213
56.213
56.006
55.572
54.952
53.801
53.529
54.707
55.343
55.792
56.006
56.006
55.792
55.343
54.707
53.529
52.969
54.183
54.855
55.343
55.572
55.572
55.343
54.855
54.183
52.969
51.946
53.388
54.183
54.707
54.952
54.952
54.707
54.183
53.388
51.946
49.936
51.946
52.969
53.529
53.801
53.801
53.529
52.969
51.946
49.936
68.129
69.72
70.473
70.865
71.06
71.06
70.865
70.473
69.72
68.129
69.72
70.774
71.337
71.702
71.873
71.873
71.702
71.337
70.774
69.72
70.473
71.337
71.798
72.141
72.3
72.3
72.141
71.798
71.337
70.473
70.865
71.702
72.141
72.451
72.599
72.599
72.451
72.141
71.702
70.865
71.06
71.873
72.3
72.599
72.741
72.741
72.599
72.3
71.873
71.06
71.06
71.873
72.3
72.599
72.741
72.741
72.599
72.3
71.873
71.06
70.865
71.702
72.141
72.451
72.599
72.599
72.451
72.141
71.702
70.865
70.473
71.337
71.798
72.141
72.3
72.3
72.141
71.798
71.337
70.473
69.72
70.774
71.337
71.702
71.873
71.873
71.702
71.337
70.774
69.72
68.129
69.72
70.473
70.865
71.06
71.06
70.865
70.473
69.72
68.129
88.78
89.596
89.907
90.044
90.119
90.119
90.044
89.907
89.596
88.78
89.596
90.026
90.235
90.366
90.428
90.428
90.366
90.235
90.026
89.596
89.907
90.235
90.402
90.525
90.582
90.582
90.525
90.402
90.235
89.907
90.044
90.366
90.525
90.636
90.689
90.689
90.636
90.525
90.366
90.044
90.119
90.428
90.582
90.689
90.74
90.74
90.689
90.582
90.428
90.119
90.119
90.428
90.582
90.689
90.74
90.74
90.689
90.582
90.428
90.119
90.044
90.366
90.525
90.636
90.689
90.689
90.636
90.525
90.366
90.044
89.907
90.235
90.402
90.525
90.582
90.582
90.525
90.402
90.235
89.907
89.596
90.026
90.235
90.366
90.428
90.428
90.366
90.235
90.026
89.596
88.78
89.596
89.907
90.044
90.119
90.119
90.044
89.907
89.596
88.78
111.22
110.4
110.09
109.95
109.88
109.88
109.95
110.09
110.4
111.22
110.4
109.97
109.76
109.63
109.57
109.57
109.63
109.76
109.97
110.4
110.09
109.76
109.6
109.47
109.42
109.42
109.47
109.6
109.76
110.09
109.95
109.63
109.47
109.36
109.31
109.31
109.36
109.47
109.63
109.95
109.88
109.57
109.42
109.31
109.26
109.26
109.31
109.42
109.57
109.88
109.88
109.57
109.42
109.31
109.26
109.26
109.31
109.42
109.57
109.88
109.95
109.63
109.47
109.36
109.31
109.31
109.36
109.47
109.63
109.95
110.09
109.76
109.6
109.47
109.42
109.42
109.47
109.6
109.76
110.09
110.4
109.97
109.76
109.63
109.57
109.57
109.63
109.76
109.97
110.4
111.22
110.4
110.09
109.95
109.88
109.88
109.95
110.09
110.4
111.22
131.86
130.27
129.52
129.12
128.93
128.93
129.12
129.52
130.27
131.86
130.27
129.21
128.65
128.28
128.11
128.11
128.28
128.65
129.21
130.27
129.52
128.65
128.19
127.84
127.68
127.68
127.84
128.19
128.65
129.52
129.12
128.28
127.84
127.53
127.39
127.39
127.53
127.84
128.28
129.12
128.93
128.11
127.68
127.39
127.24
127.24
127.39
127.68
128.11
128.93
128.93
128.11
127.68
127.39
127.24
127.24
127.39
127.68
128.11
128.93
129.12
128.28
127.84
127.53
127.39
127.39
127.53
127.84
128.28
129.12
129.52
128.65
128.19
127.84
127.68
127.68
127.84
128.19
128.65
129.52
130.27
129.21
128.65
128.28
128.11
128.11
128.28
128.65
129.21
130.27
131.86
130.27
129.52
129.12
128.93
128.93
129.12
129.52
130.27
131.86
150.06
148.04
147.02
146.46
146.18
146.18
146.46
147.02
148.04
150.06
148.04
146.59
145.8
145.27
145.03
145.03
145.27
145.8
146.59
148.04
147.02
145.8
145.12
144.63
144.4
144.4
144.63
145.12
145.8
147.02
146.46
145.27
144.63
144.18
143.97
143.97
144.18
144.63
145.27
146.46
146.18
145.03
144.4
143.97
143.76
143.76
143.97
144.4
145.03
146.18
146.18
145.03
144.4
143.97
143.76
143.76
143.97
144.4
145.03
146.18
146.46
145.27
144.63
144.18
143.97
143.97
144.18
144.63
145.27
146.46
147.02
145.8
145.12
144.63
144.4
144.4
144.63
145.12
145.8
147.02
148.04
146.59
145.8
145.27
145.03
145.03
145.27
145.8
146.59
148.04
150.06
148.04
147.02
146.46
146.18
146.18
146.46
147.02
148.04
150.06
