124.85
124.46
124.25
124.12
124.05
124.05
124.12
124.25
124.46
124.85
124.46
124.16
123.97
123.85
123.79
123.79
123.85
123.97
124.16
124.46
124.25
123.97
123.81
123.69
123.63
123.63
123.69
123.81
123.97
124.25
124.12
123.85
123.69
123.58
123.52
123.52
123.58
123.69
123.85
124.12
124.05
123.79
123.63
123.52
123.47
123.47
123.52
123.63
123.79
124.05
124.05
123.79
123.63
123.52
123.47
123.47
123.52
123.63
123.79
124.05
124.12
123.85
123.69
123.58
123.52
123.52
123.58
123.69
123.85
124.12
124.25
123.97
123.81
123.69
123.63
123.63
123.69
123.81
123.97
124.25
124.46
124.16
123.97
123.85
123.79
123.79
123.85
123.97
124.16
124.46
124.85
124.46
124.25
124.12
124.05
124.05
124.12
124.25
124.46
124.85
115.17
114.93
114.8
114.72
114.68
114.68
114.72
114.8
114.93
115.17
114.93
114.75
114.63
114.56
114.52
114.52
114.56
114.63
114.75
114.93
114.8
114.63
114.53
114.46
114.42
114.42
114.46
114.53
114.63
114.8
114.72
114.56
114.46
114.39
114.36
114.36
114.39
114.46
114.56
114.72
114.68
114.52
114.42
114.36
114.32
114.32
114.36
114.42
114.52
114.68
114.68
114.52
114.42
114.36
114.32
114.32
114.36
114.42
114.52
114.68
114.72
114.56
114.46
114.39
114.36
114.36
114.39
114.46
114.56
114.72
114.8
114.63
114.53
114.46
114.42
114.42
114.46
114.53
114.63
114.8
114.93
114.75
114.63
114.56
114.52
114.52
114.56
114.63
114.75
114.93
115.17
114.93
114.8
114.72
114.68
114.68
114.72
114.8
114.93
115.17
105.1
105.02
104.98
104.95
104.94
104.94
104.95
104.98
105.02
105.1
105.02
104.96
104.92
104.9
104.88
104.88
104.9
104.92
104.96
105.02
104.98
104.92
104.89
104.86
104.85
104.85
104.86
104.89
104.92
104.98
104.95
104.9
104.86
104.84
104.83
104.83
104.84
104.86
104.9
104.95
104.94
104.88
104.85
104.83
104.82
104.82
104.83
104.85
104.88
104.94
104.94
104.88
104.85
104.83
104.82
104.82
104.83
104.85
104.88
104.94
104.95
104.9
104.86
104.84
104.83
104.83
104.84
104.86
104.9
104.95
104.98
104.92
104.89
104.86
104.85
104.85
104.86
104.89
104.92
104.98
105.02
104.96
104.92
104.9
104.88
104.88
104.9
104.92
104.96
105.02
105.1
105.02
104.98
104.95
104.94
104.94
104.95
104.98
105.02
105.1
94.896
94.977
95.021
95.048
95.062
95.062
95.048
95.021
94.977
94.896
94.977
95.04
95.077
95.103
95.116
95.116
95.103
95.077
95.04
94.977
95.021
95.077
95.111
95.136
95.148
95.148
95.136
95.111
95.077
95.021
95.048
95.103
95.136
95.159
95.171
95.171
95.159
95.136
95.103
95.048
95.062
95.116
95.148
95.171
95.182
95.182
95.171
95.148
95.116
95.062
95.062
95.116
95.148
95.171
95.182
95.182
95.171
95.148
95.116
95.062
95.048
95.103
95.136
95.159
95.171
95.171
95.159
95.136
95.103
95.048
95.021
95.077
95.111
95.136
95.148
95.148
95.136
95.111
95.077
95.021
94.977
95.04
95.077
95.103
95.116
95.116
95.103
95.077
95.04
94.977
94.896
94.977
95.021
95.048
95.062
95.062
95.048
95.021
94.977
94.896
84.822
85.06
85.193
85.272
85.312
85.312
85.272
85.193
85.06
84.822
85.06
85.247
85.358
85.435
85.473
85.473
85.435
85.358
85.247
85.06
85.193
85.358
85.458
85.532
85.568
85.568
85.532
85.458
85.358
85.193
85.272
85.435
85.532
85.601
85.636
85.636
85.601
85.532
85.435
85.272
85.312
85.473
85.568
85.636
85.669
85.669
85.636
85.568
85.473
85.312
85.312
85.473
85.568
85.636
85.669
85.669
85.636
85.568
85.473
85.312
85.272
85.435
85.532
85.601
85.636
85.636
85.601
85.532
85.435
85.272
85.193
85.358
85.458
85.532
85.568
85.568
85.532
85.458
85.358
85.193
85.06
85.247
85.358
85.435
85.473
85.473
85.435
85.358
85.247
85.06
84.822
85.06
85.193
85.272
85.312
85.312
85.272
85.193
85.06
84.822
75.142
75.529
75.745
75.874
75.939
75.939
75.874
75.745
75.529
75.142
75.529
75.832
76.014
76.14
76.201
76.201
76.14
76.014
75.832
75.529
75.745
76.014
76.177
76.297
76.355
76.355
76.297
76.177
76.014
75.745
75.874
76.14
76.297
76.41
76.466
76.466
76.41
76.297
76.14
75.874
75.939
76.201
76.355
76.466
76.521
76.521
76.466
76.355
76.201
75.939
75.939
76.201
76.355
76.466
76.521
76.521
76.466
76.355
76.201
75.939
75.874
76.14
76.297
76.41
76.466
76.466
76.41
76.297
76.14
75.874
75.745
76.014
76.177
76.297
76.355
76.355
76.297
76.177
76.014
75.745
75.529
75.832
76.014
76.14
76.201
76.201
76.14
76.014
75.832
75.529
75.142
75.529
75.745
75.874
75.939
75.939
75.874
75.745
75.529
75.142
66.104
66.625
66.917
67.092
67.179
67.179
67.092
66.917
66.625
66.104
66.625
67.035
67.281
67.451
67.534
67.534
67.451
67.281
67.035
66.625
66.917
67.281
67.501
67.664
67.743
67.743
67.664
67.501
67.281
66.917
67.092
67.451
67.664
67.817
67.893
67.893
67.817
67.664
67.451
67.092
67.179
67.534
67.743
67.893
67.967
67.967
67.893
67.743
67.534
67.179
67.179
67.534
67.743
67.893
67.967
67.967
67.893
67.743
67.534
67.179
67.092
67.451
67.664
67.817
67.893
67.893
67.817
67.664
67.451
67.092
66.917
67.281
67.501
67.664
67.743
67.743
67.664
67.501
67.281
66.917
66.625
67.035
67.281
67.451
67.534
67.534
67.451
67.281
67.035
66.625
66.104
66.625
66.917
67.092
67.179
67.179
67.092
66.917
66.625
66.104
57.932
58.57
58.928
59.143
59.25
59.25
59.143
58.928
58.57
57.932
58.57
59.074
59.376
59.585
59.687
59.687
59.585
59.376
59.074
58.57
58.928
59.376
59.647
59.847
59.944
59.944
59.847
59.647
59.376
58.928
59.143
59.585
59.847
60.035
60.128
60.128
60.035
59.847
59.585
59.143
59.25
59.687
59.944
60.128
60.219
60.219
60.128
59.944
59.687
59.25
59.25
59.687
59.944
60.128
60.219
60.219
60.128
59.944
59.687
59.25
59.143
59.585
59.847
60.035
60.128
60.128
60.035
59.847
59.585
59.143
58.928
59.376
59.647
59.847
59.944
59.944
59.847
59.647
59.376
58.928
58.57
59.074
59.376
59.585
59.687
59.687
59.585
59.376
59.074
58.57
57.932
58.57
58.928
59.143
59.25
59.25
59.143
58.928
58.57
57.932
50.823
51.558
51.972
52.22
52.344
52.344
52.22
51.972
51.558
50.823
51.558
52.141
52.49
52.732
52.849
52.849
52.732
52.49
52.141
51.558
51.972
52.49
52.803
53.035
53.148
53.148
53.035
52.803
52.49
51.972
52.22
52.732
53.035
53.254
53.361
53.361
53.254
53.035
52.732
52.22
52.344
52.849
53.148
53.361
53.467
53.467
53.361
53.148
52.849
52.344
52.344
52.849
53.148
53.361
53.467
53.467
53.361
53.148
52.849
52.344
52.22
52.732
53.035
53.254
53.361
53.361
53.254
53.035
52.732
52.22
51.972
52.49
52.803
53.035
53.148
53.148
53.035
52.803
52.49
51.972
51.558
52.141
52.49
52.732
52.849
52.849
52.732
52.49
52.141
51.558
50.823
51.558
51.972
52.22
52.344
52.344
52.22
51.972
51.558
50.823
44.941
45.753
46.211
46.485
46.623
46.623
46.485
46.211
45.753
44.941
45.753
46.398
46.786
47.053
47.184
47.184
47.053
46.786
46.398
45.753
46.211
46.786
47.133
47.39
47.515
47.515
47.39
47.133
46.786
46.211
46.485
47.053
47.39
47.633
47.752
47.752
47.633
47.39
47.053
46.485
46.623
47.184
47.515
47.752
47.869
47.869
47.752
47.515
47.184
46.623
46.623
47.184
47.515
47.752
47.869
47.869
47.752
47.515
47.184
46.623
46.485
47.053
47.39
47.633
47.752
47.752
47.633
47.39
47.053
46.485
46.211
46.786
47.133
47.39
47.515
47.515
47.39
47.133
46.786
46.211
45.753
46.398
46.786
47.053
47.184
47.184
47.053
46.786
46.398
45.753
44.941
45.753
46.211
46.485
46.623
46.623
46.485
46.211
45.753
44.941
40.418
41.286
41.776
42.071
42.218
42.218
42.071
41.776
41.286
40.418
41.286
41.977
42.393
42.68
42.82
42.82
42.68
42.393
41.977
41.286
41.776
42.393
42.766
43.042
43.176
43.176
43.042
42.766
42.393
41.776
42.071
42.68
43.042
43.303
43.431
43.431
43.303
43.042
42.68
42.071
42.218
42.82
43.176
43.431
43.557
43.557
43.431
43.176
42.82
42.218
42.218
42.82
43.176
43.431
43.557
43.557
43.431
43.176
42.82
42.218
42.071
42.68
43.042
43.303
43.431
43.431
43.303
43.042
42.68
42.071
41.776
42.393
42.766
43.042
43.176
43.176
43.042
42.766
42.393
41.776
41.286
41.977
42.393
42.68
42.82
42.82
42.68
42.393
41.977
41.286
40.418
41.286
41.776
42.071
42.218
42.218
42.071
41.776
41.286
40.418
37.349
38.255
38.766
39.073
39.227
39.227
39.073
38.766
38.255
37.349
38.255
38.976
39.411
39.71
39.857
39.857
39.71
39.411
38.976
38.255
38.766
39.411
39.801
40.089
40.229
40.229
40.089
39.801
39.411
38.766
39.073
39.71
40.089
40.362
40.496
40.496
40.362
40.089
39.71
39.073
39.227
39.857
40.229
40.496
40.628
40.628
40.496
40.229
39.857
39.227
39.227
39.857
40.229
40.496
40.628
40.628
40.496
40.229
39.857
39.227
39.073
39.71
40.089
40.362
40.496
40.496
40.362
40.089
39.71
39.073
38.766
39.411
39.801
40.089
40.229
40.229
40.089
39.801
39.411
38.766
38.255
38.976
39.411
39.71
39.857
39.857
39.71
39.411
38.976
38.255
37.349
38.255
38.766
39.073
39.227
39.227
39.073
38.766
38.255
37.349
35.799
36.723
37.245
37.558
37.716
37.716
37.558
37.245
36.723
35.799
36.723
37.459
37.903
38.209
38.359
38.359
38.209
37.903
37.459
36.723
37.245
37.903
38.302
38.596
38.739
38.739
38.596
38.302
37.903
37.245
37.558
38.209
38.596
38.875
39.012
39.012
38.875
38.596
38.209
37.558
37.716
38.359
38.739
39.012
39.147
39.147
39.012
38.739
38.359
37.716
37.716
38.359
38.739
39.012
39.147
39.147
39.012
38.739
38.359
37.716
37.558
38.209
38.596
38.875
39.012
39.012
38.875
38.596
38.209
37.558
37.245
37.903
38.302
38.596
38.739
38.739
38.596
38.302
37.903
37.245
36.723
37.459
37.903
38.209
38.359
38.359
38.209
37.903
37.459
36.723
35.799
36.723
37.245
37.558
37.716
37.716
37.558
37.245
36.723
35.799
35.799
36.723
37.245
37.558
37.716
37.716
37.558
37.245
36.723
35.799
36.723
37.459
37.903
38.209
38.359
38.359
38.209
37.903
37.459
36.723
37.245
37.903
38.302
38.596
38.739
38.739
38.596
38.302
37.903
37.245
37.558
38.209
38.596
38.875
39.012
39.012
38.875
38.596
38.209
37.558
37.716
38.359
38.739
39.012
39.147
39.147
39.012
38.739
38.359
37.716
37.716
38.359
38.739
39.012
39.147
39.147
39.012
38.739
38.359
37.716
37.558
38.209
38.596
38.875
39.012
39.012
38.875
38.596
38.209
37.558
37.245
37.903
38.302
38.596
38.739
38.739
38.596
38.302
37.903
37.245
36.723
37.459
37.903
38.209
38.359
38.359
38.209
37.903
37.459
36.723
35.799
36.723
37.245
37.558
37.716
37.716
37.558
37.245
36.723
35.799
37.349
38.255
38.766
39.073
39.227
39.227
39.073
38.766
38.255
37.349
38.255
38.976
39.411
39.71
39.857
39.857
39.71
39.411
38.976
38.255
38.766
39.411
39.801
40.089
40.229
40.229
40.089
39.801
39.411
38.766
39.073
39.71
40.089
40.362
40.496
40.496
40.362
40.089
39.71
39.073
39.227
39.857
40.229
40.496
40.628
40.628
40.496
40.229
39.857
39.227
39.227
39.857
40.229
40.496
40.628
40.628
40.496
40.229
39.857
39.227
39.073
39.71
40.089
40.362
40.496
40.496
40.362
40.089
39.71
39.073
38.766
39.411
39.801
40.089
40.229
40.229
40.089
39.801
39.411
38.766
38.255
38.976
39.411
39.71
39.857
39.857
39.71
39.411
38.976
38.255
37.349
38.255
38.766
39.073
39.227
39.227
39.073
38.766
38.255
37.349
40.418
41.286
41.776
42.071
42.218
42.218
42.071
41.776
41.286
40.418
41.286
41.977
42.393
42.68
42.82
42.82
42.68
42.393
41.977
41.286
41.776
42.393
42.766
43.042
43.176
43.176
43.042
42.766
42.393
41.776
42.071
42.68
43.042
43.303
43.431
43.431
43.303
43.042
42.68
42.071
42.218
42.82
43.176
43.431
43.557
43.557
43.431
43.176
42.82
42.218
42.218
42.82
43.176
43.431
43.557
43.557
43.431
43.176
42.82
42.218
42.071
42.68
43.042
43.303
43.431
43.431
43.303
43.042
42.68
42.071
41.776
42.393
42.766
43.042
43.176
43.176
43.042
42.766
42.393
41.776
41.286
41.977
42.393
42.68
42.82
42.82
42.68
42.393
41.977
41.286
40.418
41.286
41.776
42.071
42.218
42.218
42.071
41.776
41.286
40.418
44.941
45.753
46.211
46.485
46.623
46.623
46.485
46.211
45.753
44.941
45.753
46.398
46.786
47.053
47.184
47.184
47.053
46.786
46.398
45.753
46.211
46.786
47.133
47.39
47.515
47.515
47.39
47.133
46.786
46.211
46.485
47.053
47.39
47.633
47.752
47.752
47.633
47.39
47.053
46.485
46.623
47.184
47.515
47.752
47.869
47.869
47.752
47.515
47.184
46.623
46.623
47.184
47.515
47.752
47.869
47.869
47.752
47.515
47.184
46.623
46.485
47.053
47.39
47.633
47.752
47.752
47.633
47.39
47.053
46.485
46.211
46.786
47.133
47.39
47.515
47.515
47.39
47.133
46.786
46.211
45.753
46.398
46.786
47.053
47.184
47.184
47.053
46.786
46.398
45.753
44.941
45.753
46.211
46.485
46.623
46.623
46.485
46.211
45.753
44.941
50.823
51.558
51.972
52.22
52.344
52.344
52.22
51.972
51.558
50.823
51.558
52.141
52.49
52.732
52.849
52.849
52.732
52.49
52.141
51.558
51.972
52.49
52.803
53.035
53.148
53.148
53.035
52.803
52.49
51.972
52.22
52.732
53.035
53.254
53.361
53.361
53.254
53.035
52.732
52.22
52.344
52.849
53.148
53.361
53.467
53.467
53.361
53.148
52.849
52.344
52.344
52.849
53.148
53.361
53.467
53.467
53.361
53.148
52.849
52.344
52.22
52.732
53.035
53.254
53.361
53.361
53.254
53.035
52.732
52.22
51.972
52.49
52.803
53.035
53.148
53.148
53.035
52.803
52.49
51.972
51.558
52.141
52.49
52.732
52.849
52.849
52.732
52.49
52.141
51.558
50.823
51.558
51.972
52.22
52.344
52.344
52.22
51.972
51.558
50.823
57.932
58.57
58.928
59.143
59.25
59.25
59.143
58.928
58.57
57.932
58.57
59.074
59.376
59.585
59.687
59.687
59.585
59.376
59.074
58.57
58.928
59.376
59.647
59.847
59.944
59.944
59.847
59.647
59.376
58.928
59.143
59.585
59.847
60.035
60.128
60.128
60.035
59.847
59.585
59.143
59.25
59.687
59.944
60.128
60.219
60.219
60.128
59.944
59.687
59.25
59.25
59.687
59.944
60.128
60.219
60.219
60.128
59.944
59.687
59.25
59.143
59.585
59.847
60.035
60.128
60.128
60.035
59.847
59.585
59.143
58.928
59.376
59.647
59.847
59.944
59.944
59.847
59.647
59.376
58.928
58.57
59.074
59.376
59.585
59.687
59.687
59.585
59.376
59.074
58.57
57.932
58.57
58.928
59.143
59.25
59.25
59.143
58.928
58.57
57.932
66.104
66.625
66.917
67.092
67.179
67.179
67.092
66.917
66.625
66.104
66.625
67.035
67.281
67.451
67.534
67.534
67.451
67.281
67.035
66.625
66.917
67.281
67.501
67.664
67.743
67.743
67.664
67.501
67.281
66.917
67.092
67.451
67.664
67.817
67.893
67.893
67.817
67.664
67.451
67.092
67.179
67.534
67.743
67.893
67.967
67.967
67.893
67.743
67.534
67.179
67.179
67.534
67.743
67.893
67.967
67.967
67.893
67.743
67.534
67.179
67.092
67.451
67.664
67.817
67.893
67.893
67.817
67.664
67.451
67.092
66.917
67.281
67.501
67.664
67.743
67.743
67.664
67.501
67.281
66.917
66.625
67.035
67.281
67.451
67.534
67.534
67.451
67.281
67.035
66.625
66.104
66.625
66.917
67.092
67.179
67.179
67.092
66.917
66.625
66.104
75.142
75.529
75.745
75.874
75.939
75.939
75.874
75.745
75.529
75.142
75.529
75.832
76.014
76.14
76.201
76.201
76.14
76.014
75.832
75.529
75.745
76.014
76.177
76.297
76.355
76.355
76.297
76.177
76.014
75.745
75.874
76.14
76.297
76.41
76.466
76.466
76.41
76.297
76.14
75.874
75.939
76.201
76.355
76.466
76.521
76.521
76.466
76.355
76.201
75.939
75.939
76.201
76.355
76.466
76.521
76.521
76.466
76.355
76.201
75.939
75.874
76.14
76.297
76.41
76.466
76.466
76.41
76.297
76.14
75.874
75.745
76.014
76.177
76.297
76.355
76.355
76.297
76.177
76.014
75.745
75.529
75.832
76.014
76.14
76.201
76.201
76.14
76.014
75.832
75.529
75.142
75.529
75.745
75.874
75.939
75.939
75.874
75.745
75.529
75.142
84.822
85.06
85.193
85.272
85.312
85.312
85.272
85.193
85.06
84.822
85.06
85.247
85.358
85.435
85.473
85.473
85.435
85.358
85.247
85.06
85.193
85.358
85.458
85.532
85.568
85.568
85.532
85.458
85.358
85.193
85.272
85.435
85.532
85.601
85.636
85.636
85.601
85.532
85.435
85.272
85.312
85.473
85.568
85.636
85.669
85.669
85.636
85.568
85.473
85.312
85.312
85.473
85.568
85.636
85.669
85.669
85.636
85.568
85.473
85.312
85.272
85.435
85.532
85.601
85.636
85.636
85.601
85.532
85.435
85.272
85.193
85.358
85.458
85.532
85.568
85.568
85.532
85.458
85.358
85.193
85.06
85.247
85.358
85.435
85.473
85.473
85.435
85.358
85.247
85.06
84.822
85.06
85.193
85.272
85.312
85.312
85.272
85.193
85.06
84.822
94.896
94.977
95.021
95.048
95.062
95.062
95.048
95.021
94.977
94.896
94.977
95.04
95.077
95.103
95.116
95.116
95.103
95.077
95.04
94.977
95.021
95.077
95.111
95.136
95.148
95.148
95.136
95.111
95.077
95.021
95.048
95.103
95.136
95.159
95.171
95.171
95.159
95.136
95.103
95.048
95.062
95.116
95.148
95.171
95.182
95.182
95.171
95.148
95.116
95.062
95.062
95.116
95.148
95.171
95.182
95.182
95.171
95.148
95.116
95.062
95.048
95.103
95.136
95.159
95.171
95.171
95.159
95.136
95.103
95.048
95.021
95.077
95.111
95.136
95.148
95.148
95.136
95.111
95.077
95.021
94.977
95.04
95.077
95.103
95.116
95.116
95.103
95.077
95.04
94.977
94.896
94.977
95.021
95.048
95.062
95.062
95.048
95.021
94.977
94.896
105.1
105.02
104.98
104.95
104.94
104.94
104.95
104.98
105.02
105.1
105.02
104.96
104.92
104.9
104.88
104.88
104.9
104.92
104.96
105.02
104.98
104.92
104.89
104.86
104.85
104.85
104.86
104.89
104.92
104.98
104.95
104.9
104.86
104.84
104.83
104.83
104.84
104.86
104.9
104.95
104.94
104.88
104.85
104.83
104.82
104.82
104.83
104.85
104.88
104.94
104.94
104.88
104.85
104.83
104.82
104.82
104.83
104.85
104.88
104.94
104.95
104.9
104.86
104.84
104.83
104.83
104.84
104.86
104.9
104.95
104.98
104.92
104.89
104.86
104.85
104.85
104.86
104.89
104.92
104.98
105.02
104.96
104.92
104.9
104.88
104.88
104.9
104.92
104.96
105.02
105.1
105.02
104.98
104.95
104.94
104.94
104.95
104.98
105.02
105.1
115.17
114.93
114.8
114.72
114.68
114.68
114.72
114.8
114.93
115.17
114.93
114.75
114.63
114.56
114.52
114.52
114.56
114.63
114.75
114.93
114.8
114.63
114.53
114.46
114.42
114.42
114.46
114.53
114.63
114.8
114.72
114.56
114.46
114.39
114.36
114.36
114.39
114.46
114.56
114.72
114.68
114.52
114.42
114.36
114.32
114.32
114.36
114.42
114.52
114.68
114.68
114.52
114.42
114.36
114.32
114.32
114.36
114.42
114.52
114.68
114.72
114.56
114.46
114.39
114.36
114.36
114.39
114.46
114.56
114.72
114.8
114.63
114.53
114.46
114.42
114.42
114.46
114.53
114.63
114.8
114.93
114.75
114.63
114.56
114.52
114.52
114.56
114.63
114.75
114.93
115.17
114.93
114.8
114.72
114.68
114.68
114.72
114.8
114.93
115.17
124.85
124.46
124.25
124.12
124.05
124.05
124.12
124.25
124.46
124.85
124.46
124.16
123.97
123.85
123.79
123.79
123.85
123.97
124.16
124.46
124.25
123.97
123.81
123.69
123.63
123.63
123.69
123.81
123.97
124.25
124.12
123.85
123.69
123.58
123.52
123.52
123.58
123.69
123.85
124.12
124.05
123.79
123.63
123.52
123.47
123.47
123.52
123.63
123.79
124.05
124.05
123.79
123.63
123.52
123.47
123.47
123.52
123.63
123.79
124.05
124.12
123.85
123.69
123.58
123.52
123.52
123.58
123.69
123.85
124.12
124.25
123.97
123.81
123.69
123.63
123.63
123.69
123.81
123.97
124.25
124.46
124.16
123.97
123.85
123.79
123.79
123.85
123.97
124.16
124.46
124.85
124.46
124.25
124.12
124.05
124.05
124.12
124.25
124.46
124.85
