115.91
115.67
115.54
115.46
115.42
115.42
115.46
115.54
115.67
115.91
115.67
115.48
115.37
115.29
115.26
115.26
115.29
115.37
115.48
115.67
115.54
115.37
115.27
115.19
115.16
115.16
115.19
115.27
115.37
115.54
115.46
115.29
115.19
115.12
115.09
115.09
115.12
115.19
115.29
115.46
115.42
115.26
115.16
115.09
115.06
115.06
115.09
115.16
115.26
115.42
115.42
115.26
115.16
115.09
115.06
115.06
115.09
115.16
115.26
115.42
115.46
115.29
115.19
115.12
115.09
115.09
115.12
115.19
115.29
115.46
115.54
115.37
115.27
115.19
115.16
115.16
115.19
115.27
115.37
115.54
115.67
115.48
115.37
115.29
115.26
115.26
115.29
115.37
115.48
115.67
115.91
115.67
115.54
115.46
115.42
115.42
115.46
115.54
115.67
115.91
109.7
109.56
109.48
109.43
109.41
109.41
109.43
109.48
109.56
109.7
109.56
109.45
109.38
109.33
109.31
109.31
109.33
109.38
109.45
109.56
109.48
109.38
109.31
109.27
109.25
109.25
109.27
109.31
109.38
109.48
109.43
109.33
109.27
109.23
109.21
109.21
109.23
109.27
109.33
109.43
109.41
109.31
109.25
109.21
109.18
109.18
109.21
109.25
109.31
109.41
109.41
109.31
109.25
109.21
109.18
109.18
109.21
109.25
109.31
109.41
109.43
109.33
109.27
109.23
109.21
109.21
109.23
109.27
109.33
109.43
109.48
109.38
109.31
109.27
109.25
109.25
109.27
109.31
109.38
109.48
109.56
109.45
109.38
109.33
109.31
109.31
109.33
109.38
109.45
109.56
109.7
109.56
109.48
109.43
109.41
109.41
109.43
109.48
109.56
109.7
103.26
103.21
103.19
103.17
103.16
103.16
103.17
103.19
103.21
103.26
103.21
103.18
103.15
103.14
103.13
103.13
103.14
103.15
103.18
103.21
103.19
103.15
103.13
103.12
103.11
103.11
103.12
103.13
103.15
103.19
103.17
103.14
103.12
103.1
103.1
103.1
103.1
103.12
103.14
103.17
103.16
103.13
103.11
103.1
103.09
103.09
103.1
103.11
103.13
103.16
103.16
103.13
103.11
103.1
103.09
103.09
103.1
103.11
103.13
103.16
103.17
103.14
103.12
103.1
103.1
103.1
103.1
103.12
103.14
103.17
103.19
103.15
103.13
103.12
103.11
103.11
103.12
103.13
103.15
103.19
103.21
103.18
103.15
103.14
103.13
103.13
103.14
103.15
103.18
103.21
103.26
103.21
103.19
103.17
103.16
103.16
103.17
103.19
103.21
103.26
96.738
96.786
96.813
96.829
96.837
96.837
96.829
96.813
96.786
96.738
96.786
96.824
96.847
96.863
96.871
96.871
96.863
96.847
96.824
96.786
96.813
96.847
96.868
96.883
96.89
96.89
96.883
96.868
96.847
96.813
96.829
96.863
96.883
96.897
96.904
96.904
96.897
96.883
96.863
96.829
96.837
96.871
96.89
96.904
96.911
96.911
96.904
96.89
96.871
96.837
96.837
96.871
96.89
96.904
96.911
96.911
96.904
96.89
96.871
96.837
96.829
96.863
96.883
96.897
96.904
96.904
96.897
96.883
96.863
96.829
96.813
96.847
96.868
96.883
96.89
96.89
96.883
96.868
96.847
96.813
96.786
96.824
96.847
96.863
96.871
96.871
96.863
96.847
96.824
96.786
96.738
96.786
96.813
96.829
96.837
96.837
96.829
96.813
96.786
96.738
90.293
90.436
90.517
90.566
90.59
90.59
90.566
90.517
90.436
90.293
90.436
90.55
90.619
90.666
90.689
90.689
90.666
90.619
90.55
90.436
90.517
90.619
90.68
90.725
90.747
90.747
90.725
90.68
90.619
90.517
90.566
90.666
90.725
90.768
90.789
90.789
90.768
90.725
90.666
90.566
90.59
90.689
90.747
90.789
90.81
90.81
90.789
90.747
90.689
90.59
90.59
90.689
90.747
90.789
90.81
90.81
90.789
90.747
90.689
90.59
90.566
90.666
90.725
90.768
90.789
90.789
90.768
90.725
90.666
90.566
90.517
90.619
90.68
90.725
90.747
90.747
90.725
90.68
90.619
90.517
90.436
90.55
90.619
90.666
90.689
90.689
90.666
90.619
90.55
90.436
90.293
90.436
90.517
90.566
90.59
90.59
90.566
90.517
90.436
90.293
84.088
84.323
84.455
84.535
84.575
84.575
84.535
84.455
84.323
84.088
84.323
84.509
84.622
84.699
84.737
84.737
84.699
84.622
84.509
84.323
84.455
84.622
84.722
84.796
84.832
84.832
84.796
84.722
84.622
84.455
84.535
84.699
84.796
84.866
84.901
84.901
84.866
84.796
84.699
84.535
84.575
84.737
84.832
84.901
84.935
84.935
84.901
84.832
84.737
84.575
84.575
84.737
84.832
84.901
84.935
84.935
84.901
84.832
84.737
84.575
84.535
84.699
84.796
84.866
84.901
84.901
84.866
84.796
84.699
84.535
84.455
84.622
84.722
84.796
84.832
84.832
84.796
84.722
84.622
84.455
84.323
84.509
84.622
84.699
84.737
84.737
84.699
84.622
84.509
84.323
84.088
84.323
84.455
84.535
84.575
84.575
84.535
84.455
84.323
84.088
78.276
78.596
78.777
78.885
78.94
78.94
78.885
78.777
78.596
78.276
78.596
78.851
79.004
79.109
79.161
79.161
79.109
79.004
78.851
78.596
78.777
79.004
79.141
79.242
79.291
79.291
79.242
79.141
79.004
78.777
78.885
79.109
79.242
79.338
79.385
79.385
79.338
79.242
79.109
78.885
78.94
79.161
79.291
79.385
79.431
79.431
79.385
79.291
79.161
78.94
78.94
79.161
79.291
79.385
79.431
79.431
79.385
79.291
79.161
78.94
78.885
79.109
79.242
79.338
79.385
79.385
79.338
79.242
79.109
78.885
78.777
79.004
79.141
79.242
79.291
79.291
79.242
79.141
79.004
78.777
78.596
78.851
79.004
79.109
79.161
79.161
79.109
79.004
78.851
78.596
78.276
78.596
78.777
78.885
78.94
78.94
78.885
78.777
78.596
78.276
72.999
73.398
73.622
73.756
73.824
73.824
73.756
73.622
73.398
72.999
73.398
73.713
73.904
74.035
74.099
74.099
74.035
73.904
73.713
73.398
73.622
73.904
74.074
74.2
74.261
74.261
74.2
74.074
73.904
73.622
73.756
74.035
74.2
74.319
74.377
74.377
74.319
74.2
74.035
73.756
73.824
74.099
74.261
74.377
74.435
74.435
74.377
74.261
74.099
73.824
73.824
74.099
74.261
74.377
74.435
74.435
74.377
74.261
74.099
73.824
73.756
74.035
74.2
74.319
74.377
74.377
74.319
74.2
74.035
73.756
73.622
73.904
74.074
74.2
74.261
74.261
74.2
74.074
73.904
73.622
73.398
73.713
73.904
74.035
74.099
74.099
74.035
73.904
73.713
73.398
72.999
73.398
73.622
73.756
73.824
73.824
73.756
73.622
73.398
72.999
68.388
68.854
69.117
69.274
69.353
69.353
69.274
69.117
68.854
68.388
68.854
69.224
69.446
69.6
69.675
69.675
69.6
69.446
69.224
68.854
69.117
69.446
69.646
69.793
69.865
69.865
69.793
69.646
69.446
69.117
69.274
69.6
69.793
69.932
70.001
70.001
69.932
69.793
69.6
69.274
69.353
69.675
69.865
70.001
70.068
70.068
70.001
69.865
69.675
69.353
69.353
69.675
69.865
70.001
70.068
70.068
70.001
69.865
69.675
69.353
69.274
69.6
69.793
69.932
70.001
70.001
69.932
69.793
69.6
69.274
69.117
69.446
69.646
69.793
69.865
69.865
69.793
69.646
69.446
69.117
68.854
69.224
69.446
69.6
69.675
69.675
69.6
69.446
69.224
68.854
68.388
68.854
69.117
69.274
69.353
69.353
69.274
69.117
68.854
68.388
64.556
65.078
65.372
65.549
65.637
65.637
65.549
65.372
65.078
64.556
65.078
65.493
65.742
65.914
65.998
65.998
65.914
65.742
65.493
65.078
65.372
65.742
65.965
66.13
66.211
66.211
66.13
65.965
65.742
65.372
65.549
65.914
66.13
66.286
66.363
66.363
66.286
66.13
65.914
65.549
65.637
65.998
66.211
66.363
66.439
66.439
66.363
66.211
65.998
65.637
65.637
65.998
66.211
66.363
66.439
66.439
66.363
66.211
65.998
65.637
65.549
65.914
66.13
66.286
66.363
66.363
66.286
66.13
65.914
65.549
65.372
65.742
65.965
66.13
66.211
66.211
66.13
65.965
65.742
65.372
65.078
65.493
65.742
65.914
65.998
65.998
65.914
65.742
65.493
65.078
64.556
65.078
65.372
65.549
65.637
65.637
65.549
65.372
65.078
64.556
61.597
62.162
62.481
62.672
62.768
62.768
62.672
62.481
62.162
61.597
62.162
62.611
62.881
63.067
63.158
63.158
63.067
62.881
62.611
62.162
62.481
62.881
63.123
63.302
63.389
63.389
63.302
63.123
62.881
62.481
62.672
63.067
63.302
63.471
63.554
63.554
63.471
63.302
63.067
62.672
62.768
63.158
63.389
63.554
63.636
63.636
63.554
63.389
63.158
62.768
62.768
63.158
63.389
63.554
63.636
63.636
63.554
63.389
63.158
62.768
62.672
63.067
63.302
63.471
63.554
63.554
63.471
63.302
63.067
62.672
62.481
62.881
63.123
63.302
63.389
63.389
63.302
63.123
62.881
62.481
62.162
62.611
62.881
63.067
63.158
63.158
63.067
62.881
62.611
62.162
61.597
62.162
62.481
62.672
62.768
62.768
62.672
62.481
62.162
61.597
59.583
60.178
60.513
60.714
60.815
60.815
60.714
60.513
60.178
59.583
60.178
60.65
60.934
61.13
61.225
61.225
61.13
60.934
60.65
60.178
60.513
60.934
61.188
61.376
61.468
61.468
61.376
61.188
60.934
60.513
60.714
61.13
61.376
61.554
61.642
61.642
61.554
61.376
61.13
60.714
60.815
61.225
61.468
61.642
61.728
61.728
61.642
61.468
61.225
60.815
60.815
61.225
61.468
61.642
61.728
61.728
61.642
61.468
61.225
60.815
60.714
61.13
61.376
61.554
61.642
61.642
61.554
61.376
61.13
60.714
60.513
60.934
61.188
61.376
61.468
61.468
61.376
61.188
60.934
60.513
60.178
60.65
60.934
61.13
61.225
61.225
61.13
60.934
60.65
60.178
59.583
60.178
60.513
60.714
60.815
60.815
60.714
60.513
60.178
59.583
58.563
59.173
59.516
59.723
59.826
59.826
59.723
59.516
59.173
58.563
59.173
59.657
59.948
60.149
60.247
60.247
60.149
59.948
59.657
59.173
59.516
59.948
60.209
60.402
60.496
60.496
60.402
60.209
59.948
59.516
59.723
60.149
60.402
60.584
60.674
60.674
60.584
60.402
60.149
59.723
59.826
60.247
60.496
60.674
60.762
60.762
60.674
60.496
60.247
59.826
59.826
60.247
60.496
60.674
60.762
60.762
60.674
60.496
60.247
59.826
59.723
60.149
60.402
60.584
60.674
60.674
60.584
60.402
60.149
59.723
59.516
59.948
60.209
60.402
60.496
60.496
60.402
60.209
59.948
59.516
59.173
59.657
59.948
60.149
60.247
60.247
60.149
59.948
59.657
59.173
58.563
59.173
59.516
59.723
59.826
59.826
59.723
59.516
59.173
58.563
58.563
59.173
59.516
59.723
59.826
59.826
59.723
59.516
59.173
58.563
59.173
59.657
59.948
60.149
60.247
60.247
60.149
59.948
59.657
59.173
59.516
59.948
60.209
60.402
60.496
60.496
60.402
60.209
59.948
59.516
59.723
60.149
60.402
60.584
60.674
60.674
60.584
60.402
60.149
59.723
59.826
60.247
60.496
60.674
60.762
60.762
60.674
60.496
60.247
59.826
59.826
60.247
60.496
60.674
60.762
60.762
60.674
60.496
60.247
59.826
59.723
60.149
60.402
60.584
60.674
60.674
60.584
60.402
60.149
59.723
59.516
59.948
60.209
60.402
60.496
60.496
60.402
60.209
59.948
59.516
59.173
59.657
59.948
60.149
60.247
60.247
60.149
59.948
59.657
59.173
58.563
59.173
59.516
59.723
59.826
59.826
59.723
59.516
59.173
58.563
59.583
60.178
60.513
60.714
60.815
60.815
60.714
60.513
60.178
59.583
60.178
60.65
60.934
61.13
61.225
61.225
61.13
60.934
60.65
60.178
60.513
60.934
61.188
61.376
61.468
61.468
61.376
61.188
60.934
60.513
60.714
61.13
61.376
61.554
61.642
61.642
61.554
61.376
61.13
60.714
60.815
61.225
61.468
61.642
61.728
61.728
61.642
61.468
61.225
60.815
60.815
61.225
61.468
61.642
61.728
61.728
61.642
61.468
61.225
60.815
60.714
61.13
61.376
61.554
61.642
61.642
61.554
61.376
61.13
60.714
60.513
60.934
61.188
61.376
61.468
61.468
61.376
61.188
60.934
60.513
60.178
60.65
60.934
61.13
61.225
61.225
61.13
60.934
60.65
60.178
59.583
60.178
60.513
60.714
60.815
60.815
60.714
60.513
60.178
59.583
61.597
62.162
62.481
62.672
62.768
62.768
62.672
62.481
62.162
61.597
62.162
62.611
62.881
63.067
63.158
63.158
63.067
62.881
62.611
62.162
62.481
62.881
63.123
63.302
63.389
63.389
63.302
63.123
62.881
62.481
62.672
63.067
63.302
63.471
63.554
63.554
63.471
63.302
63.067
62.672
62.768
63.158
63.389
63.554
63.636
63.636
63.554
63.389
63.158
62.768
62.768
63.158
63.389
63.554
63.636
63.636
63.554
63.389
63.158
62.768
62.672
63.067
63.302
63.471
63.554
63.554
63.471
63.302
63.067
62.672
62.481
62.881
63.123
63.302
63.389
63.389
63.302
63.123
62.881
62.481
62.162
62.611
62.881
63.067
63.158
63.158
63.067
62.881
62.611
62.162
61.597
62.162
62.481
62.672
62.768
62.768
62.672
62.481
62.162
61.597
64.556
65.078
65.372
65.549
65.637
65.637
65.549
65.372
65.078
64.556
65.078
65.493
65.742
65.914
65.998
65.998
65.914
65.742
65.493
65.078
65.372
65.742
65.965
66.13
66.211
66.211
66.13
65.965
65.742
65.372
65.549
65.914
66.13
66.286
66.363
66.363
66.286
66.13
65.914
65.549
65.637
65.998
66.211
66.363
66.439
66.439
66.363
66.211
65.998
65.637
65.637
65.998
66.211
66.363
66.439
66.439
66.363
66.211
65.998
65.637
65.549
65.914
66.13
66.286
66.363
66.363
66.286
66.13
65.914
65.549
65.372
65.742
65.965
66.13
66.211
66.211
66.13
65.965
65.742
65.372
65.078
65.493
65.742
65.914
65.998
65.998
65.914
65.742
65.493
65.078
64.556
65.078
65.372
65.549
65.637
65.637
65.549
65.372
65.078
64.556
68.388
68.854
69.117
69.274
69.353
69.353
69.274
69.117
68.854
68.388
68.854
69.224
69.446
69.6
69.675
69.675
69.6
69.446
69.224
68.854
69.117
69.446
69.646
69.793
69.865
69.865
69.793
69.646
69.446
69.117
69.274
69.6
69.793
69.932
70.001
70.001
69.932
69.793
69.6
69.274
69.353
69.675
69.865
70.001
70.068
70.068
70.001
69.865
69.675
69.353
69.353
69.675
69.865
70.001
70.068
70.068
70.001
69.865
69.675
69.353
69.274
69.6
69.793
69.932
70.001
70.001
69.932
69.793
69.6
69.274
69.117
69.446
69.646
69.793
69.865
69.865
69.793
69.646
69.446
69.117
68.854
69.224
69.446
69.6
69.675
69.675
69.6
69.446
69.224
68.854
68.388
68.854
69.117
69.274
69.353
69.353
69.274
69.117
68.854
68.388
72.999
73.398
73.622
73.756
73.824
73.824
73.756
73.622
73.398
72.999
73.398
73.713
73.904
74.035
74.099
74.099
74.035
73.904
73.713
73.398
73.622
73.904
74.074
74.2
74.261
74.261
74.2
74.074
73.904
73.622
73.756
74.035
74.2
74.319
74.377
74.377
74.319
74.2
74.035
73.756
73.824
74.099
74.261
74.377
74.435
74.435
74.377
74.261
74.099
73.824
73.824
74.099
74.261
74.377
74.435
74.435
74.377
74.261
74.099
73.824
73.756
74.035
74.2
74.319
74.377
74.377
74.319
74.2
74.035
73.756
73.622
73.904
74.074
74.2
74.261
74.261
74.2
74.074
73.904
73.622
73.398
73.713
73.904
74.035
74.099
74.099
74.035
73.904
73.713
73.398
72.999
73.398
73.622
73.756
73.824
73.824
73.756
73.622
73.398
72.999
78.276
78.596
78.777
78.885
78.94
78.94
78.885
78.777
78.596
78.276
78.596
78.851
79.004
79.109
79.161
79.161
79.109
79.004
78.851
78.596
78.777
79.004
79.141
79.242
79.291
79.291
79.242
79.141
79.004
78.777
78.885
79.109
79.242
79.338
79.385
79.385
79.338
79.242
79.109
78.885
78.94
79.161
79.291
79.385
79.431
79.431
79.385
79.291
79.161
78.94
78.94
79.161
79.291
79.385
79.431
79.431
79.385
79.291
79.161
78.94
78.885
79.109
79.242
79.338
79.385
79.385
79.338
79.242
79.109
78.885
78.777
79.004
79.141
79.242
79.291
79.291
79.242
79.141
79.004
78.777
78.596
78.851
79.004
79.109
79.161
79.161
79.109
79.004
78.851
78.596
78.276
78.596
78.777
78.885
78.94
78.94
78.885
78.777
78.596
78.276
84.088
84.323
84.455
84.535
84.575
84.575
84.535
84.455
84.323
84.088
84.323
84.509
84.622
84.699
84.737
84.737
84.699
84.622
84.509
84.323
84.455
84.622
84.722
84.796
84.832
84.832
84.796
84.722
84.622
84.455
84.535
84.699
84.796
84.866
84.901
84.901
84.866
84.796
84.699
84.535
84.575
84.737
84.832
84.901
84.935
84.935
84.901
84.832
84.737
84.575
84.575
84.737
84.832
84.901
84.935
84.935
84.901
84.832
84.737
84.575
84.535
84.699
84.796
84.866
84.901
84.901
84.866
84.796
84.699
84.535
84.455
84.622
84.722
84.796
84.832
84.832
84.796
84.722
84.622
84.455
84.323
84.509
84.622
84.699
84.737
84.737
84.699
84.622
84.509
84.323
84.088
84.323
84.455
84.535
84.575
84.575
84.535
84.455
84.323
84.088
90.293
90.436
90.517
90.566
90.59
90.59
90.566
90.517
90.436
90.293
90.436
90.55
90.619
90.666
90.689
90.689
90.666
90.619
90.55
90.436
90.517
90.619
90.68
90.725
90.747
90.747
90.725
90.68
90.619
90.517
90.566
90.666
90.725
90.768
90.789
90.789
90.768
90.725
90.666
90.566
90.59
90.689
90.747
90.789
90.81
90.81
90.789
90.747
90.689
90.59
90.59
90.689
90.747
90.789
90.81
90.81
90.789
90.747
90.689
90.59
90.566
90.666
90.725
90.768
90.789
90.789
90.768
90.725
90.666
90.566
90.517
90.619
90.68
90.725
90.747
90.747
90.725
90.68
90.619
90.517
90.436
90.55
90.619
90.666
90.689
90.689
90.666
90.619
90.55
90.436
90.293
90.436
90.517
90.566
90.59
90.59
90.566
90.517
90.436
90.293
96.738
96.786
96.813
96.829
96.837
96.837
96.829
96.813
96.786
96.738
96.786
96.824
96.847
96.863
96.871
96.871
96.863
96.847
96.824
96.786
96.813
96.847
96.868
96.883
96.89
96.89
96.883
96.868
96.847
96.813
96.829
96.863
96.883
96.897
96.904
96.904
96.897
96.883
96.863
96.829
96.837
96.871
96.89
96.904
96.911
96.911
96.904
96.89
96.871
96.837
96.837
96.871
96.89
96.904
96.911
96.911
96.904
96.89
96.871
96.837
96.829
96.863
96.883
96.897
96.904
96.904
96.897
96.883
96.863
96.829
96.813
96.847
96.868
96.883
96.89
96.89
96.883
96.868
96.847
96.813
96.786
96.824
96.847
96.863
96.871
96.871
96.863
96.847
96.824
96.786
96.738
96.786
96.813
96.829
96.837
96.837
96.829
96.813
96.786
96.738
103.26
103.21
103.19
103.17
103.16
103.16
103.17
103.19
103.21
103.26
103.21
103.18
103.15
103.14
103.13
103.13
103.14
103.15
103.18
103.21
103.19
103.15
103.13
103.12
103.11
103.11
103.12
103.13
103.15
103.19
103.17
103.14
103.12
103.1
103.1
103.1
103.1
103.12
103.14
103.17
103.16
103.13
103.11
103.1
103.09
103.09
103.1
103.11
103.13
103.16
103.16
103.13
103.11
103.1
103.09
103.09
103.1
103.11
103.13
103.16
103.17
103.14
103.12
103.1
103.1
103.1
103.1
103.12
103.14
103.17
103.19
103.15
103.13
103.12
103.11
103.11
103.12
103.13
103.15
103.19
103.21
103.18
103.15
103.14
103.13
103.13
103.14
103.15
103.18
103.21
103.26
103.21
103.19
103.17
103.16
103.16
103.17
103.19
103.21
103.26
109.7
109.56
109.48
109.43
109.41
109.41
109.43
109.48
109.56
109.7
109.56
109.45
109.38
109.33
109.31
109.31
109.33
109.38
109.45
109.56
109.48
109.38
109.31
109.27
109.25
109.25
109.27
109.31
109.38
109.48
109.43
109.33
109.27
109.23
109.21
109.21
109.23
109.27
109.33
109.43
109.41
109.31
109.25
109.21
109.18
109.18
109.21
109.25
109.31
109.41
109.41
109.31
109.25
109.21
109.18
109.18
109.21
109.25
109.31
109.41
109.43
109.33
109.27
109.23
109.21
109.21
109.23
109.27
109.33
109.43
109.48
109.38
109.31
109.27
109.25
109.25
109.27
109.31
109.38
109.48
109.56
109.45
109.38
109.33
109.31
109.31
109.33
109.38
109.45
109.56
109.7
109.56
109.48
109.43
109.41
109.41
109.43
109.48
109.56
109.7
115.91
115.67
115.54
115.46
115.42
115.42
115.46
115.54
115.67
115.91
115.67
115.48
115.37
115.29
115.26
115.26
115.29
115.37
115.48
115.67
115.54
115.37
115.27
115.19
115.16
115.16
115.19
115.27
115.37
115.54
115.46
115.29
115.19
115.12
115.09
115.09
115.12
115.19
115.29
115.46
115.42
115.26
115.16
115.09
115.06
115.06
115.09
115.16
115.26
115.42
115.42
115.26
115.16
115.09
115.06
115.06
115.09
115.16
115.26
115.42
115.46
115.29
115.19
115.12
115.09
115.09
115.12
115.19
115.29
115.46
115.54
115.37
115.27
115.19
115.16
115.16
115.19
115.27
115.37
115.54
115.67
115.48
115.37
115.29
115.26
115.26
115.29
115.37
115.48
115.67
115.91
115.67
115.54
115.46
115.42
115.42
115.46
115.54
115.67
115.91
