115.05
114.83
114.71
114.63
114.59
114.59
114.63
114.71
114.83
115.05
114.83
114.65
114.55
114.47
114.44
114.44
114.47
114.55
114.65
114.83
114.71
114.55
114.45
114.38
114.35
114.35
114.38
114.45
114.55
114.71
114.63
114.47
114.38
114.31
114.28
114.28
114.31
114.38
114.47
114.63
114.59
114.44
114.35
114.28
114.25
114.25
114.28
114.35
114.44
114.59
114.59
114.44
114.35
114.28
114.25
114.25
114.28
114.35
114.44
114.59
114.63
114.47
114.38
114.31
114.28
114.28
114.31
114.38
114.47
114.63
114.71
114.55
114.45
114.38
114.35
114.35
114.38
114.45
114.55
114.71
114.83
114.65
114.55
114.47
114.44
114.44
114.47
114.55
114.65
114.83
115.05
114.83
114.71
114.63
114.59
114.59
114.63
114.71
114.83
115.05
109.18
109.05
108.97
108.93
108.9
108.9
108.93
108.97
109.05
109.18
109.05
108.94
108.87
108.83
108.81
108.81
108.83
108.87
108.94
109.05
108.97
108.87
108.82
108.77
108.75
108.75
108.77
108.82
108.87
108.97
108.93
108.83
108.77
108.73
108.71
108.71
108.73
108.77
108.83
108.93
108.9
108.81
108.75
108.71
108.69
108.69
108.71
108.75
108.81
108.9
108.9
108.81
108.75
108.71
108.69
108.69
108.71
108.75
108.81
108.9
108.93
108.83
108.77
108.73
108.71
108.71
108.73
108.77
108.83
108.93
108.97
108.87
108.82
108.77
108.75
108.75
108.77
108.82
108.87
108.97
109.05
108.94
108.87
108.83
108.81
108.81
108.83
108.87
108.94
109.05
109.18
109.05
108.97
108.93
108.9
108.9
108.93
108.97
109.05
109.18
103.09
103.04
103.02
103
102.99
102.99
103
103.02
103.04
103.09
103.04
103.01
102.98
102.97
102.96
102.96
102.97
102.98
103.01
103.04
103.02
102.98
102.96
102.95
102.94
102.94
102.95
102.96
102.98
103.02
103
102.97
102.95
102.94
102.93
102.93
102.94
102.95
102.97
103
102.99
102.96
102.94
102.93
102.92
102.92
102.93
102.94
102.96
102.99
102.99
102.96
102.94
102.93
102.92
102.92
102.93
102.94
102.96
102.99
103
102.97
102.95
102.94
102.93
102.93
102.94
102.95
102.97
103
103.02
102.98
102.96
102.95
102.94
102.94
102.95
102.96
102.98
103.02
103.04
103.01
102.98
102.97
102.96
102.96
102.97
102.98
103.01
103.04
103.09
103.04
103.02
103
102.99
102.99
103
103.02
103.04
103.09
96.913
96.958
96.984
96.999
97.007
97.007
96.999
96.984
96.958
96.913
96.958
96.994
97.016
97.031
97.038
97.038
97.031
97.016
96.994
96.958
96.984
97.016
97.035
97.05
97.057
97.057
97.05
97.035
97.016
96.984
96.999
97.031
97.05
97.063
97.07
97.07
97.063
97.05
97.031
96.999
97.007
97.038
97.057
97.07
97.077
97.077
97.07
97.057
97.038
97.007
97.007
97.038
97.057
97.07
97.077
97.077
97.07
97.057
97.038
97.007
96.999
97.031
97.05
97.063
97.07
97.07
97.063
97.05
97.031
96.999
96.984
97.016
97.035
97.05
97.057
97.057
97.05
97.035
97.016
96.984
96.958
96.994
97.016
97.031
97.038
97.038
97.031
97.016
96.994
96.958
96.913
96.958
96.984
96.999
97.007
97.007
96.999
96.984
96.958
96.913
90.814
90.949
91.026
91.071
91.094
91.094
91.071
91.026
90.949
90.814
90.949
91.057
91.121
91.166
91.188
91.188
91.166
91.121
91.057
90.949
91.026
91.121
91.179
91.222
91.243
91.243
91.222
91.179
91.121
91.026
91.071
91.166
91.222
91.263
91.283
91.283
91.263
91.222
91.166
91.071
91.094
91.188
91.243
91.283
91.302
91.302
91.283
91.243
91.188
91.094
91.094
91.188
91.243
91.283
91.302
91.302
91.283
91.243
91.188
91.094
91.071
91.166
91.222
91.263
91.283
91.283
91.263
91.222
91.166
91.071
91.026
91.121
91.179
91.222
91.243
91.243
91.222
91.179
91.121
91.026
90.949
91.057
91.121
91.166
91.188
91.188
91.166
91.121
91.057
90.949
90.814
90.949
91.026
91.071
91.094
91.094
91.071
91.026
90.949
90.814
84.941
85.164
85.289
85.364
85.401
85.401
85.364
85.289
85.164
84.941
85.164
85.34
85.446
85.519
85.555
85.555
85.519
85.446
85.34
85.164
85.289
85.446
85.541
85.611
85.645
85.645
85.611
85.541
85.446
85.289
85.364
85.519
85.611
85.677
85.71
85.71
85.677
85.611
85.519
85.364
85.401
85.555
85.645
85.71
85.742
85.742
85.71
85.645
85.555
85.401
85.401
85.555
85.645
85.71
85.742
85.742
85.71
85.645
85.555
85.401
85.364
85.519
85.611
85.677
85.71
85.71
85.677
85.611
85.519
85.364
85.289
85.446
85.541
85.611
85.645
85.645
85.611
85.541
85.446
85.289
85.164
85.34
85.446
85.519
85.555
85.555
85.519
85.446
85.34
85.164
84.941
85.164
85.289
85.364
85.401
85.401
85.364
85.289
85.164
84.941
79.441
79.744
79.914
80.017
80.068
80.068
80.017
79.914
79.744
79.441
79.744
79.984
80.129
80.229
80.277
80.277
80.229
80.129
79.984
79.744
79.914
80.129
80.259
80.354
80.401
80.401
80.354
80.259
80.129
79.914
80.017
80.229
80.354
80.445
80.49
80.49
80.445
80.354
80.229
80.017
80.068
80.277
80.401
80.49
80.533
80.533
80.49
80.401
80.277
80.068
80.068
80.277
80.401
80.49
80.533
80.533
80.49
80.401
80.277
80.068
80.017
80.229
80.354
80.445
80.49
80.49
80.445
80.354
80.229
80.017
79.914
80.129
80.259
80.354
80.401
80.401
80.354
80.259
80.129
79.914
79.744
79.984
80.129
80.229
80.277
80.277
80.229
80.129
79.984
79.744
79.441
79.744
79.914
80.017
80.068
80.068
80.017
79.914
79.744
79.441
74.446
74.823
75.035
75.162
75.226
75.226
75.162
75.035
74.823
74.446
74.823
75.122
75.302
75.426
75.486
75.486
75.426
75.302
75.122
74.823
75.035
75.302
75.463
75.582
75.64
75.64
75.582
75.463
75.302
75.035
75.162
75.426
75.582
75.694
75.75
75.75
75.694
75.582
75.426
75.162
75.226
75.486
75.64
75.75
75.804
75.804
75.75
75.64
75.486
75.226
75.226
75.486
75.64
75.75
75.804
75.804
75.75
75.64
75.486
75.226
75.162
75.426
75.582
75.694
75.75
75.75
75.694
75.582
75.426
75.162
75.035
75.302
75.463
75.582
75.64
75.64
75.582
75.463
75.302
75.035
74.823
75.122
75.302
75.426
75.486
75.486
75.426
75.302
75.122
74.823
74.446
74.823
75.035
75.162
75.226
75.226
75.162
75.035
74.823
74.446
70.082
70.523
70.771
70.92
70.994
70.994
70.92
70.771
70.523
70.082
70.523
70.872
71.083
71.228
71.299
71.299
71.228
71.083
70.872
70.523
70.771
71.083
71.271
71.411
71.479
71.479
71.411
71.271
71.083
70.771
70.92
71.228
71.411
71.542
71.607
71.607
71.542
71.411
71.228
70.92
70.994
71.299
71.479
71.607
71.671
71.671
71.607
71.479
71.299
70.994
70.994
71.299
71.479
71.607
71.671
71.671
71.607
71.479
71.299
70.994
70.92
71.228
71.411
71.542
71.607
71.607
71.542
71.411
71.228
70.92
70.771
71.083
71.271
71.411
71.479
71.479
71.411
71.271
71.083
70.771
70.523
70.872
71.083
71.228
71.299
71.299
71.228
71.083
70.872
70.523
70.082
70.523
70.771
70.92
70.994
70.994
70.92
70.771
70.523
70.082
66.454
66.948
67.226
67.393
67.477
67.477
67.393
67.226
66.948
66.454
66.948
67.34
67.576
67.739
67.818
67.818
67.739
67.576
67.34
66.948
67.226
67.576
67.788
67.944
68.02
68.02
67.944
67.788
67.576
67.226
67.393
67.739
67.944
68.092
68.164
68.164
68.092
67.944
67.739
67.393
67.477
67.818
68.02
68.164
68.236
68.236
68.164
68.02
67.818
67.477
67.477
67.818
68.02
68.164
68.236
68.236
68.164
68.02
67.818
67.477
67.393
67.739
67.944
68.092
68.164
68.164
68.092
67.944
67.739
67.393
67.226
67.576
67.788
67.944
68.02
68.02
67.944
67.788
67.576
67.226
66.948
67.34
67.576
67.739
67.818
67.818
67.739
67.576
67.34
66.948
66.454
66.948
67.226
67.393
67.477
67.477
67.393
67.226
66.948
66.454
63.653
64.188
64.489
64.67
64.761
64.761
64.67
64.489
64.188
63.653
64.188
64.613
64.868
65.044
65.13
65.13
65.044
64.868
64.613
64.188
64.489
64.868
65.097
65.266
65.349
65.349
65.266
65.097
64.868
64.489
64.67
65.044
65.266
65.426
65.505
65.505
65.426
65.266
65.044
64.67
64.761
65.13
65.349
65.505
65.582
65.582
65.505
65.349
65.13
64.761
64.761
65.13
65.349
65.505
65.582
65.582
65.505
65.349
65.13
64.761
64.67
65.044
65.266
65.426
65.505
65.505
65.426
65.266
65.044
64.67
64.489
64.868
65.097
65.266
65.349
65.349
65.266
65.097
64.868
64.489
64.188
64.613
64.868
65.044
65.13
65.13
65.044
64.868
64.613
64.188
63.653
64.188
64.489
64.67
64.761
64.761
64.67
64.489
64.188
63.653
61.746
62.309
62.626
62.816
62.912
62.912
62.816
62.626
62.309
61.746
62.309
62.756
63.025
63.21
63.301
63.301
63.21
63.025
62.756
62.309
62.626
63.025
63.266
63.444
63.531
63.531
63.444
63.266
63.025
62.626
62.816
63.21
63.444
63.612
63.695
63.695
63.612
63.444
63.21
62.816
62.912
63.301
63.531
63.695
63.777
63.777
63.695
63.531
63.301
62.912
62.912
63.301
63.531
63.695
63.777
63.777
63.695
63.531
63.301
62.912
62.816
63.21
63.444
63.612
63.695
63.695
63.612
63.444
63.21
62.816
62.626
63.025
63.266
63.444
63.531
63.531
63.444
63.266
63.025
62.626
62.309
62.756
63.025
63.21
63.301
63.301
63.21
63.025
62.756
62.309
61.746
62.309
62.626
62.816
62.912
62.912
62.816
62.626
62.309
61.746
60.781
61.358
61.683
61.878
61.976
61.976
61.878
61.683
61.358
60.781
61.358
61.816
62.092
62.282
62.375
62.375
62.282
62.092
61.816
61.358
61.683
62.092
62.339
62.521
62.61
62.61
62.521
62.339
62.092
61.683
61.878
62.282
62.521
62.694
62.779
62.779
62.694
62.521
62.282
61.878
61.976
62.375
62.61
62.779
62.862
62.862
62.779
62.61
62.375
61.976
61.976
62.375
62.61
62.779
62.862
62.862
62.779
62.61
62.375
61.976
61.878
62.282
62.521
62.694
62.779
62.779
62.694
62.521
62.282
61.878
61.683
62.092
62.339
62.521
62.61
62.61
62.521
62.339
62.092
61.683
61.358
61.816
62.092
62.282
62.375
62.375
62.282
62.092
61.816
61.358
60.781
61.358
61.683
61.878
61.976
61.976
61.878
61.683
61.358
60.781
60.781
61.358
61.683
61.878
61.976
61.976
61.878
61.683
61.358
60.781
61.358
61.816
62.092
62.282
62.375
62.375
62.282
62.092
61.816
61.358
61.683
62.092
62.339
62.521
62.61
62.61
62.521
62.339
62.092
61.683
61.878
62.282
62.521
62.694
62.779
62.779
62.694
62.521
62.282
61.878
61.976
62.375
62.61
62.779
62.862
62.862
62.779
62.61
62.375
61.976
61.976
62.375
62.61
62.779
62.862
62.862
62.779
62.61
62.375
61.976
61.878
62.282
62.521
62.694
62.779
62.779
62.694
62.521
62.282
61.878
61.683
62.092
62.339
62.521
62.61
62.61
62.521
62.339
62.092
61.683
61.358
61.816
62.092
62.282
62.375
62.375
62.282
62.092
61.816
61.358
60.781
61.358
61.683
61.878
61.976
61.976
61.878
61.683
61.358
60.781
61.746
62.309
62.626
62.816
62.912
62.912
62.816
62.626
62.309
61.746
62.309
62.756
63.025
63.21
63.301
63.301
63.21
63.025
62.756
62.309
62.626
63.025
63.266
63.444
63.531
63.531
63.444
63.266
63.025
62.626
62.816
63.21
63.444
63.612
63.695
63.695
63.612
63.444
63.21
62.816
62.912
63.301
63.531
63.695
63.777
63.777
63.695
63.531
63.301
62.912
62.912
63.301
63.531
63.695
63.777
63.777
63.695
63.531
63.301
62.912
62.816
63.21
63.444
63.612
63.695
63.695
63.612
63.444
63.21
62.816
62.626
63.025
63.266
63.444
63.531
63.531
63.444
63.266
63.025
62.626
62.309
62.756
63.025
63.21
63.301
63.301
63.21
63.025
62.756
62.309
61.746
62.309
62.626
62.816
62.912
62.912
62.816
62.626
62.309
61.746
63.653
64.188
64.489
64.67
64.761
64.761
64.67
64.489
64.188
63.653
64.188
64.613
64.868
65.044
65.13
65.13
65.044
64.868
64.613
64.188
64.489
64.868
65.097
65.266
65.349
65.349
65.266
65.097
64.868
64.489
64.67
65.044
65.266
65.426
65.505
65.505
65.426
65.266
65.044
64.67
64.761
65.13
65.349
65.505
65.582
65.582
65.505
65.349
65.13
64.761
64.761
65.13
65.349
65.505
65.582
65.582
65.505
65.349
65.13
64.761
64.67
65.044
65.266
65.426
65.505
65.505
65.426
65.266
65.044
64.67
64.489
64.868
65.097
65.266
65.349
65.349
65.266
65.097
64.868
64.489
64.188
64.613
64.868
65.044
65.13
65.13
65.044
64.868
64.613
64.188
63.653
64.188
64.489
64.67
64.761
64.761
64.67
64.489
64.188
63.653
66.454
66.948
67.226
67.393
67.477
67.477
67.393
67.226
66.948
66.454
66.948
67.34
67.576
67.739
67.818
67.818
67.739
67.576
67.34
66.948
67.226
67.576
67.788
67.944
68.02
68.02
67.944
67.788
67.576
67.226
67.393
67.739
67.944
68.092
68.164
68.164
68.092
67.944
67.739
67.393
67.477
67.818
68.02
68.164
68.236
68.236
68.164
68.02
67.818
67.477
67.477
67.818
68.02
68.164
68.236
68.236
68.164
68.02
67.818
67.477
67.393
67.739
67.944
68.092
68.164
68.164
68.092
67.944
67.739
67.393
67.226
67.576
67.788
67.944
68.02
68.02
67.944
67.788
67.576
67.226
66.948
67.34
67.576
67.739
67.818
67.818
67.739
67.576
67.34
66.948
66.454
66.948
67.226
67.393
67.477
67.477
67.393
67.226
66.948
66.454
70.082
70.523
70.771
70.92
70.994
70.994
70.92
70.771
70.523
70.082
70.523
70.872
71.083
71.228
71.299
71.299
71.228
71.083
70.872
70.523
70.771
71.083
71.271
71.411
71.479
71.479
71.411
71.271
71.083
70.771
70.92
71.228
71.411
71.542
71.607
71.607
71.542
71.411
71.228
70.92
70.994
71.299
71.479
71.607
71.671
71.671
71.607
71.479
71.299
70.994
70.994
71.299
71.479
71.607
71.671
71.671
71.607
71.479
71.299
70.994
70.92
71.228
71.411
71.542
71.607
71.607
71.542
71.411
71.228
70.92
70.771
71.083
71.271
71.411
71.479
71.479
71.411
71.271
71.083
70.771
70.523
70.872
71.083
71.228
71.299
71.299
71.228
71.083
70.872
70.523
70.082
70.523
70.771
70.92
70.994
70.994
70.92
70.771
70.523
70.082
74.446
74.823
75.035
75.162
75.226
75.226
75.162
75.035
74.823
74.446
74.823
75.122
75.302
75.426
75.486
75.486
75.426
75.302
75.122
74.823
75.035
75.302
75.463
75.582
75.64
75.64
75.582
75.463
75.302
75.035
75.162
75.426
75.582
75.694
75.75
75.75
75.694
75.582
75.426
75.162
75.226
75.486
75.64
75.75
75.804
75.804
75.75
75.64
75.486
75.226
75.226
75.486
75.64
75.75
75.804
75.804
75.75
75.64
75.486
75.226
75.162
75.426
75.582
75.694
75.75
75.75
75.694
75.582
75.426
75.162
75.035
75.302
75.463
75.582
75.64
75.64
75.582
75.463
75.302
75.035
74.823
75.122
75.302
75.426
75.486
75.486
75.426
75.302
75.122
74.823
74.446
74.823
75.035
75.162
75.226
75.226
75.162
75.035
74.823
74.446
79.441
79.744
79.914
80.017
80.068
80.068
80.017
79.914
79.744
79.441
79.744
79.984
80.129
80.229
80.277
80.277
80.229
80.129
79.984
79.744
79.914
80.129
80.259
80.354
80.401
80.401
80.354
80.259
80.129
79.914
80.017
80.229
80.354
80.445
80.49
80.49
80.445
80.354
80.229
80.017
80.068
80.277
80.401
80.49
80.533
80.533
80.49
80.401
80.277
80.068
80.068
80.277
80.401
80.49
80.533
80.533
80.49
80.401
80.277
80.068
80.017
80.229
80.354
80.445
80.49
80.49
80.445
80.354
80.229
80.017
79.914
80.129
80.259
80.354
80.401
80.401
80.354
80.259
80.129
79.914
79.744
79.984
80.129
80.229
80.277
80.277
80.229
80.129
79.984
79.744
79.441
79.744
79.914
80.017
80.068
80.068
80.017
79.914
79.744
79.441
84.941
85.164
85.289
85.364
85.401
85.401
85.364
85.289
85.164
84.941
85.164
85.34
85.446
85.519
85.555
85.555
85.519
85.446
85.34
85.164
85.289
85.446
85.541
85.611
85.645
85.645
85.611
85.541
85.446
85.289
85.364
85.519
85.611
85.677
85.71
85.71
85.677
85.611
85.519
85.364
85.401
85.555
85.645
85.71
85.742
85.742
85.71
85.645
85.555
85.401
85.401
85.555
85.645
85.71
85.742
85.742
85.71
85.645
85.555
85.401
85.364
85.519
85.611
85.677
85.71
85.71
85.677
85.611
85.519
85.364
85.289
85.446
85.541
85.611
85.645
85.645
85.611
85.541
85.446
85.289
85.164
85.34
85.446
85.519
85.555
85.555
85.519
85.446
85.34
85.164
84.941
85.164
85.289
85.364
85.401
85.401
85.364
85.289
85.164
84.941
90.814
90.949
91.026
91.071
91.094
91.094
91.071
91.026
90.949
90.814
90.949
91.057
91.121
91.166
91.188
91.188
91.166
91.121
91.057
90.949
91.026
91.121
91.179
91.222
91.243
91.243
91.222
91.179
91.121
91.026
91.071
91.166
91.222
91.263
91.283
91.283
91.263
91.222
91.166
91.071
91.094
91.188
91.243
91.283
91.302
91.302
91.283
91.243
91.188
91.094
91.094
91.188
91.243
91.283
91.302
91.302
91.283
91.243
91.188
91.094
91.071
91.166
91.222
91.263
91.283
91.283
91.263
91.222
91.166
91.071
91.026
91.121
91.179
91.222
91.243
91.243
91.222
91.179
91.121
91.026
90.949
91.057
91.121
91.166
91.188
91.188
91.166
91.121
91.057
90.949
90.814
90.949
91.026
91.071
91.094
91.094
91.071
91.026
90.949
90.814
96.913
96.958
96.984
96.999
97.007
97.007
96.999
96.984
96.958
96.913
96.958
96.994
97.016
97.031
97.038
97.038
97.031
97.016
96.994
96.958
96.984
97.016
97.035
97.05
97.057
97.057
97.05
97.035
97.016
96.984
96.999
97.031
97.05
97.063
97.07
97.07
97.063
97.05
97.031
96.999
97.007
97.038
97.057
97.07
97.077
97.077
97.07
97.057
97.038
97.007
97.007
97.038
97.057
97.07
97.077
97.077
97.07
97.057
97.038
97.007
96.999
97.031
97.05
97.063
97.07
97.07
97.063
97.05
97.031
96.999
96.984
97.016
97.035
97.05
97.057
97.057
97.05
97.035
97.016
96.984
96.958
96.994
97.016
97.031
97.038
97.038
97.031
97.016
96.994
96.958
96.913
96.958
96.984
96.999
97.007
97.007
96.999
96.984
96.958
96.913
103.09
103.04
103.02
103
102.99
102.99
103
103.02
103.04
103.09
103.04
103.01
102.98
102.97
102.96
102.96
102.97
102.98
103.01
103.04
103.02
102.98
102.96
102.95
102.94
102.94
102.95
102.96
102.98
103.02
103
102.97
102.95
102.94
102.93
102.93
102.94
102.95
102.97
103
102.99
102.96
102.94
102.93
102.92
102.92
102.93
102.94
102.96
102.99
102.99
102.96
102.94
102.93
102.92
102.92
102.93
102.94
102.96
102.99
103
102.97
102.95
102.94
102.93
102.93
102.94
102.95
102.97
103
103.02
102.98
102.96
102.95
102.94
102.94
102.95
102.96
102.98
103.02
103.04
103.01
102.98
102.97
102.96
102.96
102.97
102.98
103.01
103.04
103.09
103.04
103.02
103
102.99
102.99
103
103.02
103.04
103.09
109.18
109.05
108.97
108.93
108.9
108.9
108.93
108.97
109.05
109.18
109.05
108.94
108.87
108.83
108.81
108.81
108.83
108.87
108.94
109.05
108.97
108.87
108.82
108.77
108.75
108.75
108.77
108.82
108.87
108.97
108.93
108.83
108.77
108.73
108.71
108.71
108.73
108.77
108.83
108.93
108.9
108.81
108.75
108.71
108.69
108.69
108.71
108.75
108.81
108.9
108.9
108.81
108.75
108.71
108.69
108.69
108.71
108.75
108.81
108.9
108.93
108.83
108.77
108.73
108.71
108.71
108.73
108.77
108.83
108.93
108.97
108.87
108.82
108.77
108.75
108.75
108.77
108.82
108.87
108.97
109.05
108.94
108.87
108.83
108.81
108.81
108.83
108.87
108.94
109.05
109.18
109.05
108.97
108.93
108.9
108.9
108.93
108.97
109.05
109.18
115.05
114.83
114.71
114.63
114.59
114.59
114.63
114.71
114.83
115.05
114.83
114.65
114.55
114.47
114.44
114.44
114.47
114.55
114.65
114.83
114.71
114.55
114.45
114.38
114.35
114.35
114.38
114.45
114.55
114.71
114.63
114.47
114.38
114.31
114.28
114.28
114.31
114.38
114.47
114.63
114.59
114.44
114.35
114.28
114.25
114.25
114.28
114.35
114.44
114.59
114.59
114.44
114.35
114.28
114.25
114.25
114.28
114.35
114.44
114.59
114.63
114.47
114.38
114.31
114.28
114.28
114.31
114.38
114.47
114.63
114.71
114.55
114.45
114.38
114.35
114.35
114.38
114.45
114.55
114.71
114.83
114.65
114.55
114.47
114.44
114.44
114.47
114.55
114.65
114.83
115.05
114.83
114.71
114.63
114.59
114.59
114.63
114.71
114.83
115.05
