118.77
118.49
118.34
118.24
118.2
118.2
118.24
118.34
118.49
118.77
118.49
118.27
118.14
118.05
118
118
118.05
118.14
118.27
118.49
118.34
118.14
118.02
117.93
117.89
117.89
117.93
118.02
118.14
118.34
118.24
118.05
117.93
117.85
117.8
117.8
117.85
117.93
118.05
118.24
118.2
118
117.89
117.8
117.76
117.76
117.8
117.89
118
118.2
118.2
118
117.89
117.8
117.76
117.76
117.8
117.89
118
118.2
118.24
118.05
117.93
117.85
117.8
117.8
117.85
117.93
118.05
118.24
118.34
118.14
118.02
117.93
117.89
117.89
117.93
118.02
118.14
118.34
118.49
118.27
118.14
118.05
118
118
118.05
118.14
118.27
118.49
118.77
118.49
118.34
118.24
118.2
118.2
118.24
118.34
118.49
118.77
111.45
111.28
111.19
111.13
111.1
111.1
111.13
111.19
111.28
111.45
111.28
111.15
111.06
111.01
110.98
110.98
111.01
111.06
111.15
111.28
111.19
111.06
110.99
110.94
110.91
110.91
110.94
110.99
111.06
111.19
111.13
111.01
110.94
110.89
110.86
110.86
110.89
110.94
111.01
111.13
111.1
110.98
110.91
110.86
110.84
110.84
110.86
110.91
110.98
111.1
111.1
110.98
110.91
110.86
110.84
110.84
110.86
110.91
110.98
111.1
111.13
111.01
110.94
110.89
110.86
110.86
110.89
110.94
111.01
111.13
111.19
111.06
110.99
110.94
110.91
110.91
110.94
110.99
111.06
111.19
111.28
111.15
111.06
111.01
110.98
110.98
111.01
111.06
111.15
111.28
111.45
111.28
111.19
111.13
111.1
111.1
111.13
111.19
111.28
111.45
103.85
103.79
103.76
103.74
103.73
103.73
103.74
103.76
103.79
103.85
103.79
103.75
103.72
103.7
103.69
103.69
103.7
103.72
103.75
103.79
103.76
103.72
103.7
103.68
103.67
103.67
103.68
103.7
103.72
103.76
103.74
103.7
103.68
103.66
103.65
103.65
103.66
103.68
103.7
103.74
103.73
103.69
103.67
103.65
103.64
103.64
103.65
103.67
103.69
103.73
103.73
103.69
103.67
103.65
103.64
103.64
103.65
103.67
103.69
103.73
103.74
103.7
103.68
103.66
103.65
103.65
103.66
103.68
103.7
103.74
103.76
103.72
103.7
103.68
103.67
103.67
103.68
103.7
103.72
103.76
103.79
103.75
103.72
103.7
103.69
103.69
103.7
103.72
103.75
103.79
103.85
103.79
103.76
103.74
103.73
103.73
103.74
103.76
103.79
103.85
96.149
96.206
96.239
96.258
96.268
96.268
96.258
96.239
96.206
96.149
96.206
96.252
96.279
96.298
96.307
96.307
96.298
96.279
96.252
96.206
96.239
96.279
96.303
96.321
96.33
96.33
96.321
96.303
96.279
96.239
96.258
96.298
96.321
96.339
96.347
96.347
96.339
96.321
96.298
96.258
96.268
96.307
96.33
96.347
96.355
96.355
96.347
96.33
96.307
96.268
96.268
96.307
96.33
96.347
96.355
96.355
96.347
96.33
96.307
96.268
96.258
96.298
96.321
96.339
96.347
96.347
96.339
96.321
96.298
96.258
96.239
96.279
96.303
96.321
96.33
96.33
96.321
96.303
96.279
96.239
96.206
96.252
96.279
96.298
96.307
96.307
96.298
96.279
96.252
96.206
96.149
96.206
96.239
96.258
96.268
96.268
96.258
96.239
96.206
96.149
88.543
88.713
88.809
88.866
88.895
88.895
88.866
88.809
88.713
88.543
88.713
88.848
88.929
88.985
89.012
89.012
88.985
88.929
88.848
88.713
88.809
88.929
89.002
89.055
89.082
89.082
89.055
89.002
88.929
88.809
88.866
88.985
89.055
89.106
89.131
89.131
89.106
89.055
88.985
88.866
88.895
89.012
89.082
89.131
89.156
89.156
89.131
89.082
89.012
88.895
88.895
89.012
89.082
89.131
89.156
89.156
89.131
89.082
89.012
88.895
88.866
88.985
89.055
89.106
89.131
89.131
89.106
89.055
88.985
88.866
88.809
88.929
89.002
89.055
89.082
89.082
89.055
89.002
88.929
88.809
88.713
88.848
88.929
88.985
89.012
89.012
88.985
88.929
88.848
88.713
88.543
88.713
88.809
88.866
88.895
88.895
88.866
88.809
88.713
88.543
81.221
81.5
81.657
81.751
81.798
81.798
81.751
81.657
81.5
81.221
81.5
81.721
81.853
81.945
81.99
81.99
81.945
81.853
81.721
81.5
81.657
81.853
81.972
82.06
82.103
82.103
82.06
81.972
81.853
81.657
81.751
81.945
82.06
82.143
82.184
82.184
82.143
82.06
81.945
81.751
81.798
81.99
82.103
82.184
82.224
82.224
82.184
82.103
81.99
81.798
81.798
81.99
82.103
82.184
82.224
82.224
82.184
82.103
81.99
81.798
81.751
81.945
82.06
82.143
82.184
82.184
82.143
82.06
81.945
81.751
81.657
81.853
81.972
82.06
82.103
82.103
82.06
81.972
81.853
81.657
81.5
81.721
81.853
81.945
81.99
81.99
81.945
81.853
81.721
81.5
81.221
81.5
81.657
81.751
81.798
81.798
81.751
81.657
81.5
81.221
74.365
74.745
74.958
75.086
75.151
75.151
75.086
74.958
74.745
74.365
74.745
75.046
75.227
75.352
75.413
75.413
75.352
75.227
75.046
74.745
74.958
75.227
75.389
75.509
75.567
75.567
75.509
75.389
75.227
74.958
75.086
75.352
75.509
75.622
75.678
75.678
75.622
75.509
75.352
75.086
75.151
75.413
75.567
75.678
75.733
75.733
75.678
75.567
75.413
75.151
75.151
75.413
75.567
75.678
75.733
75.733
75.678
75.567
75.413
75.151
75.086
75.352
75.509
75.622
75.678
75.678
75.622
75.509
75.352
75.086
74.958
75.227
75.389
75.509
75.567
75.567
75.509
75.389
75.227
74.958
74.745
75.046
75.227
75.352
75.413
75.413
75.352
75.227
75.046
74.745
74.365
74.745
74.958
75.086
75.151
75.151
75.086
74.958
74.745
74.365
68.143
68.614
68.879
69.038
69.118
69.118
69.038
68.879
68.614
68.143
68.614
68.987
69.212
69.367
69.443
69.443
69.367
69.212
68.987
68.614
68.879
69.212
69.413
69.562
69.635
69.635
69.562
69.413
69.212
68.879
69.038
69.367
69.562
69.703
69.772
69.772
69.703
69.562
69.367
69.038
69.118
69.443
69.635
69.772
69.84
69.84
69.772
69.635
69.443
69.118
69.118
69.443
69.635
69.772
69.84
69.84
69.772
69.635
69.443
69.118
69.038
69.367
69.562
69.703
69.772
69.772
69.703
69.562
69.367
69.038
68.879
69.212
69.413
69.562
69.635
69.635
69.562
69.413
69.212
68.879
68.614
68.987
69.212
69.367
69.443
69.443
69.367
69.212
68.987
68.614
68.143
68.614
68.879
69.038
69.118
69.118
69.038
68.879
68.614
68.143
62.708
63.258
63.568
63.754
63.848
63.848
63.754
63.568
63.258
62.708
63.258
63.695
63.958
64.139
64.227
64.227
64.139
63.958
63.695
63.258
63.568
63.958
64.193
64.367
64.452
64.452
64.367
64.193
63.958
63.568
63.754
64.139
64.367
64.531
64.612
64.612
64.531
64.367
64.139
63.754
63.848
64.227
64.452
64.612
64.692
64.692
64.612
64.452
64.227
63.848
63.848
64.227
64.452
64.612
64.692
64.692
64.612
64.452
64.227
63.848
63.754
64.139
64.367
64.531
64.612
64.612
64.531
64.367
64.139
63.754
63.568
63.958
64.193
64.367
64.452
64.452
64.367
64.193
63.958
63.568
63.258
63.695
63.958
64.139
64.227
64.227
64.139
63.958
63.695
63.258
62.708
63.258
63.568
63.754
63.848
63.848
63.754
63.568
63.258
62.708
58.193
58.809
59.156
59.364
59.469
59.469
59.364
59.156
58.809
58.193
58.809
59.298
59.592
59.795
59.894
59.894
59.795
59.592
59.298
58.809
59.156
59.592
59.855
60.05
60.145
60.145
60.05
59.855
59.592
59.156
59.364
59.795
60.05
60.234
60.325
60.325
60.234
60.05
59.795
59.364
59.469
59.894
60.145
60.325
60.414
60.414
60.325
60.145
59.894
59.469
59.469
59.894
60.145
60.325
60.414
60.414
60.325
60.145
59.894
59.469
59.364
59.795
60.05
60.234
60.325
60.325
60.234
60.05
59.795
59.364
59.156
59.592
59.855
60.05
60.145
60.145
60.05
59.855
59.592
59.156
58.809
59.298
59.592
59.795
59.894
59.894
59.795
59.592
59.298
58.809
58.193
58.809
59.156
59.364
59.469
59.469
59.364
59.156
58.809
58.193
54.708
55.374
55.749
55.975
56.088
56.088
55.975
55.749
55.374
54.708
55.374
55.903
56.221
56.441
56.548
56.548
56.441
56.221
55.903
55.374
55.749
56.221
56.506
56.717
56.82
56.82
56.717
56.506
56.221
55.749
55.975
56.441
56.717
56.916
57.015
57.015
56.916
56.717
56.441
55.975
56.088
56.548
56.82
57.015
57.111
57.111
57.015
56.82
56.548
56.088
56.088
56.548
56.82
57.015
57.111
57.111
57.015
56.82
56.548
56.088
55.975
56.441
56.717
56.916
57.015
57.015
56.916
56.717
56.441
55.975
55.749
56.221
56.506
56.717
56.82
56.82
56.717
56.506
56.221
55.749
55.374
55.903
56.221
56.441
56.548
56.548
56.441
56.221
55.903
55.374
54.708
55.374
55.749
55.975
56.088
56.088
55.975
55.749
55.374
54.708
52.337
53.037
53.432
53.668
53.787
53.787
53.668
53.432
53.037
52.337
53.037
53.593
53.928
54.158
54.271
54.271
54.158
53.928
53.593
53.037
53.432
53.928
54.228
54.449
54.557
54.557
54.449
54.228
53.928
53.432
53.668
54.158
54.449
54.659
54.762
54.762
54.659
54.449
54.158
53.668
53.787
54.271
54.557
54.762
54.863
54.863
54.762
54.557
54.271
53.787
53.787
54.271
54.557
54.762
54.863
54.863
54.762
54.557
54.271
53.787
53.668
54.158
54.449
54.659
54.762
54.762
54.659
54.449
54.158
53.668
53.432
53.928
54.228
54.449
54.557
54.557
54.449
54.228
53.928
53.432
53.037
53.593
53.928
54.158
54.271
54.271
54.158
53.928
53.593
53.037
52.337
53.037
53.432
53.668
53.787
53.787
53.668
53.432
53.037
52.337
51.137
51.854
52.259
52.501
52.623
52.623
52.501
52.259
51.854
51.137
51.854
52.424
52.767
53.003
53.119
53.119
53.003
52.767
52.424
51.854
52.259
52.767
53.074
53.301
53.412
53.412
53.301
53.074
52.767
52.259
52.501
53.003
53.301
53.516
53.622
53.622
53.516
53.301
53.003
52.501
52.623
53.119
53.412
53.622
53.725
53.725
53.622
53.412
53.119
52.623
52.623
53.119
53.412
53.622
53.725
53.725
53.622
53.412
53.119
52.623
52.501
53.003
53.301
53.516
53.622
53.622
53.516
53.301
53.003
52.501
52.259
52.767
53.074
53.301
53.412
53.412
53.301
53.074
52.767
52.259
51.854
52.424
52.767
53.003
53.119
53.119
53.003
52.767
52.424
51.854
51.137
51.854
52.259
52.501
52.623
52.623
52.501
52.259
51.854
51.137
51.137
51.854
52.259
52.501
52.623
52.623
52.501
52.259
51.854
51.137
51.854
52.424
52.767
53.003
53.119
53.119
53.003
52.767
52.424
51.854
52.259
52.767
53.074
53.301
53.412
53.412
53.301
53.074
52.767
52.259
52.501
53.003
53.301
53.516
53.622
53.622
53.516
53.301
53.003
52.501
52.623
53.119
53.412
53.622
53.725
53.725
53.622
53.412
53.119
52.623
52.623
53.119
53.412
53.622
53.725
53.725
53.622
53.412
53.119
52.623
52.501
53.003
53.301
53.516
53.622
53.622
53.516
53.301
53.003
52.501
52.259
52.767
53.074
53.301
53.412
53.412
53.301
53.074
52.767
52.259
51.854
52.424
52.767
53.003
53.119
53.119
53.003
52.767
52.424
51.854
51.137
51.854
52.259
52.501
52.623
52.623
52.501
52.259
51.854
51.137
52.337
53.037
53.432
53.668
53.787
53.787
53.668
53.432
53.037
52.337
53.037
53.593
53.928
54.158
54.271
54.271
54.158
53.928
53.593
53.037
53.432
53.928
54.228
54.449
54.557
54.557
54.449
54.228
53.928
53.432
53.668
54.158
54.449
54.659
54.762
54.762
54.659
54.449
54.158
53.668
53.787
54.271
54.557
54.762
54.863
54.863
54.762
54.557
54.271
53.787
53.787
54.271
54.557
54.762
54.863
54.863
54.762
54.557
54.271
53.787
53.668
54.158
54.449
54.659
54.762
54.762
54.659
54.449
54.158
53.668
53.432
53.928
54.228
54.449
54.557
54.557
54.449
54.228
53.928
53.432
53.037
53.593
53.928
54.158
54.271
54.271
54.158
53.928
53.593
53.037
52.337
53.037
53.432
53.668
53.787
53.787
53.668
53.432
53.037
52.337
54.708
55.374
55.749
55.975
56.088
56.088
55.975
55.749
55.374
54.708
55.374
55.903
56.221
56.441
56.548
56.548
56.441
56.221
55.903
55.374
55.749
56.221
56.506
56.717
56.82
56.82
56.717
56.506
56.221
55.749
55.975
56.441
56.717
56.916
57.015
57.015
56.916
56.717
56.441
55.975
56.088
56.548
56.82
57.015
57.111
57.111
57.015
56.82
56.548
56.088
56.088
56.548
56.82
57.015
57.111
57.111
57.015
56.82
56.548
56.088
55.975
56.441
56.717
56.916
57.015
57.015
56.916
56.717
56.441
55.975
55.749
56.221
56.506
56.717
56.82
56.82
56.717
56.506
56.221
55.749
55.374
55.903
56.221
56.441
56.548
56.548
56.441
56.221
55.903
55.374
54.708
55.374
55.749
55.975
56.088
56.088
55.975
55.749
55.374
54.708
58.193
58.809
59.156
59.364
59.469
59.469
59.364
59.156
58.809
58.193
58.809
59.298
59.592
59.795
59.894
59.894
59.795
59.592
59.298
58.809
59.156
59.592
59.855
60.05
60.145
60.145
60.05
59.855
59.592
59.156
59.364
59.795
60.05
60.234
60.325
60.325
60.234
60.05
59.795
59.364
59.469
59.894
60.145
60.325
60.414
60.414
60.325
60.145
59.894
59.469
59.469
59.894
60.145
60.325
60.414
60.414
60.325
60.145
59.894
59.469
59.364
59.795
60.05
60.234
60.325
60.325
60.234
60.05
59.795
59.364
59.156
59.592
59.855
60.05
60.145
60.145
60.05
59.855
59.592
59.156
58.809
59.298
59.592
59.795
59.894
59.894
59.795
59.592
59.298
58.809
58.193
58.809
59.156
59.364
59.469
59.469
59.364
59.156
58.809
58.193
62.708
63.258
63.568
63.754
63.848
63.848
63.754
63.568
63.258
62.708
63.258
63.695
63.958
64.139
64.227
64.227
64.139
63.958
63.695
63.258
63.568
63.958
64.193
64.367
64.452
64.452
64.367
64.193
63.958
63.568
63.754
64.139
64.367
64.531
64.612
64.612
64.531
64.367
64.139
63.754
63.848
64.227
64.452
64.612
64.692
64.692
64.612
64.452
64.227
63.848
63.848
64.227
64.452
64.612
64.692
64.692
64.612
64.452
64.227
63.848
63.754
64.139
64.367
64.531
64.612
64.612
64.531
64.367
64.139
63.754
63.568
63.958
64.193
64.367
64.452
64.452
64.367
64.193
63.958
63.568
63.258
63.695
63.958
64.139
64.227
64.227
64.139
63.958
63.695
63.258
62.708
63.258
63.568
63.754
63.848
63.848
63.754
63.568
63.258
62.708
68.143
68.614
68.879
69.038
69.118
69.118
69.038
68.879
68.614
68.143
68.614
68.987
69.212
69.367
69.443
69.443
69.367
69.212
68.987
68.614
68.879
69.212
69.413
69.562
69.635
69.635
69.562
69.413
69.212
68.879
69.038
69.367
69.562
69.703
69.772
69.772
69.703
69.562
69.367
69.038
69.118
69.443
69.635
69.772
69.84
69.84
69.772
69.635
69.443
69.118
69.118
69.443
69.635
69.772
69.84
69.84
69.772
69.635
69.443
69.118
69.038
69.367
69.562
69.703
69.772
69.772
69.703
69.562
69.367
69.038
68.879
69.212
69.413
69.562
69.635
69.635
69.562
69.413
69.212
68.879
68.614
68.987
69.212
69.367
69.443
69.443
69.367
69.212
68.987
68.614
68.143
68.614
68.879
69.038
69.118
69.118
69.038
68.879
68.614
68.143
74.365
74.745
74.958
75.086
75.151
75.151
75.086
74.958
74.745
74.365
74.745
75.046
75.227
75.352
75.413
75.413
75.352
75.227
75.046
74.745
74.958
75.227
75.389
75.509
75.567
75.567
75.509
75.389
75.227
74.958
75.086
75.352
75.509
75.622
75.678
75.678
75.622
75.509
75.352
75.086
75.151
75.413
75.567
75.678
75.733
75.733
75.678
75.567
75.413
75.151
75.151
75.413
75.567
75.678
75.733
75.733
75.678
75.567
75.413
75.151
75.086
75.352
75.509
75.622
75.678
75.678
75.622
75.509
75.352
75.086
74.958
75.227
75.389
75.509
75.567
75.567
75.509
75.389
75.227
74.958
74.745
75.046
75.227
75.352
75.413
75.413
75.352
75.227
75.046
74.745
74.365
74.745
74.958
75.086
75.151
75.151
75.086
74.958
74.745
74.365
81.221
81.5
81.657
81.751
81.798
81.798
81.751
81.657
81.5
81.221
81.5
81.721
81.853
81.945
81.99
81.99
81.945
81.853
81.721
81.5
81.657
81.853
81.972
82.06
82.103
82.103
82.06
81.972
81.853
81.657
81.751
81.945
82.06
82.143
82.184
82.184
82.143
82.06
81.945
81.751
81.798
81.99
82.103
82.184
82.224
82.224
82.184
82.103
81.99
81.798
81.798
81.99
82.103
82.184
82.224
82.224
82.184
82.103
81.99
81.798
81.751
81.945
82.06
82.143
82.184
82.184
82.143
82.06
81.945
81.751
81.657
81.853
81.972
82.06
82.103
82.103
82.06
81.972
81.853
81.657
81.5
81.721
81.853
81.945
81.99
81.99
81.945
81.853
81.721
81.5
81.221
81.5
81.657
81.751
81.798
81.798
81.751
81.657
81.5
81.221
88.543
88.713
88.809
88.866
88.895
88.895
88.866
88.809
88.713
88.543
88.713
88.848
88.929
88.985
89.012
89.012
88.985
88.929
88.848
88.713
88.809
88.929
89.002
89.055
89.082
89.082
89.055
89.002
88.929
88.809
88.866
88.985
89.055
89.106
89.131
89.131
89.106
89.055
88.985
88.866
88.895
89.012
89.082
89.131
89.156
89.156
89.131
89.082
89.012
88.895
88.895
89.012
89.082
89.131
89.156
89.156
89.131
89.082
89.012
88.895
88.866
88.985
89.055
89.106
89.131
89.131
89.106
89.055
88.985
88.866
88.809
88.929
89.002
89.055
89.082
89.082
89.055
89.002
88.929
88.809
88.713
88.848
88.929
88.985
89.012
89.012
88.985
88.929
88.848
88.713
88.543
88.713
88.809
88.866
88.895
88.895
88.866
88.809
88.713
88.543
96.149
96.206
96.239
96.258
96.268
96.268
96.258
96.239
96.206
96.149
96.206
96.252
96.279
96.298
96.307
96.307
96.298
96.279
96.252
96.206
96.239
96.279
96.303
96.321
96.33
96.33
96.321
96.303
96.279
96.239
96.258
96.298
96.321
96.339
96.347
96.347
96.339
96.321
96.298
96.258
96.268
96.307
96.33
96.347
96.355
96.355
96.347
96.33
96.307
96.268
96.268
96.307
96.33
96.347
96.355
96.355
96.347
96.33
96.307
96.268
96.258
96.298
96.321
96.339
96.347
96.347
96.339
96.321
96.298
96.258
96.239
96.279
96.303
96.321
96.33
96.33
96.321
96.303
96.279
96.239
96.206
96.252
96.279
96.298
96.307
96.307
96.298
96.279
96.252
96.206
96.149
96.206
96.239
96.258
96.268
96.268
96.258
96.239
96.206
96.149
103.85
103.79
103.76
103.74
103.73
103.73
103.74
103.76
103.79
103.85
103.79
103.75
103.72
103.7
103.69
103.69
103.7
103.72
103.75
103.79
103.76
103.72
103.7
103.68
103.67
103.67
103.68
103.7
103.72
103.76
103.74
103.7
103.68
103.66
103.65
103.65
103.66
103.68
103.7
103.74
103.73
103.69
103.67
103.65
103.64
103.64
103.65
103.67
103.69
103.73
103.73
103.69
103.67
103.65
103.64
103.64
103.65
103.67
103.69
103.73
103.74
103.7
103.68
103.66
103.65
103.65
103.66
103.68
103.7
103.74
103.76
103.72
103.7
103.68
103.67
103.67
103.68
103.7
103.72
103.76
103.79
103.75
103.72
103.7
103.69
103.69
103.7
103.72
103.75
103.79
103.85
103.79
103.76
103.74
103.73
103.73
103.74
103.76
103.79
103.85
111.45
111.28
111.19
111.13
111.1
111.1
111.13
111.19
111.28
111.45
111.28
111.15
111.06
111.01
110.98
110.98
111.01
111.06
111.15
111.28
111.19
111.06
110.99
110.94
110.91
110.91
110.94
110.99
111.06
111.19
111.13
111.01
110.94
110.89
110.86
110.86
110.89
110.94
111.01
111.13
111.1
110.98
110.91
110.86
110.84
110.84
110.86
110.91
110.98
111.1
111.1
110.98
110.91
110.86
110.84
110.84
110.86
110.91
110.98
111.1
111.13
111.01
110.94
110.89
110.86
110.86
110.89
110.94
111.01
111.13
111.19
111.06
110.99
110.94
110.91
110.91
110.94
110.99
111.06
111.19
111.28
111.15
111.06
111.01
110.98
110.98
111.01
111.06
111.15
111.28
111.45
111.28
111.19
111.13
111.1
111.1
111.13
111.19
111.28
111.45
118.77
118.49
118.34
118.24
118.2
118.2
118.24
118.34
118.49
118.77
118.49
118.27
118.14
118.05
118
118
118.05
118.14
118.27
118.49
118.34
118.14
118.02
117.93
117.89
117.89
117.93
118.02
118.14
118.34
118.24
118.05
117.93
117.85
117.8
117.8
117.85
117.93
118.05
118.24
118.2
118
117.89
117.8
117.76
117.76
117.8
117.89
118
118.2
118.2
118
117.89
117.8
117.76
117.76
117.8
117.89
118
118.2
118.24
118.05
117.93
117.85
117.8
117.8
117.85
117.93
118.05
118.24
118.34
118.14
118.02
117.93
117.89
117.89
117.93
118.02
118.14
118.34
118.49
118.27
118.14
118.05
118
118
118.05
118.14
118.27
118.49
118.77
118.49
118.34
118.24
118.2
118.2
118.24
118.34
118.49
118.77
