110.82
110.66
110.57
110.52
110.49
110.49
110.52
110.57
110.66
110.82
110.66
110.53
110.45
110.4
110.38
110.38
110.4
110.45
110.53
110.66
110.57
110.45
110.39
110.34
110.31
110.31
110.34
110.39
110.45
110.57
110.52
110.4
110.34
110.29
110.26
110.26
110.29
110.34
110.4
110.52
110.49
110.38
110.31
110.26
110.24
110.24
110.26
110.31
110.38
110.49
110.49
110.38
110.31
110.26
110.24
110.24
110.26
110.31
110.38
110.49
110.52
110.4
110.34
110.29
110.26
110.26
110.29
110.34
110.4
110.52
110.57
110.45
110.39
110.34
110.31
110.31
110.34
110.39
110.45
110.57
110.66
110.53
110.45
110.4
110.38
110.38
110.4
110.45
110.53
110.66
110.82
110.66
110.57
110.52
110.49
110.49
110.52
110.57
110.66
110.82
106.6
106.5
106.45
106.41
106.4
106.4
106.41
106.45
106.5
106.6
106.5
106.42
106.38
106.35
106.33
106.33
106.35
106.38
106.42
106.5
106.45
106.38
106.34
106.3
106.29
106.29
106.3
106.34
106.38
106.45
106.41
106.35
106.3
106.28
106.26
106.26
106.28
106.3
106.35
106.41
106.4
106.33
106.29
106.26
106.25
106.25
106.26
106.29
106.33
106.4
106.4
106.33
106.29
106.26
106.25
106.25
106.26
106.29
106.33
106.4
106.41
106.35
106.3
106.28
106.26
106.26
106.28
106.3
106.35
106.41
106.45
106.38
106.34
106.3
106.29
106.29
106.3
106.34
106.38
106.45
106.5
106.42
106.38
106.35
106.33
106.33
106.35
106.38
106.42
106.5
106.6
106.5
106.45
106.41
106.4
106.4
106.41
106.45
106.5
106.6
102.22
102.19
102.17
102.16
102.15
102.15
102.16
102.17
102.19
102.22
102.19
102.16
102.14
102.13
102.13
102.13
102.13
102.14
102.16
102.19
102.17
102.14
102.13
102.12
102.12
102.12
102.12
102.13
102.14
102.17
102.16
102.13
102.12
102.11
102.11
102.11
102.11
102.12
102.13
102.16
102.15
102.13
102.12
102.11
102.1
102.1
102.11
102.12
102.13
102.15
102.15
102.13
102.12
102.11
102.1
102.1
102.11
102.12
102.13
102.15
102.16
102.13
102.12
102.11
102.11
102.11
102.11
102.12
102.13
102.16
102.17
102.14
102.13
102.12
102.12
102.12
102.12
102.13
102.14
102.17
102.19
102.16
102.14
102.13
102.13
102.13
102.13
102.14
102.16
102.19
102.22
102.19
102.17
102.16
102.15
102.15
102.16
102.17
102.19
102.22
97.781
97.814
97.832
97.843
97.849
97.849
97.843
97.832
97.814
97.781
97.814
97.84
97.855
97.866
97.871
97.871
97.866
97.855
97.84
97.814
97.832
97.855
97.869
97.88
97.885
97.885
97.88
97.869
97.855
97.832
97.843
97.866
97.88
97.889
97.894
97.894
97.889
97.88
97.866
97.843
97.849
97.871
97.885
97.894
97.899
97.899
97.894
97.885
97.871
97.849
97.849
97.871
97.885
97.894
97.899
97.899
97.894
97.885
97.871
97.849
97.843
97.866
97.88
97.889
97.894
97.894
97.889
97.88
97.866
97.843
97.832
97.855
97.869
97.88
97.885
97.885
97.88
97.869
97.855
97.832
97.814
97.84
97.855
97.866
97.871
97.871
97.866
97.855
97.84
97.814
97.781
97.814
97.832
97.843
97.849
97.849
97.843
97.832
97.814
97.781
93.398
93.495
93.55
93.583
93.599
93.599
93.583
93.55
93.495
93.398
93.495
93.573
93.619
93.651
93.667
93.667
93.651
93.619
93.573
93.495
93.55
93.619
93.661
93.691
93.706
93.706
93.691
93.661
93.619
93.55
93.583
93.651
93.691
93.72
93.735
93.735
93.72
93.691
93.651
93.583
93.599
93.667
93.706
93.735
93.749
93.749
93.735
93.706
93.667
93.599
93.599
93.667
93.706
93.735
93.749
93.749
93.735
93.706
93.667
93.599
93.583
93.651
93.691
93.72
93.735
93.735
93.72
93.691
93.651
93.583
93.55
93.619
93.661
93.691
93.706
93.706
93.691
93.661
93.619
93.55
93.495
93.573
93.619
93.651
93.667
93.667
93.651
93.619
93.573
93.495
93.398
93.495
93.55
93.583
93.599
93.599
93.583
93.55
93.495
93.398
89.178
89.337
89.427
89.481
89.508
89.508
89.481
89.427
89.337
89.178
89.337
89.464
89.54
89.592
89.618
89.618
89.592
89.54
89.464
89.337
89.427
89.54
89.608
89.658
89.683
89.683
89.658
89.608
89.54
89.427
89.481
89.592
89.658
89.706
89.729
89.729
89.706
89.658
89.592
89.481
89.508
89.618
89.683
89.729
89.752
89.752
89.729
89.683
89.618
89.508
89.508
89.618
89.683
89.729
89.752
89.752
89.729
89.683
89.618
89.508
89.481
89.592
89.658
89.706
89.729
89.729
89.706
89.658
89.592
89.481
89.427
89.54
89.608
89.658
89.683
89.683
89.658
89.608
89.54
89.427
89.337
89.464
89.54
89.592
89.618
89.618
89.592
89.54
89.464
89.337
89.178
89.337
89.427
89.481
89.508
89.508
89.481
89.427
89.337
89.178
85.224
85.441
85.564
85.637
85.674
85.674
85.637
85.564
85.441
85.224
85.441
85.614
85.718
85.79
85.825
85.825
85.79
85.718
85.614
85.441
85.564
85.718
85.811
85.88
85.913
85.913
85.88
85.811
85.718
85.564
85.637
85.79
85.88
85.945
85.977
85.977
85.945
85.88
85.79
85.637
85.674
85.825
85.913
85.977
86.008
86.008
85.977
85.913
85.825
85.674
85.674
85.825
85.913
85.977
86.008
86.008
85.977
85.913
85.825
85.674
85.637
85.79
85.88
85.945
85.977
85.977
85.945
85.88
85.79
85.637
85.564
85.718
85.811
85.88
85.913
85.913
85.88
85.811
85.718
85.564
85.441
85.614
85.718
85.79
85.825
85.825
85.79
85.718
85.614
85.441
85.224
85.441
85.564
85.637
85.674
85.674
85.637
85.564
85.441
85.224
81.634
81.904
82.056
82.148
82.194
82.194
82.148
82.056
81.904
81.634
81.904
82.119
82.248
82.337
82.381
82.381
82.337
82.248
82.119
81.904
82.056
82.248
82.364
82.449
82.491
82.491
82.449
82.364
82.248
82.056
82.148
82.337
82.449
82.53
82.57
82.57
82.53
82.449
82.337
82.148
82.194
82.381
82.491
82.57
82.609
82.609
82.57
82.491
82.381
82.194
82.194
82.381
82.491
82.57
82.609
82.609
82.57
82.491
82.381
82.194
82.148
82.337
82.449
82.53
82.57
82.57
82.53
82.449
82.337
82.148
82.056
82.248
82.364
82.449
82.491
82.491
82.449
82.364
82.248
82.056
81.904
82.119
82.248
82.337
82.381
82.381
82.337
82.248
82.119
81.904
81.634
81.904
82.056
82.148
82.194
82.194
82.148
82.056
81.904
81.634
78.496
78.813
78.991
79.098
79.152
79.152
79.098
78.991
78.813
78.496
78.813
79.064
79.215
79.319
79.37
79.37
79.319
79.215
79.064
78.813
78.991
79.215
79.351
79.451
79.5
79.5
79.451
79.351
79.215
78.991
79.098
79.319
79.451
79.545
79.592
79.592
79.545
79.451
79.319
79.098
79.152
79.37
79.5
79.592
79.638
79.638
79.592
79.5
79.37
79.152
79.152
79.37
79.5
79.592
79.638
79.638
79.592
79.5
79.37
79.152
79.098
79.319
79.451
79.545
79.592
79.592
79.545
79.451
79.319
79.098
78.991
79.215
79.351
79.451
79.5
79.5
79.451
79.351
79.215
78.991
78.813
79.064
79.215
79.319
79.37
79.37
79.319
79.215
79.064
78.813
78.496
78.813
78.991
79.098
79.152
79.152
79.098
78.991
78.813
78.496
75.888
76.243
76.443
76.563
76.623
76.623
76.563
76.443
76.243
75.888
76.243
76.525
76.694
76.811
76.868
76.868
76.811
76.694
76.525
76.243
76.443
76.694
76.846
76.958
77.013
77.013
76.958
76.846
76.694
76.443
76.563
76.811
76.958
77.064
77.117
77.117
77.064
76.958
76.811
76.563
76.623
76.868
77.013
77.117
77.168
77.168
77.117
77.013
76.868
76.623
76.623
76.868
77.013
77.117
77.168
77.168
77.117
77.013
76.868
76.623
76.563
76.811
76.958
77.064
77.117
77.117
77.064
76.958
76.811
76.563
76.443
76.694
76.846
76.958
77.013
77.013
76.958
76.846
76.694
76.443
76.243
76.525
76.694
76.811
76.868
76.868
76.811
76.694
76.525
76.243
75.888
76.243
76.443
76.563
76.623
76.623
76.563
76.443
76.243
75.888
73.873
74.258
74.474
74.605
74.67
74.67
74.605
74.474
74.258
73.873
74.258
74.563
74.747
74.874
74.935
74.935
74.874
74.747
74.563
74.258
74.474
74.747
74.912
75.033
75.092
75.092
75.033
74.912
74.747
74.474
74.605
74.874
75.033
75.148
75.205
75.205
75.148
75.033
74.874
74.605
74.67
74.935
75.092
75.205
75.26
75.26
75.205
75.092
74.935
74.67
74.67
74.935
75.092
75.205
75.26
75.26
75.205
75.092
74.935
74.67
74.605
74.874
75.033
75.148
75.205
75.205
75.148
75.033
74.874
74.605
74.474
74.747
74.912
75.033
75.092
75.092
75.033
74.912
74.747
74.474
74.258
74.563
74.747
74.874
74.935
74.935
74.874
74.747
74.563
74.258
73.873
74.258
74.474
74.605
74.67
74.67
74.605
74.474
74.258
73.873
72.502
72.907
73.135
73.272
73.34
73.34
73.272
73.135
72.907
72.502
72.907
73.228
73.422
73.555
73.62
73.62
73.555
73.422
73.228
72.907
73.135
73.422
73.595
73.723
73.785
73.785
73.723
73.595
73.422
73.135
73.272
73.555
73.723
73.844
73.904
73.904
73.844
73.723
73.555
73.272
73.34
73.62
73.785
73.904
73.962
73.962
73.904
73.785
73.62
73.34
73.34
73.62
73.785
73.904
73.962
73.962
73.904
73.785
73.62
73.34
73.272
73.555
73.723
73.844
73.904
73.904
73.844
73.723
73.555
73.272
73.135
73.422
73.595
73.723
73.785
73.785
73.723
73.595
73.422
73.135
72.907
73.228
73.422
73.555
73.62
73.62
73.555
73.422
73.228
72.907
72.502
72.907
73.135
73.272
73.34
73.34
73.272
73.135
72.907
72.502
71.808
72.223
72.457
72.597
72.667
72.667
72.597
72.457
72.223
71.808
72.223
72.552
72.751
72.887
72.954
72.954
72.887
72.751
72.552
72.223
72.457
72.751
72.928
73.059
73.123
73.123
73.059
72.928
72.751
72.457
72.597
72.887
73.059
73.184
73.245
73.245
73.184
73.059
72.887
72.597
72.667
72.954
73.123
73.245
73.305
73.305
73.245
73.123
72.954
72.667
72.667
72.954
73.123
73.245
73.305
73.305
73.245
73.123
72.954
72.667
72.597
72.887
73.059
73.184
73.245
73.245
73.184
73.059
72.887
72.597
72.457
72.751
72.928
73.059
73.123
73.123
73.059
72.928
72.751
72.457
72.223
72.552
72.751
72.887
72.954
72.954
72.887
72.751
72.552
72.223
71.808
72.223
72.457
72.597
72.667
72.667
72.597
72.457
72.223
71.808
71.808
72.223
72.457
72.597
72.667
72.667
72.597
72.457
72.223
71.808
72.223
72.552
72.751
72.887
72.954
72.954
72.887
72.751
72.552
72.223
72.457
72.751
72.928
73.059
73.123
73.123
73.059
72.928
72.751
72.457
72.597
72.887
73.059
73.184
73.245
73.245
73.184
73.059
72.887
72.597
72.667
72.954
73.123
73.245
73.305
73.305
73.245
73.123
72.954
72.667
72.667
72.954
73.123
73.245
73.305
73.305
73.245
73.123
72.954
72.667
72.597
72.887
73.059
73.184
73.245
73.245
73.184
73.059
72.887
72.597
72.457
72.751
72.928
73.059
73.123
73.123
73.059
72.928
72.751
72.457
72.223
72.552
72.751
72.887
72.954
72.954
72.887
72.751
72.552
72.223
71.808
72.223
72.457
72.597
72.667
72.667
72.597
72.457
72.223
71.808
72.502
72.907
73.135
73.272
73.34
73.34
73.272
73.135
72.907
72.502
72.907
73.228
73.422
73.555
73.62
73.62
73.555
73.422
73.228
72.907
73.135
73.422
73.595
73.723
73.785
73.785
73.723
73.595
73.422
73.135
73.272
73.555
73.723
73.844
73.904
73.904
73.844
73.723
73.555
73.272
73.34
73.62
73.785
73.904
73.962
73.962
73.904
73.785
73.62
73.34
73.34
73.62
73.785
73.904
73.962
73.962
73.904
73.785
73.62
73.34
73.272
73.555
73.723
73.844
73.904
73.904
73.844
73.723
73.555
73.272
73.135
73.422
73.595
73.723
73.785
73.785
73.723
73.595
73.422
73.135
72.907
73.228
73.422
73.555
73.62
73.62
73.555
73.422
73.228
72.907
72.502
72.907
73.135
73.272
73.34
73.34
73.272
73.135
72.907
72.502
73.873
74.258
74.474
74.605
74.67
74.67
74.605
74.474
74.258
73.873
74.258
74.563
74.747
74.874
74.935
74.935
74.874
74.747
74.563
74.258
74.474
74.747
74.912
75.033
75.092
75.092
75.033
74.912
74.747
74.474
74.605
74.874
75.033
75.148
75.205
75.205
75.148
75.033
74.874
74.605
74.67
74.935
75.092
75.205
75.26
75.26
75.205
75.092
74.935
74.67
74.67
74.935
75.092
75.205
75.26
75.26
75.205
75.092
74.935
74.67
74.605
74.874
75.033
75.148
75.205
75.205
75.148
75.033
74.874
74.605
74.474
74.747
74.912
75.033
75.092
75.092
75.033
74.912
74.747
74.474
74.258
74.563
74.747
74.874
74.935
74.935
74.874
74.747
74.563
74.258
73.873
74.258
74.474
74.605
74.67
74.67
74.605
74.474
74.258
73.873
75.888
76.243
76.443
76.563
76.623
76.623
76.563
76.443
76.243
75.888
76.243
76.525
76.694
76.811
76.868
76.868
76.811
76.694
76.525
76.243
76.443
76.694
76.846
76.958
77.013
77.013
76.958
76.846
76.694
76.443
76.563
76.811
76.958
77.064
77.117
77.117
77.064
76.958
76.811
76.563
76.623
76.868
77.013
77.117
77.168
77.168
77.117
77.013
76.868
76.623
76.623
76.868
77.013
77.117
77.168
77.168
77.117
77.013
76.868
76.623
76.563
76.811
76.958
77.064
77.117
77.117
77.064
76.958
76.811
76.563
76.443
76.694
76.846
76.958
77.013
77.013
76.958
76.846
76.694
76.443
76.243
76.525
76.694
76.811
76.868
76.868
76.811
76.694
76.525
76.243
75.888
76.243
76.443
76.563
76.623
76.623
76.563
76.443
76.243
75.888
78.496
78.813
78.991
79.098
79.152
79.152
79.098
78.991
78.813
78.496
78.813
79.064
79.215
79.319
79.37
79.37
79.319
79.215
79.064
78.813
78.991
79.215
79.351
79.451
79.5
79.5
79.451
79.351
79.215
78.991
79.098
79.319
79.451
79.545
79.592
79.592
79.545
79.451
79.319
79.098
79.152
79.37
79.5
79.592
79.638
79.638
79.592
79.5
79.37
79.152
79.152
79.37
79.5
79.592
79.638
79.638
79.592
79.5
79.37
79.152
79.098
79.319
79.451
79.545
79.592
79.592
79.545
79.451
79.319
79.098
78.991
79.215
79.351
79.451
79.5
79.5
79.451
79.351
79.215
78.991
78.813
79.064
79.215
79.319
79.37
79.37
79.319
79.215
79.064
78.813
78.496
78.813
78.991
79.098
79.152
79.152
79.098
78.991
78.813
78.496
81.634
81.904
82.056
82.148
82.194
82.194
82.148
82.056
81.904
81.634
81.904
82.119
82.248
82.337
82.381
82.381
82.337
82.248
82.119
81.904
82.056
82.248
82.364
82.449
82.491
82.491
82.449
82.364
82.248
82.056
82.148
82.337
82.449
82.53
82.57
82.57
82.53
82.449
82.337
82.148
82.194
82.381
82.491
82.57
82.609
82.609
82.57
82.491
82.381
82.194
82.194
82.381
82.491
82.57
82.609
82.609
82.57
82.491
82.381
82.194
82.148
82.337
82.449
82.53
82.57
82.57
82.53
82.449
82.337
82.148
82.056
82.248
82.364
82.449
82.491
82.491
82.449
82.364
82.248
82.056
81.904
82.119
82.248
82.337
82.381
82.381
82.337
82.248
82.119
81.904
81.634
81.904
82.056
82.148
82.194
82.194
82.148
82.056
81.904
81.634
85.224
85.441
85.564
85.637
85.674
85.674
85.637
85.564
85.441
85.224
85.441
85.614
85.718
85.79
85.825
85.825
85.79
85.718
85.614
85.441
85.564
85.718
85.811
85.88
85.913
85.913
85.88
85.811
85.718
85.564
85.637
85.79
85.88
85.945
85.977
85.977
85.945
85.88
85.79
85.637
85.674
85.825
85.913
85.977
86.008
86.008
85.977
85.913
85.825
85.674
85.674
85.825
85.913
85.977
86.008
86.008
85.977
85.913
85.825
85.674
85.637
85.79
85.88
85.945
85.977
85.977
85.945
85.88
85.79
85.637
85.564
85.718
85.811
85.88
85.913
85.913
85.88
85.811
85.718
85.564
85.441
85.614
85.718
85.79
85.825
85.825
85.79
85.718
85.614
85.441
85.224
85.441
85.564
85.637
85.674
85.674
85.637
85.564
85.441
85.224
89.178
89.337
89.427
89.481
89.508
89.508
89.481
89.427
89.337
89.178
89.337
89.464
89.54
89.592
89.618
89.618
89.592
89.54
89.464
89.337
89.427
89.54
89.608
89.658
89.683
89.683
89.658
89.608
89.54
89.427
89.481
89.592
89.658
89.706
89.729
89.729
89.706
89.658
89.592
89.481
89.508
89.618
89.683
89.729
89.752
89.752
89.729
89.683
89.618
89.508
89.508
89.618
89.683
89.729
89.752
89.752
89.729
89.683
89.618
89.508
89.481
89.592
89.658
89.706
89.729
89.729
89.706
89.658
89.592
89.481
89.427
89.54
89.608
89.658
89.683
89.683
89.658
89.608
89.54
89.427
89.337
89.464
89.54
89.592
89.618
89.618
89.592
89.54
89.464
89.337
89.178
89.337
89.427
89.481
89.508
89.508
89.481
89.427
89.337
89.178
93.398
93.495
93.55
93.583
93.599
93.599
93.583
93.55
93.495
93.398
93.495
93.573
93.619
93.651
93.667
93.667
93.651
93.619
93.573
93.495
93.55
93.619
93.661
93.691
93.706
93.706
93.691
93.661
93.619
93.55
93.583
93.651
93.691
93.72
93.735
93.735
93.72
93.691
93.651
93.583
93.599
93.667
93.706
93.735
93.749
93.749
93.735
93.706
93.667
93.599
93.599
93.667
93.706
93.735
93.749
93.749
93.735
93.706
93.667
93.599
93.583
93.651
93.691
93.72
93.735
93.735
93.72
93.691
93.651
93.583
93.55
93.619
93.661
93.691
93.706
93.706
93.691
93.661
93.619
93.55
93.495
93.573
93.619
93.651
93.667
93.667
93.651
93.619
93.573
93.495
93.398
93.495
93.55
93.583
93.599
93.599
93.583
93.55
93.495
93.398
97.781
97.814
97.832
97.843
97.849
97.849
97.843
97.832
97.814
97.781
97.814
97.84
97.855
97.866
97.871
97.871
97.866
97.855
97.84
97.814
97.832
97.855
97.869
97.88
97.885
97.885
97.88
97.869
97.855
97.832
97.843
97.866
97.88
97.889
97.894
97.894
97.889
97.88
97.866
97.843
97.849
97.871
97.885
97.894
97.899
97.899
97.894
97.885
97.871
97.849
97.849
97.871
97.885
97.894
97.899
97.899
97.894
97.885
97.871
97.849
97.843
97.866
97.88
97.889
97.894
97.894
97.889
97.88
97.866
97.843
97.832
97.855
97.869
97.88
97.885
97.885
97.88
97.869
97.855
97.832
97.814
97.84
97.855
97.866
97.871
97.871
97.866
97.855
97.84
97.814
97.781
97.814
97.832
97.843
97.849
97.849
97.843
97.832
97.814
97.781
102.22
102.19
102.17
102.16
102.15
102.15
102.16
102.17
102.19
102.22
102.19
102.16
102.14
102.13
102.13
102.13
102.13
102.14
102.16
102.19
102.17
102.14
102.13
102.12
102.12
102.12
102.12
102.13
102.14
102.17
102.16
102.13
102.12
102.11
102.11
102.11
102.11
102.12
102.13
102.16
102.15
102.13
102.12
102.11
102.1
102.1
102.11
102.12
102.13
102.15
102.15
102.13
102.12
102.11
102.1
102.1
102.11
102.12
102.13
102.15
102.16
102.13
102.12
102.11
102.11
102.11
102.11
102.12
102.13
102.16
102.17
102.14
102.13
102.12
102.12
102.12
102.12
102.13
102.14
102.17
102.19
102.16
102.14
102.13
102.13
102.13
102.13
102.14
102.16
102.19
102.22
102.19
102.17
102.16
102.15
102.15
102.16
102.17
102.19
102.22
106.6
106.5
106.45
106.41
106.4
106.4
106.41
106.45
106.5
106.6
106.5
106.42
106.38
106.35
106.33
106.33
106.35
106.38
106.42
106.5
106.45
106.38
106.34
106.3
106.29
106.29
106.3
106.34
106.38
106.45
106.41
106.35
106.3
106.28
106.26
106.26
106.28
106.3
106.35
106.41
106.4
106.33
106.29
106.26
106.25
106.25
106.26
106.29
106.33
106.4
106.4
106.33
106.29
106.26
106.25
106.25
106.26
106.29
106.33
106.4
106.41
106.35
106.3
106.28
106.26
106.26
106.28
106.3
106.35
106.41
106.45
106.38
106.34
106.3
106.29
106.29
106.3
106.34
106.38
106.45
106.5
106.42
106.38
106.35
106.33
106.33
106.35
106.38
106.42
106.5
106.6
106.5
106.45
106.41
106.4
106.4
106.41
106.45
106.5
106.6
110.82
110.66
110.57
110.52
110.49
110.49
110.52
110.57
110.66
110.82
110.66
110.53
110.45
110.4
110.38
110.38
110.4
110.45
110.53
110.66
110.57
110.45
110.39
110.34
110.31
110.31
110.34
110.39
110.45
110.57
110.52
110.4
110.34
110.29
110.26
110.26
110.29
110.34
110.4
110.52
110.49
110.38
110.31
110.26
110.24
110.24
110.26
110.31
110.38
110.49
110.49
110.38
110.31
110.26
110.24
110.24
110.26
110.31
110.38
110.49
110.52
110.4
110.34
110.29
110.26
110.26
110.29
110.34
110.4
110.52
110.57
110.45
110.39
110.34
110.31
110.31
110.34
110.39
110.45
110.57
110.66
110.53
110.45
110.4
110.38
110.38
110.4
110.45
110.53
110.66
110.82
110.66
110.57
110.52
110.49
110.49
110.52
110.57
110.66
110.82
