131.72
131.12
130.8
130.61
130.51
130.51
130.61
130.8
131.12
131.72
131.12
130.67
130.4
130.21
130.12
130.12
130.21
130.4
130.67
131.12
130.8
130.4
130.16
129.99
129.9
129.9
129.99
130.16
130.4
130.8
130.61
130.21
129.99
129.82
129.74
129.74
129.82
129.99
130.21
130.61
130.51
130.12
129.9
129.74
129.66
129.66
129.74
129.9
130.12
130.51
130.51
130.12
129.9
129.74
129.66
129.66
129.74
129.9
130.12
130.51
130.61
130.21
129.99
129.82
129.74
129.74
129.82
129.99
130.21
130.61
130.8
130.4
130.16
129.99
129.9
129.9
129.99
130.16
130.4
130.8
131.12
130.67
130.4
130.21
130.12
130.12
130.21
130.4
130.67
131.12
131.72
131.12
130.8
130.61
130.51
130.51
130.61
130.8
131.12
131.72
119.44
119.06
118.86
118.73
118.67
118.67
118.73
118.86
119.06
119.44
119.06
118.77
118.6
118.49
118.43
118.43
118.49
118.6
118.77
119.06
118.86
118.6
118.46
118.35
118.29
118.29
118.35
118.46
118.6
118.86
118.73
118.49
118.35
118.24
118.19
118.19
118.24
118.35
118.49
118.73
118.67
118.43
118.29
118.19
118.14
118.14
118.19
118.29
118.43
118.67
118.67
118.43
118.29
118.19
118.14
118.14
118.19
118.29
118.43
118.67
118.73
118.49
118.35
118.24
118.19
118.19
118.24
118.35
118.49
118.73
118.86
118.6
118.46
118.35
118.29
118.29
118.35
118.46
118.6
118.86
119.06
118.77
118.6
118.49
118.43
118.43
118.49
118.6
118.77
119.06
119.44
119.06
118.86
118.73
118.67
118.67
118.73
118.86
119.06
119.44
106.55
106.42
106.35
106.31
106.29
106.29
106.31
106.35
106.42
106.55
106.42
106.32
106.27
106.23
106.21
106.21
106.23
106.27
106.32
106.42
106.35
106.27
106.22
106.18
106.16
106.16
106.18
106.22
106.27
106.35
106.31
106.23
106.18
106.14
106.13
106.13
106.14
106.18
106.23
106.31
106.29
106.21
106.16
106.13
106.11
106.11
106.13
106.16
106.21
106.29
106.29
106.21
106.16
106.13
106.11
106.11
106.13
106.16
106.21
106.29
106.31
106.23
106.18
106.14
106.13
106.13
106.14
106.18
106.23
106.31
106.35
106.27
106.22
106.18
106.16
106.16
106.18
106.22
106.27
106.35
106.42
106.32
106.27
106.23
106.21
106.21
106.23
106.27
106.32
106.42
106.55
106.42
106.35
106.31
106.29
106.29
106.31
106.35
106.42
106.55
93.449
93.578
93.648
93.69
93.71
93.71
93.69
93.648
93.578
93.449
93.578
93.676
93.733
93.772
93.792
93.792
93.772
93.733
93.676
93.578
93.648
93.733
93.783
93.821
93.839
93.839
93.821
93.783
93.733
93.648
93.69
93.772
93.821
93.855
93.873
93.873
93.855
93.821
93.772
93.69
93.71
93.792
93.839
93.873
93.889
93.889
93.873
93.839
93.792
93.71
93.71
93.792
93.839
93.873
93.889
93.889
93.873
93.839
93.792
93.71
93.69
93.772
93.821
93.855
93.873
93.873
93.855
93.821
93.772
93.69
93.648
93.733
93.783
93.821
93.839
93.839
93.821
93.783
93.733
93.648
93.578
93.676
93.733
93.772
93.792
93.792
93.772
93.733
93.676
93.578
93.449
93.578
93.648
93.69
93.71
93.71
93.69
93.648
93.578
93.449
80.557
80.933
81.137
81.258
81.319
81.319
81.258
81.137
80.933
80.557
80.933
81.218
81.385
81.501
81.557
81.557
81.501
81.385
81.218
80.933
81.137
81.385
81.533
81.643
81.696
81.696
81.643
81.533
81.385
81.137
81.258
81.501
81.643
81.745
81.795
81.795
81.745
81.643
81.501
81.258
81.319
81.557
81.696
81.795
81.844
81.844
81.795
81.696
81.557
81.319
81.319
81.557
81.696
81.795
81.844
81.844
81.795
81.696
81.557
81.319
81.258
81.501
81.643
81.745
81.795
81.795
81.745
81.643
81.501
81.258
81.137
81.385
81.533
81.643
81.696
81.696
81.643
81.533
81.385
81.137
80.933
81.218
81.385
81.501
81.557
81.557
81.501
81.385
81.218
80.933
80.557
80.933
81.137
81.258
81.319
81.319
81.258
81.137
80.933
80.557
68.273
68.867
69.19
69.383
69.48
69.48
69.383
69.19
68.867
68.273
68.867
69.319
69.586
69.77
69.86
69.86
69.77
69.586
69.319
68.867
69.19
69.586
69.821
69.996
70.081
70.081
69.996
69.821
69.586
69.19
69.383
69.77
69.996
70.16
70.24
70.24
70.16
69.996
69.77
69.383
69.48
69.86
70.081
70.24
70.318
70.318
70.24
70.081
69.86
69.48
69.48
69.86
70.081
70.24
70.318
70.318
70.24
70.081
69.86
69.48
69.383
69.77
69.996
70.16
70.24
70.24
70.16
69.996
69.77
69.383
69.19
69.586
69.821
69.996
70.081
70.081
69.996
69.821
69.586
69.19
68.867
69.319
69.586
69.77
69.86
69.86
69.77
69.586
69.319
68.867
68.273
68.867
69.19
69.383
69.48
69.48
69.383
69.19
68.867
68.273
56.955
57.723
58.145
58.396
58.522
58.522
58.396
58.145
57.723
56.955
57.723
58.313
58.663
58.904
59.021
59.021
58.904
58.663
58.313
57.723
58.145
58.663
58.972
59.201
59.313
59.313
59.201
58.972
58.663
58.145
58.396
58.904
59.201
59.416
59.522
59.522
59.416
59.201
58.904
58.396
58.522
59.021
59.313
59.522
59.625
59.625
59.522
59.313
59.021
58.522
58.522
59.021
59.313
59.522
59.625
59.625
59.522
59.313
59.021
58.522
58.396
58.904
59.201
59.416
59.522
59.522
59.416
59.201
58.904
58.396
58.145
58.663
58.972
59.201
59.313
59.313
59.201
58.972
58.663
58.145
57.723
58.313
58.663
58.904
59.021
59.021
58.904
58.663
58.313
57.723
56.955
57.723
58.145
58.396
58.522
58.522
58.396
58.145
57.723
56.955
46.893
47.787
48.281
48.577
48.725
48.725
48.577
48.281
47.787
46.893
47.787
48.481
48.894
49.179
49.318
49.318
49.179
48.894
48.481
47.787
48.281
48.894
49.261
49.532
49.664
49.664
49.532
49.261
48.894
48.281
48.577
49.179
49.532
49.788
49.914
49.914
49.788
49.532
49.179
48.577
48.725
49.318
49.664
49.914
50.036
50.036
49.914
49.664
49.318
48.725
48.725
49.318
49.664
49.914
50.036
50.036
49.914
49.664
49.318
48.725
48.577
49.179
49.532
49.788
49.914
49.914
49.788
49.532
49.179
48.577
48.281
48.894
49.261
49.532
49.664
49.664
49.532
49.261
48.894
48.281
47.787
48.481
48.894
49.179
49.318
49.318
49.179
48.894
48.481
47.787
46.893
47.787
48.281
48.577
48.725
48.725
48.577
48.281
47.787
46.893
38.303
39.277
39.821
40.147
40.31
40.31
40.147
39.821
39.277
38.303
39.277
40.042
40.5
40.815
40.969
40.969
40.815
40.5
40.042
39.277
39.821
40.5
40.908
41.21
41.356
41.356
41.21
40.908
40.5
39.821
40.147
40.815
41.21
41.494
41.634
41.634
41.494
41.21
40.815
40.147
40.31
40.969
41.356
41.634
41.771
41.771
41.634
41.356
40.969
40.31
40.31
40.969
41.356
41.634
41.771
41.771
41.634
41.356
40.969
40.31
40.147
40.815
41.21
41.494
41.634
41.634
41.494
41.21
40.815
40.147
39.821
40.5
40.908
41.21
41.356
41.356
41.21
40.908
40.5
39.821
39.277
40.042
40.5
40.815
40.969
40.969
40.815
40.5
40.042
39.277
38.303
39.277
39.821
40.147
40.31
40.31
40.147
39.821
39.277
38.303
31.33
32.348
32.92
33.264
33.436
33.436
33.264
32.92
32.348
31.33
32.348
33.155
33.641
33.975
34.139
34.139
33.975
33.641
33.155
32.348
32.92
33.641
34.076
34.397
34.554
34.554
34.397
34.076
33.641
32.92
33.264
33.975
34.397
34.701
34.851
34.851
34.701
34.397
33.975
33.264
33.436
34.139
34.554
34.851
34.997
34.997
34.851
34.554
34.139
33.436
33.436
34.139
34.554
34.851
34.997
34.997
34.851
34.554
34.139
33.436
33.264
33.975
34.397
34.701
34.851
34.851
34.701
34.397
33.975
33.264
32.92
33.641
34.076
34.397
34.554
34.554
34.397
34.076
33.641
32.92
32.348
33.155
33.641
33.975
34.139
34.139
33.975
33.641
33.155
32.348
31.33
32.348
32.92
33.264
33.436
33.436
33.264
32.92
32.348
31.33
26.06
27.095
27.682
28.035
28.212
28.212
28.035
27.682
27.095
26.06
27.095
27.925
28.426
28.771
28.94
28.94
28.771
28.426
27.925
27.095
27.682
28.426
28.877
29.209
29.371
29.371
29.209
28.877
28.426
27.682
28.035
28.771
29.209
29.524
29.68
29.68
29.524
29.209
28.771
28.035
28.212
28.94
29.371
29.68
29.832
29.832
29.68
29.371
28.94
28.212
28.212
28.94
29.371
29.68
29.832
29.832
29.68
29.371
28.94
28.212
28.035
28.771
29.209
29.524
29.68
29.68
29.524
29.209
28.771
28.035
27.682
28.426
28.877
29.209
29.371
29.371
29.209
28.877
28.426
27.682
27.095
27.925
28.426
28.771
28.94
28.94
28.771
28.426
27.925
27.095
26.06
27.095
27.682
28.035
28.212
28.212
28.035
27.682
27.095
26.06
22.535
23.573
24.166
24.522
24.701
24.701
24.522
24.166
23.573
22.535
23.573
24.412
24.921
25.27
25.442
25.442
25.27
24.921
24.412
23.573
24.166
24.921
25.379
25.717
25.882
25.882
25.717
25.379
24.921
24.166
24.522
25.27
25.717
26.038
26.197
26.197
26.038
25.717
25.27
24.522
24.701
25.442
25.882
26.197
26.353
26.353
26.197
25.882
25.442
24.701
24.701
25.442
25.882
26.197
26.353
26.353
26.197
25.882
25.442
24.701
24.522
25.27
25.717
26.038
26.197
26.197
26.038
25.717
25.27
24.522
24.166
24.921
25.379
25.717
25.882
25.882
25.717
25.379
24.921
24.166
23.573
24.412
24.921
25.27
25.442
25.442
25.27
24.921
24.412
23.573
22.535
23.573
24.166
24.522
24.701
24.701
24.522
24.166
23.573
22.535
20.771
21.808
22.402
22.759
22.939
22.939
22.759
22.402
21.808
20.771
21.808
22.649
23.16
23.512
23.684
23.684
23.512
23.16
22.649
21.808
22.402
23.16
23.622
23.962
24.128
24.128
23.962
23.622
23.16
22.402
22.759
23.512
23.962
24.286
24.446
24.446
24.286
23.962
23.512
22.759
22.939
23.684
24.128
24.446
24.603
24.603
24.446
24.128
23.684
22.939
22.939
23.684
24.128
24.446
24.603
24.603
24.446
24.128
23.684
22.939
22.759
23.512
23.962
24.286
24.446
24.446
24.286
23.962
23.512
22.759
22.402
23.16
23.622
23.962
24.128
24.128
23.962
23.622
23.16
22.402
21.808
22.649
23.16
23.512
23.684
23.684
23.512
23.16
22.649
21.808
20.771
21.808
22.402
22.759
22.939
22.939
22.759
22.402
21.808
20.771
20.771
21.808
22.402
22.759
22.939
22.939
22.759
22.402
21.808
20.771
21.808
22.649
23.16
23.512
23.684
23.684
23.512
23.16
22.649
21.808
22.402
23.16
23.622
23.962
24.128
24.128
23.962
23.622
23.16
22.402
22.759
23.512
23.962
24.286
24.446
24.446
24.286
23.962
23.512
22.759
22.939
23.684
24.128
24.446
24.603
24.603
24.446
24.128
23.684
22.939
22.939
23.684
24.128
24.446
24.603
24.603
24.446
24.128
23.684
22.939
22.759
23.512
23.962
24.286
24.446
24.446
24.286
23.962
23.512
22.759
22.402
23.16
23.622
23.962
24.128
24.128
23.962
23.622
23.16
22.402
21.808
22.649
23.16
23.512
23.684
23.684
23.512
23.16
22.649
21.808
20.771
21.808
22.402
22.759
22.939
22.939
22.759
22.402
21.808
20.771
22.535
23.573
24.166
24.522
24.701
24.701
24.522
24.166
23.573
22.535
23.573
24.412
24.921
25.27
25.442
25.442
25.27
24.921
24.412
23.573
24.166
24.921
25.379
25.717
25.882
25.882
25.717
25.379
24.921
24.166
24.522
25.27
25.717
26.038
26.197
26.197
26.038
25.717
25.27
24.522
24.701
25.442
25.882
26.197
26.353
26.353
26.197
25.882
25.442
24.701
24.701
25.442
25.882
26.197
26.353
26.353
26.197
25.882
25.442
24.701
24.522
25.27
25.717
26.038
26.197
26.197
26.038
25.717
25.27
24.522
24.166
24.921
25.379
25.717
25.882
25.882
25.717
25.379
24.921
24.166
23.573
24.412
24.921
25.27
25.442
25.442
25.27
24.921
24.412
23.573
22.535
23.573
24.166
24.522
24.701
24.701
24.522
24.166
23.573
22.535
26.06
27.095
27.682
28.035
28.212
28.212
28.035
27.682
27.095
26.06
27.095
27.925
28.426
28.771
28.94
28.94
28.771
28.426
27.925
27.095
27.682
28.426
28.877
29.209
29.371
29.371
29.209
28.877
28.426
27.682
28.035
28.771
29.209
29.524
29.68
29.68
29.524
29.209
28.771
28.035
28.212
28.94
29.371
29.68
29.832
29.832
29.68
29.371
28.94
28.212
28.212
28.94
29.371
29.68
29.832
29.832
29.68
29.371
28.94
28.212
28.035
28.771
29.209
29.524
29.68
29.68
29.524
29.209
28.771
28.035
27.682
28.426
28.877
29.209
29.371
29.371
29.209
28.877
28.426
27.682
27.095
27.925
28.426
28.771
28.94
28.94
28.771
28.426
27.925
27.095
26.06
27.095
27.682
28.035
28.212
28.212
28.035
27.682
27.095
26.06
31.33
32.348
32.92
33.264
33.436
33.436
33.264
32.92
32.348
31.33
32.348
33.155
33.641
33.975
34.139
34.139
33.975
33.641
33.155
32.348
32.92
33.641
34.076
34.397
34.554
34.554
34.397
34.076
33.641
32.92
33.264
33.975
34.397
34.701
34.851
34.851
34.701
34.397
33.975
33.264
33.436
34.139
34.554
34.851
34.997
34.997
34.851
34.554
34.139
33.436
33.436
34.139
34.554
34.851
34.997
34.997
34.851
34.554
34.139
33.436
33.264
33.975
34.397
34.701
34.851
34.851
34.701
34.397
33.975
33.264
32.92
33.641
34.076
34.397
34.554
34.554
34.397
34.076
33.641
32.92
32.348
33.155
33.641
33.975
34.139
34.139
33.975
33.641
33.155
32.348
31.33
32.348
32.92
33.264
33.436
33.436
33.264
32.92
32.348
31.33
38.303
39.277
39.821
40.147
40.31
40.31
40.147
39.821
39.277
38.303
39.277
40.042
40.5
40.815
40.969
40.969
40.815
40.5
40.042
39.277
39.821
40.5
40.908
41.21
41.356
41.356
41.21
40.908
40.5
39.821
40.147
40.815
41.21
41.494
41.634
41.634
41.494
41.21
40.815
40.147
40.31
40.969
41.356
41.634
41.771
41.771
41.634
41.356
40.969
40.31
40.31
40.969
41.356
41.634
41.771
41.771
41.634
41.356
40.969
40.31
40.147
40.815
41.21
41.494
41.634
41.634
41.494
41.21
40.815
40.147
39.821
40.5
40.908
41.21
41.356
41.356
41.21
40.908
40.5
39.821
39.277
40.042
40.5
40.815
40.969
40.969
40.815
40.5
40.042
39.277
38.303
39.277
39.821
40.147
40.31
40.31
40.147
39.821
39.277
38.303
46.893
47.787
48.281
48.577
48.725
48.725
48.577
48.281
47.787
46.893
47.787
48.481
48.894
49.179
49.318
49.318
49.179
48.894
48.481
47.787
48.281
48.894
49.261
49.532
49.664
49.664
49.532
49.261
48.894
48.281
48.577
49.179
49.532
49.788
49.914
49.914
49.788
49.532
49.179
48.577
48.725
49.318
49.664
49.914
50.036
50.036
49.914
49.664
49.318
48.725
48.725
49.318
49.664
49.914
50.036
50.036
49.914
49.664
49.318
48.725
48.577
49.179
49.532
49.788
49.914
49.914
49.788
49.532
49.179
48.577
48.281
48.894
49.261
49.532
49.664
49.664
49.532
49.261
48.894
48.281
47.787
48.481
48.894
49.179
49.318
49.318
49.179
48.894
48.481
47.787
46.893
47.787
48.281
48.577
48.725
48.725
48.577
48.281
47.787
46.893
56.955
57.723
58.145
58.396
58.522
58.522
58.396
58.145
57.723
56.955
57.723
58.313
58.663
58.904
59.021
59.021
58.904
58.663
58.313
57.723
58.145
58.663
58.972
59.201
59.313
59.313
59.201
58.972
58.663
58.145
58.396
58.904
59.201
59.416
59.522
59.522
59.416
59.201
58.904
58.396
58.522
59.021
59.313
59.522
59.625
59.625
59.522
59.313
59.021
58.522
58.522
59.021
59.313
59.522
59.625
59.625
59.522
59.313
59.021
58.522
58.396
58.904
59.201
59.416
59.522
59.522
59.416
59.201
58.904
58.396
58.145
58.663
58.972
59.201
59.313
59.313
59.201
58.972
58.663
58.145
57.723
58.313
58.663
58.904
59.021
59.021
58.904
58.663
58.313
57.723
56.955
57.723
58.145
58.396
58.522
58.522
58.396
58.145
57.723
56.955
68.273
68.867
69.19
69.383
69.48
69.48
69.383
69.19
68.867
68.273
68.867
69.319
69.586
69.77
69.86
69.86
69.77
69.586
69.319
68.867
69.19
69.586
69.821
69.996
70.081
70.081
69.996
69.821
69.586
69.19
69.383
69.77
69.996
70.16
70.24
70.24
70.16
69.996
69.77
69.383
69.48
69.86
70.081
70.24
70.318
70.318
70.24
70.081
69.86
69.48
69.48
69.86
70.081
70.24
70.318
70.318
70.24
70.081
69.86
69.48
69.383
69.77
69.996
70.16
70.24
70.24
70.16
69.996
69.77
69.383
69.19
69.586
69.821
69.996
70.081
70.081
69.996
69.821
69.586
69.19
68.867
69.319
69.586
69.77
69.86
69.86
69.77
69.586
69.319
68.867
68.273
68.867
69.19
69.383
69.48
69.48
69.383
69.19
68.867
68.273
80.557
80.933
81.137
81.258
81.319
81.319
81.258
81.137
80.933
80.557
80.933
81.218
81.385
81.501
81.557
81.557
81.501
81.385
81.218
80.933
81.137
81.385
81.533
81.643
81.696
81.696
81.643
81.533
81.385
81.137
81.258
81.501
81.643
81.745
81.795
81.795
81.745
81.643
81.501
81.258
81.319
81.557
81.696
81.795
81.844
81.844
81.795
81.696
81.557
81.319
81.319
81.557
81.696
81.795
81.844
81.844
81.795
81.696
81.557
81.319
81.258
81.501
81.643
81.745
81.795
81.795
81.745
81.643
81.501
81.258
81.137
81.385
81.533
81.643
81.696
81.696
81.643
81.533
81.385
81.137
80.933
81.218
81.385
81.501
81.557
81.557
81.501
81.385
81.218
80.933
80.557
80.933
81.137
81.258
81.319
81.319
81.258
81.137
80.933
80.557
93.449
93.578
93.648
93.69
93.71
93.71
93.69
93.648
93.578
93.449
93.578
93.676
93.733
93.772
93.792
93.792
93.772
93.733
93.676
93.578
93.648
93.733
93.783
93.821
93.839
93.839
93.821
93.783
93.733
93.648
93.69
93.772
93.821
93.855
93.873
93.873
93.855
93.821
93.772
93.69
93.71
93.792
93.839
93.873
93.889
93.889
93.873
93.839
93.792
93.71
93.71
93.792
93.839
93.873
93.889
93.889
93.873
93.839
93.792
93.71
93.69
93.772
93.821
93.855
93.873
93.873
93.855
93.821
93.772
93.69
93.648
93.733
93.783
93.821
93.839
93.839
93.821
93.783
93.733
93.648
93.578
93.676
93.733
93.772
93.792
93.792
93.772
93.733
93.676
93.578
93.449
93.578
93.648
93.69
93.71
93.71
93.69
93.648
93.578
93.449
106.55
106.42
106.35
106.31
106.29
106.29
106.31
106.35
106.42
106.55
106.42
106.32
106.27
106.23
106.21
106.21
106.23
106.27
106.32
106.42
106.35
106.27
106.22
106.18
106.16
106.16
106.18
106.22
106.27
106.35
106.31
106.23
106.18
106.14
106.13
106.13
106.14
106.18
106.23
106.31
106.29
106.21
106.16
106.13
106.11
106.11
106.13
106.16
106.21
106.29
106.29
106.21
106.16
106.13
106.11
106.11
106.13
106.16
106.21
106.29
106.31
106.23
106.18
106.14
106.13
106.13
106.14
106.18
106.23
106.31
106.35
106.27
106.22
106.18
106.16
106.16
106.18
106.22
106.27
106.35
106.42
106.32
106.27
106.23
106.21
106.21
106.23
106.27
106.32
106.42
106.55
106.42
106.35
106.31
106.29
106.29
106.31
106.35
106.42
106.55
119.44
119.06
118.86
118.73
118.67
118.67
118.73
118.86
119.06
119.44
119.06
118.77
118.6
118.49
118.43
118.43
118.49
118.6
118.77
119.06
118.86
118.6
118.46
118.35
118.29
118.29
118.35
118.46
118.6
118.86
118.73
118.49
118.35
118.24
118.19
118.19
118.24
118.35
118.49
118.73
118.67
118.43
118.29
118.19
118.14
118.14
118.19
118.29
118.43
118.67
118.67
118.43
118.29
118.19
118.14
118.14
118.19
118.29
118.43
118.67
118.73
118.49
118.35
118.24
118.19
118.19
118.24
118.35
118.49
118.73
118.86
118.6
118.46
118.35
118.29
118.29
118.35
118.46
118.6
118.86
119.06
118.77
118.6
118.49
118.43
118.43
118.49
118.6
118.77
119.06
119.44
119.06
118.86
118.73
118.67
118.67
118.73
118.86
119.06
119.44
131.72
131.12
130.8
130.61
130.51
130.51
130.61
130.8
131.12
131.72
131.12
130.67
130.4
130.21
130.12
130.12
130.21
130.4
130.67
131.12
130.8
130.4
130.16
129.99
129.9
129.9
129.99
130.16
130.4
130.8
130.61
130.21
129.99
129.82
129.74
129.74
129.82
129.99
130.21
130.61
130.51
130.12
129.9
129.74
129.66
129.66
129.74
129.9
130.12
130.51
130.51
130.12
129.9
129.74
129.66
129.66
129.74
129.9
130.12
130.51
130.61
130.21
129.99
129.82
129.74
129.74
129.82
129.99
130.21
130.61
130.8
130.4
130.16
129.99
129.9
129.9
129.99
130.16
130.4
130.8
131.12
130.67
130.4
130.21
130.12
130.12
130.21
130.4
130.67
131.12
131.72
131.12
130.8
130.61
130.51
130.51
130.61
130.8
131.12
131.72
