134
133.3
132.92
132.7
132.59
132.59
132.7
132.92
133.3
134
133.3
132.77
132.46
132.25
132.14
132.14
132.25
132.46
132.77
133.3
132.92
132.46
132.19
131.99
131.89
131.89
131.99
132.19
132.46
132.92
132.7
132.25
131.99
131.8
131.71
131.71
131.8
131.99
132.25
132.7
132.59
132.14
131.89
131.71
131.62
131.62
131.71
131.89
132.14
132.59
132.59
132.14
131.89
131.71
131.62
131.62
131.71
131.89
132.14
132.59
132.7
132.25
131.99
131.8
131.71
131.71
131.8
131.99
132.25
132.7
132.92
132.46
132.19
131.99
131.89
131.89
131.99
132.19
132.46
132.92
133.3
132.77
132.46
132.25
132.14
132.14
132.25
132.46
132.77
133.3
134
133.3
132.92
132.7
132.59
132.59
132.7
132.92
133.3
134
120.89
120.43
120.19
120.05
119.98
119.98
120.05
120.19
120.43
120.89
120.43
120.1
119.9
119.76
119.7
119.7
119.76
119.9
120.1
120.43
120.19
119.9
119.73
119.6
119.54
119.54
119.6
119.73
119.9
120.19
120.05
119.76
119.6
119.48
119.42
119.42
119.48
119.6
119.76
120.05
119.98
119.7
119.54
119.42
119.37
119.37
119.42
119.54
119.7
119.98
119.98
119.7
119.54
119.42
119.37
119.37
119.42
119.54
119.7
119.98
120.05
119.76
119.6
119.48
119.42
119.42
119.48
119.6
119.76
120.05
120.19
119.9
119.73
119.6
119.54
119.54
119.6
119.73
119.9
120.19
120.43
120.1
119.9
119.76
119.7
119.7
119.76
119.9
120.1
120.43
120.89
120.43
120.19
120.05
119.98
119.98
120.05
120.19
120.43
120.89
107.05
106.89
106.81
106.76
106.73
106.73
106.76
106.81
106.89
107.05
106.89
106.78
106.71
106.66
106.64
106.64
106.66
106.71
106.78
106.89
106.81
106.71
106.65
106.61
106.58
106.58
106.61
106.65
106.71
106.81
106.76
106.66
106.61
106.56
106.54
106.54
106.56
106.61
106.66
106.76
106.73
106.64
106.58
106.54
106.53
106.53
106.54
106.58
106.64
106.73
106.73
106.64
106.58
106.54
106.53
106.53
106.54
106.58
106.64
106.73
106.76
106.66
106.61
106.56
106.54
106.54
106.56
106.61
106.66
106.76
106.81
106.71
106.65
106.61
106.58
106.58
106.61
106.65
106.71
106.81
106.89
106.78
106.71
106.66
106.64
106.64
106.66
106.71
106.78
106.89
107.05
106.89
106.81
106.76
106.73
106.73
106.76
106.81
106.89
107.05
92.952
93.109
93.192
93.241
93.266
93.266
93.241
93.192
93.109
92.952
93.109
93.224
93.292
93.338
93.36
93.36
93.338
93.292
93.224
93.109
93.192
93.292
93.35
93.394
93.415
93.415
93.394
93.35
93.292
93.192
93.241
93.338
93.394
93.435
93.454
93.454
93.435
93.394
93.338
93.241
93.266
93.36
93.415
93.454
93.474
93.474
93.454
93.415
93.36
93.266
93.266
93.36
93.415
93.454
93.474
93.474
93.454
93.415
93.36
93.266
93.241
93.338
93.394
93.435
93.454
93.454
93.435
93.394
93.338
93.241
93.192
93.292
93.35
93.394
93.415
93.415
93.394
93.35
93.292
93.192
93.109
93.224
93.292
93.338
93.36
93.36
93.338
93.292
93.224
93.109
92.952
93.109
93.192
93.241
93.266
93.266
93.241
93.192
93.109
92.952
79.108
79.56
79.801
79.944
80.015
80.015
79.944
79.801
79.56
79.108
79.56
79.895
80.091
80.227
80.292
80.292
80.227
80.091
79.895
79.56
79.801
80.091
80.262
80.39
80.452
80.452
80.39
80.262
80.091
79.801
79.944
80.227
80.39
80.508
80.566
80.566
80.508
80.39
80.227
79.944
80.015
80.292
80.452
80.566
80.623
80.623
80.566
80.452
80.292
80.015
80.015
80.292
80.452
80.566
80.623
80.623
80.566
80.452
80.292
80.015
79.944
80.227
80.39
80.508
80.566
80.566
80.508
80.39
80.227
79.944
79.801
80.091
80.262
80.39
80.452
80.452
80.39
80.262
80.091
79.801
79.56
79.895
80.091
80.227
80.292
80.292
80.227
80.091
79.895
79.56
79.108
79.56
79.801
79.944
80.015
80.015
79.944
79.801
79.56
79.108
65.988
66.689
67.067
67.291
67.403
67.403
67.291
67.067
66.689
65.988
66.689
67.215
67.524
67.737
67.84
67.84
67.737
67.524
67.215
66.689
67.067
67.524
67.794
67.995
68.092
68.092
67.995
67.794
67.524
67.067
67.291
67.737
67.995
68.182
68.274
68.274
68.182
67.995
67.737
67.291
67.403
67.84
68.092
68.274
68.363
68.363
68.274
68.092
67.84
67.403
67.403
67.84
68.092
68.274
68.363
68.363
68.274
68.092
67.84
67.403
67.291
67.737
67.995
68.182
68.274
68.274
68.182
67.995
67.737
67.291
67.067
67.524
67.794
67.995
68.092
68.092
67.995
67.794
67.524
67.067
66.689
67.215
67.524
67.737
67.84
67.84
67.737
67.524
67.215
66.689
65.988
66.689
67.067
67.291
67.403
67.403
67.291
67.067
66.689
65.988
53.999
54.886
55.369
55.656
55.799
55.799
55.656
55.369
54.886
53.999
54.886
55.56
55.958
56.232
56.365
56.365
56.232
55.958
55.56
54.886
55.369
55.958
56.307
56.567
56.692
56.692
56.567
56.307
55.958
55.369
55.656
56.232
56.567
56.809
56.928
56.928
56.809
56.567
56.232
55.656
55.799
56.365
56.692
56.928
57.044
57.044
56.928
56.692
56.365
55.799
55.799
56.365
56.692
56.928
57.044
57.044
56.928
56.692
56.365
55.799
55.656
56.232
56.567
56.809
56.928
56.928
56.809
56.567
56.232
55.656
55.369
55.958
56.307
56.567
56.692
56.692
56.567
56.307
55.958
55.369
54.886
55.56
55.958
56.232
56.365
56.365
56.232
55.958
55.56
54.886
53.999
54.886
55.369
55.656
55.799
55.799
55.656
55.369
54.886
53.999
43.452
44.457
45.01
45.34
45.505
45.505
45.34
45.01
44.457
43.452
44.457
45.232
45.692
46.008
46.162
46.162
46.008
45.692
45.232
44.457
45.01
45.692
46.098
46.399
46.546
46.546
46.399
46.098
45.692
45.01
45.34
46.008
46.399
46.682
46.821
46.821
46.682
46.399
46.008
45.34
45.505
46.162
46.546
46.821
46.956
46.956
46.821
46.546
46.162
45.505
45.505
46.162
46.546
46.821
46.956
46.956
46.821
46.546
46.162
45.505
45.34
46.008
46.399
46.682
46.821
46.821
46.682
46.399
46.008
45.34
45.01
45.692
46.098
46.399
46.546
46.546
46.399
46.098
45.692
45.01
44.457
45.232
45.692
46.008
46.162
46.162
46.008
45.692
45.232
44.457
43.452
44.457
45.01
45.34
45.505
45.505
45.34
45.01
44.457
43.452
34.554
35.617
36.208
36.562
36.739
36.739
36.562
36.208
35.617
34.554
35.617
36.449
36.945
37.287
37.454
37.454
37.287
36.945
36.449
35.617
36.208
36.945
37.387
37.714
37.873
37.873
37.714
37.387
36.945
36.208
36.562
37.287
37.714
38.023
38.174
38.174
38.023
37.714
37.287
36.562
36.739
37.454
37.873
38.174
38.322
38.322
38.174
37.873
37.454
36.739
36.739
37.454
37.873
38.174
38.322
38.322
38.174
37.873
37.454
36.739
36.562
37.287
37.714
38.023
38.174
38.174
38.023
37.714
37.287
36.562
36.208
36.945
37.387
37.714
37.873
37.873
37.714
37.387
36.945
36.208
35.617
36.449
36.945
37.287
37.454
37.454
37.287
36.945
36.449
35.617
34.554
35.617
36.208
36.562
36.739
36.739
36.562
36.208
35.617
34.554
27.418
28.493
29.099
29.462
29.644
29.644
29.462
29.099
28.493
27.418
28.493
29.347
29.861
30.215
30.388
30.388
30.215
29.861
29.347
28.493
29.099
29.861
30.322
30.661
30.827
30.827
30.661
30.322
29.861
29.099
29.462
30.215
30.661
30.983
31.142
31.142
30.983
30.661
30.215
29.462
29.644
30.388
30.827
31.142
31.297
31.297
31.142
30.827
30.388
29.644
29.644
30.388
30.827
31.142
31.297
31.297
31.142
30.827
30.388
29.644
29.462
30.215
30.661
30.983
31.142
31.142
30.983
30.661
30.215
29.462
29.099
29.861
30.322
30.661
30.827
30.827
30.661
30.322
29.861
29.099
28.493
29.347
29.861
30.215
30.388
30.388
30.215
29.861
29.347
28.493
27.418
28.493
29.099
29.462
29.644
29.644
29.462
29.099
28.493
27.418
22.085
23.145
23.75
24.113
24.295
24.295
24.113
23.75
23.145
22.085
23.145
24.001
24.519
24.875
25.049
25.049
24.875
24.519
24.001
23.145
23.75
24.519
24.985
25.329
25.497
25.497
25.329
24.985
24.519
23.75
24.113
24.875
25.329
25.656
25.817
25.817
25.656
25.329
24.875
24.113
24.295
25.049
25.497
25.817
25.975
25.975
25.817
25.497
25.049
24.295
24.295
25.049
25.497
25.817
25.975
25.975
25.817
25.497
25.049
24.295
24.113
24.875
25.329
25.656
25.817
25.817
25.656
25.329
24.875
24.113
23.75
24.519
24.985
25.329
25.497
25.497
25.329
24.985
24.519
23.75
23.145
24.001
24.519
24.875
25.049
25.049
24.875
24.519
24.001
23.145
22.085
23.145
23.75
24.113
24.295
24.295
24.113
23.75
23.145
22.085
18.549
19.588
20.185
20.545
20.725
20.725
20.545
20.185
19.588
18.549
19.588
20.436
20.951
21.306
21.479
21.479
21.306
20.951
20.436
19.588
20.185
20.951
21.418
21.761
21.929
21.929
21.761
21.418
20.951
20.185
20.545
21.306
21.761
22.089
22.251
22.251
22.089
21.761
21.306
20.545
20.725
21.479
21.929
22.251
22.409
22.409
22.251
21.929
21.479
20.725
20.725
21.479
21.929
22.251
22.409
22.409
22.251
21.929
21.479
20.725
20.545
21.306
21.761
22.089
22.251
22.251
22.089
21.761
21.306
20.545
20.185
20.951
21.418
21.761
21.929
21.929
21.761
21.418
20.951
20.185
19.588
20.436
20.951
21.306
21.479
21.479
21.306
20.951
20.436
19.588
18.549
19.588
20.185
20.545
20.725
20.725
20.545
20.185
19.588
18.549
16.79
17.814
18.405
18.762
18.941
18.941
18.762
18.405
17.814
16.79
17.814
18.655
19.168
19.52
19.693
19.693
19.52
19.168
18.655
17.814
18.405
19.168
19.633
19.975
20.143
20.143
19.975
19.633
19.168
18.405
18.762
19.52
19.975
20.302
20.464
20.464
20.302
19.975
19.52
18.762
18.941
19.693
20.143
20.464
20.623
20.623
20.464
20.143
19.693
18.941
18.941
19.693
20.143
20.464
20.623
20.623
20.464
20.143
19.693
18.941
18.762
19.52
19.975
20.302
20.464
20.464
20.302
19.975
19.52
18.762
18.405
19.168
19.633
19.975
20.143
20.143
19.975
19.633
19.168
18.405
17.814
18.655
19.168
19.52
19.693
19.693
19.52
19.168
18.655
17.814
16.79
17.814
18.405
18.762
18.941
18.941
18.762
18.405
17.814
16.79
16.79
17.814
18.405
18.762
18.941
18.941
18.762
18.405
17.814
16.79
17.814
18.655
19.168
19.52
19.693
19.693
19.52
19.168
18.655
17.814
18.405
19.168
19.633
19.975
20.143
20.143
19.975
19.633
19.168
18.405
18.762
19.52
19.975
20.302
20.464
20.464
20.302
19.975
19.52
18.762
18.941
19.693
20.143
20.464
20.623
20.623
20.464
20.143
19.693
18.941
18.941
19.693
20.143
20.464
20.623
20.623
20.464
20.143
19.693
18.941
18.762
19.52
19.975
20.302
20.464
20.464
20.302
19.975
19.52
18.762
18.405
19.168
19.633
19.975
20.143
20.143
19.975
19.633
19.168
18.405
17.814
18.655
19.168
19.52
19.693
19.693
19.52
19.168
18.655
17.814
16.79
17.814
18.405
18.762
18.941
18.941
18.762
18.405
17.814
16.79
18.549
19.588
20.185
20.545
20.725
20.725
20.545
20.185
19.588
18.549
19.588
20.436
20.951
21.306
21.479
21.479
21.306
20.951
20.436
19.588
20.185
20.951
21.418
21.761
21.929
21.929
21.761
21.418
20.951
20.185
20.545
21.306
21.761
22.089
22.251
22.251
22.089
21.761
21.306
20.545
20.725
21.479
21.929
22.251
22.409
22.409
22.251
21.929
21.479
20.725
20.725
21.479
21.929
22.251
22.409
22.409
22.251
21.929
21.479
20.725
20.545
21.306
21.761
22.089
22.251
22.251
22.089
21.761
21.306
20.545
20.185
20.951
21.418
21.761
21.929
21.929
21.761
21.418
20.951
20.185
19.588
20.436
20.951
21.306
21.479
21.479
21.306
20.951
20.436
19.588
18.549
19.588
20.185
20.545
20.725
20.725
20.545
20.185
19.588
18.549
22.085
23.145
23.75
24.113
24.295
24.295
24.113
23.75
23.145
22.085
23.145
24.001
24.519
24.875
25.049
25.049
24.875
24.519
24.001
23.145
23.75
24.519
24.985
25.329
25.497
25.497
25.329
24.985
24.519
23.75
24.113
24.875
25.329
25.656
25.817
25.817
25.656
25.329
24.875
24.113
24.295
25.049
25.497
25.817
25.975
25.975
25.817
25.497
25.049
24.295
24.295
25.049
25.497
25.817
25.975
25.975
25.817
25.497
25.049
24.295
24.113
24.875
25.329
25.656
25.817
25.817
25.656
25.329
24.875
24.113
23.75
24.519
24.985
25.329
25.497
25.497
25.329
24.985
24.519
23.75
23.145
24.001
24.519
24.875
25.049
25.049
24.875
24.519
24.001
23.145
22.085
23.145
23.75
24.113
24.295
24.295
24.113
23.75
23.145
22.085
27.418
28.493
29.099
29.462
29.644
29.644
29.462
29.099
28.493
27.418
28.493
29.347
29.861
30.215
30.388
30.388
30.215
29.861
29.347
28.493
29.099
29.861
30.322
30.661
30.827
30.827
30.661
30.322
29.861
29.099
29.462
30.215
30.661
30.983
31.142
31.142
30.983
30.661
30.215
29.462
29.644
30.388
30.827
31.142
31.297
31.297
31.142
30.827
30.388
29.644
29.644
30.388
30.827
31.142
31.297
31.297
31.142
30.827
30.388
29.644
29.462
30.215
30.661
30.983
31.142
31.142
30.983
30.661
30.215
29.462
29.099
29.861
30.322
30.661
30.827
30.827
30.661
30.322
29.861
29.099
28.493
29.347
29.861
30.215
30.388
30.388
30.215
29.861
29.347
28.493
27.418
28.493
29.099
29.462
29.644
29.644
29.462
29.099
28.493
27.418
34.554
35.617
36.208
36.562
36.739
36.739
36.562
36.208
35.617
34.554
35.617
36.449
36.945
37.287
37.454
37.454
37.287
36.945
36.449
35.617
36.208
36.945
37.387
37.714
37.873
37.873
37.714
37.387
36.945
36.208
36.562
37.287
37.714
38.023
38.174
38.174
38.023
37.714
37.287
36.562
36.739
37.454
37.873
38.174
38.322
38.322
38.174
37.873
37.454
36.739
36.739
37.454
37.873
38.174
38.322
38.322
38.174
37.873
37.454
36.739
36.562
37.287
37.714
38.023
38.174
38.174
38.023
37.714
37.287
36.562
36.208
36.945
37.387
37.714
37.873
37.873
37.714
37.387
36.945
36.208
35.617
36.449
36.945
37.287
37.454
37.454
37.287
36.945
36.449
35.617
34.554
35.617
36.208
36.562
36.739
36.739
36.562
36.208
35.617
34.554
43.452
44.457
45.01
45.34
45.505
45.505
45.34
45.01
44.457
43.452
44.457
45.232
45.692
46.008
46.162
46.162
46.008
45.692
45.232
44.457
45.01
45.692
46.098
46.399
46.546
46.546
46.399
46.098
45.692
45.01
45.34
46.008
46.399
46.682
46.821
46.821
46.682
46.399
46.008
45.34
45.505
46.162
46.546
46.821
46.956
46.956
46.821
46.546
46.162
45.505
45.505
46.162
46.546
46.821
46.956
46.956
46.821
46.546
46.162
45.505
45.34
46.008
46.399
46.682
46.821
46.821
46.682
46.399
46.008
45.34
45.01
45.692
46.098
46.399
46.546
46.546
46.399
46.098
45.692
45.01
44.457
45.232
45.692
46.008
46.162
46.162
46.008
45.692
45.232
44.457
43.452
44.457
45.01
45.34
45.505
45.505
45.34
45.01
44.457
43.452
53.999
54.886
55.369
55.656
55.799
55.799
55.656
55.369
54.886
53.999
54.886
55.56
55.958
56.232
56.365
56.365
56.232
55.958
55.56
54.886
55.369
55.958
56.307
56.567
56.692
56.692
56.567
56.307
55.958
55.369
55.656
56.232
56.567
56.809
56.928
56.928
56.809
56.567
56.232
55.656
55.799
56.365
56.692
56.928
57.044
57.044
56.928
56.692
56.365
55.799
55.799
56.365
56.692
56.928
57.044
57.044
56.928
56.692
56.365
55.799
55.656
56.232
56.567
56.809
56.928
56.928
56.809
56.567
56.232
55.656
55.369
55.958
56.307
56.567
56.692
56.692
56.567
56.307
55.958
55.369
54.886
55.56
55.958
56.232
56.365
56.365
56.232
55.958
55.56
54.886
53.999
54.886
55.369
55.656
55.799
55.799
55.656
55.369
54.886
53.999
65.988
66.689
67.067
67.291
67.403
67.403
67.291
67.067
66.689
65.988
66.689
67.215
67.524
67.737
67.84
67.84
67.737
67.524
67.215
66.689
67.067
67.524
67.794
67.995
68.092
68.092
67.995
67.794
67.524
67.067
67.291
67.737
67.995
68.182
68.274
68.274
68.182
67.995
67.737
67.291
67.403
67.84
68.092
68.274
68.363
68.363
68.274
68.092
67.84
67.403
67.403
67.84
68.092
68.274
68.363
68.363
68.274
68.092
67.84
67.403
67.291
67.737
67.995
68.182
68.274
68.274
68.182
67.995
67.737
67.291
67.067
67.524
67.794
67.995
68.092
68.092
67.995
67.794
67.524
67.067
66.689
67.215
67.524
67.737
67.84
67.84
67.737
67.524
67.215
66.689
65.988
66.689
67.067
67.291
67.403
67.403
67.291
67.067
66.689
65.988
79.108
79.56
79.801
79.944
80.015
80.015
79.944
79.801
79.56
79.108
79.56
79.895
80.091
80.227
80.292
80.292
80.227
80.091
79.895
79.56
79.801
80.091
80.262
80.39
80.452
80.452
80.39
80.262
80.091
79.801
79.944
80.227
80.39
80.508
80.566
80.566
80.508
80.39
80.227
79.944
80.015
80.292
80.452
80.566
80.623
80.623
80.566
80.452
80.292
80.015
80.015
80.292
80.452
80.566
80.623
80.623
80.566
80.452
80.292
80.015
79.944
80.227
80.39
80.508
80.566
80.566
80.508
80.39
80.227
79.944
79.801
80.091
80.262
80.39
80.452
80.452
80.39
80.262
80.091
79.801
79.56
79.895
80.091
80.227
80.292
80.292
80.227
80.091
79.895
79.56
79.108
79.56
79.801
79.944
80.015
80.015
79.944
79.801
79.56
79.108
92.952
93.109
93.192
93.241
93.266
93.266
93.241
93.192
93.109
92.952
93.109
93.224
93.292
93.338
93.36
93.36
93.338
93.292
93.224
93.109
93.192
93.292
93.35
93.394
93.415
93.415
93.394
93.35
93.292
93.192
93.241
93.338
93.394
93.435
93.454
93.454
93.435
93.394
93.338
93.241
93.266
93.36
93.415
93.454
93.474
93.474
93.454
93.415
93.36
93.266
93.266
93.36
93.415
93.454
93.474
93.474
93.454
93.415
93.36
93.266
93.241
93.338
93.394
93.435
93.454
93.454
93.435
93.394
93.338
93.241
93.192
93.292
93.35
93.394
93.415
93.415
93.394
93.35
93.292
93.192
93.109
93.224
93.292
93.338
93.36
93.36
93.338
93.292
93.224
93.109
92.952
93.109
93.192
93.241
93.266
93.266
93.241
93.192
93.109
92.952
107.05
106.89
106.81
106.76
106.73
106.73
106.76
106.81
106.89
107.05
106.89
106.78
106.71
106.66
106.64
106.64
106.66
106.71
106.78
106.89
106.81
106.71
106.65
106.61
106.58
106.58
106.61
106.65
106.71
106.81
106.76
106.66
106.61
106.56
106.54
106.54
106.56
106.61
106.66
106.76
106.73
106.64
106.58
106.54
106.53
106.53
106.54
106.58
106.64
106.73
106.73
106.64
106.58
106.54
106.53
106.53
106.54
106.58
106.64
106.73
106.76
106.66
106.61
106.56
106.54
106.54
106.56
106.61
106.66
106.76
106.81
106.71
106.65
106.61
106.58
106.58
106.61
106.65
106.71
106.81
106.89
106.78
106.71
106.66
106.64
106.64
106.66
106.71
106.78
106.89
107.05
106.89
106.81
106.76
106.73
106.73
106.76
106.81
106.89
107.05
120.89
120.43
120.19
120.05
119.98
119.98
120.05
120.19
120.43
120.89
120.43
120.1
119.9
119.76
119.7
119.7
119.76
119.9
120.1
120.43
120.19
119.9
119.73
119.6
119.54
119.54
119.6
119.73
119.9
120.19
120.05
119.76
119.6
119.48
119.42
119.42
119.48
119.6
119.76
120.05
119.98
119.7
119.54
119.42
119.37
119.37
119.42
119.54
119.7
119.98
119.98
119.7
119.54
119.42
119.37
119.37
119.42
119.54
119.7
119.98
120.05
119.76
119.6
119.48
119.42
119.42
119.48
119.6
119.76
120.05
120.19
119.9
119.73
119.6
119.54
119.54
119.6
119.73
119.9
120.19
120.43
120.1
119.9
119.76
119.7
119.7
119.76
119.9
120.1
120.43
120.89
120.43
120.19
120.05
119.98
119.98
120.05
120.19
120.43
120.89
134
133.3
132.92
132.7
132.59
132.59
132.7
132.92
133.3
134
133.3
132.77
132.46
132.25
132.14
132.14
132.25
132.46
132.77
133.3
132.92
132.46
132.19
131.99
131.89
131.89
131.99
132.19
132.46
132.92
132.7
132.25
131.99
131.8
131.71
131.71
131.8
131.99
132.25
132.7
132.59
132.14
131.89
131.71
131.62
131.62
131.71
131.89
132.14
132.59
132.59
132.14
131.89
131.71
131.62
131.62
131.71
131.89
132.14
132.59
132.7
132.25
131.99
131.8
131.71
131.71
131.8
131.99
132.25
132.7
132.92
132.46
132.19
131.99
131.89
131.89
131.99
132.19
132.46
132.92
133.3
132.77
132.46
132.25
132.14
132.14
132.25
132.46
132.77
133.3
134
133.3
132.92
132.7
132.59
132.59
132.7
132.92
133.3
134
